param com_measure1 := 1;

param com_measure2 := 1;

param kappa_max := 942.14;

param U_tau := 643.0303;

param nT := 2;

param nS := 50;

param nL := 25;

param B := 1559.35;

param w :=
1  2
2  2
3  3
4  1
5  3
6  1
7  1
8  2
9  3
10  1
11  1
12  3
13  2
14  1
15  3
16  3
17  3
18  3
19  3
20  2
21  2
22  2
23  2
24  2
25  3
;

param h :=
1  1  0
1  2  0
1  3  0
1  4  0
1  5  0
1  6  0
1  7  0
1  8  0
1  9  0
1  10  0
1  11  0
1  12  0
1  13  0
1  14  0
1  15  0
1  16  0
1  17  0
1  18  0
1  19  0
1  20  0
1  21  0
1  22  0
1  23  0
1  24  0
1  25  0
2  1  95.74
2  2  128.55
2  3  115.59
2  4  133.87
2  5  147.29
2  6  154.52
2  7  114.27
2  8  129.21
2  9  114.62
2  10  96.43
2  11  102.91
2  12  154.17
2  13  123.98
2  14  143.75
2  15  119.50
2  16  154.93
2  17  117.91
2  18  145.46
2  19  120.80
2  20  120.57
2  21  121.73
2  22  123.84
2  23  123.97
2  24  100.96
2  25  114.13
;

param xi :=
1  1  1  52
2  1  1  88
3  1  1  18
4  1  1  89
5  1  1  34
6  1  1  66
7  1  1  19
8  1  1  69
9  1  1  64
10  1  1  22
11  1  1  37
12  1  1  58
13  1  1  41
14  1  1  11
15  1  1  68
16  1  1  64
17  1  1  52
18  1  1  68
19  1  1  73
20  1  1  45
21  1  1  85
22  1  1  53
23  1  1  87
24  1  1  87
25  1  1  39
1  2  1  34
2  2  1  57
3  2  1  68
4  2  1  77
5  2  1  76
6  2  1  84
7  2  1  70
8  2  1  39
9  2  1  63
10  2  1  80
11  2  1  90
12  2  1  37
13  2  1  29
14  2  1  56
15  2  1  85
16  2  1  72
17  2  1  20
18  2  1  27
19  2  1  11
20  2  1  82
21  2  1  45
22  2  1  54
23  2  1  41
24  2  1  81
25  2  1  46
1  3  1  42
2  3  1  39
3  3  1  77
4  3  1  12
5  3  1  65
6  3  1  34
7  3  1  68
8  3  1  86
9  3  1  53
10  3  1  70
11  3  1  81
12  3  1  73
13  3  1  75
14  3  1  42
15  3  1  31
16  3  1  21
17  3  1  32
18  3  1  67
19  3  1  16
20  3  1  34
21  3  1  71
22  3  1  77
23  3  1  80
24  3  1  55
25  3  1  84
1  4  1  37
2  4  1  83
3  4  1  67
4  4  1  15
5  4  1  86
6  4  1  53
7  4  1  45
8  4  1  65
9  4  1  49
10  4  1  72
11  4  1  86
12  4  1  82
13  4  1  35
14  4  1  84
15  4  1  25
16  4  1  12
17  4  1  88
18  4  1  69
19  4  1  29
20  4  1  37
21  4  1  43
22  4  1  47
23  4  1  69
24  4  1  21
25  4  1  65
1  5  1  31
2  5  1  61
3  5  1  70
4  5  1  16
5  5  1  69
6  5  1  64
7  5  1  39
8  5  1  15
9  5  1  11
10  5  1  29
11  5  1  87
12  5  1  44
13  5  1  55
14  5  1  19
15  5  1  31
16  5  1  55
17  5  1  51
18  5  1  46
19  5  1  32
20  5  1  50
21  5  1  72
22  5  1  63
23  5  1  87
24  5  1  68
25  5  1  73
1  6  1  45
2  6  1  48
3  6  1  69
4  6  1  35
5  6  1  13
6  6  1  76
7  6  1  26
8  6  1  84
9  6  1  81
10  6  1  21
11  6  1  11
12  6  1  90
13  6  1  33
14  6  1  54
15  6  1  22
16  6  1  66
17  6  1  50
18  6  1  80
19  6  1  32
20  6  1  34
21  6  1  42
22  6  1  88
23  6  1  77
24  6  1  17
25  6  1  63
1  7  1  18
2  7  1  82
3  7  1  11
4  7  1  23
5  7  1  86
6  7  1  67
7  7  1  77
8  7  1  24
9  7  1  36
10  7  1  73
11  7  1  47
12  7  1  77
13  7  1  75
14  7  1  29
15  7  1  23
16  7  1  70
17  7  1  33
18  7  1  72
19  7  1  36
20  7  1  25
21  7  1  38
22  7  1  68
23  7  1  42
24  7  1  52
25  7  1  14
1  8  1  21
2  8  1  24
3  8  1  57
4  8  1  14
5  8  1  86
6  8  1  72
7  8  1  55
8  8  1  47
9  8  1  62
10  8  1  81
11  8  1  67
12  8  1  60
13  8  1  24
14  8  1  24
15  8  1  74
16  8  1  65
17  8  1  35
18  8  1  25
19  8  1  66
20  8  1  61
21  8  1  82
22  8  1  62
23  8  1  50
24  8  1  11
25  8  1  15
1  9  1  79
2  9  1  74
3  9  1  66
4  9  1  89
5  9  1  17
6  9  1  79
7  9  1  84
8  9  1  39
9  9  1  75
10  9  1  38
11  9  1  81
12  9  1  73
13  9  1  11
14  9  1  85
15  9  1  28
16  9  1  50
17  9  1  85
18  9  1  44
19  9  1  35
20  9  1  62
21  9  1  14
22  9  1  13
23  9  1  62
24  9  1  19
25  9  1  26
1  10  1  55
2  10  1  83
3  10  1  10
4  10  1  66
5  10  1  21
6  10  1  32
7  10  1  71
8  10  1  48
9  10  1  84
10  10  1  53
11  10  1  20
12  10  1  89
13  10  1  40
14  10  1  20
15  10  1  15
16  10  1  45
17  10  1  76
18  10  1  16
19  10  1  82
20  10  1  12
21  10  1  49
22  10  1  58
23  10  1  72
24  10  1  17
25  10  1  51
1  11  1  18
2  11  1  74
3  11  1  52
4  11  1  67
5  11  1  39
6  11  1  24
7  11  1  75
8  11  1  11
9  11  1  74
10  11  1  42
11  11  1  36
12  11  1  24
13  11  1  20
14  11  1  74
15  11  1  26
16  11  1  84
17  11  1  77
18  11  1  23
19  11  1  59
20  11  1  57
21  11  1  75
22  11  1  49
23  11  1  84
24  11  1  21
25  11  1  17
1  12  1  61
2  12  1  75
3  12  1  77
4  12  1  29
5  12  1  20
6  12  1  38
7  12  1  59
8  12  1  23
9  12  1  40
10  12  1  17
11  12  1  33
12  12  1  45
13  12  1  12
14  12  1  37
15  12  1  84
16  12  1  36
17  12  1  85
18  12  1  57
19  12  1  26
20  12  1  63
21  12  1  46
22  12  1  24
23  12  1  66
24  12  1  36
25  12  1  57
1  13  1  49
2  13  1  59
3  13  1  14
4  13  1  73
5  13  1  50
6  13  1  84
7  13  1  64
8  13  1  73
9  13  1  75
10  13  1  74
11  13  1  28
12  13  1  43
13  13  1  44
14  13  1  18
15  13  1  34
16  13  1  53
17  13  1  71
18  13  1  36
19  13  1  86
20  13  1  15
21  13  1  54
22  13  1  82
23  13  1  60
24  13  1  74
25  13  1  62
1  14  1  79
2  14  1  82
3  14  1  40
4  14  1  74
5  14  1  68
6  14  1  40
7  14  1  89
8  14  1  52
9  14  1  13
10  14  1  30
11  14  1  54
12  14  1  88
13  14  1  79
14  14  1  38
15  14  1  52
16  14  1  55
17  14  1  67
18  14  1  76
19  14  1  56
20  14  1  81
21  14  1  47
22  14  1  22
23  14  1  88
24  14  1  88
25  14  1  39
1  15  1  84
2  15  1  12
3  15  1  52
4  15  1  23
5  15  1  60
6  15  1  51
7  15  1  11
8  15  1  66
9  15  1  26
10  15  1  47
11  15  1  48
12  15  1  18
13  15  1  24
14  15  1  79
15  15  1  89
16  15  1  38
17  15  1  10
18  15  1  70
19  15  1  21
20  15  1  67
21  15  1  20
22  15  1  47
23  15  1  16
24  15  1  39
25  15  1  64
1  16  1  36
2  16  1  28
3  16  1  77
4  16  1  40
5  16  1  18
6  16  1  43
7  16  1  28
8  16  1  65
9  16  1  65
10  16  1  33
11  16  1  31
12  16  1  75
13  16  1  19
14  16  1  39
15  16  1  52
16  16  1  88
17  16  1  40
18  16  1  10
19  16  1  36
20  16  1  51
21  16  1  30
22  16  1  87
23  16  1  25
24  16  1  83
25  16  1  44
1  17  1  87
2  17  1  86
3  17  1  85
4  17  1  40
5  17  1  39
6  17  1  33
7  17  1  36
8  17  1  73
9  17  1  60
10  17  1  18
11  17  1  85
12  17  1  47
13  17  1  20
14  17  1  85
15  17  1  55
16  17  1  50
17  17  1  85
18  17  1  72
19  17  1  38
20  17  1  76
21  17  1  46
22  17  1  58
23  17  1  70
24  17  1  61
25  17  1  78
1  18  1  69
2  18  1  61
3  18  1  53
4  18  1  74
5  18  1  17
6  18  1  68
7  18  1  30
8  18  1  38
9  18  1  79
10  18  1  57
11  18  1  88
12  18  1  60
13  18  1  22
14  18  1  70
15  18  1  28
16  18  1  81
17  18  1  51
18  18  1  22
19  18  1  56
20  18  1  14
21  18  1  25
22  18  1  30
23  18  1  52
24  18  1  16
25  18  1  11
1  19  1  17
2  19  1  51
3  19  1  48
4  19  1  39
5  19  1  75
6  19  1  69
7  19  1  47
8  19  1  27
9  19  1  47
10  19  1  10
11  19  1  27
12  19  1  73
13  19  1  52
14  19  1  62
15  19  1  40
16  19  1  49
17  19  1  40
18  19  1  57
19  19  1  66
20  19  1  31
21  19  1  62
22  19  1  72
23  19  1  83
24  19  1  52
25  19  1  70
1  20  1  39
2  20  1  60
3  20  1  51
4  20  1  55
5  20  1  90
6  20  1  48
7  20  1  23
8  20  1  64
9  20  1  83
10  20  1  29
11  20  1  23
12  20  1  84
13  20  1  50
14  20  1  83
15  20  1  50
16  20  1  67
17  20  1  57
18  20  1  89
19  20  1  47
20  20  1  29
21  20  1  28
22  20  1  83
23  20  1  49
24  20  1  20
25  20  1  76
1  21  1  44
2  21  1  50
3  21  1  86
4  21  1  43
5  21  1  61
6  21  1  39
7  21  1  86
8  21  1  62
9  21  1  20
10  21  1  90
11  21  1  46
12  21  1  85
13  21  1  55
14  21  1  37
15  21  1  46
16  21  1  40
17  21  1  16
18  21  1  10
19  21  1  33
20  21  1  74
21  21  1  21
22  21  1  42
23  21  1  89
24  21  1  13
25  21  1  19
1  22  1  89
2  22  1  59
3  22  1  15
4  22  1  88
5  22  1  34
6  22  1  78
7  22  1  39
8  22  1  86
9  22  1  26
10  22  1  70
11  22  1  30
12  22  1  90
13  22  1  45
14  22  1  42
15  22  1  85
16  22  1  81
17  22  1  44
18  22  1  44
19  22  1  71
20  22  1  25
21  22  1  14
22  22  1  85
23  22  1  28
24  22  1  27
25  22  1  87
1  23  1  73
2  23  1  18
3  23  1  23
4  23  1  66
5  23  1  79
6  23  1  23
7  23  1  16
8  23  1  59
9  23  1  81
10  23  1  17
11  23  1  31
12  23  1  84
13  23  1  43
14  23  1  66
15  23  1  67
16  23  1  70
17  23  1  71
18  23  1  46
19  23  1  89
20  23  1  79
21  23  1  72
22  23  1  64
23  23  1  67
24  23  1  27
25  23  1  43
1  24  1  54
2  24  1  29
3  24  1  72
4  24  1  71
5  24  1  85
6  24  1  40
7  24  1  88
8  24  1  54
9  24  1  36
10  24  1  15
11  24  1  90
12  24  1  44
13  24  1  74
14  24  1  29
15  24  1  64
16  24  1  80
17  24  1  55
18  24  1  15
19  24  1  46
20  24  1  90
21  24  1  67
22  24  1  85
23  24  1  59
24  24  1  56
25  24  1  53
1  25  1  61
2  25  1  11
3  25  1  68
4  25  1  21
5  25  1  15
6  25  1  60
7  25  1  30
8  25  1  58
9  25  1  26
10  25  1  74
11  25  1  55
12  25  1  72
13  25  1  41
14  25  1  35
15  25  1  23
16  25  1  30
17  25  1  21
18  25  1  49
19  25  1  27
20  25  1  55
21  25  1  60
22  25  1  69
23  25  1  51
24  25  1  44
25  25  1  47
1  26  1  17
2  26  1  76
3  26  1  67
4  26  1  77
5  26  1  69
6  26  1  25
7  26  1  13
8  26  1  33
9  26  1  31
10  26  1  10
11  26  1  78
12  26  1  43
13  26  1  56
14  26  1  67
15  26  1  21
16  26  1  85
17  26  1  25
18  26  1  17
19  26  1  63
20  26  1  40
21  26  1  54
22  26  1  57
23  26  1  64
24  26  1  27
25  26  1  32
1  27  1  64
2  27  1  49
3  27  1  65
4  27  1  35
5  27  1  75
6  27  1  47
7  27  1  17
8  27  1  48
9  27  1  53
10  27  1  27
11  27  1  36
12  27  1  63
13  27  1  38
14  27  1  52
15  27  1  37
16  27  1  11
17  27  1  86
18  27  1  69
19  27  1  23
20  27  1  90
21  27  1  12
22  27  1  18
23  27  1  84
24  27  1  49
25  27  1  70
1  28  1  12
2  28  1  51
3  28  1  39
4  28  1  53
5  28  1  16
6  28  1  70
7  28  1  45
8  28  1  59
9  28  1  15
10  28  1  32
11  28  1  29
12  28  1  25
13  28  1  46
14  28  1  89
15  28  1  11
16  28  1  73
17  28  1  72
18  28  1  36
19  28  1  66
20  28  1  61
21  28  1  56
22  28  1  73
23  28  1  23
24  28  1  32
25  28  1  13
1  29  1  55
2  29  1  28
3  29  1  12
4  29  1  15
5  29  1  47
6  29  1  74
7  29  1  59
8  29  1  71
9  29  1  66
10  29  1  66
11  29  1  68
12  29  1  24
13  29  1  42
14  29  1  39
15  29  1  54
16  29  1  22
17  29  1  73
18  29  1  46
19  29  1  56
20  29  1  46
21  29  1  87
22  29  1  59
23  29  1  28
24  29  1  48
25  29  1  51
1  30  1  90
2  30  1  24
3  30  1  82
4  30  1  31
5  30  1  65
6  30  1  65
7  30  1  22
8  30  1  38
9  30  1  61
10  30  1  75
11  30  1  21
12  30  1  87
13  30  1  21
14  30  1  60
15  30  1  40
16  30  1  15
17  30  1  54
18  30  1  48
19  30  1  33
20  30  1  70
21  30  1  77
22  30  1  38
23  30  1  73
24  30  1  65
25  30  1  23
1  31  1  31
2  31  1  84
3  31  1  10
4  31  1  38
5  31  1  16
6  31  1  38
7  31  1  46
8  31  1  86
9  31  1  63
10  31  1  63
11  31  1  57
12  31  1  89
13  31  1  22
14  31  1  81
15  31  1  86
16  31  1  79
17  31  1  65
18  31  1  48
19  31  1  12
20  31  1  30
21  31  1  41
22  31  1  60
23  31  1  31
24  31  1  26
25  31  1  76
1  32  1  36
2  32  1  86
3  32  1  84
4  32  1  14
5  32  1  86
6  32  1  53
7  32  1  54
8  32  1  21
9  32  1  58
10  32  1  48
11  32  1  65
12  32  1  86
13  32  1  11
14  32  1  53
15  32  1  70
16  32  1  53
17  32  1  43
18  32  1  40
19  32  1  29
20  32  1  75
21  32  1  75
22  32  1  48
23  32  1  68
24  32  1  22
25  32  1  72
1  33  1  90
2  33  1  55
3  33  1  37
4  33  1  45
5  33  1  19
6  33  1  34
7  33  1  79
8  33  1  38
9  33  1  39
10  33  1  71
11  33  1  86
12  33  1  34
13  33  1  47
14  33  1  20
15  33  1  19
16  33  1  52
17  33  1  67
18  33  1  90
19  33  1  63
20  33  1  47
21  33  1  83
22  33  1  60
23  33  1  57
24  33  1  80
25  33  1  22
1  34  1  63
2  34  1  60
3  34  1  28
4  34  1  55
5  34  1  67
6  34  1  89
7  34  1  29
8  34  1  54
9  34  1  53
10  34  1  57
11  34  1  74
12  34  1  85
13  34  1  52
14  34  1  75
15  34  1  36
16  34  1  21
17  34  1  63
18  34  1  62
19  34  1  30
20  34  1  69
21  34  1  75
22  34  1  61
23  34  1  82
24  34  1  62
25  34  1  78
1  35  1  27
2  35  1  60
3  35  1  39
4  35  1  88
5  35  1  75
6  35  1  45
7  35  1  39
8  35  1  86
9  35  1  35
10  35  1  70
11  35  1  21
12  35  1  52
13  35  1  54
14  35  1  45
15  35  1  59
16  35  1  15
17  35  1  14
18  35  1  14
19  35  1  47
20  35  1  54
21  35  1  36
22  35  1  81
23  35  1  59
24  35  1  56
25  35  1  33
1  36  1  56
2  36  1  33
3  36  1  57
4  36  1  17
5  36  1  52
6  36  1  32
7  36  1  46
8  36  1  65
9  36  1  25
10  36  1  59
11  36  1  71
12  36  1  79
13  36  1  13
14  36  1  44
15  36  1  48
16  36  1  26
17  36  1  73
18  36  1  24
19  36  1  75
20  36  1  55
21  36  1  63
22  36  1  16
23  36  1  77
24  36  1  56
25  36  1  68
1  37  1  38
2  37  1  82
3  37  1  45
4  37  1  11
5  37  1  55
6  37  1  64
7  37  1  82
8  37  1  27
9  37  1  79
10  37  1  33
11  37  1  43
12  37  1  32
13  37  1  75
14  37  1  21
15  37  1  24
16  37  1  37
17  37  1  33
18  37  1  40
19  37  1  35
20  37  1  81
21  37  1  18
22  37  1  62
23  37  1  71
24  37  1  40
25  37  1  50
1  38  1  13
2  38  1  11
3  38  1  56
4  38  1  28
5  38  1  84
6  38  1  48
7  38  1  32
8  38  1  63
9  38  1  46
10  38  1  19
11  38  1  39
12  38  1  86
13  38  1  62
14  38  1  27
15  38  1  27
16  38  1  56
17  38  1  18
18  38  1  50
19  38  1  24
20  38  1  27
21  38  1  77
22  38  1  60
23  38  1  33
24  38  1  71
25  38  1  70
1  39  1  83
2  39  1  23
3  39  1  54
4  39  1  15
5  39  1  88
6  39  1  70
7  39  1  35
8  39  1  65
9  39  1  55
10  39  1  48
11  39  1  82
12  39  1  52
13  39  1  58
14  39  1  40
15  39  1  24
16  39  1  77
17  39  1  81
18  39  1  82
19  39  1  55
20  39  1  59
21  39  1  56
22  39  1  44
23  39  1  72
24  39  1  14
25  39  1  26
1  40  1  30
2  40  1  53
3  40  1  61
4  40  1  50
5  40  1  14
6  40  1  33
7  40  1  68
8  40  1  15
9  40  1  65
10  40  1  50
11  40  1  47
12  40  1  49
13  40  1  68
14  40  1  60
15  40  1  90
16  40  1  86
17  40  1  57
18  40  1  33
19  40  1  27
20  40  1  27
21  40  1  32
22  40  1  26
23  40  1  26
24  40  1  40
25  40  1  75
1  41  1  12
2  41  1  18
3  41  1  82
4  41  1  28
5  41  1  33
6  41  1  71
7  41  1  56
8  41  1  18
9  41  1  73
10  41  1  28
11  41  1  23
12  41  1  31
13  41  1  42
14  41  1  66
15  41  1  51
16  41  1  54
17  41  1  60
18  41  1  56
19  41  1  25
20  41  1  71
21  41  1  17
22  41  1  61
23  41  1  80
24  41  1  56
25  41  1  78
1  42  1  21
2  42  1  13
3  42  1  53
4  42  1  89
5  42  1  89
6  42  1  66
7  42  1  75
8  42  1  50
9  42  1  74
10  42  1  56
11  42  1  37
12  42  1  60
13  42  1  27
14  42  1  38
15  42  1  90
16  42  1  82
17  42  1  19
18  42  1  90
19  42  1  35
20  42  1  69
21  42  1  28
22  42  1  14
23  42  1  58
24  42  1  66
25  42  1  22
1  43  1  30
2  43  1  36
3  43  1  89
4  43  1  59
5  43  1  33
6  43  1  57
7  43  1  56
8  43  1  58
9  43  1  85
10  43  1  31
11  43  1  14
12  43  1  87
13  43  1  60
14  43  1  67
15  43  1  28
16  43  1  75
17  43  1  29
18  43  1  85
19  43  1  62
20  43  1  64
21  43  1  21
22  43  1  68
23  43  1  45
24  43  1  56
25  43  1  66
1  44  1  40
2  44  1  84
3  44  1  41
4  44  1  48
5  44  1  16
6  44  1  33
7  44  1  79
8  44  1  15
9  44  1  66
10  44  1  14
11  44  1  17
12  44  1  45
13  44  1  76
14  44  1  27
15  44  1  90
16  44  1  21
17  44  1  90
18  44  1  53
19  44  1  40
20  44  1  47
21  44  1  25
22  44  1  65
23  44  1  37
24  44  1  43
25  44  1  60
1  45  1  85
2  45  1  67
3  45  1  36
4  45  1  74
5  45  1  39
6  45  1  17
7  45  1  48
8  45  1  60
9  45  1  68
10  45  1  32
11  45  1  23
12  45  1  80
13  45  1  56
14  45  1  59
15  45  1  76
16  45  1  43
17  45  1  79
18  45  1  69
19  45  1  76
20  45  1  30
21  45  1  22
22  45  1  14
23  45  1  14
24  45  1  33
25  45  1  10
1  46  1  12
2  46  1  61
3  46  1  50
4  46  1  39
5  46  1  36
6  46  1  28
7  46  1  73
8  46  1  33
9  46  1  25
10  46  1  72
11  46  1  61
12  46  1  66
13  46  1  67
14  46  1  48
15  46  1  23
16  46  1  24
17  46  1  83
18  46  1  83
19  46  1  49
20  46  1  26
21  46  1  32
22  46  1  60
23  46  1  35
24  46  1  68
25  46  1  50
1  47  1  40
2  47  1  16
3  47  1  72
4  47  1  62
5  47  1  60
6  47  1  80
7  47  1  90
8  47  1  13
9  47  1  81
10  47  1  39
11  47  1  70
12  47  1  48
13  47  1  68
14  47  1  37
15  47  1  74
16  47  1  51
17  47  1  64
18  47  1  85
19  47  1  80
20  47  1  55
21  47  1  64
22  47  1  73
23  47  1  34
24  47  1  73
25  47  1  43
1  48  1  24
2  48  1  28
3  48  1  57
4  48  1  15
5  48  1  43
6  48  1  26
7  48  1  54
8  48  1  45
9  48  1  48
10  48  1  23
11  48  1  73
12  48  1  41
13  48  1  61
14  48  1  70
15  48  1  40
16  48  1  12
17  48  1  73
18  48  1  32
19  48  1  59
20  48  1  72
21  48  1  18
22  48  1  46
23  48  1  72
24  48  1  81
25  48  1  14
1  49  1  12
2  49  1  36
3  49  1  65
4  49  1  20
5  49  1  56
6  49  1  12
7  49  1  46
8  49  1  23
9  49  1  83
10  49  1  50
11  49  1  52
12  49  1  41
13  49  1  54
14  49  1  64
15  49  1  50
16  49  1  73
17  49  1  83
18  49  1  69
19  49  1  78
20  49  1  56
21  49  1  49
22  49  1  22
23  49  1  88
24  49  1  64
25  49  1  56
1  50  1  80
2  50  1  43
3  50  1  20
4  50  1  24
5  50  1  48
6  50  1  77
7  50  1  79
8  50  1  27
9  50  1  53
10  50  1  61
11  50  1  11
12  50  1  23
13  50  1  20
14  50  1  55
15  50  1  25
16  50  1  61
17  50  1  26
18  50  1  41
19  50  1  12
20  50  1  51
21  50  1  15
22  50  1  84
23  50  1  18
24  50  1  35
25  50  1  80
1  1  2  30.68
2  1  2  44
3  1  2  10.08
4  1  2  36.49
5  1  2  14.62
6  1  2  27.06
7  1  2  10.64
8  1  2  32.43
9  1  2  37.12
10  1  2  12.76
11  1  2  21.83
12  1  2  28.42
13  1  2  18.04
14  1  2  4.73
15  1  2  34
16  1  2  26.24
17  1  2  29.64
18  1  2  29.24
19  1  2  35.04
20  1  2  24.3
21  1  2  40.8
22  1  2  29.15
23  1  2  49.59
24  1  2  49.59
25  1  2  21.06
1  2  2  20.06
2  2  2  28.5
3  2  2  38.08
4  2  2  31.57
5  2  2  32.68
6  2  2  34.44
7  2  2  39.2
8  2  2  18.33
9  2  2  36.54
10  2  2  46.4
11  2  2  53.1
12  2  2  18.13
13  2  2  12.76
14  2  2  24.08
15  2  2  42.5
16  2  2  29.52
17  2  2  11.4
18  2  2  11.61
19  2  2  5.28
20  2  2  44.28
21  2  2  21.6
22  2  2  29.7
23  2  2  23.37
24  2  2  46.17
25  2  2  24.84
1  3  2  24.78
2  3  2  19.5
3  3  2  43.12
4  3  2  4.92
5  3  2  27.95
6  3  2  13.94
7  3  2  38.08
8  3  2  40.42
9  3  2  30.74
10  3  2  40.6
11  3  2  47.79
12  3  2  35.77
13  3  2  33
14  3  2  18.06
15  3  2  15.5
16  3  2  8.61
17  3  2  18.24
18  3  2  28.81
19  3  2  7.68
20  3  2  18.36
21  3  2  34.08
22  3  2  42.35
23  3  2  45.6
24  3  2  31.35
25  3  2  45.36
1  4  2  21.83
2  4  2  41.5
3  4  2  37.52
4  4  2  6.15
5  4  2  36.98
6  4  2  21.73
7  4  2  25.2
8  4  2  30.55
9  4  2  28.42
10  4  2  41.76
11  4  2  50.74
12  4  2  40.18
13  4  2  15.4
14  4  2  36.12
15  4  2  12.5
16  4  2  4.92
17  4  2  50.16
18  4  2  29.67
19  4  2  13.92
20  4  2  19.98
21  4  2  20.64
22  4  2  25.85
23  4  2  39.33
24  4  2  11.97
25  4  2  35.1
1  5  2  18.29
2  5  2  30.5
3  5  2  39.2
4  5  2  6.56
5  5  2  29.67
6  5  2  26.24
7  5  2  21.84
8  5  2  7.05
9  5  2  6.38
10  5  2  16.82
11  5  2  51.33
12  5  2  21.56
13  5  2  24.2
14  5  2  8.17
15  5  2  15.5
16  5  2  22.55
17  5  2  29.07
18  5  2  19.78
19  5  2  15.36
20  5  2  27
21  5  2  34.56
22  5  2  34.65
23  5  2  49.59
24  5  2  38.76
25  5  2  39.42
1  6  2  26.55
2  6  2  24
3  6  2  38.64
4  6  2  14.35
5  6  2  5.59
6  6  2  31.16
7  6  2  14.56
8  6  2  39.48
9  6  2  46.98
10  6  2  12.18
11  6  2  6.49
12  6  2  44.1
13  6  2  14.52
14  6  2  23.22
15  6  2  11
16  6  2  27.06
17  6  2  28.5
18  6  2  34.4
19  6  2  15.36
20  6  2  18.36
21  6  2  20.16
22  6  2  48.4
23  6  2  43.89
24  6  2  9.69
25  6  2  34.02
1  7  2  10.62
2  7  2  41
3  7  2  6.16
4  7  2  9.43
5  7  2  36.98
6  7  2  27.47
7  7  2  43.12
8  7  2  11.28
9  7  2  20.88
10  7  2  42.34
11  7  2  27.73
12  7  2  37.73
13  7  2  33
14  7  2  12.47
15  7  2  11.5
16  7  2  28.7
17  7  2  18.81
18  7  2  30.96
19  7  2  17.28
20  7  2  13.5
21  7  2  18.24
22  7  2  37.4
23  7  2  23.94
24  7  2  29.64
25  7  2  7.56
1  8  2  12.39
2  8  2  12
3  8  2  31.92
4  8  2  5.74
5  8  2  36.98
6  8  2  29.52
7  8  2  30.8
8  8  2  22.09
9  8  2  35.96
10  8  2  46.98
11  8  2  39.53
12  8  2  29.4
13  8  2  10.56
14  8  2  10.32
15  8  2  37
16  8  2  26.65
17  8  2  19.95
18  8  2  10.75
19  8  2  31.68
20  8  2  32.94
21  8  2  39.36
22  8  2  34.1
23  8  2  28.5
24  8  2  6.27
25  8  2  8.1
1  9  2  46.61
2  9  2  37
3  9  2  36.96
4  9  2  36.49
5  9  2  7.31
6  9  2  32.39
7  9  2  47.04
8  9  2  18.33
9  9  2  43.5
10  9  2  22.04
11  9  2  47.79
12  9  2  35.77
13  9  2  4.84
14  9  2  36.55
15  9  2  14
16  9  2  20.5
17  9  2  48.45
18  9  2  18.92
19  9  2  16.8
20  9  2  33.48
21  9  2  6.72
22  9  2  7.15
23  9  2  35.34
24  9  2  10.83
25  9  2  14.04
1  10  2  32.45
2  10  2  41.5
3  10  2  5.6
4  10  2  27.06
5  10  2  9.03
6  10  2  13.12
7  10  2  39.76
8  10  2  22.56
9  10  2  48.72
10  10  2  30.74
11  10  2  11.8
12  10  2  43.61
13  10  2  17.6
14  10  2  8.6
15  10  2  7.5
16  10  2  18.45
17  10  2  43.32
18  10  2  6.88
19  10  2  39.36
20  10  2  6.48
21  10  2  23.52
22  10  2  31.9
23  10  2  41.04
24  10  2  9.69
25  10  2  27.54
1  11  2  10.62
2  11  2  37
3  11  2  29.12
4  11  2  27.47
5  11  2  16.77
6  11  2  9.84
7  11  2  42
8  11  2  5.17
9  11  2  42.92
10  11  2  24.36
11  11  2  21.24
12  11  2  11.76
13  11  2  8.8
14  11  2  31.82
15  11  2  13
16  11  2  34.44
17  11  2  43.89
18  11  2  9.89
19  11  2  28.32
20  11  2  30.78
21  11  2  36
22  11  2  26.95
23  11  2  47.88
24  11  2  11.97
25  11  2  9.18
1  12  2  35.99
2  12  2  37.5
3  12  2  43.12
4  12  2  11.89
5  12  2  8.6
6  12  2  15.58
7  12  2  33.04
8  12  2  10.81
9  12  2  23.2
10  12  2  9.86
11  12  2  19.47
12  12  2  22.05
13  12  2  5.28
14  12  2  15.91
15  12  2  42
16  12  2  14.76
17  12  2  48.45
18  12  2  24.51
19  12  2  12.48
20  12  2  34.02
21  12  2  22.08
22  12  2  13.2
23  12  2  37.62
24  12  2  20.52
25  12  2  30.78
1  13  2  28.91
2  13  2  29.5
3  13  2  7.84
4  13  2  29.93
5  13  2  21.5
6  13  2  34.44
7  13  2  35.84
8  13  2  34.31
9  13  2  43.5
10  13  2  42.92
11  13  2  16.52
12  13  2  21.07
13  13  2  19.36
14  13  2  7.74
15  13  2  17
16  13  2  21.73
17  13  2  40.47
18  13  2  15.48
19  13  2  41.28
20  13  2  8.1
21  13  2  25.92
22  13  2  45.1
23  13  2  34.2
24  13  2  42.18
25  13  2  33.48
1  14  2  46.61
2  14  2  41
3  14  2  22.4
4  14  2  30.34
5  14  2  29.24
6  14  2  16.4
7  14  2  49.84
8  14  2  24.44
9  14  2  7.54
10  14  2  17.4
11  14  2  31.86
12  14  2  43.12
13  14  2  34.76
14  14  2  16.34
15  14  2  26
16  14  2  22.55
17  14  2  38.19
18  14  2  32.68
19  14  2  26.88
20  14  2  43.74
21  14  2  22.56
22  14  2  12.1
23  14  2  50.16
24  14  2  50.16
25  14  2  21.06
1  15  2  49.56
2  15  2  6
3  15  2  29.12
4  15  2  9.43
5  15  2  25.8
6  15  2  20.91
7  15  2  6.16
8  15  2  31.02
9  15  2  15.08
10  15  2  27.26
11  15  2  28.32
12  15  2  8.82
13  15  2  10.56
14  15  2  33.97
15  15  2  44.5
16  15  2  15.58
17  15  2  5.7
18  15  2  30.1
19  15  2  10.08
20  15  2  36.18
21  15  2  9.6
22  15  2  25.85
23  15  2  9.12
24  15  2  22.23
25  15  2  34.56
1  16  2  21.24
2  16  2  14
3  16  2  43.12
4  16  2  16.4
5  16  2  7.74
6  16  2  17.63
7  16  2  15.68
8  16  2  30.55
9  16  2  37.7
10  16  2  19.14
11  16  2  18.29
12  16  2  36.75
13  16  2  8.36
14  16  2  16.77
15  16  2  26
16  16  2  36.08
17  16  2  22.8
18  16  2  4.3
19  16  2  17.28
20  16  2  27.54
21  16  2  14.4
22  16  2  47.85
23  16  2  14.25
24  16  2  47.31
25  16  2  23.76
1  17  2  51.33
2  17  2  43
3  17  2  47.6
4  17  2  16.4
5  17  2  16.77
6  17  2  13.53
7  17  2  20.16
8  17  2  34.31
9  17  2  34.8
10  17  2  10.44
11  17  2  50.15
12  17  2  23.03
13  17  2  8.8
14  17  2  36.55
15  17  2  27.5
16  17  2  20.5
17  17  2  48.45
18  17  2  30.96
19  17  2  18.24
20  17  2  41.04
21  17  2  22.08
22  17  2  31.9
23  17  2  39.9
24  17  2  34.77
25  17  2  42.12
1  18  2  40.71
2  18  2  30.5
3  18  2  29.68
4  18  2  30.34
5  18  2  7.31
6  18  2  27.88
7  18  2  16.8
8  18  2  17.86
9  18  2  45.82
10  18  2  33.06
11  18  2  51.92
12  18  2  29.4
13  18  2  9.68
14  18  2  30.1
15  18  2  14
16  18  2  33.21
17  18  2  29.07
18  18  2  9.46
19  18  2  26.88
20  18  2  7.56
21  18  2  12
22  18  2  16.5
23  18  2  29.64
24  18  2  9.12
25  18  2  5.94
1  19  2  10.03
2  19  2  25.5
3  19  2  26.88
4  19  2  15.99
5  19  2  32.25
6  19  2  28.29
7  19  2  26.32
8  19  2  12.69
9  19  2  27.26
10  19  2  5.8
11  19  2  15.93
12  19  2  35.77
13  19  2  22.88
14  19  2  26.66
15  19  2  20
16  19  2  20.09
17  19  2  22.8
18  19  2  24.51
19  19  2  31.68
20  19  2  16.74
21  19  2  29.76
22  19  2  39.6
23  19  2  47.31
24  19  2  29.64
25  19  2  37.8
1  20  2  23.01
2  20  2  30
3  20  2  28.56
4  20  2  22.55
5  20  2  38.7
6  20  2  19.68
7  20  2  12.88
8  20  2  30.08
9  20  2  48.14
10  20  2  16.82
11  20  2  13.57
12  20  2  41.16
13  20  2  22
14  20  2  35.69
15  20  2  25
16  20  2  27.47
17  20  2  32.49
18  20  2  38.27
19  20  2  22.56
20  20  2  15.66
21  20  2  13.44
22  20  2  45.65
23  20  2  27.93
24  20  2  11.4
25  20  2  41.04
1  21  2  25.96
2  21  2  25
3  21  2  48.16
4  21  2  17.63
5  21  2  26.23
6  21  2  15.99
7  21  2  48.16
8  21  2  29.14
9  21  2  11.6
10  21  2  52.2
11  21  2  27.14
12  21  2  41.65
13  21  2  24.2
14  21  2  15.91
15  21  2  23
16  21  2  16.4
17  21  2  9.12
18  21  2  4.3
19  21  2  15.84
20  21  2  39.96
21  21  2  10.08
22  21  2  23.1
23  21  2  50.73
24  21  2  7.41
25  21  2  10.26
1  22  2  52.51
2  22  2  29.5
3  22  2  8.4
4  22  2  36.08
5  22  2  14.62
6  22  2  31.98
7  22  2  21.84
8  22  2  40.42
9  22  2  15.08
10  22  2  40.6
11  22  2  17.7
12  22  2  44.1
13  22  2  19.8
14  22  2  18.06
15  22  2  42.5
16  22  2  33.21
17  22  2  25.08
18  22  2  18.92
19  22  2  34.08
20  22  2  13.5
21  22  2  6.72
22  22  2  46.75
23  22  2  15.96
24  22  2  15.39
25  22  2  46.98
1  23  2  43.07
2  23  2  9
3  23  2  12.88
4  23  2  27.06
5  23  2  33.97
6  23  2  9.43
7  23  2  8.96
8  23  2  27.73
9  23  2  46.98
10  23  2  9.86
11  23  2  18.29
12  23  2  41.16
13  23  2  18.92
14  23  2  28.38
15  23  2  33.5
16  23  2  28.7
17  23  2  40.47
18  23  2  19.78
19  23  2  42.72
20  23  2  42.66
21  23  2  34.56
22  23  2  35.2
23  23  2  38.19
24  23  2  15.39
25  23  2  23.22
1  24  2  31.86
2  24  2  14.5
3  24  2  40.32
4  24  2  29.11
5  24  2  36.55
6  24  2  16.4
7  24  2  49.28
8  24  2  25.38
9  24  2  20.88
10  24  2  8.7
11  24  2  53.1
12  24  2  21.56
13  24  2  32.56
14  24  2  12.47
15  24  2  32
16  24  2  32.8
17  24  2  31.35
18  24  2  6.45
19  24  2  22.08
20  24  2  48.6
21  24  2  32.16
22  24  2  46.75
23  24  2  33.63
24  24  2  31.92
25  24  2  28.62
1  25  2  35.99
2  25  2  5.5
3  25  2  38.08
4  25  2  8.61
5  25  2  6.45
6  25  2  24.6
7  25  2  16.8
8  25  2  27.26
9  25  2  15.08
10  25  2  42.92
11  25  2  32.45
12  25  2  35.28
13  25  2  18.04
14  25  2  15.05
15  25  2  11.5
16  25  2  12.3
17  25  2  11.97
18  25  2  21.07
19  25  2  12.96
20  25  2  29.7
21  25  2  28.8
22  25  2  37.95
23  25  2  29.07
24  25  2  25.08
25  25  2  25.38
1  26  2  10.03
2  26  2  38
3  26  2  37.52
4  26  2  31.57
5  26  2  29.67
6  26  2  10.25
7  26  2  7.28
8  26  2  15.51
9  26  2  17.98
10  26  2  5.8
11  26  2  46.02
12  26  2  21.07
13  26  2  24.64
14  26  2  28.81
15  26  2  10.5
16  26  2  34.85
17  26  2  14.25
18  26  2  7.31
19  26  2  30.24
20  26  2  21.6
21  26  2  25.92
22  26  2  31.35
23  26  2  36.48
24  26  2  15.39
25  26  2  17.28
1  27  2  37.76
2  27  2  24.5
3  27  2  36.4
4  27  2  14.35
5  27  2  32.25
6  27  2  19.27
7  27  2  9.52
8  27  2  22.56
9  27  2  30.74
10  27  2  15.66
11  27  2  21.24
12  27  2  30.87
13  27  2  16.72
14  27  2  22.36
15  27  2  18.5
16  27  2  4.51
17  27  2  49.02
18  27  2  29.67
19  27  2  11.04
20  27  2  48.6
21  27  2  5.76
22  27  2  9.9
23  27  2  47.88
24  27  2  27.93
25  27  2  37.8
1  28  2  7.08
2  28  2  25.5
3  28  2  21.84
4  28  2  21.73
5  28  2  6.88
6  28  2  28.7
7  28  2  25.2
8  28  2  27.73
9  28  2  8.7
10  28  2  18.56
11  28  2  17.11
12  28  2  12.25
13  28  2  20.24
14  28  2  38.27
15  28  2  5.5
16  28  2  29.93
17  28  2  41.04
18  28  2  15.48
19  28  2  31.68
20  28  2  32.94
21  28  2  26.88
22  28  2  40.15
23  28  2  13.11
24  28  2  18.24
25  28  2  7.02
1  29  2  32.45
2  29  2  14
3  29  2  6.72
4  29  2  6.15
5  29  2  20.21
6  29  2  30.34
7  29  2  33.04
8  29  2  33.37
9  29  2  38.28
10  29  2  38.28
11  29  2  40.12
12  29  2  11.76
13  29  2  18.48
14  29  2  16.77
15  29  2  27
16  29  2  9.02
17  29  2  41.61
18  29  2  19.78
19  29  2  26.88
20  29  2  24.84
21  29  2  41.76
22  29  2  32.45
23  29  2  15.96
24  29  2  27.36
25  29  2  27.54
1  30  2  53.1
2  30  2  12
3  30  2  45.92
4  30  2  12.71
5  30  2  27.95
6  30  2  26.65
7  30  2  12.32
8  30  2  17.86
9  30  2  35.38
10  30  2  43.5
11  30  2  12.39
12  30  2  42.63
13  30  2  9.24
14  30  2  25.8
15  30  2  20
16  30  2  6.15
17  30  2  30.78
18  30  2  20.64
19  30  2  15.84
20  30  2  37.8
21  30  2  36.96
22  30  2  20.9
23  30  2  41.61
24  30  2  37.05
25  30  2  12.42
1  31  2  18.29
2  31  2  42
3  31  2  5.6
4  31  2  15.58
5  31  2  6.88
6  31  2  15.58
7  31  2  25.76
8  31  2  40.42
9  31  2  36.54
10  31  2  36.54
11  31  2  33.63
12  31  2  43.61
13  31  2  9.68
14  31  2  34.83
15  31  2  43
16  31  2  32.39
17  31  2  37.05
18  31  2  20.64
19  31  2  5.76
20  31  2  16.2
21  31  2  19.68
22  31  2  33
23  31  2  17.67
24  31  2  14.82
25  31  2  41.04
1  32  2  21.24
2  32  2  43
3  32  2  47.04
4  32  2  5.74
5  32  2  36.98
6  32  2  21.73
7  32  2  30.24
8  32  2  9.87
9  32  2  33.64
10  32  2  27.84
11  32  2  38.35
12  32  2  42.14
13  32  2  4.84
14  32  2  22.79
15  32  2  35
16  32  2  21.73
17  32  2  24.51
18  32  2  17.2
19  32  2  13.92
20  32  2  40.5
21  32  2  36
22  32  2  26.4
23  32  2  38.76
24  32  2  12.54
25  32  2  38.88
1  33  2  53.1
2  33  2  27.5
3  33  2  20.72
4  33  2  18.45
5  33  2  8.17
6  33  2  13.94
7  33  2  44.24
8  33  2  17.86
9  33  2  22.62
10  33  2  41.18
11  33  2  50.74
12  33  2  16.66
13  33  2  20.68
14  33  2  8.6
15  33  2  9.5
16  33  2  21.32
17  33  2  38.19
18  33  2  38.7
19  33  2  30.24
20  33  2  25.38
21  33  2  39.84
22  33  2  33
23  33  2  32.49
24  33  2  45.6
25  33  2  11.88
1  34  2  37.17
2  34  2  30
3  34  2  15.68
4  34  2  22.55
5  34  2  28.81
6  34  2  36.49
7  34  2  16.24
8  34  2  25.38
9  34  2  30.74
10  34  2  33.06
11  34  2  43.66
12  34  2  41.65
13  34  2  22.88
14  34  2  32.25
15  34  2  18
16  34  2  8.61
17  34  2  35.91
18  34  2  26.66
19  34  2  14.4
20  34  2  37.26
21  34  2  36
22  34  2  33.55
23  34  2  46.74
24  34  2  35.34
25  34  2  42.12
1  35  2  15.93
2  35  2  30
3  35  2  21.84
4  35  2  36.08
5  35  2  32.25
6  35  2  18.45
7  35  2  21.84
8  35  2  40.42
9  35  2  20.3
10  35  2  40.6
11  35  2  12.39
12  35  2  25.48
13  35  2  23.76
14  35  2  19.35
15  35  2  29.5
16  35  2  6.15
17  35  2  7.98
18  35  2  6.02
19  35  2  22.56
20  35  2  29.16
21  35  2  17.28
22  35  2  44.55
23  35  2  33.63
24  35  2  31.92
25  35  2  17.82
1  36  2  33.04
2  36  2  16.5
3  36  2  31.92
4  36  2  6.97
5  36  2  22.36
6  36  2  13.12
7  36  2  25.76
8  36  2  30.55
9  36  2  14.5
10  36  2  34.22
11  36  2  41.89
12  36  2  38.71
13  36  2  5.72
14  36  2  18.92
15  36  2  24
16  36  2  10.66
17  36  2  41.61
18  36  2  10.32
19  36  2  36
20  36  2  29.7
21  36  2  30.24
22  36  2  8.8
23  36  2  43.89
24  36  2  31.92
25  36  2  36.72
1  37  2  22.42
2  37  2  41
3  37  2  25.2
4  37  2  4.51
5  37  2  23.65
6  37  2  26.24
7  37  2  45.92
8  37  2  12.69
9  37  2  45.82
10  37  2  19.14
11  37  2  25.37
12  37  2  15.68
13  37  2  33
14  37  2  9.03
15  37  2  12
16  37  2  15.17
17  37  2  18.81
18  37  2  17.2
19  37  2  16.8
20  37  2  43.74
21  37  2  8.64
22  37  2  34.1
23  37  2  40.47
24  37  2  22.8
25  37  2  27
1  38  2  7.67
2  38  2  5.5
3  38  2  31.36
4  38  2  11.48
5  38  2  36.12
6  38  2  19.68
7  38  2  17.92
8  38  2  29.61
9  38  2  26.68
10  38  2  11.02
11  38  2  23.01
12  38  2  42.14
13  38  2  27.28
14  38  2  11.61
15  38  2  13.5
16  38  2  22.96
17  38  2  10.26
18  38  2  21.5
19  38  2  11.52
20  38  2  14.58
21  38  2  36.96
22  38  2  33
23  38  2  18.81
24  38  2  40.47
25  38  2  37.8
1  39  2  48.97
2  39  2  11.5
3  39  2  30.24
4  39  2  6.15
5  39  2  37.84
6  39  2  28.7
7  39  2  19.6
8  39  2  30.55
9  39  2  31.9
10  39  2  27.84
11  39  2  48.38
12  39  2  25.48
13  39  2  25.52
14  39  2  17.2
15  39  2  12
16  39  2  31.57
17  39  2  46.17
18  39  2  35.26
19  39  2  26.4
20  39  2  31.86
21  39  2  26.88
22  39  2  24.2
23  39  2  41.04
24  39  2  7.98
25  39  2  14.04
1  40  2  17.7
2  40  2  26.5
3  40  2  34.16
4  40  2  20.5
5  40  2  6.02
6  40  2  13.53
7  40  2  38.08
8  40  2  7.05
9  40  2  37.7
10  40  2  29
11  40  2  27.73
12  40  2  24.01
13  40  2  29.92
14  40  2  25.8
15  40  2  45
16  40  2  35.26
17  40  2  32.49
18  40  2  14.19
19  40  2  12.96
20  40  2  14.58
21  40  2  15.36
22  40  2  14.3
23  40  2  14.82
24  40  2  22.8
25  40  2  40.5
1  41  2  7.08
2  41  2  9
3  41  2  45.92
4  41  2  11.48
5  41  2  14.19
6  41  2  29.11
7  41  2  31.36
8  41  2  8.46
9  41  2  42.34
10  41  2  16.24
11  41  2  13.57
12  41  2  15.19
13  41  2  18.48
14  41  2  28.38
15  41  2  25.5
16  41  2  22.14
17  41  2  34.2
18  41  2  24.08
19  41  2  12
20  41  2  38.34
21  41  2  8.16
22  41  2  33.55
23  41  2  45.6
24  41  2  31.92
25  41  2  42.12
1  42  2  12.39
2  42  2  6.5
3  42  2  29.68
4  42  2  36.49
5  42  2  38.27
6  42  2  27.06
7  42  2  42
8  42  2  23.5
9  42  2  42.92
10  42  2  32.48
11  42  2  21.83
12  42  2  29.4
13  42  2  11.88
14  42  2  16.34
15  42  2  45
16  42  2  33.62
17  42  2  10.83
18  42  2  38.7
19  42  2  16.8
20  42  2  37.26
21  42  2  13.44
22  42  2  7.7
23  42  2  33.06
24  42  2  37.62
25  42  2  11.88
1  43  2  17.7
2  43  2  18
3  43  2  49.84
4  43  2  24.19
5  43  2  14.19
6  43  2  23.37
7  43  2  31.36
8  43  2  27.26
9  43  2  49.3
10  43  2  17.98
11  43  2  8.26
12  43  2  42.63
13  43  2  26.4
14  43  2  28.81
15  43  2  14
16  43  2  30.75
17  43  2  16.53
18  43  2  36.55
19  43  2  29.76
20  43  2  34.56
21  43  2  10.08
22  43  2  37.4
23  43  2  25.65
24  43  2  31.92
25  43  2  35.64
1  44  2  23.6
2  44  2  42
3  44  2  22.96
4  44  2  19.68
5  44  2  6.88
6  44  2  13.53
7  44  2  44.24
8  44  2  7.05
9  44  2  38.28
10  44  2  8.12
11  44  2  10.03
12  44  2  22.05
13  44  2  33.44
14  44  2  11.61
15  44  2  45
16  44  2  8.61
17  44  2  51.3
18  44  2  22.79
19  44  2  19.2
20  44  2  25.38
21  44  2  12
22  44  2  35.75
23  44  2  21.09
24  44  2  24.51
25  44  2  32.4
1  45  2  50.15
2  45  2  33.5
3  45  2  20.16
4  45  2  30.34
5  45  2  16.77
6  45  2  6.97
7  45  2  26.88
8  45  2  28.2
9  45  2  39.44
10  45  2  18.56
11  45  2  13.57
12  45  2  39.2
13  45  2  24.64
14  45  2  25.37
15  45  2  38
16  45  2  17.63
17  45  2  45.03
18  45  2  29.67
19  45  2  36.48
20  45  2  16.2
21  45  2  10.56
22  45  2  7.7
23  45  2  7.98
24  45  2  18.81
25  45  2  5.4
1  46  2  7.08
2  46  2  30.5
3  46  2  28
4  46  2  15.99
5  46  2  15.48
6  46  2  11.48
7  46  2  40.88
8  46  2  15.51
9  46  2  14.5
10  46  2  41.76
11  46  2  35.99
12  46  2  32.34
13  46  2  29.48
14  46  2  20.64
15  46  2  11.5
16  46  2  9.84
17  46  2  47.31
18  46  2  35.69
19  46  2  23.52
20  46  2  14.04
21  46  2  15.36
22  46  2  33
23  46  2  19.95
24  46  2  38.76
25  46  2  27
1  47  2  23.6
2  47  2  8
3  47  2  40.32
4  47  2  25.42
5  47  2  25.8
6  47  2  32.8
7  47  2  50.4
8  47  2  6.11
9  47  2  46.98
10  47  2  22.62
11  47  2  41.3
12  47  2  23.52
13  47  2  29.92
14  47  2  15.91
15  47  2  37
16  47  2  20.91
17  47  2  36.48
18  47  2  36.55
19  47  2  38.4
20  47  2  29.7
21  47  2  30.72
22  47  2  40.15
23  47  2  19.38
24  47  2  41.61
25  47  2  23.22
1  48  2  14.16
2  48  2  14
3  48  2  31.92
4  48  2  6.15
5  48  2  18.49
6  48  2  10.66
7  48  2  30.24
8  48  2  21.15
9  48  2  27.84
10  48  2  13.34
11  48  2  43.07
12  48  2  20.09
13  48  2  26.84
14  48  2  30.1
15  48  2  20
16  48  2  4.92
17  48  2  41.61
18  48  2  13.76
19  48  2  28.32
20  48  2  38.88
21  48  2  8.64
22  48  2  25.3
23  48  2  41.04
24  48  2  46.17
25  48  2  7.56
1  49  2  7.08
2  49  2  18
3  49  2  36.4
4  49  2  8.2
5  49  2  24.08
6  49  2  4.92
7  49  2  25.76
8  49  2  10.81
9  49  2  48.14
10  49  2  29
11  49  2  30.68
12  49  2  20.09
13  49  2  23.76
14  49  2  27.52
15  49  2  25
16  49  2  29.93
17  49  2  47.31
18  49  2  29.67
19  49  2  37.44
20  49  2  30.24
21  49  2  23.52
22  49  2  12.1
23  49  2  50.16
24  49  2  36.48
25  49  2  30.24
1  50  2  47.2
2  50  2  21.5
3  50  2  11.2
4  50  2  9.84
5  50  2  20.64
6  50  2  31.57
7  50  2  44.24
8  50  2  12.69
9  50  2  30.74
10  50  2  35.38
11  50  2  6.49
12  50  2  11.27
13  50  2  8.8
14  50  2  23.65
15  50  2  12.5
16  50  2  25.01
17  50  2  14.82
18  50  2  17.63
19  50  2  5.76
20  50  2  27.54
21  50  2  7.2
22  50  2  46.2
23  50  2  10.26
24  50  2  19.95
25  50  2  43.2
;

param xi_base :=
1  1  52
2  1  88
3  1  18
4  1  89
5  1  34
6  1  66
7  1  19
8  1  69
9  1  64
10  1  22
11  1  37
12  1  58
13  1  41
14  1  11
15  1  68
16  1  64
17  1  52
18  1  68
19  1  73
20  1  45
21  1  85
22  1  53
23  1  87
24  1  87
25  1  39
1  2  34
2  2  57
3  2  68
4  2  77
5  2  76
6  2  84
7  2  70
8  2  39
9  2  63
10  2  80
11  2  90
12  2  37
13  2  29
14  2  56
15  2  85
16  2  72
17  2  20
18  2  27
19  2  11
20  2  82
21  2  45
22  2  54
23  2  41
24  2  81
25  2  46
1  3  42
2  3  39
3  3  77
4  3  12
5  3  65
6  3  34
7  3  68
8  3  86
9  3  53
10  3  70
11  3  81
12  3  73
13  3  75
14  3  42
15  3  31
16  3  21
17  3  32
18  3  67
19  3  16
20  3  34
21  3  71
22  3  77
23  3  80
24  3  55
25  3  84
1  4  37
2  4  83
3  4  67
4  4  15
5  4  86
6  4  53
7  4  45
8  4  65
9  4  49
10  4  72
11  4  86
12  4  82
13  4  35
14  4  84
15  4  25
16  4  12
17  4  88
18  4  69
19  4  29
20  4  37
21  4  43
22  4  47
23  4  69
24  4  21
25  4  65
1  5  31
2  5  61
3  5  70
4  5  16
5  5  69
6  5  64
7  5  39
8  5  15
9  5  11
10  5  29
11  5  87
12  5  44
13  5  55
14  5  19
15  5  31
16  5  55
17  5  51
18  5  46
19  5  32
20  5  50
21  5  72
22  5  63
23  5  87
24  5  68
25  5  73
1  6  45
2  6  48
3  6  69
4  6  35
5  6  13
6  6  76
7  6  26
8  6  84
9  6  81
10  6  21
11  6  11
12  6  90
13  6  33
14  6  54
15  6  22
16  6  66
17  6  50
18  6  80
19  6  32
20  6  34
21  6  42
22  6  88
23  6  77
24  6  17
25  6  63
1  7  18
2  7  82
3  7  11
4  7  23
5  7  86
6  7  67
7  7  77
8  7  24
9  7  36
10  7  73
11  7  47
12  7  77
13  7  75
14  7  29
15  7  23
16  7  70
17  7  33
18  7  72
19  7  36
20  7  25
21  7  38
22  7  68
23  7  42
24  7  52
25  7  14
1  8  21
2  8  24
3  8  57
4  8  14
5  8  86
6  8  72
7  8  55
8  8  47
9  8  62
10  8  81
11  8  67
12  8  60
13  8  24
14  8  24
15  8  74
16  8  65
17  8  35
18  8  25
19  8  66
20  8  61
21  8  82
22  8  62
23  8  50
24  8  11
25  8  15
1  9  79
2  9  74
3  9  66
4  9  89
5  9  17
6  9  79
7  9  84
8  9  39
9  9  75
10  9  38
11  9  81
12  9  73
13  9  11
14  9  85
15  9  28
16  9  50
17  9  85
18  9  44
19  9  35
20  9  62
21  9  14
22  9  13
23  9  62
24  9  19
25  9  26
1  10  55
2  10  83
3  10  10
4  10  66
5  10  21
6  10  32
7  10  71
8  10  48
9  10  84
10  10  53
11  10  20
12  10  89
13  10  40
14  10  20
15  10  15
16  10  45
17  10  76
18  10  16
19  10  82
20  10  12
21  10  49
22  10  58
23  10  72
24  10  17
25  10  51
1  11  18
2  11  74
3  11  52
4  11  67
5  11  39
6  11  24
7  11  75
8  11  11
9  11  74
10  11  42
11  11  36
12  11  24
13  11  20
14  11  74
15  11  26
16  11  84
17  11  77
18  11  23
19  11  59
20  11  57
21  11  75
22  11  49
23  11  84
24  11  21
25  11  17
1  12  61
2  12  75
3  12  77
4  12  29
5  12  20
6  12  38
7  12  59
8  12  23
9  12  40
10  12  17
11  12  33
12  12  45
13  12  12
14  12  37
15  12  84
16  12  36
17  12  85
18  12  57
19  12  26
20  12  63
21  12  46
22  12  24
23  12  66
24  12  36
25  12  57
1  13  49
2  13  59
3  13  14
4  13  73
5  13  50
6  13  84
7  13  64
8  13  73
9  13  75
10  13  74
11  13  28
12  13  43
13  13  44
14  13  18
15  13  34
16  13  53
17  13  71
18  13  36
19  13  86
20  13  15
21  13  54
22  13  82
23  13  60
24  13  74
25  13  62
1  14  79
2  14  82
3  14  40
4  14  74
5  14  68
6  14  40
7  14  89
8  14  52
9  14  13
10  14  30
11  14  54
12  14  88
13  14  79
14  14  38
15  14  52
16  14  55
17  14  67
18  14  76
19  14  56
20  14  81
21  14  47
22  14  22
23  14  88
24  14  88
25  14  39
1  15  84
2  15  12
3  15  52
4  15  23
5  15  60
6  15  51
7  15  11
8  15  66
9  15  26
10  15  47
11  15  48
12  15  18
13  15  24
14  15  79
15  15  89
16  15  38
17  15  10
18  15  70
19  15  21
20  15  67
21  15  20
22  15  47
23  15  16
24  15  39
25  15  64
1  16  36
2  16  28
3  16  77
4  16  40
5  16  18
6  16  43
7  16  28
8  16  65
9  16  65
10  16  33
11  16  31
12  16  75
13  16  19
14  16  39
15  16  52
16  16  88
17  16  40
18  16  10
19  16  36
20  16  51
21  16  30
22  16  87
23  16  25
24  16  83
25  16  44
1  17  87
2  17  86
3  17  85
4  17  40
5  17  39
6  17  33
7  17  36
8  17  73
9  17  60
10  17  18
11  17  85
12  17  47
13  17  20
14  17  85
15  17  55
16  17  50
17  17  85
18  17  72
19  17  38
20  17  76
21  17  46
22  17  58
23  17  70
24  17  61
25  17  78
1  18  69
2  18  61
3  18  53
4  18  74
5  18  17
6  18  68
7  18  30
8  18  38
9  18  79
10  18  57
11  18  88
12  18  60
13  18  22
14  18  70
15  18  28
16  18  81
17  18  51
18  18  22
19  18  56
20  18  14
21  18  25
22  18  30
23  18  52
24  18  16
25  18  11
1  19  17
2  19  51
3  19  48
4  19  39
5  19  75
6  19  69
7  19  47
8  19  27
9  19  47
10  19  10
11  19  27
12  19  73
13  19  52
14  19  62
15  19  40
16  19  49
17  19  40
18  19  57
19  19  66
20  19  31
21  19  62
22  19  72
23  19  83
24  19  52
25  19  70
1  20  39
2  20  60
3  20  51
4  20  55
5  20  90
6  20  48
7  20  23
8  20  64
9  20  83
10  20  29
11  20  23
12  20  84
13  20  50
14  20  83
15  20  50
16  20  67
17  20  57
18  20  89
19  20  47
20  20  29
21  20  28
22  20  83
23  20  49
24  20  20
25  20  76
1  21  44
2  21  50
3  21  86
4  21  43
5  21  61
6  21  39
7  21  86
8  21  62
9  21  20
10  21  90
11  21  46
12  21  85
13  21  55
14  21  37
15  21  46
16  21  40
17  21  16
18  21  10
19  21  33
20  21  74
21  21  21
22  21  42
23  21  89
24  21  13
25  21  19
1  22  89
2  22  59
3  22  15
4  22  88
5  22  34
6  22  78
7  22  39
8  22  86
9  22  26
10  22  70
11  22  30
12  22  90
13  22  45
14  22  42
15  22  85
16  22  81
17  22  44
18  22  44
19  22  71
20  22  25
21  22  14
22  22  85
23  22  28
24  22  27
25  22  87
1  23  73
2  23  18
3  23  23
4  23  66
5  23  79
6  23  23
7  23  16
8  23  59
9  23  81
10  23  17
11  23  31
12  23  84
13  23  43
14  23  66
15  23  67
16  23  70
17  23  71
18  23  46
19  23  89
20  23  79
21  23  72
22  23  64
23  23  67
24  23  27
25  23  43
1  24  54
2  24  29
3  24  72
4  24  71
5  24  85
6  24  40
7  24  88
8  24  54
9  24  36
10  24  15
11  24  90
12  24  44
13  24  74
14  24  29
15  24  64
16  24  80
17  24  55
18  24  15
19  24  46
20  24  90
21  24  67
22  24  85
23  24  59
24  24  56
25  24  53
1  25  61
2  25  11
3  25  68
4  25  21
5  25  15
6  25  60
7  25  30
8  25  58
9  25  26
10  25  74
11  25  55
12  25  72
13  25  41
14  25  35
15  25  23
16  25  30
17  25  21
18  25  49
19  25  27
20  25  55
21  25  60
22  25  69
23  25  51
24  25  44
25  25  47
1  26  17
2  26  76
3  26  67
4  26  77
5  26  69
6  26  25
7  26  13
8  26  33
9  26  31
10  26  10
11  26  78
12  26  43
13  26  56
14  26  67
15  26  21
16  26  85
17  26  25
18  26  17
19  26  63
20  26  40
21  26  54
22  26  57
23  26  64
24  26  27
25  26  32
1  27  64
2  27  49
3  27  65
4  27  35
5  27  75
6  27  47
7  27  17
8  27  48
9  27  53
10  27  27
11  27  36
12  27  63
13  27  38
14  27  52
15  27  37
16  27  11
17  27  86
18  27  69
19  27  23
20  27  90
21  27  12
22  27  18
23  27  84
24  27  49
25  27  70
1  28  12
2  28  51
3  28  39
4  28  53
5  28  16
6  28  70
7  28  45
8  28  59
9  28  15
10  28  32
11  28  29
12  28  25
13  28  46
14  28  89
15  28  11
16  28  73
17  28  72
18  28  36
19  28  66
20  28  61
21  28  56
22  28  73
23  28  23
24  28  32
25  28  13
1  29  55
2  29  28
3  29  12
4  29  15
5  29  47
6  29  74
7  29  59
8  29  71
9  29  66
10  29  66
11  29  68
12  29  24
13  29  42
14  29  39
15  29  54
16  29  22
17  29  73
18  29  46
19  29  56
20  29  46
21  29  87
22  29  59
23  29  28
24  29  48
25  29  51
1  30  90
2  30  24
3  30  82
4  30  31
5  30  65
6  30  65
7  30  22
8  30  38
9  30  61
10  30  75
11  30  21
12  30  87
13  30  21
14  30  60
15  30  40
16  30  15
17  30  54
18  30  48
19  30  33
20  30  70
21  30  77
22  30  38
23  30  73
24  30  65
25  30  23
1  31  31
2  31  84
3  31  10
4  31  38
5  31  16
6  31  38
7  31  46
8  31  86
9  31  63
10  31  63
11  31  57
12  31  89
13  31  22
14  31  81
15  31  86
16  31  79
17  31  65
18  31  48
19  31  12
20  31  30
21  31  41
22  31  60
23  31  31
24  31  26
25  31  76
1  32  36
2  32  86
3  32  84
4  32  14
5  32  86
6  32  53
7  32  54
8  32  21
9  32  58
10  32  48
11  32  65
12  32  86
13  32  11
14  32  53
15  32  70
16  32  53
17  32  43
18  32  40
19  32  29
20  32  75
21  32  75
22  32  48
23  32  68
24  32  22
25  32  72
1  33  90
2  33  55
3  33  37
4  33  45
5  33  19
6  33  34
7  33  79
8  33  38
9  33  39
10  33  71
11  33  86
12  33  34
13  33  47
14  33  20
15  33  19
16  33  52
17  33  67
18  33  90
19  33  63
20  33  47
21  33  83
22  33  60
23  33  57
24  33  80
25  33  22
1  34  63
2  34  60
3  34  28
4  34  55
5  34  67
6  34  89
7  34  29
8  34  54
9  34  53
10  34  57
11  34  74
12  34  85
13  34  52
14  34  75
15  34  36
16  34  21
17  34  63
18  34  62
19  34  30
20  34  69
21  34  75
22  34  61
23  34  82
24  34  62
25  34  78
1  35  27
2  35  60
3  35  39
4  35  88
5  35  75
6  35  45
7  35  39
8  35  86
9  35  35
10  35  70
11  35  21
12  35  52
13  35  54
14  35  45
15  35  59
16  35  15
17  35  14
18  35  14
19  35  47
20  35  54
21  35  36
22  35  81
23  35  59
24  35  56
25  35  33
1  36  56
2  36  33
3  36  57
4  36  17
5  36  52
6  36  32
7  36  46
8  36  65
9  36  25
10  36  59
11  36  71
12  36  79
13  36  13
14  36  44
15  36  48
16  36  26
17  36  73
18  36  24
19  36  75
20  36  55
21  36  63
22  36  16
23  36  77
24  36  56
25  36  68
1  37  38
2  37  82
3  37  45
4  37  11
5  37  55
6  37  64
7  37  82
8  37  27
9  37  79
10  37  33
11  37  43
12  37  32
13  37  75
14  37  21
15  37  24
16  37  37
17  37  33
18  37  40
19  37  35
20  37  81
21  37  18
22  37  62
23  37  71
24  37  40
25  37  50
1  38  13
2  38  11
3  38  56
4  38  28
5  38  84
6  38  48
7  38  32
8  38  63
9  38  46
10  38  19
11  38  39
12  38  86
13  38  62
14  38  27
15  38  27
16  38  56
17  38  18
18  38  50
19  38  24
20  38  27
21  38  77
22  38  60
23  38  33
24  38  71
25  38  70
1  39  83
2  39  23
3  39  54
4  39  15
5  39  88
6  39  70
7  39  35
8  39  65
9  39  55
10  39  48
11  39  82
12  39  52
13  39  58
14  39  40
15  39  24
16  39  77
17  39  81
18  39  82
19  39  55
20  39  59
21  39  56
22  39  44
23  39  72
24  39  14
25  39  26
1  40  30
2  40  53
3  40  61
4  40  50
5  40  14
6  40  33
7  40  68
8  40  15
9  40  65
10  40  50
11  40  47
12  40  49
13  40  68
14  40  60
15  40  90
16  40  86
17  40  57
18  40  33
19  40  27
20  40  27
21  40  32
22  40  26
23  40  26
24  40  40
25  40  75
1  41  12
2  41  18
3  41  82
4  41  28
5  41  33
6  41  71
7  41  56
8  41  18
9  41  73
10  41  28
11  41  23
12  41  31
13  41  42
14  41  66
15  41  51
16  41  54
17  41  60
18  41  56
19  41  25
20  41  71
21  41  17
22  41  61
23  41  80
24  41  56
25  41  78
1  42  21
2  42  13
3  42  53
4  42  89
5  42  89
6  42  66
7  42  75
8  42  50
9  42  74
10  42  56
11  42  37
12  42  60
13  42  27
14  42  38
15  42  90
16  42  82
17  42  19
18  42  90
19  42  35
20  42  69
21  42  28
22  42  14
23  42  58
24  42  66
25  42  22
1  43  30
2  43  36
3  43  89
4  43  59
5  43  33
6  43  57
7  43  56
8  43  58
9  43  85
10  43  31
11  43  14
12  43  87
13  43  60
14  43  67
15  43  28
16  43  75
17  43  29
18  43  85
19  43  62
20  43  64
21  43  21
22  43  68
23  43  45
24  43  56
25  43  66
1  44  40
2  44  84
3  44  41
4  44  48
5  44  16
6  44  33
7  44  79
8  44  15
9  44  66
10  44  14
11  44  17
12  44  45
13  44  76
14  44  27
15  44  90
16  44  21
17  44  90
18  44  53
19  44  40
20  44  47
21  44  25
22  44  65
23  44  37
24  44  43
25  44  60
1  45  85
2  45  67
3  45  36
4  45  74
5  45  39
6  45  17
7  45  48
8  45  60
9  45  68
10  45  32
11  45  23
12  45  80
13  45  56
14  45  59
15  45  76
16  45  43
17  45  79
18  45  69
19  45  76
20  45  30
21  45  22
22  45  14
23  45  14
24  45  33
25  45  10
1  46  12
2  46  61
3  46  50
4  46  39
5  46  36
6  46  28
7  46  73
8  46  33
9  46  25
10  46  72
11  46  61
12  46  66
13  46  67
14  46  48
15  46  23
16  46  24
17  46  83
18  46  83
19  46  49
20  46  26
21  46  32
22  46  60
23  46  35
24  46  68
25  46  50
1  47  40
2  47  16
3  47  72
4  47  62
5  47  60
6  47  80
7  47  90
8  47  13
9  47  81
10  47  39
11  47  70
12  47  48
13  47  68
14  47  37
15  47  74
16  47  51
17  47  64
18  47  85
19  47  80
20  47  55
21  47  64
22  47  73
23  47  34
24  47  73
25  47  43
1  48  24
2  48  28
3  48  57
4  48  15
5  48  43
6  48  26
7  48  54
8  48  45
9  48  48
10  48  23
11  48  73
12  48  41
13  48  61
14  48  70
15  48  40
16  48  12
17  48  73
18  48  32
19  48  59
20  48  72
21  48  18
22  48  46
23  48  72
24  48  81
25  48  14
1  49  12
2  49  36
3  49  65
4  49  20
5  49  56
6  49  12
7  49  46
8  49  23
9  49  83
10  49  50
11  49  52
12  49  41
13  49  54
14  49  64
15  49  50
16  49  73
17  49  83
18  49  69
19  49  78
20  49  56
21  49  49
22  49  22
23  49  88
24  49  64
25  49  56
1  50  80
2  50  43
3  50  20
4  50  24
5  50  48
6  50  77
7  50  79
8  50  27
9  50  53
10  50  61
11  50  11
12  50  23
13  50  20
14  50  55
15  50  25
16  50  61
17  50  26
18  50  41
19  50  12
20  50  51
21  50  15
22  50  84
23  50  18
24  50  35
25  50  80
;

param a :=
1  1  1
2  1  0.59
1  2  1
2  2  0.5
1  3  1
2  3  0.56
1  4  1
2  4  0.41
1  5  1
2  5  0.43
1  6  1
2  6  0.41
1  7  1
2  7  0.56
1  8  1
2  8  0.47
1  9  1
2  9  0.58
1  10  1
2  10  0.58
1  11  1
2  11  0.59
1  12  1
2  12  0.49
1  13  1
2  13  0.44
1  14  1
2  14  0.43
1  15  1
2  15  0.5
1  16  1
2  16  0.41
1  17  1
2  17  0.57
1  18  1
2  18  0.43
1  19  1
2  19  0.48
1  20  1
2  20  0.54
1  21  1
2  21  0.48
1  22  1
2  22  0.55
1  23  1
2  23  0.57
1  24  1
2  24  0.57
1  25  1
2  25  0.54
;

