param com_measure1 := 0.60258;

param com_measure2 := 0.96375;

param kappa_max := 834.4383;

param U_tau := 861.2902;

param nT := 2;

param nS := 150;

param nL := 20;

param B := 1019.54;

param w :=
1  3
2  2
3  2
4  2
5  2
6  3
7  3
8  1
9  3
10  3
11  2
12  3
13  3
14  1
15  3
16  1
17  3
18  3
19  2
20  2
;

param h :=
1  1  0
1  2  0
1  3  0
1  4  0
1  5  0
1  6  0
1  7  0
1  8  0
1  9  0
1  10  0
1  11  0
1  12  0
1  13  0
1  14  0
1  15  0
1  16  0
1  17  0
1  18  0
1  19  0
1  20  0
2  1  100.98
2  2  98.48
2  3  106.55
2  4  101.58
2  5  103.34
2  6  102.51
2  7  101.85
2  8  98.12
2  9  100.48
2  10  110.69
2  11  99.91
2  12  102.97
2  13  108.45
2  14  98.20
2  15  101.26
2  16  95.52
2  17  104.51
2  18  106.19
2  19  101.30
2  20  96.18
;

param xi :=
1  1  1  14
2  1  1  67
3  1  1  60
4  1  1  77
5  1  1  78
6  1  1  45
7  1  1  50
8  1  1  54
9  1  1  40
10  1  1  90
11  1  1  90
12  1  1  35
13  1  1  53
14  1  1  15
15  1  1  62
16  1  1  18
17  1  1  15
18  1  1  31
19  1  1  87
20  1  1  57
1  2  1  26
2  2  1  25
3  2  1  31
4  2  1  63
5  2  1  60
6  2  1  70
7  2  1  44
8  2  1  13
9  2  1  66
10  2  1  55
11  2  1  16
12  2  1  25
13  2  1  33
14  2  1  70
15  2  1  39
16  2  1  75
17  2  1  74
18  2  1  71
19  2  1  70
20  2  1  79
1  3  1  11
2  3  1  61
3  3  1  22
4  3  1  25
5  3  1  16
6  3  1  57
7  3  1  64
8  3  1  49
9  3  1  24
10  3  1  77
11  3  1  85
12  3  1  46
13  3  1  70
14  3  1  87
15  3  1  35
16  3  1  25
17  3  1  27
18  3  1  81
19  3  1  25
20  3  1  86
1  4  1  47
2  4  1  11
3  4  1  16
4  4  1  24
5  4  1  88
6  4  1  12
7  4  1  62
8  4  1  64
9  4  1  30
10  4  1  16
11  4  1  72
12  4  1  20
13  4  1  80
14  4  1  45
15  4  1  28
16  4  1  25
17  4  1  38
18  4  1  10
19  4  1  14
20  4  1  82
1  5  1  90
2  5  1  84
3  5  1  76
4  5  1  12
5  5  1  50
6  5  1  61
7  5  1  30
8  5  1  78
9  5  1  21
10  5  1  22
11  5  1  60
12  5  1  53
13  5  1  88
14  5  1  58
15  5  1  55
16  5  1  16
17  5  1  34
18  5  1  64
19  5  1  22
20  5  1  60
1  6  1  74
2  6  1  69
3  6  1  29
4  6  1  54
5  6  1  44
6  6  1  82
7  6  1  84
8  6  1  55
9  6  1  45
10  6  1  66
11  6  1  48
12  6  1  82
13  6  1  88
14  6  1  56
15  6  1  38
16  6  1  26
17  6  1  84
18  6  1  88
19  6  1  13
20  6  1  67
1  7  1  21
2  7  1  61
3  7  1  85
4  7  1  59
5  7  1  12
6  7  1  29
7  7  1  21
8  7  1  59
9  7  1  57
10  7  1  35
11  7  1  43
12  7  1  37
13  7  1  41
14  7  1  90
15  7  1  22
16  7  1  20
17  7  1  53
18  7  1  65
19  7  1  44
20  7  1  88
1  8  1  42
2  8  1  80
3  8  1  79
4  8  1  23
5  8  1  72
6  8  1  81
7  8  1  21
8  8  1  73
9  8  1  19
10  8  1  27
11  8  1  33
12  8  1  59
13  8  1  22
14  8  1  84
15  8  1  70
16  8  1  81
17  8  1  39
18  8  1  86
19  8  1  90
20  8  1  75
1  9  1  59
2  9  1  71
3  9  1  56
4  9  1  29
5  9  1  26
6  9  1  80
7  9  1  44
8  9  1  25
9  9  1  51
10  9  1  78
11  9  1  22
12  9  1  80
13  9  1  85
14  9  1  24
15  9  1  30
16  9  1  19
17  9  1  52
18  9  1  31
19  9  1  60
20  9  1  39
1  10  1  14
2  10  1  64
3  10  1  14
4  10  1  29
5  10  1  70
6  10  1  68
7  10  1  22
8  10  1  68
9  10  1  51
10  10  1  16
11  10  1  32
12  10  1  29
13  10  1  67
14  10  1  81
15  10  1  41
16  10  1  45
17  10  1  62
18  10  1  79
19  10  1  37
20  10  1  18
1  11  1  33
2  11  1  52
3  11  1  17
4  11  1  39
5  11  1  76
6  11  1  31
7  11  1  81
8  11  1  36
9  11  1  49
10  11  1  40
11  11  1  10
12  11  1  23
13  11  1  63
14  11  1  13
15  11  1  55
16  11  1  82
17  11  1  52
18  11  1  87
19  11  1  82
20  11  1  82
1  12  1  52
2  12  1  46
3  12  1  77
4  12  1  44
5  12  1  15
6  12  1  85
7  12  1  36
8  12  1  89
9  12  1  54
10  12  1  87
11  12  1  66
12  12  1  40
13  12  1  74
14  12  1  28
15  12  1  82
16  12  1  13
17  12  1  22
18  12  1  64
19  12  1  56
20  12  1  21
1  13  1  68
2  13  1  25
3  13  1  68
4  13  1  70
5  13  1  70
6  13  1  59
7  13  1  21
8  13  1  29
9  13  1  47
10  13  1  81
11  13  1  15
12  13  1  74
13  13  1  49
14  13  1  34
15  13  1  78
16  13  1  40
17  13  1  35
18  13  1  73
19  13  1  38
20  13  1  24
1  14  1  68
2  14  1  20
3  14  1  78
4  14  1  82
5  14  1  77
6  14  1  36
7  14  1  63
8  14  1  13
9  14  1  58
10  14  1  34
11  14  1  45
12  14  1  35
13  14  1  10
14  14  1  65
15  14  1  16
16  14  1  31
17  14  1  49
18  14  1  17
19  14  1  39
20  14  1  77
1  15  1  38
2  15  1  67
3  15  1  75
4  15  1  60
5  15  1  82
6  15  1  75
7  15  1  19
8  15  1  67
9  15  1  75
10  15  1  81
11  15  1  61
12  15  1  53
13  15  1  32
14  15  1  14
15  15  1  53
16  15  1  18
17  15  1  12
18  15  1  53
19  15  1  42
20  15  1  44
1  16  1  45
2  16  1  22
3  16  1  44
4  16  1  17
5  16  1  53
6  16  1  21
7  16  1  15
8  16  1  46
9  16  1  11
10  16  1  53
11  16  1  67
12  16  1  23
13  16  1  72
14  16  1  90
15  16  1  19
16  16  1  51
17  16  1  51
18  16  1  54
19  16  1  72
20  16  1  32
1  17  1  19
2  17  1  21
3  17  1  65
4  17  1  60
5  17  1  77
6  17  1  20
7  17  1  11
8  17  1  23
9  17  1  17
10  17  1  76
11  17  1  28
12  17  1  77
13  17  1  18
14  17  1  77
15  17  1  48
16  17  1  35
17  17  1  65
18  17  1  72
19  17  1  72
20  17  1  58
1  18  1  56
2  18  1  14
3  18  1  69
4  18  1  31
5  18  1  29
6  18  1  83
7  18  1  45
8  18  1  35
9  18  1  34
10  18  1  69
11  18  1  85
12  18  1  72
13  18  1  34
14  18  1  16
15  18  1  10
16  18  1  25
17  18  1  24
18  18  1  21
19  18  1  29
20  18  1  13
1  19  1  78
2  19  1  40
3  19  1  44
4  19  1  18
5  19  1  40
6  19  1  25
7  19  1  78
8  19  1  75
9  19  1  78
10  19  1  30
11  19  1  73
12  19  1  22
13  19  1  18
14  19  1  19
15  19  1  67
16  19  1  74
17  19  1  25
18  19  1  77
19  19  1  33
20  19  1  61
1  20  1  11
2  20  1  29
3  20  1  30
4  20  1  31
5  20  1  31
6  20  1  57
7  20  1  60
8  20  1  58
9  20  1  13
10  20  1  75
11  20  1  30
12  20  1  89
13  20  1  27
14  20  1  12
15  20  1  57
16  20  1  64
17  20  1  40
18  20  1  90
19  20  1  39
20  20  1  56
1  21  1  24
2  21  1  71
3  21  1  53
4  21  1  76
5  21  1  79
6  21  1  26
7  21  1  89
8  21  1  62
9  21  1  45
10  21  1  87
11  21  1  38
12  21  1  56
13  21  1  63
14  21  1  70
15  21  1  13
16  21  1  88
17  21  1  58
18  21  1  74
19  21  1  39
20  21  1  43
1  22  1  51
2  22  1  83
3  22  1  49
4  22  1  86
5  22  1  35
6  22  1  48
7  22  1  16
8  22  1  85
9  22  1  88
10  22  1  78
11  22  1  11
12  22  1  23
13  22  1  90
14  22  1  52
15  22  1  28
16  22  1  53
17  22  1  28
18  22  1  88
19  22  1  76
20  22  1  48
1  23  1  50
2  23  1  56
3  23  1  30
4  23  1  88
5  23  1  40
6  23  1  55
7  23  1  18
8  23  1  75
9  23  1  50
10  23  1  72
11  23  1  60
12  23  1  59
13  23  1  90
14  23  1  30
15  23  1  41
16  23  1  74
17  23  1  55
18  23  1  10
19  23  1  19
20  23  1  60
1  24  1  54
2  24  1  26
3  24  1  59
4  24  1  22
5  24  1  24
6  24  1  82
7  24  1  17
8  24  1  67
9  24  1  61
10  24  1  67
11  24  1  58
12  24  1  18
13  24  1  35
14  24  1  42
15  24  1  74
16  24  1  31
17  24  1  82
18  24  1  75
19  24  1  85
20  24  1  90
1  25  1  63
2  25  1  45
3  25  1  19
4  25  1  33
5  25  1  59
6  25  1  48
7  25  1  62
8  25  1  14
9  25  1  80
10  25  1  60
11  25  1  35
12  25  1  63
13  25  1  79
14  25  1  36
15  25  1  69
16  25  1  37
17  25  1  41
18  25  1  29
19  25  1  79
20  25  1  32
1  26  1  80
2  26  1  22
3  26  1  32
4  26  1  85
5  26  1  55
6  26  1  74
7  26  1  30
8  26  1  22
9  26  1  28
10  26  1  73
11  26  1  67
12  26  1  39
13  26  1  79
14  26  1  29
15  26  1  85
16  26  1  68
17  26  1  43
18  26  1  61
19  26  1  48
20  26  1  59
1  27  1  23
2  27  1  17
3  27  1  75
4  27  1  10
5  27  1  28
6  27  1  25
7  27  1  87
8  27  1  30
9  27  1  21
10  27  1  22
11  27  1  26
12  27  1  68
13  27  1  36
14  27  1  78
15  27  1  17
16  27  1  75
17  27  1  83
18  27  1  60
19  27  1  25
20  27  1  34
1  28  1  17
2  28  1  69
3  28  1  76
4  28  1  76
5  28  1  67
6  28  1  64
7  28  1  87
8  28  1  78
9  28  1  28
10  28  1  28
11  28  1  50
12  28  1  43
13  28  1  23
14  28  1  38
15  28  1  33
16  28  1  61
17  28  1  87
18  28  1  87
19  28  1  58
20  28  1  78
1  29  1  51
2  29  1  44
3  29  1  56
4  29  1  83
5  29  1  34
6  29  1  43
7  29  1  50
8  29  1  45
9  29  1  33
10  29  1  86
11  29  1  40
12  29  1  79
13  29  1  54
14  29  1  44
15  29  1  25
16  29  1  31
17  29  1  50
18  29  1  53
19  29  1  41
20  29  1  33
1  30  1  53
2  30  1  41
3  30  1  61
4  30  1  89
5  30  1  38
6  30  1  80
7  30  1  50
8  30  1  73
9  30  1  45
10  30  1  16
11  30  1  68
12  30  1  66
13  30  1  38
14  30  1  43
15  30  1  89
16  30  1  27
17  30  1  43
18  30  1  59
19  30  1  55
20  30  1  41
1  31  1  31
2  31  1  37
3  31  1  83
4  31  1  20
5  31  1  26
6  31  1  41
7  31  1  29
8  31  1  52
9  31  1  60
10  31  1  88
11  31  1  46
12  31  1  13
13  31  1  76
14  31  1  65
15  31  1  75
16  31  1  25
17  31  1  59
18  31  1  49
19  31  1  25
20  31  1  77
1  32  1  62
2  32  1  82
3  32  1  66
4  32  1  63
5  32  1  42
6  32  1  90
7  32  1  85
8  32  1  74
9  32  1  10
10  32  1  53
11  32  1  59
12  32  1  32
13  32  1  86
14  32  1  47
15  32  1  45
16  32  1  59
17  32  1  63
18  32  1  43
19  32  1  59
20  32  1  64
1  33  1  74
2  33  1  55
3  33  1  23
4  33  1  23
5  33  1  34
6  33  1  71
7  33  1  58
8  33  1  10
9  33  1  23
10  33  1  78
11  33  1  40
12  33  1  49
13  33  1  35
14  33  1  81
15  33  1  15
16  33  1  57
17  33  1  13
18  33  1  54
19  33  1  68
20  33  1  55
1  34  1  48
2  34  1  55
3  34  1  12
4  34  1  42
5  34  1  69
6  34  1  90
7  34  1  69
8  34  1  53
9  34  1  26
10  34  1  75
11  34  1  53
12  34  1  43
13  34  1  41
14  34  1  32
15  34  1  38
16  34  1  65
17  34  1  29
18  34  1  64
19  34  1  24
20  34  1  30
1  35  1  27
2  35  1  49
3  35  1  79
4  35  1  18
5  35  1  60
6  35  1  73
7  35  1  28
8  35  1  86
9  35  1  74
10  35  1  13
11  35  1  67
12  35  1  51
13  35  1  22
14  35  1  66
15  35  1  38
16  35  1  40
17  35  1  55
18  35  1  12
19  35  1  41
20  35  1  35
1  36  1  82
2  36  1  80
3  36  1  27
4  36  1  73
5  36  1  35
6  36  1  73
7  36  1  18
8  36  1  66
9  36  1  23
10  36  1  63
11  36  1  14
12  36  1  50
13  36  1  78
14  36  1  67
15  36  1  84
16  36  1  55
17  36  1  11
18  36  1  37
19  36  1  35
20  36  1  21
1  37  1  69
2  37  1  15
3  37  1  60
4  37  1  42
5  37  1  48
6  37  1  81
7  37  1  69
8  37  1  60
9  37  1  61
10  37  1  51
11  37  1  11
12  37  1  51
13  37  1  14
14  37  1  70
15  37  1  85
16  37  1  37
17  37  1  64
18  37  1  46
19  37  1  78
20  37  1  80
1  38  1  66
2  38  1  44
3  38  1  88
4  38  1  30
5  38  1  21
6  38  1  43
7  38  1  19
8  38  1  12
9  38  1  34
10  38  1  30
11  38  1  46
12  38  1  53
13  38  1  26
14  38  1  41
15  38  1  74
16  38  1  75
17  38  1  15
18  38  1  62
19  38  1  40
20  38  1  28
1  39  1  86
2  39  1  53
3  39  1  18
4  39  1  64
5  39  1  44
6  39  1  45
7  39  1  20
8  39  1  36
9  39  1  41
10  39  1  20
11  39  1  36
12  39  1  20
13  39  1  43
14  39  1  77
15  39  1  69
16  39  1  12
17  39  1  72
18  39  1  54
19  39  1  51
20  39  1  19
1  40  1  58
2  40  1  83
3  40  1  59
4  40  1  37
5  40  1  56
6  40  1  62
7  40  1  43
8  40  1  17
9  40  1  22
10  40  1  14
11  40  1  76
12  40  1  41
13  40  1  44
14  40  1  78
15  40  1  11
16  40  1  52
17  40  1  68
18  40  1  16
19  40  1  28
20  40  1  28
1  41  1  89
2  41  1  52
3  41  1  45
4  41  1  88
5  41  1  69
6  41  1  41
7  41  1  46
8  41  1  80
9  41  1  15
10  41  1  41
11  41  1  47
12  41  1  48
13  41  1  20
14  41  1  38
15  41  1  61
16  41  1  41
17  41  1  45
18  41  1  40
19  41  1  86
20  41  1  79
1  42  1  37
2  42  1  66
3  42  1  80
4  42  1  25
5  42  1  62
6  42  1  66
7  42  1  78
8  42  1  82
9  42  1  33
10  42  1  18
11  42  1  69
12  42  1  65
13  42  1  58
14  42  1  89
15  42  1  42
16  42  1  15
17  42  1  69
18  42  1  55
19  42  1  10
20  42  1  75
1  43  1  67
2  43  1  61
3  43  1  50
4  43  1  84
5  43  1  17
6  43  1  38
7  43  1  11
8  43  1  16
9  43  1  22
10  43  1  75
11  43  1  61
12  43  1  55
13  43  1  46
14  43  1  65
15  43  1  72
16  43  1  32
17  43  1  78
18  43  1  79
19  43  1  65
20  43  1  16
1  44  1  52
2  44  1  34
3  44  1  73
4  44  1  58
5  44  1  84
6  44  1  58
7  44  1  18
8  44  1  26
9  44  1  80
10  44  1  20
11  44  1  15
12  44  1  24
13  44  1  52
14  44  1  14
15  44  1  54
16  44  1  88
17  44  1  60
18  44  1  43
19  44  1  40
20  44  1  29
1  45  1  34
2  45  1  10
3  45  1  12
4  45  1  31
5  45  1  64
6  45  1  71
7  45  1  37
8  45  1  24
9  45  1  38
10  45  1  85
11  45  1  81
12  45  1  48
13  45  1  57
14  45  1  49
15  45  1  21
16  45  1  75
17  45  1  29
18  45  1  30
19  45  1  18
20  45  1  53
1  46  1  66
2  46  1  68
3  46  1  48
4  46  1  29
5  46  1  43
6  46  1  36
7  46  1  58
8  46  1  44
9  46  1  61
10  46  1  78
11  46  1  16
12  46  1  68
13  46  1  28
14  46  1  57
15  46  1  34
16  46  1  40
17  46  1  25
18  46  1  84
19  46  1  63
20  46  1  14
1  47  1  76
2  47  1  10
3  47  1  20
4  47  1  12
5  47  1  10
6  47  1  79
7  47  1  90
8  47  1  28
9  47  1  80
10  47  1  40
11  47  1  80
12  47  1  71
13  47  1  21
14  47  1  42
15  47  1  52
16  47  1  11
17  47  1  79
18  47  1  41
19  47  1  81
20  47  1  44
1  48  1  78
2  48  1  69
3  48  1  21
4  48  1  83
5  48  1  43
6  48  1  10
7  48  1  20
8  48  1  68
9  48  1  80
10  48  1  46
11  48  1  51
12  48  1  76
13  48  1  79
14  48  1  81
15  48  1  88
16  48  1  16
17  48  1  58
18  48  1  55
19  48  1  70
20  48  1  44
1  49  1  15
2  49  1  80
3  49  1  77
4  49  1  67
5  49  1  53
6  49  1  43
7  49  1  44
8  49  1  14
9  49  1  39
10  49  1  84
11  49  1  67
12  49  1  63
13  49  1  28
14  49  1  21
15  49  1  51
16  49  1  50
17  49  1  88
18  49  1  58
19  49  1  20
20  49  1  84
1  50  1  34
2  50  1  47
3  50  1  38
4  50  1  52
5  50  1  42
6  50  1  55
7  50  1  87
8  50  1  23
9  50  1  59
10  50  1  81
11  50  1  70
12  50  1  21
13  50  1  35
14  50  1  51
15  50  1  57
16  50  1  41
17  50  1  24
18  50  1  43
19  50  1  30
20  50  1  63
1  51  1  55
2  51  1  23
3  51  1  51
4  51  1  18
5  51  1  75
6  51  1  43
7  51  1  28
8  51  1  20
9  51  1  49
10  51  1  71
11  51  1  84
12  51  1  48
13  51  1  65
14  51  1  46
15  51  1  65
16  51  1  71
17  51  1  73
18  51  1  75
19  51  1  50
20  51  1  49
1  52  1  38
2  52  1  59
3  52  1  80
4  52  1  69
5  52  1  52
6  52  1  56
7  52  1  60
8  52  1  15
9  52  1  55
10  52  1  64
11  52  1  69
12  52  1  90
13  52  1  65
14  52  1  59
15  52  1  51
16  52  1  59
17  52  1  78
18  52  1  73
19  52  1  23
20  52  1  46
1  53  1  56
2  53  1  19
3  53  1  50
4  53  1  81
5  53  1  40
6  53  1  87
7  53  1  29
8  53  1  34
9  53  1  32
10  53  1  47
11  53  1  43
12  53  1  39
13  53  1  52
14  53  1  22
15  53  1  50
16  53  1  60
17  53  1  77
18  53  1  44
19  53  1  41
20  53  1  50
1  54  1  53
2  54  1  25
3  54  1  51
4  54  1  63
5  54  1  40
6  54  1  16
7  54  1  87
8  54  1  49
9  54  1  59
10  54  1  43
11  54  1  30
12  54  1  87
13  54  1  66
14  54  1  76
15  54  1  29
16  54  1  75
17  54  1  39
18  54  1  65
19  54  1  67
20  54  1  28
1  55  1  39
2  55  1  56
3  55  1  53
4  55  1  52
5  55  1  54
6  55  1  18
7  55  1  11
8  55  1  21
9  55  1  36
10  55  1  55
11  55  1  64
12  55  1  72
13  55  1  87
14  55  1  21
15  55  1  42
16  55  1  19
17  55  1  48
18  55  1  24
19  55  1  13
20  55  1  29
1  56  1  28
2  56  1  61
3  56  1  31
4  56  1  74
5  56  1  39
6  56  1  64
7  56  1  64
8  56  1  80
9  56  1  58
10  56  1  55
11  56  1  33
12  56  1  64
13  56  1  45
14  56  1  43
15  56  1  16
16  56  1  61
17  56  1  23
18  56  1  28
19  56  1  15
20  56  1  19
1  57  1  75
2  57  1  19
3  57  1  33
4  57  1  13
5  57  1  25
6  57  1  89
7  57  1  44
8  57  1  67
9  57  1  25
10  57  1  54
11  57  1  44
12  57  1  46
13  57  1  34
14  57  1  69
15  57  1  24
16  57  1  52
17  57  1  59
18  57  1  73
19  57  1  12
20  57  1  13
1  58  1  35
2  58  1  47
3  58  1  84
4  58  1  83
5  58  1  13
6  58  1  58
7  58  1  90
8  58  1  53
9  58  1  63
10  58  1  60
11  58  1  20
12  58  1  29
13  58  1  15
14  58  1  17
15  58  1  49
16  58  1  50
17  58  1  11
18  58  1  70
19  58  1  14
20  58  1  24
1  59  1  45
2  59  1  57
3  59  1  65
4  59  1  70
5  59  1  57
6  59  1  68
7  59  1  86
8  59  1  39
9  59  1  83
10  59  1  81
11  59  1  71
12  59  1  86
13  59  1  86
14  59  1  66
15  59  1  26
16  59  1  13
17  59  1  69
18  59  1  52
19  59  1  41
20  59  1  58
1  60  1  53
2  60  1  83
3  60  1  33
4  60  1  39
5  60  1  65
6  60  1  39
7  60  1  48
8  60  1  78
9  60  1  42
10  60  1  81
11  60  1  81
12  60  1  35
13  60  1  79
14  60  1  59
15  60  1  44
16  60  1  49
17  60  1  68
18  60  1  74
19  60  1  13
20  60  1  89
1  61  1  16
2  61  1  44
3  61  1  30
4  61  1  71
5  61  1  82
6  61  1  69
7  61  1  51
8  61  1  37
9  61  1  32
10  61  1  25
11  61  1  53
12  61  1  29
13  61  1  70
14  61  1  11
15  61  1  71
16  61  1  59
17  61  1  34
18  61  1  44
19  61  1  50
20  61  1  67
1  62  1  51
2  62  1  81
3  62  1  74
4  62  1  71
5  62  1  62
6  62  1  14
7  62  1  11
8  62  1  48
9  62  1  65
10  62  1  85
11  62  1  68
12  62  1  39
13  62  1  55
14  62  1  52
15  62  1  50
16  62  1  43
17  62  1  85
18  62  1  78
19  62  1  89
20  62  1  24
1  63  1  70
2  63  1  44
3  63  1  38
4  63  1  63
5  63  1  71
6  63  1  49
7  63  1  69
8  63  1  59
9  63  1  80
10  63  1  56
11  63  1  85
12  63  1  52
13  63  1  34
14  63  1  42
15  63  1  57
16  63  1  78
17  63  1  35
18  63  1  11
19  63  1  27
20  63  1  43
1  64  1  19
2  64  1  61
3  64  1  66
4  64  1  74
5  64  1  87
6  64  1  44
7  64  1  20
8  64  1  40
9  64  1  11
10  64  1  80
11  64  1  69
12  64  1  28
13  64  1  79
14  64  1  73
15  64  1  19
16  64  1  56
17  64  1  87
18  64  1  39
19  64  1  21
20  64  1  74
1  65  1  77
2  65  1  85
3  65  1  50
4  65  1  24
5  65  1  16
6  65  1  43
7  65  1  60
8  65  1  59
9  65  1  44
10  65  1  75
11  65  1  38
12  65  1  80
13  65  1  74
14  65  1  72
15  65  1  46
16  65  1  70
17  65  1  70
18  65  1  44
19  65  1  81
20  65  1  44
1  66  1  65
2  66  1  51
3  66  1  21
4  66  1  65
5  66  1  49
6  66  1  17
7  66  1  14
8  66  1  46
9  66  1  17
10  66  1  83
11  66  1  55
12  66  1  57
13  66  1  20
14  66  1  60
15  66  1  56
16  66  1  60
17  66  1  31
18  66  1  66
19  66  1  22
20  66  1  15
1  67  1  24
2  67  1  10
3  67  1  33
4  67  1  24
5  67  1  88
6  67  1  42
7  67  1  81
8  67  1  46
9  67  1  88
10  67  1  13
11  67  1  42
12  67  1  79
13  67  1  57
14  67  1  24
15  67  1  84
16  67  1  82
17  67  1  72
18  67  1  63
19  67  1  30
20  67  1  30
1  68  1  42
2  68  1  89
3  68  1  89
4  68  1  45
5  68  1  37
6  68  1  65
7  68  1  90
8  68  1  80
9  68  1  55
10  68  1  76
11  68  1  48
12  68  1  18
13  68  1  35
14  68  1  78
15  68  1  13
16  68  1  70
17  68  1  72
18  68  1  10
19  68  1  25
20  68  1  53
1  69  1  74
2  69  1  17
3  69  1  81
4  69  1  34
5  69  1  18
6  69  1  56
7  69  1  65
8  69  1  68
9  69  1  90
10  69  1  79
11  69  1  59
12  69  1  25
13  69  1  72
14  69  1  90
15  69  1  86
16  69  1  73
17  69  1  73
18  69  1  16
19  69  1  54
20  69  1  32
1  70  1  24
2  70  1  10
3  70  1  57
4  70  1  47
5  70  1  46
6  70  1  32
7  70  1  50
8  70  1  46
9  70  1  59
10  70  1  26
11  70  1  78
12  70  1  32
13  70  1  68
14  70  1  66
15  70  1  66
16  70  1  22
17  70  1  50
18  70  1  37
19  70  1  64
20  70  1  89
1  71  1  27
2  71  1  68
3  71  1  27
4  71  1  31
5  71  1  77
6  71  1  35
7  71  1  51
8  71  1  22
9  71  1  83
10  71  1  29
11  71  1  35
12  71  1  70
13  71  1  26
14  71  1  26
15  71  1  29
16  71  1  66
17  71  1  66
18  71  1  22
19  71  1  68
20  71  1  63
1  72  1  60
2  72  1  14
3  72  1  25
4  72  1  77
5  72  1  19
6  72  1  12
7  72  1  75
8  72  1  15
9  72  1  67
10  72  1  68
11  72  1  45
12  72  1  85
13  72  1  76
14  72  1  69
15  72  1  38
16  72  1  29
17  72  1  22
18  72  1  80
19  72  1  75
20  72  1  60
1  73  1  14
2  73  1  32
3  73  1  46
4  73  1  76
5  73  1  58
6  73  1  47
7  73  1  51
8  73  1  52
9  73  1  18
10  73  1  75
11  73  1  17
12  73  1  60
13  73  1  58
14  73  1  16
15  73  1  63
16  73  1  27
17  73  1  62
18  73  1  29
19  73  1  13
20  73  1  17
1  74  1  39
2  74  1  58
3  74  1  85
4  74  1  71
5  74  1  84
6  74  1  66
7  74  1  37
8  74  1  55
9  74  1  68
10  74  1  16
11  74  1  59
12  74  1  48
13  74  1  78
14  74  1  40
15  74  1  49
16  74  1  45
17  74  1  28
18  74  1  88
19  74  1  70
20  74  1  13
1  75  1  26
2  75  1  52
3  75  1  11
4  75  1  76
5  75  1  83
6  75  1  17
7  75  1  74
8  75  1  88
9  75  1  24
10  75  1  41
11  75  1  39
12  75  1  80
13  75  1  46
14  75  1  52
15  75  1  82
16  75  1  56
17  75  1  80
18  75  1  55
19  75  1  65
20  75  1  47
1  76  1  27
2  76  1  23
3  76  1  71
4  76  1  38
5  76  1  45
6  76  1  46
7  76  1  15
8  76  1  30
9  76  1  85
10  76  1  59
11  76  1  82
12  76  1  75
13  76  1  48
14  76  1  76
15  76  1  59
16  76  1  26
17  76  1  87
18  76  1  54
19  76  1  11
20  76  1  75
1  77  1  12
2  77  1  29
3  77  1  83
4  77  1  43
5  77  1  52
6  77  1  33
7  77  1  27
8  77  1  90
9  77  1  80
10  77  1  72
11  77  1  14
12  77  1  67
13  77  1  90
14  77  1  31
15  77  1  89
16  77  1  10
17  77  1  64
18  77  1  31
19  77  1  64
20  77  1  67
1  78  1  66
2  78  1  29
3  78  1  26
4  78  1  47
5  78  1  26
6  78  1  53
7  78  1  75
8  78  1  37
9  78  1  43
10  78  1  72
11  78  1  62
12  78  1  11
13  78  1  51
14  78  1  22
15  78  1  73
16  78  1  52
17  78  1  21
18  78  1  90
19  78  1  75
20  78  1  57
1  79  1  90
2  79  1  85
3  79  1  87
4  79  1  67
5  79  1  31
6  79  1  59
7  79  1  13
8  79  1  82
9  79  1  41
10  79  1  81
11  79  1  47
12  79  1  53
13  79  1  14
14  79  1  79
15  79  1  32
16  79  1  62
17  79  1  67
18  79  1  57
19  79  1  32
20  79  1  16
1  80  1  27
2  80  1  75
3  80  1  23
4  80  1  56
5  80  1  54
6  80  1  19
7  80  1  18
8  80  1  79
9  80  1  68
10  80  1  18
11  80  1  43
12  80  1  70
13  80  1  42
14  80  1  71
15  80  1  16
16  80  1  86
17  80  1  19
18  80  1  68
19  80  1  53
20  80  1  75
1  81  1  45
2  81  1  17
3  81  1  59
4  81  1  18
5  81  1  24
6  81  1  89
7  81  1  13
8  81  1  59
9  81  1  65
10  81  1  83
11  81  1  33
12  81  1  40
13  81  1  60
14  81  1  14
15  81  1  40
16  81  1  24
17  81  1  58
18  81  1  30
19  81  1  72
20  81  1  53
1  82  1  41
2  82  1  24
3  82  1  59
4  82  1  79
5  82  1  37
6  82  1  38
7  82  1  14
8  82  1  59
9  82  1  54
10  82  1  77
11  82  1  55
12  82  1  68
13  82  1  75
14  82  1  54
15  82  1  15
16  82  1  86
17  82  1  80
18  82  1  67
19  82  1  29
20  82  1  20
1  83  1  58
2  83  1  71
3  83  1  69
4  83  1  42
5  83  1  72
6  83  1  15
7  83  1  37
8  83  1  90
9  83  1  89
10  83  1  48
11  83  1  10
12  83  1  72
13  83  1  58
14  83  1  10
15  83  1  58
16  83  1  65
17  83  1  82
18  83  1  39
19  83  1  67
20  83  1  59
1  84  1  24
2  84  1  24
3  84  1  32
4  84  1  65
5  84  1  68
6  84  1  71
7  84  1  71
8  84  1  34
9  84  1  55
10  84  1  88
11  84  1  30
12  84  1  51
13  84  1  22
14  84  1  52
15  84  1  66
16  84  1  53
17  84  1  34
18  84  1  88
19  84  1  20
20  84  1  10
1  85  1  73
2  85  1  44
3  85  1  18
4  85  1  45
5  85  1  71
6  85  1  25
7  85  1  62
8  85  1  32
9  85  1  31
10  85  1  50
11  85  1  58
12  85  1  11
13  85  1  31
14  85  1  64
15  85  1  67
16  85  1  21
17  85  1  77
18  85  1  42
19  85  1  25
20  85  1  35
1  86  1  20
2  86  1  67
3  86  1  49
4  86  1  75
5  86  1  80
6  86  1  43
7  86  1  30
8  86  1  59
9  86  1  89
10  86  1  39
11  86  1  53
12  86  1  78
13  86  1  43
14  86  1  64
15  86  1  66
16  86  1  54
17  86  1  15
18  86  1  15
19  86  1  81
20  86  1  64
1  87  1  86
2  87  1  33
3  87  1  52
4  87  1  45
5  87  1  72
6  87  1  11
7  87  1  50
8  87  1  69
9  87  1  87
10  87  1  75
11  87  1  61
12  87  1  71
13  87  1  32
14  87  1  36
15  87  1  35
16  87  1  66
17  87  1  69
18  87  1  31
19  87  1  29
20  87  1  73
1  88  1  45
2  88  1  28
3  88  1  30
4  88  1  68
5  88  1  72
6  88  1  31
7  88  1  82
8  88  1  30
9  88  1  70
10  88  1  26
11  88  1  41
12  88  1  30
13  88  1  44
14  88  1  12
15  88  1  26
16  88  1  35
17  88  1  23
18  88  1  48
19  88  1  48
20  88  1  70
1  89  1  54
2  89  1  65
3  89  1  43
4  89  1  71
5  89  1  30
6  89  1  90
7  89  1  82
8  89  1  19
9  89  1  66
10  89  1  48
11  89  1  52
12  89  1  64
13  89  1  40
14  89  1  83
15  89  1  16
16  89  1  10
17  89  1  88
18  89  1  70
19  89  1  49
20  89  1  85
1  90  1  26
2  90  1  53
3  90  1  58
4  90  1  52
5  90  1  61
6  90  1  58
7  90  1  67
8  90  1  50
9  90  1  78
10  90  1  84
11  90  1  34
12  90  1  49
13  90  1  72
14  90  1  44
15  90  1  73
16  90  1  77
17  90  1  12
18  90  1  29
19  90  1  15
20  90  1  42
1  91  1  45
2  91  1  18
3  91  1  82
4  91  1  42
5  91  1  43
6  91  1  40
7  91  1  45
8  91  1  33
9  91  1  16
10  91  1  32
11  91  1  83
12  91  1  57
13  91  1  79
14  91  1  73
15  91  1  56
16  91  1  44
17  91  1  76
18  91  1  29
19  91  1  11
20  91  1  23
1  92  1  68
2  92  1  35
3  92  1  59
4  92  1  90
5  92  1  26
6  92  1  28
7  92  1  28
8  92  1  24
9  92  1  16
10  92  1  10
11  92  1  46
12  92  1  55
13  92  1  83
14  92  1  57
15  92  1  37
16  92  1  76
17  92  1  89
18  92  1  76
19  92  1  69
20  92  1  78
1  93  1  37
2  93  1  55
3  93  1  29
4  93  1  66
5  93  1  13
6  93  1  32
7  93  1  87
8  93  1  35
9  93  1  38
10  93  1  28
11  93  1  27
12  93  1  66
13  93  1  21
14  93  1  73
15  93  1  74
16  93  1  36
17  93  1  25
18  93  1  69
19  93  1  71
20  93  1  60
1  94  1  74
2  94  1  75
3  94  1  78
4  94  1  42
5  94  1  63
6  94  1  73
7  94  1  36
8  94  1  61
9  94  1  83
10  94  1  19
11  94  1  84
12  94  1  16
13  94  1  44
14  94  1  35
15  94  1  56
16  94  1  18
17  94  1  74
18  94  1  34
19  94  1  79
20  94  1  38
1  95  1  32
2  95  1  82
3  95  1  62
4  95  1  86
5  95  1  74
6  95  1  17
7  95  1  48
8  95  1  32
9  95  1  75
10  95  1  28
11  95  1  73
12  95  1  32
13  95  1  34
14  95  1  12
15  95  1  84
16  95  1  22
17  95  1  75
18  95  1  60
19  95  1  78
20  95  1  84
1  96  1  15
2  96  1  18
3  96  1  90
4  96  1  16
5  96  1  19
6  96  1  22
7  96  1  88
8  96  1  47
9  96  1  77
10  96  1  30
11  96  1  51
12  96  1  18
13  96  1  25
14  96  1  67
15  96  1  81
16  96  1  44
17  96  1  84
18  96  1  37
19  96  1  84
20  96  1  42
1  97  1  30
2  97  1  19
3  97  1  48
4  97  1  90
5  97  1  42
6  97  1  69
7  97  1  47
8  97  1  66
9  97  1  36
10  97  1  37
11  97  1  56
12  97  1  71
13  97  1  14
14  97  1  41
15  97  1  62
16  97  1  85
17  97  1  31
18  97  1  14
19  97  1  81
20  97  1  17
1  98  1  64
2  98  1  33
3  98  1  65
4  98  1  46
5  98  1  41
6  98  1  87
7  98  1  20
8  98  1  15
9  98  1  62
10  98  1  55
11  98  1  20
12  98  1  22
13  98  1  63
14  98  1  68
15  98  1  63
16  98  1  14
17  98  1  14
18  98  1  50
19  98  1  31
20  98  1  49
1  99  1  69
2  99  1  42
3  99  1  16
4  99  1  69
5  99  1  62
6  99  1  20
7  99  1  49
8  99  1  44
9  99  1  66
10  99  1  40
11  99  1  65
12  99  1  55
13  99  1  66
14  99  1  19
15  99  1  88
16  99  1  16
17  99  1  45
18  99  1  26
19  99  1  34
20  99  1  20
1  100  1  48
2  100  1  55
3  100  1  32
4  100  1  51
5  100  1  20
6  100  1  41
7  100  1  15
8  100  1  73
9  100  1  39
10  100  1  25
11  100  1  68
12  100  1  57
13  100  1  34
14  100  1  69
15  100  1  39
16  100  1  62
17  100  1  62
18  100  1  56
19  100  1  87
20  100  1  90
1  101  1  67
2  101  1  69
3  101  1  16
4  101  1  37
5  101  1  24
6  101  1  20
7  101  1  78
8  101  1  67
9  101  1  40
10  101  1  72
11  101  1  80
12  101  1  38
13  101  1  24
14  101  1  56
15  101  1  14
16  101  1  66
17  101  1  18
18  101  1  63
19  101  1  54
20  101  1  60
1  102  1  86
2  102  1  69
3  102  1  67
4  102  1  26
5  102  1  63
6  102  1  27
7  102  1  69
8  102  1  41
9  102  1  80
10  102  1  15
11  102  1  74
12  102  1  79
13  102  1  42
14  102  1  70
15  102  1  42
16  102  1  81
17  102  1  20
18  102  1  50
19  102  1  57
20  102  1  90
1  103  1  85
2  103  1  84
3  103  1  38
4  103  1  52
5  103  1  34
6  103  1  85
7  103  1  48
8  103  1  48
9  103  1  74
10  103  1  22
11  103  1  64
12  103  1  61
13  103  1  79
14  103  1  26
15  103  1  67
16  103  1  21
17  103  1  86
18  103  1  34
19  103  1  16
20  103  1  90
1  104  1  86
2  104  1  61
3  104  1  51
4  104  1  15
5  104  1  34
6  104  1  32
7  104  1  87
8  104  1  64
9  104  1  12
10  104  1  25
11  104  1  19
12  104  1  27
13  104  1  48
14  104  1  48
15  104  1  63
16  104  1  40
17  104  1  24
18  104  1  75
19  104  1  86
20  104  1  34
1  105  1  76
2  105  1  89
3  105  1  80
4  105  1  77
5  105  1  81
6  105  1  66
7  105  1  61
8  105  1  46
9  105  1  56
10  105  1  64
11  105  1  62
12  105  1  56
13  105  1  82
14  105  1  38
15  105  1  27
16  105  1  78
17  105  1  64
18  105  1  34
19  105  1  58
20  105  1  20
1  106  1  64
2  106  1  50
3  106  1  46
4  106  1  31
5  106  1  45
6  106  1  72
7  106  1  90
8  106  1  56
9  106  1  12
10  106  1  55
11  106  1  13
12  106  1  29
13  106  1  68
14  106  1  83
15  106  1  63
16  106  1  54
17  106  1  42
18  106  1  88
19  106  1  35
20  106  1  16
1  107  1  37
2  107  1  18
3  107  1  16
4  107  1  12
5  107  1  66
6  107  1  27
7  107  1  85
8  107  1  29
9  107  1  25
10  107  1  26
11  107  1  81
12  107  1  48
13  107  1  12
14  107  1  36
15  107  1  84
16  107  1  88
17  107  1  40
18  107  1  70
19  107  1  81
20  107  1  64
1  108  1  14
2  108  1  69
3  108  1  50
4  108  1  41
5  108  1  67
6  108  1  65
7  108  1  73
8  108  1  79
9  108  1  52
10  108  1  76
11  108  1  27
12  108  1  65
13  108  1  13
14  108  1  47
15  108  1  51
16  108  1  84
17  108  1  64
18  108  1  68
19  108  1  87
20  108  1  90
1  109  1  28
2  109  1  66
3  109  1  61
4  109  1  51
5  109  1  18
6  109  1  79
7  109  1  73
8  109  1  89
9  109  1  28
10  109  1  75
11  109  1  61
12  109  1  47
13  109  1  87
14  109  1  16
15  109  1  84
16  109  1  73
17  109  1  47
18  109  1  38
19  109  1  61
20  109  1  45
1  110  1  82
2  110  1  58
3  110  1  57
4  110  1  45
5  110  1  61
6  110  1  32
7  110  1  64
8  110  1  11
9  110  1  26
10  110  1  88
11  110  1  26
12  110  1  65
13  110  1  58
14  110  1  77
15  110  1  33
16  110  1  15
17  110  1  56
18  110  1  12
19  110  1  12
20  110  1  49
1  111  1  28
2  111  1  61
3  111  1  48
4  111  1  31
5  111  1  23
6  111  1  58
7  111  1  82
8  111  1  70
9  111  1  56
10  111  1  61
11  111  1  89
12  111  1  52
13  111  1  62
14  111  1  28
15  111  1  23
16  111  1  23
17  111  1  50
18  111  1  44
19  111  1  48
20  111  1  25
1  112  1  28
2  112  1  53
3  112  1  46
4  112  1  28
5  112  1  41
6  112  1  38
7  112  1  28
8  112  1  77
9  112  1  76
10  112  1  73
11  112  1  65
12  112  1  71
13  112  1  51
14  112  1  39
15  112  1  41
16  112  1  85
17  112  1  84
18  112  1  30
19  112  1  37
20  112  1  89
1  113  1  59
2  113  1  40
3  113  1  42
4  113  1  69
5  113  1  42
6  113  1  27
7  113  1  52
8  113  1  57
9  113  1  39
10  113  1  31
11  113  1  40
12  113  1  11
13  113  1  36
14  113  1  80
15  113  1  56
16  113  1  61
17  113  1  59
18  113  1  57
19  113  1  40
20  113  1  57
1  114  1  82
2  114  1  40
3  114  1  10
4  114  1  40
5  114  1  83
6  114  1  18
7  114  1  63
8  114  1  57
9  114  1  43
10  114  1  56
11  114  1  78
12  114  1  31
13  114  1  59
14  114  1  51
15  114  1  50
16  114  1  53
17  114  1  68
18  114  1  17
19  114  1  33
20  114  1  16
1  115  1  52
2  115  1  23
3  115  1  88
4  115  1  61
5  115  1  35
6  115  1  40
7  115  1  37
8  115  1  90
9  115  1  76
10  115  1  74
11  115  1  65
12  115  1  65
13  115  1  75
14  115  1  81
15  115  1  70
16  115  1  38
17  115  1  49
18  115  1  11
19  115  1  19
20  115  1  25
1  116  1  50
2  116  1  77
3  116  1  69
4  116  1  31
5  116  1  28
6  116  1  74
7  116  1  49
8  116  1  30
9  116  1  18
10  116  1  58
11  116  1  45
12  116  1  53
13  116  1  45
14  116  1  10
15  116  1  33
16  116  1  50
17  116  1  16
18  116  1  82
19  116  1  54
20  116  1  90
1  117  1  83
2  117  1  47
3  117  1  80
4  117  1  44
5  117  1  70
6  117  1  48
7  117  1  41
8  117  1  44
9  117  1  87
10  117  1  22
11  117  1  28
12  117  1  21
13  117  1  17
14  117  1  16
15  117  1  50
16  117  1  86
17  117  1  87
18  117  1  71
19  117  1  31
20  117  1  12
1  118  1  86
2  118  1  52
3  118  1  84
4  118  1  18
5  118  1  15
6  118  1  43
7  118  1  39
8  118  1  40
9  118  1  58
10  118  1  79
11  118  1  79
12  118  1  74
13  118  1  39
14  118  1  69
15  118  1  51
16  118  1  20
17  118  1  19
18  118  1  55
19  118  1  54
20  118  1  65
1  119  1  43
2  119  1  79
3  119  1  48
4  119  1  11
5  119  1  39
6  119  1  86
7  119  1  69
8  119  1  29
9  119  1  34
10  119  1  27
11  119  1  75
12  119  1  47
13  119  1  81
14  119  1  89
15  119  1  55
16  119  1  10
17  119  1  22
18  119  1  44
19  119  1  21
20  119  1  39
1  120  1  20
2  120  1  88
3  120  1  61
4  120  1  24
5  120  1  64
6  120  1  18
7  120  1  77
8  120  1  77
9  120  1  40
10  120  1  43
11  120  1  27
12  120  1  70
13  120  1  51
14  120  1  54
15  120  1  41
16  120  1  51
17  120  1  31
18  120  1  54
19  120  1  30
20  120  1  27
1  121  1  39
2  121  1  40
3  121  1  45
4  121  1  25
5  121  1  58
6  121  1  25
7  121  1  76
8  121  1  26
9  121  1  87
10  121  1  45
11  121  1  61
12  121  1  66
13  121  1  24
14  121  1  23
15  121  1  68
16  121  1  87
17  121  1  55
18  121  1  31
19  121  1  84
20  121  1  78
1  122  1  81
2  122  1  61
3  122  1  90
4  122  1  69
5  122  1  59
6  122  1  69
7  122  1  50
8  122  1  35
9  122  1  32
10  122  1  36
11  122  1  28
12  122  1  62
13  122  1  68
14  122  1  42
15  122  1  15
16  122  1  19
17  122  1  55
18  122  1  49
19  122  1  36
20  122  1  35
1  123  1  48
2  123  1  44
3  123  1  17
4  123  1  64
5  123  1  68
6  123  1  36
7  123  1  35
8  123  1  47
9  123  1  67
10  123  1  18
11  123  1  34
12  123  1  82
13  123  1  57
14  123  1  30
15  123  1  17
16  123  1  43
17  123  1  43
18  123  1  59
19  123  1  61
20  123  1  48
1  124  1  40
2  124  1  18
3  124  1  55
4  124  1  34
5  124  1  81
6  124  1  47
7  124  1  62
8  124  1  71
9  124  1  50
10  124  1  72
11  124  1  48
12  124  1  45
13  124  1  31
14  124  1  45
15  124  1  29
16  124  1  43
17  124  1  62
18  124  1  25
19  124  1  75
20  124  1  56
1  125  1  82
2  125  1  31
3  125  1  77
4  125  1  80
5  125  1  10
6  125  1  84
7  125  1  40
8  125  1  73
9  125  1  67
10  125  1  18
11  125  1  43
12  125  1  90
13  125  1  90
14  125  1  36
15  125  1  38
16  125  1  72
17  125  1  67
18  125  1  14
19  125  1  46
20  125  1  63
1  126  1  36
2  126  1  73
3  126  1  62
4  126  1  71
5  126  1  68
6  126  1  48
7  126  1  14
8  126  1  58
9  126  1  59
10  126  1  58
11  126  1  26
12  126  1  17
13  126  1  22
14  126  1  25
15  126  1  82
16  126  1  58
17  126  1  52
18  126  1  77
19  126  1  27
20  126  1  41
1  127  1  16
2  127  1  24
3  127  1  24
4  127  1  33
5  127  1  36
6  127  1  84
7  127  1  19
8  127  1  18
9  127  1  14
10  127  1  80
11  127  1  11
12  127  1  35
13  127  1  78
14  127  1  51
15  127  1  58
16  127  1  22
17  127  1  90
18  127  1  16
19  127  1  29
20  127  1  47
1  128  1  40
2  128  1  67
3  128  1  20
4  128  1  68
5  128  1  86
6  128  1  47
7  128  1  52
8  128  1  79
9  128  1  73
10  128  1  75
11  128  1  37
12  128  1  63
13  128  1  62
14  128  1  80
15  128  1  25
16  128  1  76
17  128  1  19
18  128  1  79
19  128  1  61
20  128  1  20
1  129  1  67
2  129  1  26
3  129  1  85
4  129  1  80
5  129  1  15
6  129  1  84
7  129  1  25
8  129  1  13
9  129  1  31
10  129  1  25
11  129  1  20
12  129  1  85
13  129  1  24
14  129  1  38
15  129  1  77
16  129  1  29
17  129  1  56
18  129  1  41
19  129  1  85
20  129  1  65
1  130  1  44
2  130  1  67
3  130  1  66
4  130  1  51
5  130  1  21
6  130  1  87
7  130  1  29
8  130  1  72
9  130  1  23
10  130  1  14
11  130  1  39
12  130  1  23
13  130  1  18
14  130  1  23
15  130  1  90
16  130  1  26
17  130  1  77
18  130  1  53
19  130  1  35
20  130  1  30
1  131  1  22
2  131  1  36
3  131  1  40
4  131  1  58
5  131  1  21
6  131  1  41
7  131  1  18
8  131  1  52
9  131  1  21
10  131  1  77
11  131  1  21
12  131  1  70
13  131  1  52
14  131  1  37
15  131  1  38
16  131  1  18
17  131  1  44
18  131  1  76
19  131  1  78
20  131  1  73
1  132  1  43
2  132  1  75
3  132  1  45
4  132  1  32
5  132  1  52
6  132  1  21
7  132  1  52
8  132  1  55
9  132  1  14
10  132  1  62
11  132  1  38
12  132  1  68
13  132  1  89
14  132  1  31
15  132  1  87
16  132  1  15
17  132  1  53
18  132  1  41
19  132  1  14
20  132  1  85
1  133  1  40
2  133  1  86
3  133  1  73
4  133  1  80
5  133  1  37
6  133  1  55
7  133  1  19
8  133  1  24
9  133  1  29
10  133  1  32
11  133  1  65
12  133  1  90
13  133  1  48
14  133  1  79
15  133  1  65
16  133  1  70
17  133  1  50
18  133  1  18
19  133  1  75
20  133  1  57
1  134  1  12
2  134  1  84
3  134  1  32
4  134  1  37
5  134  1  80
6  134  1  89
7  134  1  47
8  134  1  36
9  134  1  59
10  134  1  52
11  134  1  73
12  134  1  73
13  134  1  61
14  134  1  48
15  134  1  18
16  134  1  86
17  134  1  45
18  134  1  86
19  134  1  43
20  134  1  47
1  135  1  58
2  135  1  53
3  135  1  14
4  135  1  83
5  135  1  88
6  135  1  46
7  135  1  84
8  135  1  81
9  135  1  61
10  135  1  39
11  135  1  85
12  135  1  41
13  135  1  49
14  135  1  68
15  135  1  17
16  135  1  80
17  135  1  80
18  135  1  48
19  135  1  60
20  135  1  16
1  136  1  74
2  136  1  81
3  136  1  39
4  136  1  66
5  136  1  71
6  136  1  16
7  136  1  37
8  136  1  90
9  136  1  48
10  136  1  71
11  136  1  84
12  136  1  45
13  136  1  65
14  136  1  52
15  136  1  85
16  136  1  33
17  136  1  35
18  136  1  55
19  136  1  33
20  136  1  38
1  137  1  51
2  137  1  86
3  137  1  88
4  137  1  58
5  137  1  79
6  137  1  90
7  137  1  57
8  137  1  58
9  137  1  19
10  137  1  90
11  137  1  43
12  137  1  81
13  137  1  33
14  137  1  77
15  137  1  57
16  137  1  89
17  137  1  17
18  137  1  69
19  137  1  64
20  137  1  43
1  138  1  50
2  138  1  45
3  138  1  83
4  138  1  23
5  138  1  65
6  138  1  86
7  138  1  54
8  138  1  27
9  138  1  56
10  138  1  39
11  138  1  36
12  138  1  77
13  138  1  85
14  138  1  31
15  138  1  26
16  138  1  45
17  138  1  14
18  138  1  63
19  138  1  45
20  138  1  25
1  139  1  37
2  139  1  81
3  139  1  57
4  139  1  59
5  139  1  80
6  139  1  32
7  139  1  39
8  139  1  67
9  139  1  65
10  139  1  88
11  139  1  31
12  139  1  10
13  139  1  39
14  139  1  28
15  139  1  64
16  139  1  61
17  139  1  45
18  139  1  33
19  139  1  60
20  139  1  47
1  140  1  83
2  140  1  50
3  140  1  27
4  140  1  31
5  140  1  50
6  140  1  12
7  140  1  14
8  140  1  40
9  140  1  78
10  140  1  83
11  140  1  53
12  140  1  48
13  140  1  82
14  140  1  77
15  140  1  54
16  140  1  50
17  140  1  36
18  140  1  87
19  140  1  60
20  140  1  42
1  141  1  25
2  141  1  17
3  141  1  34
4  141  1  71
5  141  1  24
6  141  1  45
7  141  1  13
8  141  1  65
9  141  1  42
10  141  1  19
11  141  1  24
12  141  1  45
13  141  1  48
14  141  1  75
15  141  1  35
16  141  1  62
17  141  1  62
18  141  1  82
19  141  1  45
20  141  1  30
1  142  1  37
2  142  1  60
3  142  1  50
4  142  1  65
5  142  1  51
6  142  1  76
7  142  1  60
8  142  1  37
9  142  1  42
10  142  1  50
11  142  1  15
12  142  1  60
13  142  1  83
14  142  1  29
15  142  1  47
16  142  1  21
17  142  1  59
18  142  1  67
19  142  1  51
20  142  1  35
1  143  1  62
2  143  1  50
3  143  1  73
4  143  1  56
5  143  1  63
6  143  1  42
7  143  1  28
8  143  1  58
9  143  1  11
10  143  1  60
11  143  1  84
12  143  1  65
13  143  1  86
14  143  1  15
15  143  1  89
16  143  1  41
17  143  1  27
18  143  1  39
19  143  1  44
20  143  1  22
1  144  1  85
2  144  1  86
3  144  1  13
4  144  1  68
5  144  1  45
6  144  1  58
7  144  1  89
8  144  1  58
9  144  1  62
10  144  1  37
11  144  1  39
12  144  1  32
13  144  1  22
14  144  1  14
15  144  1  28
16  144  1  41
17  144  1  64
18  144  1  73
19  144  1  74
20  144  1  59
1  145  1  72
2  145  1  73
3  145  1  64
4  145  1  21
5  145  1  80
6  145  1  45
7  145  1  71
8  145  1  65
9  145  1  78
10  145  1  52
11  145  1  48
12  145  1  57
13  145  1  65
14  145  1  75
15  145  1  70
16  145  1  18
17  145  1  90
18  145  1  21
19  145  1  27
20  145  1  82
1  146  1  87
2  146  1  45
3  146  1  33
4  146  1  22
5  146  1  90
6  146  1  37
7  146  1  23
8  146  1  77
9  146  1  31
10  146  1  85
11  146  1  10
12  146  1  76
13  146  1  21
14  146  1  21
15  146  1  33
16  146  1  89
17  146  1  17
18  146  1  74
19  146  1  46
20  146  1  59
1  147  1  57
2  147  1  39
3  147  1  36
4  147  1  18
5  147  1  57
6  147  1  25
7  147  1  17
8  147  1  54
9  147  1  47
10  147  1  25
11  147  1  47
12  147  1  71
13  147  1  56
14  147  1  49
15  147  1  90
16  147  1  38
17  147  1  84
18  147  1  42
19  147  1  68
20  147  1  77
1  148  1  32
2  148  1  21
3  148  1  52
4  148  1  64
5  148  1  67
6  148  1  47
7  148  1  54
8  148  1  37
9  148  1  51
10  148  1  82
11  148  1  52
12  148  1  64
13  148  1  42
14  148  1  10
15  148  1  64
16  148  1  75
17  148  1  57
18  148  1  48
19  148  1  75
20  148  1  73
1  149  1  81
2  149  1  34
3  149  1  73
4  149  1  85
5  149  1  71
6  149  1  70
7  149  1  65
8  149  1  78
9  149  1  30
10  149  1  66
11  149  1  47
12  149  1  75
13  149  1  77
14  149  1  48
15  149  1  83
16  149  1  65
17  149  1  81
18  149  1  12
19  149  1  37
20  149  1  82
1  150  1  87
2  150  1  54
3  150  1  57
4  150  1  33
5  150  1  78
6  150  1  80
7  150  1  61
8  150  1  36
9  150  1  57
10  150  1  43
11  150  1  68
12  150  1  67
13  150  1  80
14  150  1  45
15  150  1  85
16  150  1  57
17  150  1  76
18  150  1  22
19  150  1  80
20  150  1  46
1  1  2  4.96
2  1  2  39.66
3  1  2  24.43
4  1  2  30.10
5  1  2  38.96
6  1  2  11.49
7  1  2  10.27
8  1  2  29.07
9  1  2  24.99
10  1  2  50.27
11  1  2  19.86
12  1  2  13.40
13  1  2  28.26
14  1  2  6.32
15  1  2  20.55
16  1  2  3.86
17  1  2  7.72
18  1  2  17.19
19  1  2  40.57
20  1  2  17.81
1  2  2  15.25
2  2  2  6.20
3  2  2  22.23
4  2  2  36.98
5  2  2  31.08
6  2  2  45.54
7  2  2  14.50
8  2  2  5.21
9  2  2  22.30
10  2  2  11.23
11  2  2  5.78
12  2  2  11.74
13  2  2  12.21
14  2  2  43.41
15  2  2  25.97
16  2  2  39.82
17  2  2  15.16
18  2  2  30.40
19  2  2  30.22
20  2  2  20.22
1  3  2  2.46
2  3  2  40.19
3  3  2  10.82
4  3  2  13.61
5  3  2  5.53
6  3  2  16.14
7  3  2  20.18
8  3  2  23.76
9  3  2  6.00
10  3  2  59.29
11  3  2  21.32
12  3  2  14.15
13  3  2  44.93
14  3  2  63.25
15  3  2  11.07
16  3  2  5.88
17  3  2  18.25
18  3  2  19.84
19  3  2  17.21
20  3  2  33.25
1  4  2  18.87
2  4  2  8.53
3  4  2  11.13
4  4  2  10.73
5  4  2  63.04
6  4  2  7.60
7  4  2  47.50
8  4  2  25.04
9  4  2  12.66
10  4  2  7.39
11  4  2  48.82
12  4  2  6.68
13  4  2  32.11
14  4  2  9.26
15  4  2  15.05
16  4  2  17.27
17  4  2  25.02
18  4  2  4.28
19  4  2  6.83
20  4  2  65.58
1  5  2  42.25
2  5  2  67.12
3  5  2  15.70
4  5  2  6.73
5  5  2  18.33
6  5  2  33.92
7  5  2  11.98
8  5  2  37.34
9  5  2  13.91
10  5  2  13.36
11  5  2  47.91
12  5  2  14.54
13  5  2  25.38
14  5  2  23.80
15  5  2  29.65
16  5  2  8.17
17  5  2  20.80
18  5  2  14.27
19  5  2  14.71
20  5  2  17.62
1  6  2  18.75
2  6  2  37.44
3  6  2  12.48
4  6  2  28.51
5  6  2  25.02
6  6  2  16.85
7  6  2  60.48
8  6  2  40.74
9  6  2  26.15
10  6  2  46.26
11  6  2  24.77
12  6  2  44.94
13  6  2  49.71
14  6  2  42.48
15  6  2  17.30
16  6  2  13.39
17  6  2  45.81
18  6  2  36.64
19  6  2  3.24
20  6  2  40.44
1  7  2  15.63
2  7  2  17.69
3  7  2  51.34
4  7  2  15.43
5  7  2  7.81
6  7  2  20.92
7  7  2  5.33
8  7  2  24.19
9  7  2  34.16
10  7  2  19.61
11  7  2  21.97
12  7  2  19.91
13  7  2  18.66
14  7  2  42.30
15  7  2  12.45
16  7  2  6.11
17  7  2  27.28
18  7  2  25.98
19  7  2  14.72
20  7  2  69.98
1  8  2  28.15
2  8  2  52.97
3  8  2  22.39
4  8  2  13.06
5  8  2  26.64
6  8  2  17.41
7  8  2  15.34
8  8  2  49.59
9  8  2  4.59
10  8  2  16.62
11  8  2  18.91
12  8  2  40.02
13  8  2  6.47
14  8  2  25.12
15  8  2  17.79
16  8  2  19.90
17  8  2  11.25
18  8  2  47.38
19  8  2  57.69
20  8  2  58.63
1  9  2  11.97
2  9  2  40.31
3  9  2  24.04
4  9  2  16.15
5  9  2  16.76
6  9  2  51.46
7  9  2  10.48
8  9  2  19.30
9  9  2  28.76
10  9  2  51.21
11  9  2  14.48
12  9  2  16.43
13  9  2  50.11
14  9  2  9.68
15  9  2  18.07
16  9  2  6.05
17  9  2  25.00
18  9  2  9.54
19  9  2  44.60
20  9  2  9.19
1  10  2  3.83
2  10  2  50.97
3  10  2  7.05
4  10  2  22.40
5  10  2  17.80
6  10  2  53.49
7  10  2  16.45
8  10  2  33.51
9  10  2  20.29
10  10  2  3.70
11  10  2  13.64
12  10  2  8.23
13  10  2  34.26
14  10  2  25.73
15  10  2  29.79
16  10  2  30.07
17  10  2  24.58
18  10  2  46.59
19  10  2  11.99
20  10  2  12.70
1  11  2  11.63
2  11  2  13.24
3  11  2  7.47
4  11  2  30.61
5  11  2  29.17
6  11  2  18.41
7  11  2  64.08
8  11  2  22.60
9  11  2  29.10
10  11  2  24.56
11  11  2  4.19
12  11  2  4.85
13  11  2  32.46
14  11  2  3.10
15  11  2  17.17
16  11  2  45.53
17  11  2  28.34
18  11  2  40.29
19  11  2  49.83
20  11  2  46.93
1  12  2  18.38
2  12  2  9.24
3  12  2  30.26
4  12  2  22.69
5  12  2  9.95
6  12  2  20.73
7  12  2  21.15
8  12  2  42.69
9  12  2  36.29
10  12  2  18.52
11  12  2  24.62
12  12  2  21.31
13  12  2  15.94
14  12  2  12.53
15  12  2  65.30
16  12  2  9.66
17  12  2  9.37
18  12  2  17.43
19  12  2  18.72
20  12  2  8.01
1  13  2  38.47
2  13  2  16.35
3  13  2  20.79
4  13  2  50.14
5  13  2  23.98
6  13  2  34.54
7  13  2  14.04
8  13  2  20.32
9  13  2  11.18
10  13  2  51.11
11  13  2  9.12
12  13  2  42.41
13  13  2  23.58
14  13  2  21.84
15  13  2  49.51
16  13  2  14.75
17  13  2  25.63
18  13  2  54.63
19  13  2  29.50
20  13  2  14.03
1  14  2  35.04
2  14  2  12.24
3  14  2  27.20
4  14  2  19.47
5  14  2  52.96
6  14  2  16.83
7  14  2  26.44
8  14  2  6.24
9  14  2  33.37
10  14  2  25.43
11  14  2  12.73
12  14  2  8.81
13  14  2  3.52
14  14  2  25.15
15  14  2  6.94
16  14  2  22.09
17  14  2  37.62
18  14  2  7.09
19  14  2  20.00
20  14  2  54.08
1  15  2  22.68
2  15  2  40.73
3  15  2  49.82
4  15  2  26.70
5  15  2  34.84
6  15  2  30.69
7  15  2  12.95
8  15  2  44.78
9  15  2  31.33
10  15  2  30.86
11  15  2  27.15
12  15  2  37.78
13  15  2  21.90
14  15  2  10.41
15  15  2  32.33
16  15  2  4.13
17  15  2  4.34
18  15  2  34.52
19  15  2  13.30
20  15  2  27.68
1  16  2  33.89
2  16  2  6.47
3  16  2  28.60
4  16  2  13.23
5  16  2  31.90
6  16  2  10.60
7  16  2  3.56
8  16  2  11.73
9  16  2  3.76
10  16  2  10.70
11  16  2  38.61
12  16  2  5.92
13  16  2  51.15
14  16  2  58.51
15  16  2  5.45
16  16  2  30.68
17  16  2  18.05
18  16  2  40.35
19  16  2  33.65
20  16  2  15.71
1  17  2  11.33
2  17  2  7.04
3  17  2  25.25
4  17  2  17.08
5  17  2  27.53
6  17  2  10.86
7  17  2  8.29
8  17  2  16.50
9  17  2  5.44
10  17  2  35.12
11  17  2  10.32
12  17  2  23.17
13  17  2  10.27
14  17  2  18.17
15  17  2  25.85
16  17  2  22.27
17  17  2  27.98
18  17  2  15.03
19  17  2  38.33
20  17  2  12.59
1  18  2  12.68
2  18  2  8.20
3  18  2  48.41
4  18  2  11.60
5  18  2  15.90
6  18  2  44.69
7  18  2  27.57
8  18  2  11.52
9  18  2  18.39
10  18  2  16.43
11  18  2  56.89
12  18  2  52.00
13  18  2  18.77
14  18  2  10.48
15  18  2  5.44
16  18  2  5.33
17  18  2  13.42
18  18  2  11.67
19  18  2  8.28
20  18  2  7.62
1  19  2  47.47
2  19  2  30.41
3  19  2  12.00
4  19  2  8.30
5  19  2  20.04
6  19  2  10.96
7  19  2  57.60
8  19  2  18.97
9  19  2  38.12
10  19  2  13.62
11  19  2  48.30
12  19  2  9.00
13  19  2  7.69
14  19  2  6.12
15  19  2  49.68
16  19  2  23.80
17  19  2  9.75
18  19  2  32.23
19  19  2  11.59
20  19  2  34.47
1  20  2  3.98
2  20  2  13.26
3  20  2  16.75
4  20  2  23.55
5  20  2  14.74
6  20  2  26.86
7  20  2  14.50
8  20  2  37.57
9  20  2  6.13
10  20  2  25.06
11  20  2  22.42
12  20  2  62.82
13  20  2  17.72
14  20  2  5.75
15  20  2  31.51
16  20  2  24.80
17  20  2  23.99
18  20  2  30.68
19  20  2  11.68
20  20  2  39.78
1  21  2  5.77
2  21  2  32.73
3  21  2  31.56
4  21  2  31.13
5  21  2  58.87
6  21  2  14.61
7  21  2  49.79
8  21  2  21.01
9  21  2  14.48
10  21  2  54.46
11  21  2  15.22
12  21  2  28.94
13  21  2  25.46
14  21  2  24.05
15  21  2  9.74
16  21  2  47.32
17  21  2  15.47
18  21  2  36.74
19  21  2  21.44
20  21  2  20.79
1  22  2  20.83
2  22  2  38.85
3  22  2  14.86
4  22  2  28.04
5  22  2  20.07
6  22  2  21.05
7  22  2  3.21
8  22  2  66.26
9  22  2  20.30
10  22  2  43.45
11  22  2  4.45
12  22  2  7.56
13  22  2  28.84
14  22  2  40.71
15  22  2  12.56
16  22  2  10.86
17  22  2  11.58
18  22  2  68.76
19  22  2  34.43
20  22  2  33.01
1  23  2  22.94
2  23  2  44.32
3  23  2  20.13
4  23  2  25.41
5  23  2  9.27
6  23  2  26.02
7  23  2  6.57
8  23  2  55.31
9  23  2  11.35
10  23  2  36.56
11  23  2  35.78
12  23  2  17.47
13  23  2  36.00
14  23  2  9.99
15  23  2  10.62
16  23  2  21.12
17  23  2  33.93
18  23  2  6.48
19  23  2  14.36
20  23  2  17.38
1  24  2  18.74
2  24  2  8.89
3  24  2  19.47
4  24  2  11.91
5  24  2  12.68
6  24  2  23.15
7  24  2  6.87
8  24  2  49.16
9  24  2  34.34
10  24  2  30.13
11  24  2  29.31
12  24  2  10.04
13  24  2  18.03
14  24  2  11.32
15  24  2  46.05
16  24  2  9.33
17  24  2  39.49
18  24  2  50.67
19  24  2  25.64
20  24  2  27.62
1  25  2  32.70
2  25  2  33.48
3  25  2  7.21
4  25  2  14.88
5  25  2  13.40
6  25  2  10.42
7  25  2  47.94
8  25  2  6.31
9  25  2  40.80
10  25  2  34.52
11  25  2  22.31
12  25  2  39.40
13  25  2  61.53
14  25  2  9.71
15  25  2  31.00
16  25  2  18.20
17  25  2  10.64
18  25  2  21.88
19  25  2  20.04
20  25  2  6.97
1  26  2  33.32
2  26  2  6.83
3  26  2  19.42
4  26  2  38.90
5  26  2  25.25
6  26  2  38.92
7  26  2  8.76
8  26  2  15.76
9  26  2  21.85
10  26  2  53.57
11  26  2  50.33
12  26  2  16.09
13  26  2  51.66
14  26  2  10.86
15  26  2  62.94
16  26  2  31.40
17  26  2  24.83
18  26  2  15.24
19  26  2  15.14
20  26  2  43.49
1  27  2  6.17
2  27  2  12.09
3  27  2  18.93
4  27  2  6.51
5  27  2  16.20
6  27  2  10.18
7  27  2  24.57
8  27  2  18.45
9  27  2  7.01
10  27  2  6.18
11  27  2  15.99
12  27  2  18.34
13  27  2  10.70
14  27  2  53.89
15  27  2  10.27
16  27  2  40.27
17  27  2  22.82
18  27  2  29.13
19  27  2  14.06
20  27  2  9.42
1  28  2  11.96
2  28  2  24.86
3  28  2  35.14
4  28  2  21.25
5  28  2  53.51
6  28  2  45.02
7  28  2  28.27
8  28  2  15.89
9  28  2  14.58
10  28  2  8.41
11  28  2  15.34
12  28  2  24.25
13  28  2  17.98
14  28  2  27.37
15  28  2  8.79
16  28  2  35.82
17  28  2  51.07
18  28  2  63.81
19  28  2  34.66
20  28  2  52.76
1  29  2  24.49
2  29  2  14.63
3  29  2  12.34
4  29  2  60.52
5  29  2  17.07
6  29  2  24.32
7  29  2  35.24
8  29  2  32.02
9  29  2  15.56
10  29  2  50.64
11  29  2  25.80
12  29  2  30.27
13  29  2  12.57
14  29  2  20.33
15  29  2  9.74
16  29  2  19.85
17  29  2  15.71
18  29  2  23.47
19  29  2  26.93
20  29  2  13.82
1  30  2  36.03
2  30  2  15.93
3  30  2  27.57
4  30  2  61.18
5  30  2  13.14
6  30  2  59.81
7  30  2  20.10
8  30  2  55.68
9  30  2  15.45
10  30  2  4.53
11  30  2  44.67
12  30  2  52.08
13  30  2  28.93
14  30  2  23.37
15  30  2  18.80
16  30  2  6.50
17  30  2  24.77
18  30  2  18.11
19  30  2  19.43
20  30  2  26.87
1  31  2  8.82
2  31  2  27.43
3  31  2  20.72
4  31  2  11.65
5  31  2  12.39
6  31  2  14.57
7  31  2  11.23
8  31  2  26.52
9  31  2  18.90
10  31  2  44.81
11  31  2  19.45
12  31  2  7.46
13  31  2  15.92
14  31  2  30.17
15  31  2  59.97
16  31  2  8.25
17  31  2  38.28
18  31  2  11.03
19  31  2  15.39
20  31  2  56.60
1  32  2  24.36
2  32  2  29.94
3  32  2  42.47
4  32  2  42.21
5  32  2  30.96
6  32  2  23.54
7  32  2  18.18
8  32  2  55.89
9  32  2  2.52
10  32  2  39.14
11  32  2  34.98
12  32  2  9.37
13  32  2  52.64
14  32  2  35.53
15  32  2  19.19
16  32  2  38.46
17  32  2  26.07
18  32  2  23.53
19  32  2  18.01
20  32  2  42.13
1  33  2  35.37
2  33  2  31.34
3  33  2  6.22
4  33  2  8.11
5  33  2  15.80
6  33  2  25.09
7  33  2  14.79
8  33  2  6.84
9  33  2  16.49
10  33  2  26.81
11  33  2  17.98
12  33  2  20.89
13  33  2  18.26
14  33  2  43.02
15  33  2  8.17
16  33  2  18.15
17  33  2  7.67
18  33  2  35.93
19  33  2  29.11
20  33  2  31.63
1  34  2  25.62
2  34  2  28.13
3  34  2  3.51
4  34  2  25.91
5  34  2  22.81
6  34  2  68.25
7  34  2  40.93
8  34  2  18.37
9  34  2  11.40
10  34  2  18.93
11  34  2  16.88
12  34  2  32.85
13  34  2  20.02
14  34  2  13.56
15  34  2  11.61
16  34  2  33.83
17  34  2  13.57
18  34  2  34.41
19  34  2  6.51
20  34  2  21.13
1  35  2  10.33
2  35  2  34.16
3  35  2  55.45
4  35  2  13.41
5  35  2  20.09
6  35  2  24.56
7  35  2  9.32
8  35  2  60.06
9  35  2  35.47
10  35  2  8.85
11  35  2  28.36
12  35  2  24.10
13  35  2  5.73
14  35  2  30.31
15  35  2  27.76
16  35  2  24.96
17  35  2  23.70
18  35  2  4.15
19  35  2  19.37
20  35  2  13.60
1  36  2  47.65
2  36  2  61.89
3  36  2  17.89
4  36  2  58.15
5  36  2  20.31
6  36  2  39.88
7  36  2  11.93
8  36  2  46.62
9  36  2  9.80
10  36  2  37.83
11  36  2  5.46
12  36  2  15.85
13  36  2  49.11
14  36  2  42.26
15  36  2  59.73
16  36  2  32.48
17  36  2  2.67
18  36  2  9.67
19  36  2  19.43
20  36  2  10.02
1  37  2  19.24
2  37  2  9.69
3  37  2  33.91
4  37  2  8.98
5  37  2  37.89
6  37  2  48.84
7  37  2  51.02
8  37  2  14.60
9  37  2  44.63
10  37  2  12.03
11  37  2  4.21
12  37  2  38.45
13  37  2  5.36
14  37  2  47.65
15  37  2  20.70
16  37  2  9.62
17  37  2  43.01
18  37  2  31.90
19  37  2  61.46
20  37  2  27.97
1  38  2  23.15
2  38  2  22.29
3  38  2  36.21
4  38  2  14.95
5  38  2  15.73
6  38  2  23.24
7  38  2  9.67
8  38  2  5.20
9  38  2  12.85
10  38  2  23.12
11  38  2  14.95
12  38  2  31.29
13  38  2  9.30
14  38  2  24.91
15  38  2  48.24
16  38  2  34.00
17  38  2  8.85
18  38  2  37.15
19  38  2  8.96
20  38  2  7.29
1  39  2  43.26
2  39  2  28.24
3  39  2  8.77
4  39  2  49.27
5  39  2  12.33
6  39  2  30.21
7  39  2  13.35
8  39  2  18.37
9  39  2  25.50
10  39  2  10.75
11  39  2  20.32
12  39  2  8.62
13  39  2  26.19
14  39  2  38.78
15  39  2  39.71
16  39  2  9.53
17  39  2  29.15
18  39  2  12.03
19  39  2  38.83
20  39  2  11.59
1  40  2  27.34
2  40  2  54.51
3  40  2  36.54
4  40  2  28.14
5  40  2  25.64
6  40  2  37.00
7  40  2  11.03
8  40  2  5.08
9  40  2  10.18
10  40  2  10.80
11  40  2  19.58
12  40  2  19.09
13  40  2  19.45
14  40  2  25.71
15  40  2  6.98
16  40  2  33.32
17  40  2  26.13
18  40  2  6.47
19  40  2  11.98
20  40  2  11.59
1  41  2  50.36
2  41  2  14.61
3  41  2  35.38
4  41  2  65.69
5  41  2  44.79
6  41  2  25.13
7  41  2  16.19
8  41  2  41.22
9  41  2  9.35
10  41  2  24.77
11  41  2  24.07
12  41  2  21.21
13  41  2  4.69
14  41  2  11.43
15  41  2  40.12
16  41  2  10.67
17  41  2  20.20
18  41  2  30.76
19  41  2  36.60
20  41  2  39.30
1  42  2  21.04
2  42  2  31.63
3  42  2  20.77
4  42  2  18.89
5  42  2  22.66
6  42  2  38.36
7  42  2  61.36
8  42  2  34.17
9  42  2  18.37
10  42  2  9.88
11  42  2  18.83
12  42  2  21.98
13  42  2  46.19
14  42  2  65.56
15  42  2  14.60
16  42  2  5.62
17  42  2  49.87
18  42  2  36.96
19  42  2  4.43
20  42  2  29.22
1  43  2  28.37
2  43  2  12.45
3  43  2  29.16
4  43  2  63.71
5  43  2  10.08
6  43  2  27.93
7  43  2  5.33
8  43  2  6.71
9  43  2  11.18
10  43  2  15.76
11  43  2  42.19
12  43  2  36.76
13  43  2  9.80
14  43  2  24.86
15  43  2  50.34
16  43  2  18.07
17  43  2  30.20
18  43  2  33.12
19  43  2  25.74
20  43  2  7.79
1  44  2  27.41
2  44  2  26.97
3  44  2  51.57
4  44  2  39.19
5  44  2  66.86
6  44  2  40.60
7  44  2  7.12
8  44  2  20.69
9  44  2  39.95
10  44  2  14.18
11  44  2  8.23
12  44  2  11.74
13  44  2  21.58
14  44  2  10.74
15  44  2  41.44
16  44  2  44.59
17  44  2  21.94
18  44  2  30.60
19  44  2  20.00
20  44  2  7.59
1  45  2  26.11
2  45  2  4.82
3  45  2  8.32
4  45  2  16.52
5  45  2  18.90
6  45  2  35.75
7  45  2  9.67
8  45  2  17.85
9  45  2  22.41
10  45  2  62.11
11  45  2  43.67
12  45  2  31.33
13  45  2  36.40
14  45  2  35.87
15  45  2  12.45
16  45  2  29.84
17  45  2  20.14
18  45  2  15.66
19  45  2  14.25
20  45  2  10.86
1  46  2  42.18
2  46  2  28.26
3  46  2  12.52
4  46  2  12.73
5  46  2  19.03
6  46  2  26.55
7  46  2  40.85
8  46  2  23.13
9  46  2  12.23
10  46  2  29.59
11  46  2  5.30
12  46  2  31.98
13  46  2  11.18
14  46  2  15.39
15  46  2  23.02
16  46  2  20.86
17  46  2  7.04
18  46  2  48.08
19  46  2  31.87
20  46  2  3.46
1  47  2  46.70
2  47  2  4.97
3  47  2  6.79
4  47  2  3.53
5  47  2  5.03
6  47  2  54.67
7  47  2  68.10
8  47  2  19.11
9  47  2  32.22
10  47  2  23.99
11  47  2  39.55
12  47  2  47.25
13  47  2  7.20
14  47  2  14.34
15  47  2  37.51
16  47  2  2.60
17  47  2  60.45
18  47  2  26.63
19  47  2  56.28
20  47  2  14.81
1  48  2  28.08
2  48  2  19.69
3  48  2  12.64
4  48  2  57.12
5  48  2  11.23
6  48  2  7.89
7  48  2  4.60
8  48  2  20.22
9  48  2  58.90
10  48  2  35.53
11  48  2  17.50
12  48  2  37.93
13  48  2  29.39
14  48  2  40.04
15  48  2  54.87
16  48  2  12.75
17  48  2  29.10
18  48  2  20.66
19  48  2  40.64
20  48  2  14.58
1  49  2  3.03
2  49  2  55.88
3  49  2  28.80
4  49  2  19.99
5  49  2  13.43
6  49  2  25.39
7  49  2  13.16
8  49  2  9.62
9  49  2  10.98
10  49  2  60.27
11  49  2  31.49
12  49  2  48.01
13  49  2  6.12
14  49  2  7.56
15  49  2  23.34
16  49  2  34.39
17  49  2  59.16
18  49  2  31.01
19  49  2  11.22
20  49  2  38.80
1  50  2  24.32
2  50  2  25.57
3  50  2  17.33
4  50  2  32.76
5  50  2  17.02
6  50  2  33.78
7  50  2  69.29
8  50  2  10.97
9  50  2  34.53
10  50  2  45.22
11  50  2  44.22
12  50  2  10.67
13  50  2  18.34
14  50  2  26.92
15  50  2  35.90
16  50  2  21.28
17  50  2  12.64
18  50  2  12.59
19  50  2  21.78
20  50  2  29.46
1  51  2  29.63
2  51  2  10.23
3  51  2  27.27
4  51  2  9.28
5  51  2  33.40
6  51  2  21.13
7  51  2  20.59
8  51  2  5.84
9  51  2  20.04
10  51  2  36.63
11  51  2  20.17
12  51  2  10.68
13  51  2  37.12
14  51  2  22.92
15  51  2  43.66
16  51  2  30.83
17  51  2  49.27
18  51  2  53.59
19  51  2  20.57
20  51  2  23.85
1  52  2  18.13
2  52  2  32.86
3  52  2  39.61
4  52  2  51.40
5  52  2  21.94
6  52  2  32.42
7  52  2  15.08
8  52  2  11.41
9  52  2  40.48
10  52  2  39.05
11  52  2  39.70
12  52  2  39.40
13  52  2  28.31
14  52  2  14.35
15  52  2  36.93
16  52  2  26.63
17  52  2  33.48
18  52  2  24.05
19  52  2  17.79
20  52  2  34.00
1  53  2  22.98
2  53  2  10.74
3  53  2  20.09
4  53  2  18.05
5  53  2  9.38
6  53  2  64.41
7  53  2  18.08
8  53  2  8.68
9  53  2  19.62
10  53  2  13.99
11  53  2  12.84
12  53  2  22.48
13  53  2  24.69
14  53  2  7.35
15  53  2  32.83
16  53  2  18.57
17  53  2  30.85
18  53  2  13.56
19  53  2  10.98
20  53  2  34.50
1  54  2  36.35
2  54  2  18.90
3  54  2  11.63
4  54  2  34.54
5  54  2  23.82
6  54  2  8.23
7  54  2  27.89
8  54  2  23.29
9  54  2  20.08
10  54  2  17.82
11  54  2  18.63
12  54  2  65.45
13  54  2  49.34
14  54  2  33.64
15  54  2  6.57
16  54  2  39.24
17  54  2  15.12
18  54  2  51.40
19  54  2  23.37
20  54  2  20.98
1  55  2  27.49
2  55  2  11.53
3  55  2  32.43
4  55  2  26.98
5  55  2  25.50
6  55  2  3.65
7  55  2  5.60
8  55  2  10.13
9  55  2  17.91
10  55  2  22.95
11  55  2  15.74
12  55  2  45.19
13  55  2  69.22
14  55  2  12.95
15  55  2  19.55
16  55  2  5.08
17  55  2  22.81
18  55  2  15.65
19  55  2  6.60
20  55  2  11.75
1  56  2  22.01
2  56  2  15.15
3  56  2  16.35
4  56  2  25.25
5  56  2  8.68
6  56  2  24.97
7  56  2  44.69
8  56  2  56.28
9  56  2  16.49
10  56  2  30.02
11  56  2  19.16
12  56  2  40.89
13  56  2  27.60
14  56  2  31.51
15  56  2  6.88
16  56  2  15.03
17  56  2  5.15
18  56  2  21.60
19  56  2  8.20
20  56  2  11.59
1  57  2  22.90
2  57  2  8.36
3  57  2  18.40
4  57  2  7.49
5  57  2  11.53
6  57  2  63.07
7  57  2  32.00
8  57  2  34.04
9  57  2  8.41
10  57  2  18.68
11  57  2  19.53
12  57  2  36.79
13  57  2  26.21
14  57  2  30.06
15  57  2  7.76
16  57  2  28.52
17  57  2  32.08
18  57  2  22.78
19  57  2  2.60
20  57  2  5.64
1  58  2  16.61
2  58  2  22.48
3  58  2  22.39
4  58  2  61.28
5  58  2  8.38
6  58  2  11.92
7  58  2  59.83
8  58  2  23.10
9  58  2  27.89
10  58  2  31.42
11  58  2  4.92
12  58  2  13.92
13  58  2  6.84
14  58  2  9.43
15  58  2  18.90
16  58  2  33.86
17  58  2  8.78
18  58  2  54.76
19  58  2  3.23
20  58  2  5.93
1  59  2  12.38
2  59  2  26.70
3  59  2  28.58
4  59  2  20.02
5  59  2  43.51
6  59  2  35.10
7  59  2  17.70
8  59  2  9.36
9  59  2  42.55
10  59  2  52.43
11  59  2  32.84
12  59  2  28.76
13  59  2  67.86
14  59  2  38.37
15  59  2  19.17
16  59  2  5.06
17  59  2  49.17
18  59  2  11.78
19  59  2  13.81
20  59  2  44.33
1  60  2  40.89
2  60  2  31.36
3  60  2  7.17
4  60  2  8.87
5  60  2  28.38
6  60  2  24.39
7  60  2  24.23
8  60  2  16.78
9  60  2  12.39
10  60  2  63.49
11  60  2  21.99
12  60  2  12.22
13  60  2  26.83
14  60  2  25.80
15  60  2  33.25
16  60  2  12.44
17  60  2  43.59
18  60  2  30.02
19  60  2  9.60
20  60  2  20.56
1  61  2  11.38
2  61  2  18.72
3  61  2  7.56
4  61  2  30.90
5  61  2  28.49
6  61  2  16.07
7  61  2  36.11
8  61  2  9.27
9  61  2  11.83
10  61  2  5.50
11  61  2  35.21
12  61  2  15.81
13  61  2  18.22
14  61  2  4.22
15  61  2  33.23
16  61  2  37.70
17  61  2  23.40
18  61  2  26.16
19  61  2  10.70
20  61  2  33.30
1  62  2  24.68
2  62  2  63.47
3  62  2  27.28
4  62  2  19.49
5  62  2  18.33
6  62  2  3.00
7  62  2  3.81
8  62  2  19.13
9  62  2  40.77
10  62  2  22.79
11  62  2  44.84
12  62  2  24.39
13  62  2  39.93
14  62  2  29.20
15  62  2  38.06
16  62  2  31.66
17  62  2  62.28
18  62  2  45.22
19  62  2  25.63
20  62  2  13.09
1  63  2  54.47
2  63  2  21.57
3  63  2  15.01
4  63  2  28.44
5  63  2  46.91
6  63  2  25.01
7  63  2  45.74
8  63  2  40.05
9  63  2  39.34
10  63  2  42.38
11  63  2  50.46
12  63  2  31.44
13  63  2  23.65
14  63  2  15.64
15  63  2  26.55
16  63  2  53.94
17  63  2  7.70
18  63  2  3.22
19  63  2  12.62
20  63  2  10.05
1  64  2  10.26
2  64  2  37.14
3  64  2  21.29
4  64  2  37.10
5  64  2  54.33
6  64  2  25.73
7  64  2  4.00
8  64  2  28.37
9  64  2  8.21
10  64  2  22.92
11  64  2  16.79
12  64  2  17.96
13  64  2  23.29
14  64  2  45.46
15  64  2  14.19
16  64  2  31.50
17  64  2  27.45
18  64  2  28.66
19  64  2  14.23
20  64  2  55.00
1  65  2  57.92
2  65  2  18.78
3  65  2  38.54
4  65  2  13.13
5  65  2  8.78
6  65  2  23.95
7  65  2  33.65
8  65  2  13.02
9  65  2  13.05
10  65  2  15.53
11  65  2  15.37
12  65  2  39.72
13  65  2  26.43
14  65  2  54.24
15  65  2  22.15
16  65  2  35.89
17  65  2  54.15
18  65  2  26.53
19  65  2  20.75
20  65  2  20.23
1  66  2  50.23
2  66  2  27.79
3  66  2  4.33
4  66  2  31.71
5  66  2  37.44
6  66  2  3.62
7  66  2  4.51
8  66  2  17.67
9  66  2  7.87
10  66  2  39.26
11  66  2  37.20
12  66  2  29.08
13  66  2  15.38
14  66  2  36.74
15  66  2  12.48
16  66  2  41.50
17  66  2  24.50
18  66  2  27.00
19  66  2  10.72
20  66  2  6.91
1  67  2  12.07
2  67  2  3.05
3  67  2  20.65
4  67  2  5.02
5  67  2  35.46
6  67  2  20.73
7  67  2  20.44
8  67  2  15.57
9  67  2  39.11
10  67  2  4.58
11  67  2  17.17
12  67  2  34.97
13  67  2  36.44
14  67  2  8.49
15  67  2  44.63
16  67  2  30.05
17  67  2  45.00
18  67  2  34.72
19  67  2  16.33
20  67  2  6.82
1  68  2  16.73
2  68  2  44.49
3  68  2  49.64
4  68  2  17.74
5  68  2  23.74
6  68  2  21.64
7  68  2  71.33
8  68  2  25.41
9  68  2  11.37
10  68  2  41.32
11  68  2  11.01
12  68  2  6.00
13  68  2  9.93
14  68  2  47.13
15  68  2  8.53
16  68  2  46.49
17  68  2  28.94
18  68  2  3.33
19  68  2  10.09
20  68  2  28.58
1  69  2  43.65
2  69  2  5.27
3  69  2  34.04
4  69  2  17.07
5  69  2  14.35
6  69  2  32.57
7  69  2  27.70
8  69  2  49.10
9  69  2  25.66
10  69  2  36.72
11  69  2  27.15
12  69  2  15.97
13  69  2  20.63
14  69  2  56.66
15  69  2  42.48
16  69  2  17.61
17  69  2  30.00
18  69  2  7.24
19  69  2  12.50
20  69  2  25.54
1  70  2  13.73
2  70  2  6.92
3  70  2  13.41
4  70  2  36.26
5  70  2  21.84
6  70  2  12.73
7  70  2  18.96
8  70  2  31.91
9  70  2  22.59
10  70  2  13.74
11  70  2  43.01
12  70  2  10.58
13  70  2  33.21
14  70  2  44.20
15  70  2  23.79
16  70  2  12.09
17  70  2  22.64
18  70  2  26.94
19  70  2  49.58
20  70  2  59.66
1  71  2  14.98
2  71  2  33.44
3  71  2  18.55
4  71  2  9.52
5  71  2  50.15
6  71  2  22.92
7  71  2  11.34
8  71  2  12.96
9  71  2  47.03
10  71  2  13.41
11  71  2  25.64
12  71  2  17.38
13  71  2  7.43
14  71  2  17.52
15  71  2  10.65
16  71  2  16.21
17  71  2  14.48
18  71  2  15.50
19  71  2  50.93
20  71  2  34.17
1  72  2  18.73
2  72  2  6.85
3  72  2  5.87
4  72  2  17.55
5  72  2  5.42
6  72  2  6.35
7  72  2  15.69
8  72  2  7.31
9  72  2  18.34
10  72  2  53.58
11  72  2  9.86
12  72  2  49.72
13  72  2  45.70
14  72  2  30.54
15  72  2  11.62
16  72  2  17.61
17  72  2  16.16
18  72  2  29.37
19  72  2  28.09
20  72  2  21.62
1  73  2  7.99
2  73  2  19.89
3  73  2  36.12
4  73  2  51.91
5  73  2  16.06
6  73  2  33.56
7  73  2  21.12
8  73  2  13.37
9  73  2  4.42
10  73  2  56.30
11  73  2  11.36
12  73  2  24.25
13  73  2  37.38
14  73  2  11.21
15  73  2  25.49
16  73  2  14.32
17  73  2  39.51
18  73  2  16.41
19  73  2  7.69
20  73  2  10.80
1  74  2  11.91
2  74  2  45.04
3  74  2  35.44
4  74  2  56.29
5  74  2  65.15
6  74  2  25.05
7  74  2  26.71
8  74  2  33.45
9  74  2  50.12
10  74  2  6.77
11  74  2  41.61
12  74  2  20.42
13  74  2  23.68
14  74  2  26.43
15  74  2  18.57
16  74  2  28.61
17  74  2  15.30
18  74  2  59.95
19  74  2  30.32
20  74  2  2.88
1  75  2  17.10
2  75  2  12.60
3  75  2  4.91
4  75  2  33.97
5  75  2  30.99
6  75  2  7.71
7  75  2  37.62
8  75  2  40.48
9  75  2  11.23
10  75  2  12.69
11  75  2  12.13
12  75  2  32.21
13  75  2  13.69
14  75  2  25.63
15  75  2  63.24
16  75  2  37.47
17  75  2  57.05
18  75  2  32.85
19  75  2  41.10
20  75  2  21.52
1  76  2  15.68
2  76  2  12.25
3  76  2  35.58
4  76  2  18.60
5  76  2  32.35
6  76  2  20.55
7  76  2  4.79
8  76  2  11.25
9  76  2  44.79
10  76  2  41.45
11  76  2  56.65
12  76  2  36.41
13  76  2  32.69
14  76  2  46.92
15  76  2  24.82
16  76  2  5.51
17  76  2  29.56
18  76  2  26.10
19  76  2  8.03
20  76  2  57.74
1  77  2  5.91
2  77  2  18.65
3  77  2  43.16
4  77  2  20.46
5  77  2  30.01
6  77  2  23.14
7  77  2  6.07
8  77  2  23.50
9  77  2  58.99
10  77  2  25.74
11  77  2  2.96
12  77  2  23.70
13  77  2  22.22
14  77  2  8.17
15  77  2  50.65
16  77  2  4.16
17  77  2  36.24
18  77  2  15.48
19  77  2  18.28
20  77  2  35.01
1  78  2  14.45
2  78  2  19.33
3  78  2  15.32
4  78  2  24.88
5  78  2  16.74
6  78  2  38.44
7  78  2  35.35
8  78  2  16.69
9  78  2  33.58
10  78  2  28.13
11  78  2  34.27
12  78  2  4.31
13  78  2  21.22
14  78  2  4.44
15  78  2  43.43
16  78  2  39.89
17  78  2  11.48
18  78  2  45.76
19  78  2  59.85
20  78  2  27.21
1  79  2  47.92
2  79  2  28.61
3  79  2  60.99
4  79  2  18.68
5  79  2  9.14
6  79  2  20.77
7  79  2  6.15
8  79  2  50.36
9  79  2  12.01
10  79  2  63.79
11  79  2  23.12
12  79  2  37.54
13  79  2  9.69
14  79  2  60.82
15  79  2  10.29
16  79  2  40.07
17  79  2  37.69
18  79  2  41.96
19  79  2  20.66
20  79  2  8.61
1  80  2  7.25
2  80  2  27.67
3  80  2  17.48
4  80  2  43.81
5  80  2  16.73
6  80  2  11.72
7  80  2  12.00
8  80  2  57.93
9  80  2  27.03
10  80  2  12.80
11  80  2  15.72
12  80  2  55.78
13  80  2  23.91
14  80  2  51.35
15  80  2  4.59
16  80  2  46.64
17  80  2  4.93
18  80  2  35.27
19  80  2  17.03
20  80  2  47.82
1  81  2  33.85
2  81  2  10.13
3  81  2  38.42
4  81  2  3.60
5  81  2  6.54
6  81  2  17.87
7  81  2  3.73
8  81  2  33.86
9  81  2  30.54
10  81  2  41.43
11  81  2  19.36
12  81  2  30.29
13  81  2  15.21
14  81  2  3.81
15  81  2  20.12
16  81  2  11.05
17  81  2  41.71
18  81  2  13.47
19  81  2  30.41
20  81  2  27.81
1  82  2  18.61
2  82  2  8.96
3  82  2  26.43
4  82  2  41.98
5  82  2  12.19
6  82  2  16.91
7  82  2  10.80
8  82  2  14.10
9  82  2  40.15
10  82  2  35.23
11  82  2  25.21
12  82  2  51.26
13  82  2  55.97
14  82  2  13.32
15  82  2  8.40
16  82  2  67.64
17  82  2  36.79
18  82  2  15.83
19  82  2  13.31
20  82  2  15.23
1  83  2  44.83
2  83  2  17.27
3  83  2  40.83
4  83  2  23.93
5  83  2  26.41
6  83  2  9.65
7  83  2  7.42
8  83  2  56.76
9  83  2  18.27
10  83  2  38.14
11  83  2  6.86
12  83  2  53.54
13  83  2  31.20
14  83  2  3.59
15  83  2  14.49
16  83  2  28.09
17  83  2  48.14
18  83  2  16.93
19  83  2  35.52
20  83  2  23.00
1  84  2  7.09
2  84  2  11.30
3  84  2  10.25
4  84  2  14.30
5  84  2  29.96
6  84  2  54.37
7  84  2  44.57
8  84  2  20.11
9  84  2  17.45
10  84  2  30.32
11  84  2  22.18
12  84  2  15.24
13  84  2  13.42
14  84  2  16.24
15  84  2  19.43
16  84  2  22.12
17  84  2  12.45
18  84  2  25.11
19  84  2  7.02
20  84  2  4.88
1  85  2  57.36
2  85  2  21.40
3  85  2  12.92
4  85  2  25.10
5  85  2  27.13
6  85  2  14.82
7  85  2  15.22
8  85  2  16.30
9  85  2  18.25
10  85  2  23.70
11  85  2  18.45
12  85  2  7.40
13  85  2  7.80
14  85  2  20.05
15  85  2  35.72
16  85  2  13.48
17  85  2  50.88
18  85  2  8.95
19  85  2  18.30
20  85  2  21.18
1  86  2  11.84
2  86  2  34.78
3  86  2  12.43
4  86  2  39.19
5  86  2  28.74
6  86  2  27.00
7  86  2  15.61
8  86  2  26.89
9  86  2  46.13
10  86  2  13.88
11  86  2  33.04
12  86  2  17.35
13  86  2  16.52
14  86  2  26.19
15  86  2  24.91
16  86  2  36.85
17  86  2  4.81
18  86  2  7.03
19  86  2  55.13
20  86  2  37.41
1  87  2  60.99
2  87  2  23.65
3  87  2  23.95
4  87  2  22.30
5  87  2  32.43
6  87  2  6.10
7  87  2  34.03
8  87  2  47.37
9  87  2  54.28
10  87  2  43.50
11  87  2  30.86
12  87  2  45.28
13  87  2  14.52
14  87  2  9.81
15  87  2  11.03
16  87  2  43.40
17  87  2  35.83
18  87  2  22.83
19  87  2  21.42
20  87  2  22.30
1  88  2  14.57
2  88  2  14.70
3  88  2  16.36
4  88  2  31.59
5  88  2  49.59
6  88  2  17.99
7  88  2  58.91
8  88  2  19.03
9  88  2  29.12
10  88  2  19.62
11  88  2  15.46
12  88  2  23.89
13  88  2  17.48
14  88  2  6.57
15  88  2  20.02
16  88  2  10.59
17  88  2  9.62
18  88  2  9.88
19  88  2  20.41
20  88  2  32.25
1  89  2  15.25
2  89  2  34.95
3  89  2  13.23
4  89  2  55.96
5  89  2  13.78
6  89  2  28.81
7  89  2  25.90
8  89  2  5.55
9  89  2  27.51
10  89  2  32.27
11  89  2  36.91
12  89  2  28.25
13  89  2  17.00
14  89  2  18.87
15  89  2  10.41
16  89  2  7.78
17  89  2  67.90
18  89  2  24.84
19  89  2  33.91
20  89  2  56.35
1  90  2  6.27
2  90  2  39.98
3  90  2  36.51
4  90  2  13.71
5  90  2  34.56
6  90  2  21.97
7  90  2  23.08
8  90  2  26.62
9  90  2  41.34
10  90  2  59.75
11  90  2  18.95
12  90  2  17.02
13  90  2  17.94
14  90  2  35.07
15  90  2  32.07
16  90  2  56.18
17  90  2  3.10
18  90  2  11.75
19  90  2  9.68
20  90  2  32.24
1  91  2  21.83
2  91  2  12.59
3  91  2  37.30
4  91  2  27.38
5  91  2  13.34
6  91  2  13.13
7  91  2  19.19
8  91  2  14.48
9  91  2  4.13
10  91  2  14.87
11  91  2  34.50
12  91  2  44.49
13  91  2  49.17
14  91  2  39.92
15  91  2  36.34
16  91  2  9.99
17  91  2  26.46
18  91  2  13.16
19  91  2  4.49
20  91  2  6.67
1  92  2  17.32
2  92  2  24.19
3  92  2  41.15
4  92  2  27.24
5  92  2  20.70
6  92  2  21.15
7  92  2  14.06
8  92  2  15.55
9  92  2  5.44
10  92  2  7.22
11  92  2  11.05
12  92  2  18.02
13  92  2  21.89
14  92  2  38.01
15  92  2  29.24
16  92  2  58.28
17  92  2  43.48
18  92  2  33.02
19  92  2  52.10
20  92  2  35.56
1  93  2  29.32
2  93  2  22.60
3  93  2  21.91
4  93  2  46.47
5  93  2  3.25
6  93  2  10.98
7  93  2  52.65
8  93  2  17.63
9  93  2  24.43
10  93  2  10.24
11  93  2  12.18
12  93  2  41.89
13  93  2  12.72
14  93  2  56.47
15  93  2  48.36
16  93  2  16.05
17  93  2  9.59
18  93  2  46.29
19  93  2  23.99
20  93  2  37.80
1  94  2  43.74
2  94  2  15.83
3  94  2  52.74
4  94  2  27.67
5  94  2  44.45
6  94  2  53.49
7  94  2  27.87
8  94  2  26.30
9  94  2  50.57
10  94  2  11.67
11  94  2  58.22
12  94  2  8.82
13  94  2  15.84
14  94  2  11.54
15  94  2  35.25
16  94  2  6.14
17  94  2  20.41
18  94  2  19.39
19  94  2  46.57
20  94  2  15.25
1  95  2  13.50
2  95  2  60.74
3  95  2  34.07
4  95  2  27.03
5  95  2  58.49
6  95  2  3.40
7  95  2  13.30
8  95  2  10.86
9  95  2  15.90
10  95  2  21.09
11  95  2  29.00
12  95  2  20.51
13  95  2  7.51
14  95  2  2.81
15  95  2  22.47
16  95  2  8.24
17  95  2  21.01
18  95  2  35.34
19  95  2  49.00
20  95  2  63.51
1  96  2  11.83
2  96  2  6.01
3  96  2  30.56
4  96  2  6.53
5  96  2  3.98
6  96  2  16.00
7  96  2  33.08
8  96  2  32.07
9  96  2  42.21
10  96  2  12.69
11  96  2  10.51
12  96  2  4.30
13  96  2  5.61
14  96  2  39.53
15  96  2  57.46
16  96  2  33.34
17  96  2  49.09
18  96  2  16.32
19  96  2  63.50
20  96  2  29.45
1  97  2  11.36
2  97  2  5.03
3  97  2  20.13
4  97  2  61.69
5  97  2  9.26
6  97  2  27.48
7  97  2  36.13
8  97  2  28.46
9  97  2  11.68
10  97  2  27.10
11  97  2  28.50
12  97  2  21.40
13  97  2  10.21
14  97  2  28.03
15  97  2  43.53
16  97  2  18.22
17  97  2  16.39
18  97  2  6.33
19  97  2  16.52
20  97  2  4.79
1  98  2  37.25
2  98  2  24.42
3  98  2  18.74
4  98  2  22.48
5  98  2  11.18
6  98  2  30.11
7  98  2  11.60
8  98  2  6.68
9  98  2  48.17
10  98  2  19.33
11  98  2  5.29
12  98  2  4.79
13  98  2  38.38
14  98  2  14.62
15  98  2  23.54
16  98  2  10.36
17  98  2  5.46
18  98  2  28.47
19  98  2  9.42
20  98  2  33.80
1  99  2  47.28
2  99  2  19.07
3  99  2  6.33
4  99  2  48.79
5  99  2  29.76
6  99  2  15.61
7  99  2  9.80
8  99  2  10.26
9  99  2  35.30
10  99  2  14.04
11  99  2  43.57
12  99  2  42.46
13  99  2  19.25
14  99  2  14.44
15  99  2  26.47
16  99  2  12.54
17  99  2  26.84
18  99  2  16.25
19  99  2  22.98
20  99  2  15.57
1  100  2  24.12
2  100  2  43.18
3  100  2  20.47
4  100  2  25.39
5  100  2  15.39
6  100  2  12.68
7  100  2  4.01
8  100  2  34.11
9  100  2  27.90
10  100  2  8.39
11  100  2  27.62
12  100  2  19.46
13  100  2  10.78
14  100  2  52.19
15  100  2  14.69
16  100  2  14.90
17  100  2  44.60
18  100  2  13.68
19  100  2  44.44
20  100  2  67.78
1  101  2  25.01
2  101  2  40.95
3  101  2  10.05
4  101  2  18.70
5  101  2  8.41
6  101  2  12.03
7  101  2  23.07
8  101  2  49.38
9  101  2  11.03
10  101  2  18.46
11  101  2  28.74
12  101  2  30.12
13  101  2  5.66
14  101  2  36.67
15  101  2  7.69
16  101  2  50.51
17  101  2  9.95
18  101  2  45.57
19  101  2  20.15
20  101  2  34.17
1  102  2  41.75
2  102  2  29.32
3  102  2  39.44
4  102  2  15.75
5  102  2  47.59
6  102  2  15.68
7  102  2  30.70
8  102  2  21.33
9  102  2  22.03
10  102  2  6.19
11  102  2  39.90
12  102  2  49.66
13  102  2  13.45
14  102  2  15.05
15  102  2  23.79
16  102  2  47.48
17  102  2  7.49
18  102  2  16.06
19  102  2  30.78
20  102  2  25.72
1  103  2  28.37
2  103  2  52.76
3  103  2  26.37
4  103  2  35.58
5  103  2  13.30
6  103  2  25.30
7  103  2  24.99
8  103  2  29.58
9  103  2  35.88
10  103  2  8.87
11  103  2  17.54
12  103  2  34.67
13  103  2  47.23
14  103  2  15.65
15  103  2  53.57
16  103  2  15.48
17  103  2  33.16
18  103  2  21.18
19  103  2  7.74
20  103  2  70.57
1  104  2  19.54
2  104  2  35.00
3  104  2  35.89
4  104  2  3.97
5  104  2  14.47
6  104  2  18.01
7  104  2  44.96
8  104  2  42.85
9  104  2  4.76
10  104  2  19.95
11  104  2  11.19
12  104  2  16.91
13  104  2  29.50
14  104  2  35.33
15  104  2  36.07
16  104  2  16.34
17  104  2  17.01
18  104  2  18.59
19  104  2  21.60
20  104  2  23.14
1  105  2  27.29
2  105  2  23.05
3  105  2  35.40
4  105  2  29.37
5  105  2  17.53
6  105  2  19.09
7  105  2  38.03
8  105  2  13.33
9  105  2  39.26
10  105  2  42.22
11  105  2  19.08
12  105  2  21.42
13  105  2  36.72
14  105  2  17.12
15  105  2  17.31
16  105  2  26.43
17  105  2  41.83
18  105  2  16.69
19  105  2  41.99
20  105  2  14.51
1  106  2  40.03
2  106  2  26.88
3  106  2  14.45
4  106  2  21.78
5  106  2  20.97
6  106  2  16.17
7  106  2  22.56
8  106  2  34.51
9  106  2  7.73
10  106  2  15.53
11  106  2  6.26
12  106  2  13.48
13  106  2  41.58
14  106  2  25.03
15  106  2  13.56
16  106  2  41.29
17  106  2  30.49
18  106  2  25.58
19  106  2  13.06
20  106  2  6.73
1  107  2  9.29
2  107  2  9.88
3  107  2  3.95
4  107  2  8.64
5  107  2  47.03
6  107  2  18.43
7  107  2  24.13
8  107  2  18.87
9  107  2  5.55
10  107  2  5.67
11  107  2  20.77
12  107  2  35.20
13  107  2  8.10
14  107  2  14.33
15  107  2  28.42
16  107  2  24.58
17  107  2  11.00
18  107  2  32.74
19  107  2  19.55
20  107  2  17.21
1  108  2  7.75
2  108  2  14.93
3  108  2  17.55
4  108  2  15.01
5  108  2  27.98
6  108  2  27.65
7  108  2  57.16
8  108  2  38.30
9  108  2  14.00
10  108  2  16.85
11  108  2  6.05
12  108  2  33.42
13  108  2  3.64
14  108  2  33.83
15  108  2  10.59
16  108  2  62.26
17  108  2  42.89
18  108  2  48.01
19  108  2  49.97
20  108  2  69.17
1  109  2  14.70
2  109  2  48.27
3  109  2  36.77
4  109  2  29.60
5  109  2  8.71
6  109  2  35.24
7  109  2  22.16
8  109  2  41.53
9  109  2  13.98
10  109  2  21.57
11  109  2  41.04
12  109  2  31.44
13  109  2  62.83
14  109  2  10.07
15  109  2  21.95
16  109  2  37.52
17  109  2  30.29
18  109  2  10.83
19  109  2  18.95
20  109  2  10.94
1  110  2  19.94
2  110  2  43.39
3  110  2  19.51
4  110  2  24.36
5  110  2  44.10
6  110  2  15.53
7  110  2  31.82
8  110  2  3.37
9  110  2  20.64
10  110  2  41.90
11  110  2  6.44
12  110  2  46.35
13  110  2  13.51
14  110  2  32.83
15  110  2  25.08
16  110  2  9.80
17  110  2  21.19
18  110  2  6.04
19  110  2  2.56
20  110  2  27.27
1  111  2  9.09
2  111  2  43.52
3  111  2  17.16
4  111  2  7.35
5  111  2  16.06
6  111  2  35.80
7  111  2  39.14
8  111  2  23.31
9  111  2  35.54
10  111  2  29.92
11  111  2  54.50
12  111  2  23.13
13  111  2  37.76
14  111  2  16.60
15  111  2  12.21
16  111  2  18.14
17  111  2  17.19
18  111  2  25.55
19  111  2  25.41
20  111  2  11.89
1  112  2  7.86
2  112  2  42.02
3  112  2  17.90
4  112  2  10.86
5  112  2  28.48
6  112  2  9.86
7  112  2  7.02
8  112  2  36.12
9  112  2  44.74
10  112  2  30.92
11  112  2  48.99
12  112  2  53.88
13  112  2  28.03
14  112  2  25.99
15  112  2  11.08
16  112  2  59.94
17  112  2  20.79
18  112  2  19.16
19  112  2  8.91
20  112  2  23.71
1  113  2  22.29
2  113  2  19.99
3  113  2  12.15
4  113  2  31.67
5  113  2  32.96
6  113  2  19.14
7  113  2  30.31
8  113  2  33.20
9  113  2  8.75
10  113  2  11.69
11  113  2  29.69
12  113  2  3.42
13  113  2  13.72
14  113  2  25.11
15  113  2  20.14
16  113  2  39.47
17  113  2  43.50
18  113  2  39.30
19  113  2  18.69
20  113  2  16.65
1  114  2  50.49
2  114  2  26.74
3  114  2  5.05
4  114  2  13.73
5  114  2  26.36
6  114  2  13.27
7  114  2  26.21
8  114  2  36.96
9  114  2  15.47
10  114  2  21.64
11  114  2  17.51
12  114  2  11.82
13  114  2  16.54
14  114  2  28.19
15  114  2  38.40
16  114  2  18.00
17  114  2  23.32
18  114  2  9.37
19  114  2  22.35
20  114  2  8.12
1  115  2  18.55
2  115  2  12.53
3  115  2  43.33
4  115  2  33.47
5  115  2  26.80
6  115  2  13.70
7  115  2  14.55
8  115  2  51.19
9  115  2  48.65
10  115  2  24.87
11  115  2  24.77
12  115  2  27.86
13  115  2  39.56
14  115  2  50.41
15  115  2  40.31
16  115  2  21.29
17  115  2  24.88
18  115  2  7.80
19  115  2  15.02
20  115  2  10.44
1  116  2  14.30
2  116  2  31.78
3  116  2  38.74
4  116  2  13.95
5  116  2  13.03
6  116  2  57.66
7  116  2  11.18
8  116  2  13.18
9  116  2  6.05
10  116  2  30.35
11  116  2  27.93
12  116  2  29.70
13  116  2  11.54
14  116  2  2.33
15  116  2  6.82
16  116  2  25.60
17  116  2  8.51
18  116  2  19.76
19  116  2  11.29
20  116  2  39.70
1  117  2  33.28
2  117  2  27.36
3  117  2  30.70
4  117  2  18.58
5  117  2  17.67
6  117  2  22.11
7  117  2  13.83
8  117  2  33.88
9  117  2  36.33
10  117  2  13.66
11  117  2  12.77
12  117  2  11.87
13  117  2  7.60
14  117  2  10.86
15  117  2  14.96
16  117  2  44.86
17  117  2  51.34
18  117  2  45.53
19  117  2  7.79
20  117  2  5.24
1  118  2  40.00
2  118  2  27.26
3  118  2  44.78
4  118  2  14.02
5  118  2  11.52
6  118  2  15.78
7  118  2  26.13
8  118  2  26.79
9  118  2  23.90
10  118  2  24.51
11  118  2  57.85
12  118  2  34.24
13  118  2  15.41
14  118  2  20.29
15  118  2  36.44
16  118  2  6.72
17  118  2  7.91
18  118  2  18.06
19  118  2  16.95
20  118  2  45.04
1  119  2  15.03
2  119  2  21.55
3  119  2  25.46
4  119  2  8.33
5  119  2  26.58
6  119  2  68.12
7  119  2  29.85
8  119  2  22.51
9  119  2  20.39
10  119  2  13.96
11  119  2  33.30
12  119  2  25.39
13  119  2  52.13
14  119  2  34.38
15  119  2  13.71
16  119  2  7.16
17  119  2  11.54
18  119  2  12.25
19  119  2  6.46
20  119  2  20.11
1  120  2  13.89
2  120  2  64.42
3  120  2  27.89
4  120  2  11.46
5  120  2  41.91
6  120  2  7.66
7  120  2  27.60
8  120  2  24.74
9  120  2  24.09
10  120  2  20.42
11  120  2  19.23
12  120  2  19.37
13  120  2  15.89
14  120  2  26.91
15  120  2  11.42
16  120  2  13.89
17  120  2  23.55
18  120  2  27.01
19  120  2  15.25
20  120  2  13.32
1  121  2  11.94
2  121  2  21.63
3  121  2  23.24
4  121  2  17.97
5  121  2  24.90
6  121  2  7.85
7  121  2  31.47
8  121  2  17.15
9  121  2  38.70
10  121  2  30.28
11  121  2  26.79
12  121  2  21.22
13  121  2  12.80
14  121  2  7.50
15  121  2  28.52
16  121  2  23.90
17  121  2  13.23
18  121  2  20.47
19  121  2  35.38
20  121  2  41.22
1  122  2  38.66
2  122  2  29.16
3  122  2  33.40
4  122  2  33.43
5  122  2  39.89
6  122  2  23.95
7  122  2  14.86
8  122  2  20.90
9  122  2  10.41
10  122  2  7.86
11  122  2  15.06
12  122  2  44.79
13  122  2  49.86
14  122  2  21.77
15  122  2  4.64
16  122  2  13.45
17  122  2  28.91
18  122  2  22.02
19  122  2  18.90
20  122  2  17.89
1  123  2  34.95
2  123  2  15.16
3  123  2  6.71
4  123  2  24.41
5  123  2  29.05
6  123  2  11.69
7  123  2  25.93
8  123  2  21.10
9  123  2  35.67
10  123  2  8.10
11  123  2  21.36
12  123  2  38.78
13  123  2  29.94
14  123  2  13.53
15  123  2  8.64
16  123  2  30.05
17  123  2  31.17
18  123  2  40.15
19  123  2  13.16
20  123  2  36.82
1  124  2  22.12
2  124  2  12.74
3  124  2  25.69
4  124  2  18.50
5  124  2  43.77
6  124  2  15.66
7  124  2  24.32
8  124  2  36.74
9  124  2  38.09
10  124  2  35.36
11  124  2  23.94
12  124  2  11.16
13  124  2  10.53
14  124  2  30.15
15  124  2  16.37
16  124  2  14.79
17  124  2  29.14
18  124  2  14.32
19  124  2  31.21
20  124  2  24.28
1  125  2  37.93
2  125  2  7.37
3  125  2  26.33
4  125  2  43.91
5  125  2  2.71
6  125  2  61.19
7  125  2  28.47
8  125  2  39.39
9  125  2  50.22
10  125  2  4.43
11  125  2  20.33
12  125  2  32.70
13  125  2  68.05
14  125  2  14.55
15  125  2  22.85
16  125  2  46.25
17  125  2  16.20
18  125  2  10.14
19  125  2  28.83
20  125  2  46.79
1  126  2  26.09
2  126  2  24.32
3  126  2  29.41
4  126  2  37.38
5  126  2  29.93
6  126  2  30.30
7  126  2  7.53
8  126  2  27.42
9  126  2  45.81
10  126  2  26.03
11  126  2  15.61
12  126  2  9.35
13  126  2  6.49
14  126  2  7.83
15  126  2  24.95
16  126  2  22.64
17  126  2  24.92
18  126  2  23.37
19  126  2  13.02
20  126  2  16.65
1  127  2  5.55
2  127  2  12.23
3  127  2  13.44
4  127  2  11.05
5  127  2  19.66
6  127  2  40.41
7  127  2  9.86
8  127  2  8.13
9  127  2  7.48
10  127  2  43.73
11  127  2  5.23
12  127  2  11.87
13  127  2  62.13
14  127  2  10.48
15  127  2  15.10
16  127  2  15.11
17  127  2  63.85
18  127  2  7.49
19  127  2  19.45
20  127  2  11.15
1  128  2  13.51
2  128  2  44.84
3  128  2  6.81
4  128  2  22.92
5  128  2  22.39
6  128  2  11.35
7  128  2  11.00
8  128  2  24.22
9  128  2  53.46
10  128  2  42.83
11  128  2  22.89
12  128  2  19.06
13  128  2  17.42
14  128  2  62.75
15  128  2  17.51
16  128  2  31.57
17  128  2  5.85
18  128  2  29.26
19  128  2  27.47
20  128  2  9.57
1  129  2  49.91
2  129  2  20.22
3  129  2  22.90
4  129  2  24.92
5  129  2  10.91
6  129  2  30.84
7  129  2  14.99
8  129  2  3.61
9  129  2  10.26
10  129  2  16.14
11  129  2  7.61
12  129  2  58.27
13  129  2  15.67
14  129  2  19.90
15  129  2  41.93
16  129  2  16.04
17  129  2  23.65
18  129  2  15.49
19  129  2  54.19
20  129  2  47.83
1  130  2  28.46
2  130  2  47.97
3  130  2  38.28
4  130  2  15.12
5  130  2  5.10
6  130  2  41.36
7  130  2  19.86
8  130  2  32.73
9  130  2  12.10
10  130  2  5.09
11  130  2  8.69
12  130  2  11.08
13  130  2  8.20
14  130  2  12.94
15  130  2  22.29
16  130  2  19.69
17  130  2  23.58
18  130  2  20.79
19  130  2  9.36
20  130  2  17.37
1  131  2  9.48
2  131  2  23.52
3  131  2  15.52
4  131  2  23.13
5  131  2  13.37
6  131  2  20.67
7  131  2  11.36
8  131  2  31.62
9  131  2  11.52
10  131  2  21.74
11  131  2  6.54
12  131  2  21.54
13  131  2  41.13
14  131  2  9.69
15  131  2  22.20
16  131  2  3.69
17  131  2  16.64
18  131  2  24.88
19  131  2  29.83
20  131  2  18.61
1  132  2  27.11
2  132  2  38.18
3  132  2  35.20
4  132  2  13.89
5  132  2  20.91
6  132  2  13.76
7  132  2  22.35
8  132  2  29.51
9  132  2  6.64
10  132  2  31.95
11  132  2  30.31
12  132  2  34.25
13  132  2  64.39
14  132  2  8.00
15  132  2  59.96
16  132  2  3.70
17  132  2  37.38
18  132  2  11.03
19  132  2  8.03
20  132  2  30.90
1  133  2  11.33
2  133  2  30.17
3  133  2  30.63
4  133  2  54.98
5  133  2  18.39
6  133  2  22.26
7  133  2  8.46
8  133  2  16.10
9  133  2  20.45
10  133  2  9.03
11  133  2  29.82
12  133  2  35.04
13  133  2  11.47
14  133  2  41.01
15  133  2  15.09
16  133  2  54.29
17  133  2  13.81
18  133  2  9.49
19  133  2  27.12
20  133  2  16.03
1  134  2  9.58
2  134  2  51.30
3  134  2  24.49
4  134  2  18.52
5  134  2  49.17
6  134  2  64.04
7  134  2  16.65
8  134  2  20.22
9  134  2  22.39
10  134  2  39.15
11  134  2  55.16
12  134  2  38.83
13  134  2  17.10
14  134  2  17.43
15  134  2  13.44
16  134  2  27.48
17  134  2  11.79
18  134  2  40.15
19  134  2  23.01
20  134  2  9.52
1  135  2  20.78
2  135  2  38.72
3  135  2  5.49
4  135  2  32.99
5  135  2  57.39
6  135  2  26.45
7  135  2  51.43
8  135  2  23.46
9  135  2  16.23
10  135  2  9.57
11  135  2  30.98
12  135  2  10.31
13  135  2  34.16
14  135  2  29.66
15  135  2  7.90
16  135  2  62.01
17  135  2  49.32
18  135  2  16.53
19  135  2  38.05
20  135  2  11.85
1  136  2  43.09
2  136  2  24.33
3  136  2  23.76
4  136  2  18.80
5  136  2  46.20
6  136  2  11.92
7  136  2  24.63
8  136  2  65.44
9  136  2  36.92
10  136  2  26.03
11  136  2  67.03
12  136  2  20.43
13  136  2  46.15
14  136  2  19.86
15  136  2  58.92
16  136  2  20.25
17  136  2  23.40
18  136  2  15.17
19  136  2  9.12
20  136  2  7.97
1  137  2  36.91
2  137  2  51.39
3  137  2  56.07
4  137  2  25.09
5  137  2  31.82
6  137  2  44.98
7  137  2  24.09
8  137  2  15.44
9  137  2  3.93
10  137  2  32.84
11  137  2  27.16
12  137  2  32.12
13  137  2  7.35
14  137  2  52.55
15  137  2  25.52
16  137  2  41.48
17  137  2  8.21
18  137  2  28.45
19  137  2  48.59
20  137  2  29.11
1  138  2  39.10
2  138  2  29.68
3  138  2  62.33
4  138  2  8.76
5  138  2  13.20
6  138  2  36.80
7  138  2  28.48
8  138  2  13.22
9  138  2  30.38
10  138  2  10.27
11  138  2  21.77
12  138  2  52.17
13  138  2  17.10
14  138  2  17.36
15  138  2  15.24
16  138  2  30.47
17  138  2  5.02
18  138  2  35.55
19  138  2  34.28
20  138  2  16.43
1  139  2  28.33
2  139  2  33.96
3  139  2  41.87
4  139  2  47.15
5  139  2  27.95
6  139  2  21.32
7  139  2  15.90
8  139  2  45.04
9  139  2  42.33
10  139  2  26.99
11  139  2  8.74
12  139  2  7.56
13  139  2  16.81
14  139  2  16.82
15  139  2  31.25
16  139  2  34.32
17  139  2  22.24
18  139  2  8.47
19  139  2  23.04
20  139  2  33.48
1  140  2  65.86
2  140  2  22.84
3  140  2  5.42
4  140  2  12.01
5  140  2  22.25
6  140  2  6.74
7  140  2  10.18
8  140  2  18.73
9  140  2  57.49
10  140  2  18.56
11  140  2  28.74
12  140  2  25.54
13  140  2  47.82
14  140  2  37.11
15  140  2  29.68
16  140  2  29.87
17  140  2  18.01
18  140  2  37.51
19  140  2  15.41
20  140  2  29.63
1  141  2  18.57
2  141  2  9.66
3  141  2  18.36
4  141  2  30.06
5  141  2  12.32
6  141  2  34.57
7  141  2  3.16
8  141  2  35.15
9  141  2  22.98
10  141  2  10.99
11  141  2  11.02
12  141  2  15.56
13  141  2  14.78
14  141  2  29.44
15  141  2  27.55
16  141  2  25.01
17  141  2  15.53
18  141  2  48.74
19  141  2  18.39
20  141  2  8.84
1  142  2  29.19
2  142  2  13.63
3  142  2  27.05
4  142  2  35.26
5  142  2  11.31
6  142  2  27.39
7  142  2  17.45
8  142  2  13.56
9  142  2  14.73
10  142  2  13.46
11  142  2  11.50
12  142  2  45.75
13  142  2  46.12
14  142  2  8.61
15  142  2  28.74
16  142  2  13.11
17  142  2  19.67
18  142  2  20.29
19  142  2  16.80
20  142  2  8.22
1  143  2  42.60
2  143  2  15.46
3  143  2  32.16
4  143  2  37.55
5  143  2  39.00
6  143  2  15.07
7  143  2  10.35
8  143  2  29.89
9  143  2  4.39
10  143  2  29.94
11  143  2  50.57
12  143  2  29.73
13  143  2  33.35
14  143  2  10.75
15  143  2  42.89
16  143  2  11.83
17  143  2  9.11
18  143  2  25.97
19  143  2  17.38
20  143  2  6.28
1  144  2  38.47
2  144  2  30.95
3  144  2  6.81
4  144  2  26.16
5  144  2  23.11
6  144  2  14.54
7  144  2  36.48
8  144  2  22.64
9  144  2  34.71
10  144  2  12.98
11  144  2  24.78
12  144  2  10.46
13  144  2  5.01
14  144  2  7.26
15  144  2  17.72
16  144  2  24.67
17  144  2  39.55
18  144  2  36.61
19  144  2  44.86
20  144  2  45.36
1  145  2  32.75
2  145  2  28.42
3  145  2  39.74
4  145  2  11.53
5  145  2  21.60
6  145  2  11.41
7  145  2  52.10
8  145  2  46.45
9  145  2  24.39
10  145  2  23.31
11  145  2  13.01
12  145  2  27.66
13  145  2  32.23
14  145  2  49.25
15  145  2  38.72
16  145  2  13.26
17  145  2  26.45
18  145  2  7.10
19  145  2  10.45
20  145  2  32.55
1  146  2  32.60
2  146  2  28.41
3  146  2  16.55
4  146  2  13.20
5  146  2  52.27
6  146  2  24.52
7  146  2  10.21
8  146  2  30.31
9  146  2  22.73
10  146  2  32.29
11  146  2  4.26
12  146  2  34.93
13  146  2  6.85
14  146  2  6.76
15  146  2  24.81
16  146  2  34.65
17  146  2  12.27
18  146  2  47.96
19  146  2  25.89
20  146  2  30.12
1  147  2  23.82
2  147  2  11.88
3  147  2  19.68
4  147  2  8.91
5  147  2  34.61
6  147  2  6.11
7  147  2  10.78
8  147  2  25.38
9  147  2  13.60
10  147  2  15.33
11  147  2  21.58
12  147  2  39.73
13  147  2  15.59
14  147  2  24.25
15  147  2  32.17
16  147  2  25.84
17  147  2  41.02
18  147  2  32.26
19  147  2  19.26
20  147  2  50.86
1  148  2  11.72
2  148  2  8.13
3  148  2  29.38
4  148  2  16.06
5  148  2  34.87
6  148  2  25.71
7  148  2  37.99
8  148  2  28.10
9  148  2  15.99
10  148  2  40.12
11  148  2  29.06
12  148  2  49.00
13  148  2  9.10
14  148  2  2.23
15  148  2  42.09
16  148  2  32.53
17  148  2  40.30
18  148  2  34.32
19  148  2  46.34
20  148  2  56.39
1  149  2  44.45
2  149  2  9.93
3  149  2  58.04
4  149  2  29.81
5  149  2  46.73
6  149  2  39.62
7  149  2  15.50
8  149  2  52.00
9  149  2  9.55
10  149  2  45.99
11  149  2  36.76
12  149  2  44.24
13  149  2  17.04
14  149  2  12.21
15  149  2  20.34
16  149  2  51.43
17  149  2  18.22
18  149  2  7.98
19  149  2  21.03
20  149  2  42.69
1  150  2  19.96
2  150  2  32.17
3  150  2  13.52
4  150  2  20.60
5  150  2  52.09
6  150  2  41.23
7  150  2  26.44
8  150  2  20.58
9  150  2  45.29
10  150  2  29.09
11  150  2  44.29
12  150  2  43.56
13  150  2  24.19
14  150  2  18.72
15  150  2  23.24
16  150  2  40.00
17  150  2  29.93
18  150  2  8.52
19  150  2  35.11
20  150  2  11.86
;

