param com_measure1 := 0.59249;

param com_measure2 := 0.96401;

param kappa_max := 977.9602;

param U_tau := 683.2194;

param nT := 2;

param nS := 50;

param nL := 25;

param B := 1588.36;

param w :=
1  2
2  2
3  3
4  1
5  3
6  1
7  1
8  2
9  3
10  1
11  1
12  3
13  2
14  1
15  3
16  3
17  3
18  3
19  3
20  2
21  2
22  2
23  2
24  2
25  3
;

param h :=
1  1  0
1  2  0
1  3  0
1  4  0
1  5  0
1  6  0
1  7  0
1  8  0
1  9  0
1  10  0
1  11  0
1  12  0
1  13  0
1  14  0
1  15  0
1  16  0
1  17  0
1  18  0
1  19  0
1  20  0
1  21  0
1  22  0
1  23  0
1  24  0
1  25  0
2  1  120.98
2  2  125.56
2  3  133.46
2  4  114.23
2  5  127.31
2  6  130.89
2  7  127.13
2  8  123.31
2  9  127.69
2  10  122.07
2  11  115.75
2  12  154.93
2  13  122.79
2  14  132.67
2  15  122.66
2  16  117.89
2  17  125.01
2  18  116.97
2  19  110.85
2  20  115.64
2  21  133.91
2  22  148.56
2  23  154.82
2  24  125.78
2  25  125.86
;

param xi :=
1  1  1  52
2  1  1  88
3  1  1  18
4  1  1  89
5  1  1  34
6  1  1  66
7  1  1  19
8  1  1  69
9  1  1  64
10  1  1  22
11  1  1  37
12  1  1  58
13  1  1  41
14  1  1  11
15  1  1  68
16  1  1  64
17  1  1  52
18  1  1  68
19  1  1  73
20  1  1  45
21  1  1  85
22  1  1  53
23  1  1  87
24  1  1  87
25  1  1  39
1  2  1  34
2  2  1  57
3  2  1  68
4  2  1  77
5  2  1  76
6  2  1  84
7  2  1  70
8  2  1  39
9  2  1  63
10  2  1  80
11  2  1  90
12  2  1  37
13  2  1  29
14  2  1  56
15  2  1  85
16  2  1  72
17  2  1  20
18  2  1  27
19  2  1  11
20  2  1  82
21  2  1  45
22  2  1  54
23  2  1  41
24  2  1  81
25  2  1  46
1  3  1  42
2  3  1  39
3  3  1  77
4  3  1  12
5  3  1  65
6  3  1  34
7  3  1  68
8  3  1  86
9  3  1  53
10  3  1  70
11  3  1  81
12  3  1  73
13  3  1  75
14  3  1  42
15  3  1  31
16  3  1  21
17  3  1  32
18  3  1  67
19  3  1  16
20  3  1  34
21  3  1  71
22  3  1  77
23  3  1  80
24  3  1  55
25  3  1  84
1  4  1  37
2  4  1  83
3  4  1  67
4  4  1  15
5  4  1  86
6  4  1  53
7  4  1  45
8  4  1  65
9  4  1  49
10  4  1  72
11  4  1  86
12  4  1  82
13  4  1  35
14  4  1  84
15  4  1  25
16  4  1  12
17  4  1  88
18  4  1  69
19  4  1  29
20  4  1  37
21  4  1  43
22  4  1  47
23  4  1  69
24  4  1  21
25  4  1  65
1  5  1  31
2  5  1  61
3  5  1  70
4  5  1  16
5  5  1  69
6  5  1  64
7  5  1  39
8  5  1  15
9  5  1  11
10  5  1  29
11  5  1  87
12  5  1  44
13  5  1  55
14  5  1  19
15  5  1  31
16  5  1  55
17  5  1  51
18  5  1  46
19  5  1  32
20  5  1  50
21  5  1  72
22  5  1  63
23  5  1  87
24  5  1  68
25  5  1  73
1  6  1  45
2  6  1  48
3  6  1  69
4  6  1  35
5  6  1  13
6  6  1  76
7  6  1  26
8  6  1  84
9  6  1  81
10  6  1  21
11  6  1  11
12  6  1  90
13  6  1  33
14  6  1  54
15  6  1  22
16  6  1  66
17  6  1  50
18  6  1  80
19  6  1  32
20  6  1  34
21  6  1  42
22  6  1  88
23  6  1  77
24  6  1  17
25  6  1  63
1  7  1  18
2  7  1  82
3  7  1  11
4  7  1  23
5  7  1  86
6  7  1  67
7  7  1  77
8  7  1  24
9  7  1  36
10  7  1  73
11  7  1  47
12  7  1  77
13  7  1  75
14  7  1  29
15  7  1  23
16  7  1  70
17  7  1  33
18  7  1  72
19  7  1  36
20  7  1  25
21  7  1  38
22  7  1  68
23  7  1  42
24  7  1  52
25  7  1  14
1  8  1  21
2  8  1  24
3  8  1  57
4  8  1  14
5  8  1  86
6  8  1  72
7  8  1  55
8  8  1  47
9  8  1  62
10  8  1  81
11  8  1  67
12  8  1  60
13  8  1  24
14  8  1  24
15  8  1  74
16  8  1  65
17  8  1  35
18  8  1  25
19  8  1  66
20  8  1  61
21  8  1  82
22  8  1  62
23  8  1  50
24  8  1  11
25  8  1  15
1  9  1  79
2  9  1  74
3  9  1  66
4  9  1  89
5  9  1  17
6  9  1  79
7  9  1  84
8  9  1  39
9  9  1  75
10  9  1  38
11  9  1  81
12  9  1  73
13  9  1  11
14  9  1  85
15  9  1  28
16  9  1  50
17  9  1  85
18  9  1  44
19  9  1  35
20  9  1  62
21  9  1  14
22  9  1  13
23  9  1  62
24  9  1  19
25  9  1  26
1  10  1  55
2  10  1  83
3  10  1  10
4  10  1  66
5  10  1  21
6  10  1  32
7  10  1  71
8  10  1  48
9  10  1  84
10  10  1  53
11  10  1  20
12  10  1  89
13  10  1  40
14  10  1  20
15  10  1  15
16  10  1  45
17  10  1  76
18  10  1  16
19  10  1  82
20  10  1  12
21  10  1  49
22  10  1  58
23  10  1  72
24  10  1  17
25  10  1  51
1  11  1  18
2  11  1  74
3  11  1  52
4  11  1  67
5  11  1  39
6  11  1  24
7  11  1  75
8  11  1  11
9  11  1  74
10  11  1  42
11  11  1  36
12  11  1  24
13  11  1  20
14  11  1  74
15  11  1  26
16  11  1  84
17  11  1  77
18  11  1  23
19  11  1  59
20  11  1  57
21  11  1  75
22  11  1  49
23  11  1  84
24  11  1  21
25  11  1  17
1  12  1  61
2  12  1  75
3  12  1  77
4  12  1  29
5  12  1  20
6  12  1  38
7  12  1  59
8  12  1  23
9  12  1  40
10  12  1  17
11  12  1  33
12  12  1  45
13  12  1  12
14  12  1  37
15  12  1  84
16  12  1  36
17  12  1  85
18  12  1  57
19  12  1  26
20  12  1  63
21  12  1  46
22  12  1  24
23  12  1  66
24  12  1  36
25  12  1  57
1  13  1  49
2  13  1  59
3  13  1  14
4  13  1  73
5  13  1  50
6  13  1  84
7  13  1  64
8  13  1  73
9  13  1  75
10  13  1  74
11  13  1  28
12  13  1  43
13  13  1  44
14  13  1  18
15  13  1  34
16  13  1  53
17  13  1  71
18  13  1  36
19  13  1  86
20  13  1  15
21  13  1  54
22  13  1  82
23  13  1  60
24  13  1  74
25  13  1  62
1  14  1  79
2  14  1  82
3  14  1  40
4  14  1  74
5  14  1  68
6  14  1  40
7  14  1  89
8  14  1  52
9  14  1  13
10  14  1  30
11  14  1  54
12  14  1  88
13  14  1  79
14  14  1  38
15  14  1  52
16  14  1  55
17  14  1  67
18  14  1  76
19  14  1  56
20  14  1  81
21  14  1  47
22  14  1  22
23  14  1  88
24  14  1  88
25  14  1  39
1  15  1  84
2  15  1  12
3  15  1  52
4  15  1  23
5  15  1  60
6  15  1  51
7  15  1  11
8  15  1  66
9  15  1  26
10  15  1  47
11  15  1  48
12  15  1  18
13  15  1  24
14  15  1  79
15  15  1  89
16  15  1  38
17  15  1  10
18  15  1  70
19  15  1  21
20  15  1  67
21  15  1  20
22  15  1  47
23  15  1  16
24  15  1  39
25  15  1  64
1  16  1  36
2  16  1  28
3  16  1  77
4  16  1  40
5  16  1  18
6  16  1  43
7  16  1  28
8  16  1  65
9  16  1  65
10  16  1  33
11  16  1  31
12  16  1  75
13  16  1  19
14  16  1  39
15  16  1  52
16  16  1  88
17  16  1  40
18  16  1  10
19  16  1  36
20  16  1  51
21  16  1  30
22  16  1  87
23  16  1  25
24  16  1  83
25  16  1  44
1  17  1  87
2  17  1  86
3  17  1  85
4  17  1  40
5  17  1  39
6  17  1  33
7  17  1  36
8  17  1  73
9  17  1  60
10  17  1  18
11  17  1  85
12  17  1  47
13  17  1  20
14  17  1  85
15  17  1  55
16  17  1  50
17  17  1  85
18  17  1  72
19  17  1  38
20  17  1  76
21  17  1  46
22  17  1  58
23  17  1  70
24  17  1  61
25  17  1  78
1  18  1  69
2  18  1  61
3  18  1  53
4  18  1  74
5  18  1  17
6  18  1  68
7  18  1  30
8  18  1  38
9  18  1  79
10  18  1  57
11  18  1  88
12  18  1  60
13  18  1  22
14  18  1  70
15  18  1  28
16  18  1  81
17  18  1  51
18  18  1  22
19  18  1  56
20  18  1  14
21  18  1  25
22  18  1  30
23  18  1  52
24  18  1  16
25  18  1  11
1  19  1  17
2  19  1  51
3  19  1  48
4  19  1  39
5  19  1  75
6  19  1  69
7  19  1  47
8  19  1  27
9  19  1  47
10  19  1  10
11  19  1  27
12  19  1  73
13  19  1  52
14  19  1  62
15  19  1  40
16  19  1  49
17  19  1  40
18  19  1  57
19  19  1  66
20  19  1  31
21  19  1  62
22  19  1  72
23  19  1  83
24  19  1  52
25  19  1  70
1  20  1  39
2  20  1  60
3  20  1  51
4  20  1  55
5  20  1  90
6  20  1  48
7  20  1  23
8  20  1  64
9  20  1  83
10  20  1  29
11  20  1  23
12  20  1  84
13  20  1  50
14  20  1  83
15  20  1  50
16  20  1  67
17  20  1  57
18  20  1  89
19  20  1  47
20  20  1  29
21  20  1  28
22  20  1  83
23  20  1  49
24  20  1  20
25  20  1  76
1  21  1  44
2  21  1  50
3  21  1  86
4  21  1  43
5  21  1  61
6  21  1  39
7  21  1  86
8  21  1  62
9  21  1  20
10  21  1  90
11  21  1  46
12  21  1  85
13  21  1  55
14  21  1  37
15  21  1  46
16  21  1  40
17  21  1  16
18  21  1  10
19  21  1  33
20  21  1  74
21  21  1  21
22  21  1  42
23  21  1  89
24  21  1  13
25  21  1  19
1  22  1  89
2  22  1  59
3  22  1  15
4  22  1  88
5  22  1  34
6  22  1  78
7  22  1  39
8  22  1  86
9  22  1  26
10  22  1  70
11  22  1  30
12  22  1  90
13  22  1  45
14  22  1  42
15  22  1  85
16  22  1  81
17  22  1  44
18  22  1  44
19  22  1  71
20  22  1  25
21  22  1  14
22  22  1  85
23  22  1  28
24  22  1  27
25  22  1  87
1  23  1  73
2  23  1  18
3  23  1  23
4  23  1  66
5  23  1  79
6  23  1  23
7  23  1  16
8  23  1  59
9  23  1  81
10  23  1  17
11  23  1  31
12  23  1  84
13  23  1  43
14  23  1  66
15  23  1  67
16  23  1  70
17  23  1  71
18  23  1  46
19  23  1  89
20  23  1  79
21  23  1  72
22  23  1  64
23  23  1  67
24  23  1  27
25  23  1  43
1  24  1  54
2  24  1  29
3  24  1  72
4  24  1  71
5  24  1  85
6  24  1  40
7  24  1  88
8  24  1  54
9  24  1  36
10  24  1  15
11  24  1  90
12  24  1  44
13  24  1  74
14  24  1  29
15  24  1  64
16  24  1  80
17  24  1  55
18  24  1  15
19  24  1  46
20  24  1  90
21  24  1  67
22  24  1  85
23  24  1  59
24  24  1  56
25  24  1  53
1  25  1  61
2  25  1  11
3  25  1  68
4  25  1  21
5  25  1  15
6  25  1  60
7  25  1  30
8  25  1  58
9  25  1  26
10  25  1  74
11  25  1  55
12  25  1  72
13  25  1  41
14  25  1  35
15  25  1  23
16  25  1  30
17  25  1  21
18  25  1  49
19  25  1  27
20  25  1  55
21  25  1  60
22  25  1  69
23  25  1  51
24  25  1  44
25  25  1  47
1  26  1  17
2  26  1  76
3  26  1  67
4  26  1  77
5  26  1  69
6  26  1  25
7  26  1  13
8  26  1  33
9  26  1  31
10  26  1  10
11  26  1  78
12  26  1  43
13  26  1  56
14  26  1  67
15  26  1  21
16  26  1  85
17  26  1  25
18  26  1  17
19  26  1  63
20  26  1  40
21  26  1  54
22  26  1  57
23  26  1  64
24  26  1  27
25  26  1  32
1  27  1  64
2  27  1  49
3  27  1  65
4  27  1  35
5  27  1  75
6  27  1  47
7  27  1  17
8  27  1  48
9  27  1  53
10  27  1  27
11  27  1  36
12  27  1  63
13  27  1  38
14  27  1  52
15  27  1  37
16  27  1  11
17  27  1  86
18  27  1  69
19  27  1  23
20  27  1  90
21  27  1  12
22  27  1  18
23  27  1  84
24  27  1  49
25  27  1  70
1  28  1  12
2  28  1  51
3  28  1  39
4  28  1  53
5  28  1  16
6  28  1  70
7  28  1  45
8  28  1  59
9  28  1  15
10  28  1  32
11  28  1  29
12  28  1  25
13  28  1  46
14  28  1  89
15  28  1  11
16  28  1  73
17  28  1  72
18  28  1  36
19  28  1  66
20  28  1  61
21  28  1  56
22  28  1  73
23  28  1  23
24  28  1  32
25  28  1  13
1  29  1  55
2  29  1  28
3  29  1  12
4  29  1  15
5  29  1  47
6  29  1  74
7  29  1  59
8  29  1  71
9  29  1  66
10  29  1  66
11  29  1  68
12  29  1  24
13  29  1  42
14  29  1  39
15  29  1  54
16  29  1  22
17  29  1  73
18  29  1  46
19  29  1  56
20  29  1  46
21  29  1  87
22  29  1  59
23  29  1  28
24  29  1  48
25  29  1  51
1  30  1  90
2  30  1  24
3  30  1  82
4  30  1  31
5  30  1  65
6  30  1  65
7  30  1  22
8  30  1  38
9  30  1  61
10  30  1  75
11  30  1  21
12  30  1  87
13  30  1  21
14  30  1  60
15  30  1  40
16  30  1  15
17  30  1  54
18  30  1  48
19  30  1  33
20  30  1  70
21  30  1  77
22  30  1  38
23  30  1  73
24  30  1  65
25  30  1  23
1  31  1  31
2  31  1  84
3  31  1  10
4  31  1  38
5  31  1  16
6  31  1  38
7  31  1  46
8  31  1  86
9  31  1  63
10  31  1  63
11  31  1  57
12  31  1  89
13  31  1  22
14  31  1  81
15  31  1  86
16  31  1  79
17  31  1  65
18  31  1  48
19  31  1  12
20  31  1  30
21  31  1  41
22  31  1  60
23  31  1  31
24  31  1  26
25  31  1  76
1  32  1  36
2  32  1  86
3  32  1  84
4  32  1  14
5  32  1  86
6  32  1  53
7  32  1  54
8  32  1  21
9  32  1  58
10  32  1  48
11  32  1  65
12  32  1  86
13  32  1  11
14  32  1  53
15  32  1  70
16  32  1  53
17  32  1  43
18  32  1  40
19  32  1  29
20  32  1  75
21  32  1  75
22  32  1  48
23  32  1  68
24  32  1  22
25  32  1  72
1  33  1  90
2  33  1  55
3  33  1  37
4  33  1  45
5  33  1  19
6  33  1  34
7  33  1  79
8  33  1  38
9  33  1  39
10  33  1  71
11  33  1  86
12  33  1  34
13  33  1  47
14  33  1  20
15  33  1  19
16  33  1  52
17  33  1  67
18  33  1  90
19  33  1  63
20  33  1  47
21  33  1  83
22  33  1  60
23  33  1  57
24  33  1  80
25  33  1  22
1  34  1  63
2  34  1  60
3  34  1  28
4  34  1  55
5  34  1  67
6  34  1  89
7  34  1  29
8  34  1  54
9  34  1  53
10  34  1  57
11  34  1  74
12  34  1  85
13  34  1  52
14  34  1  75
15  34  1  36
16  34  1  21
17  34  1  63
18  34  1  62
19  34  1  30
20  34  1  69
21  34  1  75
22  34  1  61
23  34  1  82
24  34  1  62
25  34  1  78
1  35  1  27
2  35  1  60
3  35  1  39
4  35  1  88
5  35  1  75
6  35  1  45
7  35  1  39
8  35  1  86
9  35  1  35
10  35  1  70
11  35  1  21
12  35  1  52
13  35  1  54
14  35  1  45
15  35  1  59
16  35  1  15
17  35  1  14
18  35  1  14
19  35  1  47
20  35  1  54
21  35  1  36
22  35  1  81
23  35  1  59
24  35  1  56
25  35  1  33
1  36  1  56
2  36  1  33
3  36  1  57
4  36  1  17
5  36  1  52
6  36  1  32
7  36  1  46
8  36  1  65
9  36  1  25
10  36  1  59
11  36  1  71
12  36  1  79
13  36  1  13
14  36  1  44
15  36  1  48
16  36  1  26
17  36  1  73
18  36  1  24
19  36  1  75
20  36  1  55
21  36  1  63
22  36  1  16
23  36  1  77
24  36  1  56
25  36  1  68
1  37  1  38
2  37  1  82
3  37  1  45
4  37  1  11
5  37  1  55
6  37  1  64
7  37  1  82
8  37  1  27
9  37  1  79
10  37  1  33
11  37  1  43
12  37  1  32
13  37  1  75
14  37  1  21
15  37  1  24
16  37  1  37
17  37  1  33
18  37  1  40
19  37  1  35
20  37  1  81
21  37  1  18
22  37  1  62
23  37  1  71
24  37  1  40
25  37  1  50
1  38  1  13
2  38  1  11
3  38  1  56
4  38  1  28
5  38  1  84
6  38  1  48
7  38  1  32
8  38  1  63
9  38  1  46
10  38  1  19
11  38  1  39
12  38  1  86
13  38  1  62
14  38  1  27
15  38  1  27
16  38  1  56
17  38  1  18
18  38  1  50
19  38  1  24
20  38  1  27
21  38  1  77
22  38  1  60
23  38  1  33
24  38  1  71
25  38  1  70
1  39  1  83
2  39  1  23
3  39  1  54
4  39  1  15
5  39  1  88
6  39  1  70
7  39  1  35
8  39  1  65
9  39  1  55
10  39  1  48
11  39  1  82
12  39  1  52
13  39  1  58
14  39  1  40
15  39  1  24
16  39  1  77
17  39  1  81
18  39  1  82
19  39  1  55
20  39  1  59
21  39  1  56
22  39  1  44
23  39  1  72
24  39  1  14
25  39  1  26
1  40  1  30
2  40  1  53
3  40  1  61
4  40  1  50
5  40  1  14
6  40  1  33
7  40  1  68
8  40  1  15
9  40  1  65
10  40  1  50
11  40  1  47
12  40  1  49
13  40  1  68
14  40  1  60
15  40  1  90
16  40  1  86
17  40  1  57
18  40  1  33
19  40  1  27
20  40  1  27
21  40  1  32
22  40  1  26
23  40  1  26
24  40  1  40
25  40  1  75
1  41  1  12
2  41  1  18
3  41  1  82
4  41  1  28
5  41  1  33
6  41  1  71
7  41  1  56
8  41  1  18
9  41  1  73
10  41  1  28
11  41  1  23
12  41  1  31
13  41  1  42
14  41  1  66
15  41  1  51
16  41  1  54
17  41  1  60
18  41  1  56
19  41  1  25
20  41  1  71
21  41  1  17
22  41  1  61
23  41  1  80
24  41  1  56
25  41  1  78
1  42  1  21
2  42  1  13
3  42  1  53
4  42  1  89
5  42  1  89
6  42  1  66
7  42  1  75
8  42  1  50
9  42  1  74
10  42  1  56
11  42  1  37
12  42  1  60
13  42  1  27
14  42  1  38
15  42  1  90
16  42  1  82
17  42  1  19
18  42  1  90
19  42  1  35
20  42  1  69
21  42  1  28
22  42  1  14
23  42  1  58
24  42  1  66
25  42  1  22
1  43  1  30
2  43  1  36
3  43  1  89
4  43  1  59
5  43  1  33
6  43  1  57
7  43  1  56
8  43  1  58
9  43  1  85
10  43  1  31
11  43  1  14
12  43  1  87
13  43  1  60
14  43  1  67
15  43  1  28
16  43  1  75
17  43  1  29
18  43  1  85
19  43  1  62
20  43  1  64
21  43  1  21
22  43  1  68
23  43  1  45
24  43  1  56
25  43  1  66
1  44  1  40
2  44  1  84
3  44  1  41
4  44  1  48
5  44  1  16
6  44  1  33
7  44  1  79
8  44  1  15
9  44  1  66
10  44  1  14
11  44  1  17
12  44  1  45
13  44  1  76
14  44  1  27
15  44  1  90
16  44  1  21
17  44  1  90
18  44  1  53
19  44  1  40
20  44  1  47
21  44  1  25
22  44  1  65
23  44  1  37
24  44  1  43
25  44  1  60
1  45  1  85
2  45  1  67
3  45  1  36
4  45  1  74
5  45  1  39
6  45  1  17
7  45  1  48
8  45  1  60
9  45  1  68
10  45  1  32
11  45  1  23
12  45  1  80
13  45  1  56
14  45  1  59
15  45  1  76
16  45  1  43
17  45  1  79
18  45  1  69
19  45  1  76
20  45  1  30
21  45  1  22
22  45  1  14
23  45  1  14
24  45  1  33
25  45  1  10
1  46  1  12
2  46  1  61
3  46  1  50
4  46  1  39
5  46  1  36
6  46  1  28
7  46  1  73
8  46  1  33
9  46  1  25
10  46  1  72
11  46  1  61
12  46  1  66
13  46  1  67
14  46  1  48
15  46  1  23
16  46  1  24
17  46  1  83
18  46  1  83
19  46  1  49
20  46  1  26
21  46  1  32
22  46  1  60
23  46  1  35
24  46  1  68
25  46  1  50
1  47  1  40
2  47  1  16
3  47  1  72
4  47  1  62
5  47  1  60
6  47  1  80
7  47  1  90
8  47  1  13
9  47  1  81
10  47  1  39
11  47  1  70
12  47  1  48
13  47  1  68
14  47  1  37
15  47  1  74
16  47  1  51
17  47  1  64
18  47  1  85
19  47  1  80
20  47  1  55
21  47  1  64
22  47  1  73
23  47  1  34
24  47  1  73
25  47  1  43
1  48  1  24
2  48  1  28
3  48  1  57
4  48  1  15
5  48  1  43
6  48  1  26
7  48  1  54
8  48  1  45
9  48  1  48
10  48  1  23
11  48  1  73
12  48  1  41
13  48  1  61
14  48  1  70
15  48  1  40
16  48  1  12
17  48  1  73
18  48  1  32
19  48  1  59
20  48  1  72
21  48  1  18
22  48  1  46
23  48  1  72
24  48  1  81
25  48  1  14
1  49  1  12
2  49  1  36
3  49  1  65
4  49  1  20
5  49  1  56
6  49  1  12
7  49  1  46
8  49  1  23
9  49  1  83
10  49  1  50
11  49  1  52
12  49  1  41
13  49  1  54
14  49  1  64
15  49  1  50
16  49  1  73
17  49  1  83
18  49  1  69
19  49  1  78
20  49  1  56
21  49  1  49
22  49  1  22
23  49  1  88
24  49  1  64
25  49  1  56
1  50  1  80
2  50  1  43
3  50  1  20
4  50  1  24
5  50  1  48
6  50  1  77
7  50  1  79
8  50  1  27
9  50  1  53
10  50  1  61
11  50  1  11
12  50  1  23
13  50  1  20
14  50  1  55
15  50  1  25
16  50  1  61
17  50  1  26
18  50  1  41
19  50  1  12
20  50  1  51
21  50  1  15
22  50  1  84
23  50  1  18
24  50  1  35
25  50  1  80
1  1  2  26.64
2  1  2  33.84
3  1  2  10.90
4  1  2  30.27
5  1  2  22.79
6  1  2  47.32
7  1  2  14.89
8  1  2  16.13
9  1  2  29.44
10  1  2  8.30
11  1  2  19.28
12  1  2  36.47
13  1  2  12.72
14  1  2  4.84
15  1  2  36.51
16  1  2  36.19
17  1  2  25.58
18  1  2  44.43
19  1  2  24.80
20  1  2  33.95
21  1  2  42.31
22  1  2  27.79
23  1  2  35.14
24  1  2  37.06
25  1  2  14.27
1  2  2  26.23
2  2  2  38.59
3  2  2  29.25
4  2  2  22.10
5  2  2  51.40
6  2  2  22.16
7  2  2  41.15
8  2  2  30.91
9  2  2  48.13
10  2  2  26.55
11  2  2  39.46
12  2  2  23.87
13  2  2  23.11
14  2  2  18.62
15  2  2  41.17
16  2  2  40.15
17  2  2  6.16
18  2  2  16.08
19  2  2  8.35
20  2  2  26.81
21  2  2  11.54
22  2  2  25.03
23  2  2  24.40
24  2  2  51.71
25  2  2  10.13
1  3  2  27.16
2  3  2  18.88
3  3  2  55.67
4  3  2  4.40
5  3  2  38.48
6  3  2  10.35
7  3  2  52.87
8  3  2  29.26
9  3  2  35.48
10  3  2  55.16
11  3  2  45.23
12  3  2  26.96
13  3  2  50.63
14  3  2  11.22
15  3  2  9.86
16  3  2  4.57
17  3  2  9.83
18  3  2  22.42
19  3  2  7.48
20  3  2  23.77
21  3  2  51.25
22  3  2  33.81
23  3  2  33.85
24  3  2  24.64
25  3  2  58.07
1  4  2  23.44
2  4  2  29.30
3  4  2  20.55
4  4  2  5.53
5  4  2  52.91
6  4  2  11.07
7  4  2  29.85
8  4  2  44.68
9  4  2  34.15
10  4  2  18.40
11  4  2  34.91
12  4  2  59.21
13  4  2  15.58
14  4  2  38.56
15  4  2  17.64
16  4  2  5.19
17  4  2  49.16
18  4  2  47.73
19  4  2  19.00
20  4  2  15.92
21  4  2  11.36
22  4  2  15.82
23  4  2  44.84
24  4  2  7.23
25  4  2  43.21
1  5  2  8.54
2  5  2  32.53
3  5  2  18.43
4  5  2  7.22
5  5  2  15.54
6  5  2  23.77
7  5  2  28.98
8  5  2  4.28
9  5  2  4.02
10  5  2  18.36
11  5  2  27.39
12  5  2  12.04
13  5  2  18.41
14  5  2  7.21
15  5  2  16.83
16  5  2  42.15
17  5  2  40.03
18  5  2  21.16
19  5  2  14.30
20  5  2  33.14
21  5  2  42.04
22  5  2  24.87
23  5  2  55.95
24  5  2  36.26
25  5  2  20.35
1  6  2  24.88
2  6  2  37.34
3  6  2  19.82
4  6  2  7.67
5  6  2  9.89
6  6  2  15.54
7  6  2  5.59
8  6  2  56.52
9  6  2  35.06
10  6  2  14.35
11  6  2  2.23
12  6  2  39.14
13  6  2  14.32
14  6  2  31.51
15  6  2  9.35
16  6  2  39.33
17  6  2  37.83
18  6  2  34.71
19  6  2  20.00
20  6  2  11.22
21  6  2  16.88
22  6  2  51.59
23  6  2  30.76
24  6  2  4.03
25  6  2  17.22
1  7  2  5.94
2  7  2  24.40
3  7  2  4.37
4  7  2  10.49
5  7  2  48.10
6  7  2  44.03
7  7  2  58.44
8  7  2  12.54
9  7  2  27.37
10  7  2  29.69
11  7  2  13.15
12  7  2  51.09
13  7  2  34.39
14  7  2  7.24
15  7  2  5.92
16  7  2  53.12
17  7  2  17.57
18  7  2  35.00
19  7  2  21.61
20  7  2  18.25
21  7  2  14.80
22  7  2  43.19
23  7  2  27.75
24  7  2  13.72
25  7  2  5.65
1  8  2  4.63
2  8  2  13.00
3  8  2  39.31
4  8  2  3.25
5  8  2  24.39
6  8  2  52.41
7  8  2  18.93
8  8  2  16.04
9  8  2  28.99
10  8  2  62.91
11  8  2  34.98
12  8  2  42.03
13  8  2  5.85
14  8  2  5.98
15  8  2  31.59
16  8  2  47.55
17  8  2  13.07
18  8  2  9.04
19  8  2  49.45
20  8  2  28.56
21  8  2  58.40
22  8  2  13.37
23  8  2  18.06
24  8  2  4.68
25  8  2  6.51
1  9  2  63.14
2  9  2  45.90
3  9  2  39.35
4  9  2  67.87
5  9  2  11.22
6  9  2  53.50
7  9  2  24.93
8  9  2  17.37
9  9  2  26.84
10  9  2  25.56
11  9  2  23.83
12  9  2  36.87
13  9  2  7.53
14  9  2  57.93
15  9  2  6.88
16  9  2  31.25
17  9  2  28.50
18  9  2  24.35
19  9  2  22.49
20  9  2  45.67
21  9  2  7.58
22  9  2  5.35
23  9  2  19.61
24  9  2  14.65
25  9  2  9.37
1  10  2  23.46
2  10  2  51.03
3  10  2  3.42
4  10  2  50.57
5  10  2  11.96
6  10  2  11.50
7  10  2  55.15
8  10  2  14.31
9  10  2  53.95
10  10  2  25.33
11  10  2  9.13
12  10  2  71.11
13  10  2  10.05
14  10  2  12.88
15  10  2  4.73
16  10  2  20.95
17  10  2  50.16
18  10  2  12.51
19  10  2  32.08
20  10  2  4.99
21  10  2  23.93
22  10  2  24.52
23  10  2  16.11
24  10  2  4.30
25  10  2  11.30
1  11  2  13.97
2  11  2  53.39
3  11  2  32.39
4  11  2  36.37
5  11  2  21.31
6  11  2  13.78
7  11  2  35.87
8  11  2  5.11
9  11  2  39.46
10  11  2  18.79
11  11  2  27.11
12  11  2  14.37
13  11  2  14.75
14  11  2  31.94
15  11  2  19.97
16  11  2  57.81
17  11  2  25.48
18  11  2  16.75
19  11  2  43.24
20  11  2  35.15
21  11  2  43.63
22  11  2  13.28
23  11  2  36.62
24  11  2  15.60
25  11  2  7.30
1  12  2  27.70
2  12  2  16.43
3  12  2  50.80
4  12  2  19.21
5  12  2  10.08
6  12  2  8.80
7  12  2  14.68
8  12  2  10.49
9  12  2  20.19
10  12  2  3.51
11  12  2  22.97
12  12  2  11.58
13  12  2  8.73
14  12  2  29.29
15  12  2  57.51
16  12  2  25.67
17  12  2  39.69
18  12  2  44.35
19  12  2  9.73
20  12  2  34.85
21  12  2  16.24
22  12  2  7.29
23  12  2  42.59
24  12  2  18.05
25  12  2  30.55
1  13  2  14.64
2  13  2  13.94
3  13  2  7.31
4  13  2  27.34
5  13  2  34.94
6  13  2  53.95
7  13  2  45.91
8  13  2  28.36
9  13  2  30.60
10  13  2  31.76
11  13  2  22.17
12  13  2  26.53
13  13  2  11.69
14  13  2  10.13
15  13  2  9.34
16  13  2  16.51
17  13  2  29.16
18  13  2  18.32
19  13  2  64.61
20  13  2  10.37
21  13  2  14.18
22  13  2  38.02
23  13  2  38.25
24  13  2  26.10
25  13  2  23.26
1  14  2  28.20
2  14  2  42.27
3  14  2  11.77
4  14  2  18.94
5  14  2  27.56
6  14  2  16.10
7  14  2  19.21
8  14  2  39.79
9  14  2  2.64
10  14  2  6.81
11  14  2  38.54
12  14  2  49.68
13  14  2  19.24
14  14  2  15.85
15  14  2  40.54
16  14  2  22.66
17  14  2  30.32
18  14  2  38.45
19  14  2  44.37
20  14  2  24.21
21  14  2  19.56
22  14  2  7.23
23  14  2  43.24
24  14  2  33.34
25  14  2  8.31
1  15  2  32.57
2  15  2  5.02
3  15  2  17.80
4  15  2  16.63
5  15  2  43.63
6  15  2  31.06
7  15  2  8.07
8  15  2  22.95
9  15  2  9.61
10  15  2  33.16
11  15  2  15.39
12  15  2  7.61
13  15  2  11.10
14  15  2  51.87
15  15  2  50.00
16  15  2  20.51
17  15  2  6.84
18  15  2  37.34
19  15  2  10.05
20  15  2  20.10
21  15  2  10.22
22  15  2  19.57
23  15  2  4.46
24  15  2  21.97
25  15  2  23.48
1  16  2  11.40
2  16  2  14.58
3  16  2  24.32
4  16  2  16.40
5  16  2  6.95
6  16  2  16.91
7  16  2  19.14
8  16  2  51.93
9  16  2  45.97
10  16  2  7.80
11  16  2  12.26
12  16  2  15.87
13  16  2  13.93
14  16  2  24.63
15  16  2  31.51
16  16  2  27.36
17  16  2  8.73
18  16  2  7.10
19  16  2  25.59
20  16  2  27.47
21  16  2  8.75
22  16  2  53.24
23  16  2  15.31
24  16  2  23.77
25  16  2  25.30
1  17  2  23.50
2  17  2  53.39
3  17  2  56.73
4  17  2  23.89
5  17  2  23.78
6  17  2  10.83
7  17  2  15.55
8  17  2  17.06
9  17  2  23.33
10  17  2  5.47
11  17  2  59.99
12  17  2  35.66
13  17  2  10.95
14  17  2  43.42
15  17  2  19.01
16  17  2  23.97
17  17  2  28.89
18  17  2  50.66
19  17  2  15.22
20  17  2  41.31
21  17  2  12.64
22  17  2  38.43
23  17  2  25.12
24  17  2  16.59
25  17  2  26.75
1  18  2  52.97
2  18  2  24.58
3  18  2  41.45
4  18  2  30.75
5  18  2  3.45
6  18  2  40.64
7  18  2  17.82
8  18  2  27.29
9  18  2  60.42
10  18  2  45.22
11  18  2  21.16
12  18  2  19.94
13  18  2  17.23
14  18  2  18.58
15  18  2  21.31
16  18  2  25.11
17  18  2  37.98
18  18  2  6.10
19  18  2  14.00
20  18  2  10.15
21  18  2  17.95
22  18  2  12.11
23  18  2  21.80
24  18  2  4.32
25  18  2  3.42
1  19  2  7.89
2  19  2  40.08
3  19  2  19.93
4  19  2  11.66
5  19  2  30.17
6  19  2  13.85
7  19  2  19.04
8  19  2  14.90
9  19  2  28.25
10  19  2  4.05
11  19  2  18.31
12  19  2  18.56
13  19  2  28.24
14  19  2  16.44
15  19  2  20.80
16  19  2  27.19
17  19  2  28.19
18  19  2  20.05
19  19  2  52.67
20  19  2  17.32
21  19  2  22.34
22  19  2  15.18
23  19  2  64.77
24  19  2  11.44
25  19  2  46.61
1  20  2  31.13
2  20  2  35.39
3  20  2  36.94
4  20  2  31.22
5  20  2  42.70
6  20  2  31.25
7  20  2  7.60
8  20  2  35.33
9  20  2  17.11
10  20  2  15.09
11  20  2  14.42
12  20  2  44.35
13  20  2  19.47
14  20  2  26.70
15  20  2  10.26
16  20  2  44.80
17  20  2  39.84
18  20  2  35.74
19  20  2  17.05
20  20  2  14.53
21  20  2  11.14
22  20  2  24.57
23  20  2  9.90
24  20  2  4.72
25  20  2  53.60
1  21  2  19.75
2  21  2  38.37
3  21  2  25.36
4  21  2  10.70
5  21  2  22.80
6  21  2  25.05
7  21  2  60.98
8  21  2  27.05
9  21  2  12.84
10  21  2  68.80
11  21  2  19.05
12  21  2  39.09
13  21  2  37.61
14  21  2  23.05
15  21  2  35.98
16  21  2  23.73
17  21  2  4.69
18  21  2  6.39
19  21  2  18.74
20  21  2  28.29
21  21  2  7.76
22  21  2  15.68
23  21  2  40.30
24  21  2  8.64
25  21  2  11.28
1  22  2  45.18
2  22  2  34.45
3  22  2  10.34
4  22  2  67.65
5  22  2  22.49
6  22  2  41.55
7  22  2  9.82
8  22  2  42.25
9  22  2  11.14
10  22  2  15.61
11  22  2  13.38
12  22  2  46.58
13  22  2  21.90
14  22  2  25.74
15  22  2  61.89
16  22  2  19.12
17  22  2  16.87
18  22  2  26.78
19  22  2  53.50
20  22  2  10.44
21  22  2  8.77
22  22  2  38.38
23  22  2  18.45
24  22  2  17.15
25  22  2  29.02
1  23  2  21.25
2  23  2  4.23
3  23  2  8.58
4  23  2  37.97
5  23  2  22.20
6  23  2  18.35
7  23  2  11.87
8  23  2  29.39
9  23  2  64.75
10  23  2  5.18
11  23  2  7.43
12  23  2  61.93
13  23  2  24.76
14  23  2  46.77
15  23  2  39.42
16  23  2  42.87
17  23  2  45.60
18  23  2  18.23
19  23  2  31.72
20  23  2  55.01
21  23  2  15.46
22  23  2  24.68
23  23  2  26.76
24  23  2  19.96
25  23  2  23.59
1  24  2  25.50
2  24  2  13.20
3  24  2  16.64
4  24  2  26.11
5  24  2  60.45
6  24  2  17.16
7  24  2  52.80
8  24  2  36.76
9  24  2  11.58
10  24  2  4.53
11  24  2  63.19
12  24  2  10.65
13  24  2  24.20
14  24  2  16.55
15  24  2  16.23
16  24  2  47.77
17  24  2  30.84
18  24  2  6.24
19  24  2  18.88
20  24  2  46.21
21  24  2  13.62
22  24  2  40.26
23  24  2  12.14
24  24  2  17.69
25  24  2  41.07
1  25  2  47.44
2  25  2  5.32
3  25  2  21.29
4  25  2  10.49
5  25  2  10.10
6  25  2  42.66
7  25  2  9.18
8  25  2  26.53
9  25  2  7.54
10  25  2  49.31
11  25  2  20.80
12  25  2  17.73
13  25  2  9.23
14  25  2  23.55
15  25  2  13.46
16  25  2  6.96
17  25  2  11.65
18  25  2  19.50
19  25  2  17.86
20  25  2  29.57
21  25  2  14.96
22  25  2  27.62
23  25  2  37.24
24  25  2  16.98
25  25  2  18.53
1  26  2  3.65
2  26  2  58.79
3  26  2  40.56
4  26  2  47.71
5  26  2  42.03
6  26  2  19.35
7  26  2  7.37
8  26  2  18.60
9  26  2  21.10
10  26  2  2.20
11  26  2  57.57
12  26  2  13.69
13  26  2  14.28
14  26  2  38.62
15  26  2  5.12
16  26  2  55.93
17  26  2  18.68
18  26  2  8.16
19  26  2  32.30
20  26  2  25.91
21  26  2  20.24
22  26  2  16.30
23  26  2  47.26
24  26  2  9.14
25  26  2  8.90
1  27  2  12.84
2  27  2  26.60
3  27  2  39.28
4  27  2  23.66
5  27  2  32.49
6  27  2  14.59
7  27  2  13.54
8  27  2  27.82
9  27  2  41.30
10  27  2  13.34
11  27  2  13.82
12  27  2  36.81
13  27  2  21.36
14  27  2  14.01
15  27  2  14.05
16  27  2  2.43
17  27  2  43.23
18  27  2  49.86
19  27  2  9.49
20  27  2  53.54
21  27  2  8.59
22  27  2  6.58
23  27  2  20.87
24  27  2  10.18
25  27  2  45.09
1  28  2  6.23
2  28  2  11.32
3  28  2  21.42
4  28  2  26.83
5  28  2  11.53
6  28  2  25.64
7  28  2  18.00
8  28  2  30.41
9  28  2  11.29
10  28  2  20.74
11  28  2  12.87
12  28  2  9.80
13  28  2  26.74
14  28  2  30.11
15  28  2  6.33
16  28  2  53.92
17  28  2  48.63
18  28  2  27.80
19  28  2  27.32
20  28  2  48.46
21  28  2  14.19
22  28  2  37.42
23  28  2  14.92
24  28  2  8.49
25  28  2  9.84
1  29  2  36.99
2  29  2  19.10
3  29  2  3.35
4  29  2  3.78
5  29  2  14.51
6  29  2  22.86
7  29  2  27.66
8  29  2  31.41
9  29  2  43.66
10  29  2  43.56
11  29  2  48.56
12  29  2  6.28
13  29  2  18.74
14  29  2  15.15
15  29  2  11.73
16  29  2  13.74
17  29  2  49.85
18  29  2  24.77
19  29  2  37.10
20  29  2  28.19
21  29  2  64.90
22  29  2  40.27
23  29  2  5.91
24  29  2  28.24
25  29  2  21.44
1  30  2  31.13
2  30  2  9.65
3  30  2  50.39
4  30  2  18.69
5  30  2  21.29
6  30  2  49.49
7  30  2  11.04
8  30  2  23.32
9  30  2  28.05
10  30  2  28.79
11  30  2  10.21
12  30  2  46.66
13  30  2  12.96
14  30  2  23.27
15  30  2  11.81
16  30  2  3.81
17  30  2  31.89
18  30  2  36.81
19  30  2  8.69
20  30  2  38.99
21  30  2  22.07
22  30  2  30.14
23  30  2  18.14
24  30  2  27.04
25  30  2  6.28
1  31  2  23.25
2  31  2  32.45
3  31  2  2.11
4  31  2  14.54
5  31  2  12.44
6  31  2  23.09
7  31  2  10.72
8  31  2  39.14
9  31  2  14.60
10  31  2  20.05
11  31  2  28.63
12  31  2  40.70
13  31  2  7.24
14  31  2  60.94
15  31  2  54.79
16  31  2  31.62
17  31  2  36.36
18  31  2  33.58
19  31  2  2.97
20  31  2  19.63
21  31  2  24.80
22  31  2  36.45
23  31  2  11.36
24  31  2  18.59
25  31  2  22.44
1  32  2  19.70
2  32  2  44.08
3  32  2  22.43
4  32  2  10.79
5  32  2  39.58
6  32  2  21.53
7  32  2  28.69
8  32  2  7.21
9  32  2  45.01
10  32  2  24.04
11  32  2  39.59
12  32  2  53.84
13  32  2  2.71
14  32  2  12.45
15  32  2  36.36
16  32  2  15.00
17  32  2  16.29
18  32  2  14.50
19  32  2  22.47
20  32  2  40.79
21  32  2  24.58
22  32  2  15.28
23  32  2  41.23
24  32  2  10.75
25  32  2  51.88
1  33  2  63.40
2  33  2  30.19
3  33  2  28.50
4  33  2  23.61
5  33  2  10.59
6  33  2  16.61
7  33  2  37.00
8  33  2  25.26
9  33  2  11.45
10  33  2  15.45
11  33  2  31.59
12  33  2  20.21
13  33  2  16.05
14  33  2  12.39
15  33  2  6.04
16  33  2  17.86
17  33  2  52.22
18  33  2  36.22
19  33  2  46.94
20  33  2  31.91
21  33  2  32.74
22  33  2  16.97
23  33  2  22.34
24  33  2  23.51
25  33  2  10.82
1  34  2  12.77
2  34  2  35.08
3  34  2  9.89
4  34  2  15.64
5  34  2  43.73
6  34  2  44.20
7  34  2  9.02
8  34  2  17.28
9  34  2  15.07
10  34  2  26.07
11  34  2  51.24
12  34  2  65.44
13  34  2  15.37
14  34  2  37.56
15  34  2  27.03
16  34  2  16.44
17  34  2  47.47
18  34  2  18.63
19  34  2  12.67
20  34  2  52.02
21  34  2  37.69
22  34  2  33.14
23  34  2  18.44
24  34  2  24.43
25  34  2  24.98
1  35  2  15.94
2  35  2  31.90
3  35  2  30.11
4  35  2  65.84
5  35  2  46.15
6  35  2  19.21
7  35  2  10.50
8  35  2  34.40
9  35  2  22.02
10  35  2  38.46
11  35  2  16.77
12  35  2  27.72
13  35  2  34.03
14  35  2  22.91
15  35  2  19.42
16  35  2  11.74
17  35  2  8.26
18  35  2  10.91
19  35  2  12.15
20  35  2  35.79
21  35  2  7.28
22  35  2  21.23
23  35  2  35.46
24  35  2  31.11
25  35  2  11.61
1  36  2  19.92
2  36  2  7.07
3  36  2  28.76
4  36  2  3.98
5  36  2  24.25
6  36  2  14.72
7  36  2  12.94
8  36  2  26.50
9  36  2  19.18
10  36  2  14.30
11  36  2  46.23
12  36  2  20.29
13  36  2  10.39
14  36  2  20.70
15  36  2  19.76
16  36  2  17.79
17  36  2  22.30
18  36  2  10.72
19  36  2  31.55
20  36  2  19.89
21  36  2  14.31
22  36  2  11.17
23  36  2  41.88
24  36  2  41.40
25  36  2  42.29
1  37  2  24.23
2  37  2  37.91
3  37  2  20.84
4  37  2  4.27
5  37  2  31.32
6  37  2  47.27
7  37  2  63.11
8  37  2  12.52
9  37  2  51.11
10  37  2  20.11
11  37  2  32.66
12  37  2  14.64
13  37  2  32.71
14  37  2  14.71
15  37  2  7.08
16  37  2  27.89
17  37  2  10.14
18  37  2  28.78
19  37  2  21.50
20  37  2  62.25
21  37  2  13.13
22  37  2  42.85
23  37  2  21.80
24  37  2  26.02
25  37  2  33.01
1  38  2  5.25
2  38  2  3.66
3  38  2  19.48
4  38  2  9.44
5  38  2  25.23
6  38  2  18.71
7  38  2  16.92
8  38  2  44.37
9  38  2  24.69
10  38  2  13.74
11  38  2  24.46
12  38  2  33.20
13  38  2  13.15
14  38  2  13.06
15  38  2  11.40
16  38  2  34.12
17  38  2  7.11
18  38  2  37.62
19  38  2  17.99
20  38  2  19.39
21  38  2  18.62
22  38  2  39.96
23  38  2  17.06
24  38  2  44.88
25  38  2  34.39
1  39  2  24.02
2  39  2  14.16
3  39  2  38.91
4  39  2  10.80
5  39  2  51.86
6  39  2  43.81
7  39  2  8.89
8  39  2  44.13
9  39  2  15.80
10  39  2  11.01
11  39  2  48.08
12  39  2  33.17
13  39  2  33.50
14  39  2  25.49
15  39  2  15.41
16  39  2  45.15
17  39  2  46.99
18  39  2  55.13
19  39  2  29.54
20  39  2  32.66
21  39  2  31.18
22  39  2  29.03
23  39  2  55.42
24  39  2  3.92
25  39  2  19.61
1  40  2  12.49
2  40  2  31.17
3  40  2  26.45
4  40  2  36.14
5  40  2  4.88
6  40  2  22.41
7  40  2  47.32
8  40  2  8.99
9  40  2  37.73
10  40  2  12.11
11  40  2  35.51
12  40  2  15.60
13  40  2  20.82
14  40  2  26.50
15  40  2  19.62
16  40  2  42.83
17  40  2  21.09
18  40  2  13.43
19  40  2  14.97
20  40  2  7.85
21  40  2  12.94
22  40  2  16.97
23  40  2  20.04
24  40  2  26.62
25  40  2  42.98
1  41  2  2.49
2  41  2  8.13
3  41  2  20.87
4  41  2  20.08
5  41  2  16.81
6  41  2  55.53
7  41  2  27.20
8  41  2  6.34
9  41  2  42.09
10  41  2  11.82
11  41  2  15.10
12  41  2  9.12
13  41  2  23.24
14  41  2  17.79
15  41  2  27.36
16  41  2  42.94
17  41  2  22.92
18  41  2  13.53
19  41  2  10.24
20  41  2  45.99
21  41  2  12.72
22  41  2  21.45
23  41  2  20.56
24  41  2  31.21
25  41  2  26.11
1  42  2  4.31
2  42  2  9.53
3  42  2  21.14
4  42  2  30.34
5  42  2  48.04
6  42  2  34.26
7  42  2  55.90
8  42  2  20.48
9  42  2  52.46
10  42  2  17.32
11  42  2  10.91
12  42  2  20.18
13  42  2  13.99
14  42  2  16.50
15  42  2  29.78
16  42  2  52.02
17  42  2  13.96
18  42  2  59.23
19  42  2  13.70
20  42  2  38.06
21  42  2  16.75
22  42  2  9.62
23  42  2  38.44
24  42  2  52.41
25  42  2  15.24
1  43  2  12.99
2  43  2  19.61
3  43  2  59.25
4  43  2  24.51
5  43  2  20.89
6  43  2  25.12
7  43  2  17.75
8  43  2  27.44
9  43  2  63.04
10  43  2  7.37
11  43  2  9.92
12  43  2  28.36
13  43  2  24.36
14  43  2  34.27
15  43  2  21.03
16  43  2  32.10
17  43  2  22.83
18  43  2  47.34
19  43  2  12.98
20  43  2  41.84
21  43  2  7.65
22  43  2  30.99
23  43  2  20.52
24  43  2  11.72
25  43  2  19.92
1  44  2  29.29
2  44  2  29.37
3  44  2  28.56
4  44  2  24.04
5  44  2  6.38
6  44  2  23.25
7  44  2  36.43
8  44  2  9.36
9  44  2  18.01
10  44  2  5.54
11  44  2  13.41
12  44  2  19.72
13  44  2  47.82
14  44  2  16.82
15  44  2  45.98
16  44  2  5.20
17  44  2  64.01
18  44  2  28.54
19  44  2  17.97
20  44  2  11.18
21  44  2  10.90
22  44  2  46.90
23  44  2  15.98
24  44  2  30.10
25  44  2  45.15
1  45  2  65.08
2  45  2  31.04
3  45  2  8.41
4  45  2  39.12
5  45  2  30.98
6  45  2  5.10
7  45  2  29.42
8  45  2  29.97
9  45  2  16.85
10  45  2  22.92
11  45  2  11.32
12  45  2  16.16
13  45  2  22.98
14  45  2  13.35
15  45  2  22.35
16  45  2  27.50
17  45  2  39.31
18  45  2  42.12
19  45  2  57.59
20  45  2  13.44
21  45  2  6.47
22  45  2  4.01
23  45  2  10.52
24  45  2  9.40
25  45  2  6.65
1  46  2  4.78
2  46  2  26.87
3  46  2  19.17
4  46  2  19.03
5  46  2  14.08
6  46  2  13.57
7  46  2  53.27
8  46  2  13.50
9  46  2  13.12
10  46  2  40.11
11  46  2  46.33
12  46  2  38.71
13  46  2  35.24
14  46  2  16.17
15  46  2  16.06
16  46  2  12.20
17  46  2  60.20
18  46  2  47.78
19  46  2  19.62
20  46  2  19.08
21  46  2  20.78
22  46  2  46.25
23  46  2  18.14
24  46  2  52.19
25  46  2  37.60
1  47  2  17.22
2  47  2  7.94
3  47  2  49.89
4  47  2  43.50
5  47  2  18.17
6  47  2  24.06
7  47  2  43.15
8  47  2  8.89
9  47  2  57.19
10  47  2  17.64
11  47  2  36.37
12  47  2  25.58
13  47  2  32.72
14  47  2  25.82
15  47  2  48.16
16  47  2  26.18
17  47  2  40.05
18  47  2  54.81
19  47  2  30.52
20  47  2  39.91
21  47  2  14.19
22  47  2  21.30
23  47  2  11.26
24  47  2  29.62
25  47  2  14.41
1  48  2  11.82
2  48  2  12.46
3  48  2  29.19
4  48  2  4.78
5  48  2  29.03
6  48  2  8.53
7  48  2  13.45
8  48  2  13.67
9  48  2  11.18
10  48  2  11.53
11  48  2  45.25
12  48  2  30.82
13  48  2  12.68
14  48  2  33.87
15  48  2  16.25
16  48  2  8.26
17  48  2  56.36
18  48  2  20.33
19  48  2  16.65
20  48  2  55.00
21  48  2  14.18
22  48  2  10.30
23  48  2  26.74
24  48  2  45.59
25  48  2  6.47
1  49  2  6.83
2  49  2  25.80
3  49  2  41.70
4  49  2  5.64
5  49  2  12.95
6  49  2  5.61
7  49  2  27.99
8  49  2  7.57
9  49  2  56.32
10  49  2  20.51
11  49  2  31.75
12  49  2  21.34
13  49  2  15.05
14  49  2  27.25
15  49  2  28.64
16  49  2  51.16
17  49  2  29.50
18  49  2  27.73
19  49  2  44.51
20  49  2  22.47
21  49  2  24.66
22  49  2  9.51
23  49  2  32.38
24  49  2  15.39
25  49  2  33.19
1  50  2  21.45
2  50  2  32.05
3  50  2  8.97
4  50  2  5.28
5  50  2  32.41
6  50  2  38.01
7  50  2  20.12
8  50  2  19.10
9  50  2  10.98
10  50  2  16.92
11  50  2  8.55
12  50  2  6.75
13  50  2  12.36
14  50  2  25.05
15  50  2  14.17
16  50  2  46.85
17  50  2  19.61
18  50  2  14.52
19  50  2  6.33
20  50  2  13.06
21  50  2  8.99
22  50  2  31.36
23  50  2  4.68
24  50  2  23.70
25  50  2  63.92
;

