param com_measure1 := 0.60737;

param com_measure2 := 0.96496;

param kappa_max := 1252.9526;

param U_tau := 778.7975;

param nT := 2;

param nS := 100;

param nL := 30;

param B := 2247.96;

param w :=
1  2
2  2
3  1
4  2
5  2
6  2
7  1
8  3
9  1
10  3
11  3
12  1
13  3
14  1
15  1
16  3
17  1
18  3
19  3
20  3
21  3
22  2
23  1
24  2
25  2
26  2
27  2
28  2
29  2
30  2
;

param h :=
1  1  0
1  2  0
1  3  0
1  4  0
1  5  0
1  6  0
1  7  0
1  8  0
1  9  0
1  10  0
1  11  0
1  12  0
1  13  0
1  14  0
1  15  0
1  16  0
1  17  0
1  18  0
1  19  0
1  20  0
1  21  0
1  22  0
1  23  0
1  24  0
1  25  0
1  26  0
1  27  0
1  28  0
1  29  0
1  30  0
2  1  153.97
2  2  154.10
2  3  155.33
2  4  146.24
2  5  150.25
2  6  147.31
2  7  130.46
2  8  142.40
2  9  173.47
2  10  159.68
2  11  139.57
2  12  139.22
2  13  158.04
2  14  157.72
2  15  144.91
2  16  164.78
2  17  161.58
2  18  152.89
2  19  146.39
2  20  146.67
2  21  153.88
2  22  140.09
2  23  164.86
2  24  136.14
2  25  165.81
2  26  136.29
2  27  145.17
2  28  129.20
2  29  159.62
2  30  139.87
;

param xi :=
1  1  1  38
2  1  1  89
3  1  1  63
4  1  1  36
5  1  1  78
6  1  1  63
7  1  1  70
8  1  1  19
9  1  1  87
10  1  1  43
11  1  1  51
12  1  1  63
13  1  1  16
14  1  1  76
15  1  1  12
16  1  1  79
17  1  1  35
18  1  1  55
19  1  1  67
20  1  1  13
21  1  1  56
22  1  1  52
23  1  1  50
24  1  1  16
25  1  1  83
26  1  1  45
27  1  1  58
28  1  1  16
29  1  1  21
30  1  1  48
1  2  1  83
2  2  1  56
3  2  1  48
4  2  1  42
5  2  1  33
6  2  1  53
7  2  1  51
8  2  1  60
9  2  1  88
10  2  1  11
11  2  1  64
12  2  1  45
13  2  1  70
14  2  1  54
15  2  1  82
16  2  1  43
17  2  1  75
18  2  1  54
19  2  1  26
20  2  1  68
21  2  1  52
22  2  1  61
23  2  1  64
24  2  1  58
25  2  1  28
26  2  1  87
27  2  1  24
28  2  1  16
29  2  1  22
30  2  1  52
1  3  1  71
2  3  1  17
3  3  1  55
4  3  1  19
5  3  1  78
6  3  1  40
7  3  1  88
8  3  1  58
9  3  1  10
10  3  1  71
11  3  1  45
12  3  1  77
13  3  1  74
14  3  1  42
15  3  1  75
16  3  1  27
17  3  1  69
18  3  1  71
19  3  1  35
20  3  1  90
21  3  1  26
22  3  1  62
23  3  1  30
24  3  1  36
25  3  1  35
26  3  1  20
27  3  1  81
28  3  1  16
29  3  1  43
30  3  1  12
1  4  1  72
2  4  1  16
3  4  1  67
4  4  1  26
5  4  1  25
6  4  1  46
7  4  1  42
8  4  1  62
9  4  1  29
10  4  1  55
11  4  1  13
12  4  1  19
13  4  1  31
14  4  1  23
15  4  1  88
16  4  1  74
17  4  1  13
18  4  1  83
19  4  1  57
20  4  1  61
21  4  1  26
22  4  1  55
23  4  1  84
24  4  1  21
25  4  1  73
26  4  1  52
27  4  1  64
28  4  1  50
29  4  1  19
30  4  1  11
1  5  1  46
2  5  1  51
3  5  1  40
4  5  1  83
5  5  1  63
6  5  1  73
7  5  1  10
8  5  1  43
9  5  1  67
10  5  1  14
11  5  1  52
12  5  1  62
13  5  1  64
14  5  1  81
15  5  1  67
16  5  1  26
17  5  1  79
18  5  1  46
19  5  1  39
20  5  1  69
21  5  1  75
22  5  1  76
23  5  1  37
24  5  1  48
25  5  1  80
26  5  1  20
27  5  1  15
28  5  1  43
29  5  1  28
30  5  1  90
1  6  1  50
2  6  1  84
3  6  1  61
4  6  1  63
5  6  1  11
6  6  1  28
7  6  1  88
8  6  1  80
9  6  1  58
10  6  1  25
11  6  1  59
12  6  1  30
13  6  1  41
14  6  1  41
15  6  1  56
16  6  1  54
17  6  1  44
18  6  1  30
19  6  1  59
20  6  1  27
21  6  1  85
22  6  1  78
23  6  1  69
24  6  1  45
25  6  1  54
26  6  1  46
27  6  1  12
28  6  1  45
29  6  1  52
30  6  1  22
1  7  1  35
2  7  1  65
3  7  1  46
4  7  1  45
5  7  1  20
6  7  1  86
7  7  1  20
8  7  1  56
9  7  1  81
10  7  1  67
11  7  1  23
12  7  1  88
13  7  1  90
14  7  1  31
15  7  1  38
16  7  1  88
17  7  1  69
18  7  1  80
19  7  1  62
20  7  1  88
21  7  1  44
22  7  1  36
23  7  1  27
24  7  1  37
25  7  1  35
26  7  1  38
27  7  1  28
28  7  1  81
29  7  1  44
30  7  1  38
1  8  1  32
2  8  1  66
3  8  1  20
4  8  1  81
5  8  1  59
6  8  1  30
7  8  1  20
8  8  1  39
9  8  1  45
10  8  1  11
11  8  1  13
12  8  1  10
13  8  1  83
14  8  1  74
15  8  1  17
16  8  1  44
17  8  1  53
18  8  1  30
19  8  1  62
20  8  1  48
21  8  1  15
22  8  1  73
23  8  1  72
24  8  1  14
25  8  1  87
26  8  1  53
27  8  1  31
28  8  1  44
29  8  1  18
30  8  1  77
1  9  1  81
2  9  1  36
3  9  1  11
4  9  1  66
5  9  1  61
6  9  1  81
7  9  1  43
8  9  1  56
9  9  1  64
10  9  1  71
11  9  1  27
12  9  1  85
13  9  1  58
14  9  1  69
15  9  1  24
16  9  1  52
17  9  1  60
18  9  1  67
19  9  1  90
20  9  1  42
21  9  1  24
22  9  1  50
23  9  1  11
24  9  1  16
25  9  1  56
26  9  1  66
27  9  1  36
28  9  1  62
29  9  1  35
30  9  1  70
1  10  1  25
2  10  1  15
3  10  1  12
4  10  1  14
5  10  1  17
6  10  1  38
7  10  1  16
8  10  1  63
9  10  1  37
10  10  1  53
11  10  1  17
12  10  1  48
13  10  1  13
14  10  1  60
15  10  1  44
16  10  1  53
17  10  1  59
18  10  1  87
19  10  1  81
20  10  1  70
21  10  1  51
22  10  1  13
23  10  1  65
24  10  1  63
25  10  1  89
26  10  1  56
27  10  1  38
28  10  1  73
29  10  1  19
30  10  1  20
1  11  1  31
2  11  1  83
3  11  1  56
4  11  1  60
5  11  1  65
6  11  1  35
7  11  1  74
8  11  1  27
9  11  1  23
10  11  1  81
11  11  1  31
12  11  1  59
13  11  1  58
14  11  1  86
15  11  1  79
16  11  1  84
17  11  1  15
18  11  1  82
19  11  1  15
20  11  1  43
21  11  1  39
22  11  1  32
23  11  1  69
24  11  1  47
25  11  1  14
26  11  1  48
27  11  1  88
28  11  1  44
29  11  1  77
30  11  1  44
1  12  1  15
2  12  1  51
3  12  1  29
4  12  1  20
5  12  1  24
6  12  1  33
7  12  1  15
8  12  1  54
9  12  1  66
10  12  1  35
11  12  1  57
12  12  1  64
13  12  1  52
14  12  1  43
15  12  1  86
16  12  1  29
17  12  1  38
18  12  1  27
19  12  1  45
20  12  1  21
21  12  1  49
22  12  1  73
23  12  1  68
24  12  1  65
25  12  1  85
26  12  1  53
27  12  1  73
28  12  1  29
29  12  1  30
30  12  1  33
1  13  1  21
2  13  1  89
3  13  1  68
4  13  1  43
5  13  1  10
6  13  1  75
7  13  1  37
8  13  1  32
9  13  1  49
10  13  1  82
11  13  1  26
12  13  1  78
13  13  1  36
14  13  1  84
15  13  1  38
16  13  1  19
17  13  1  89
18  13  1  82
19  13  1  78
20  13  1  58
21  13  1  16
22  13  1  24
23  13  1  38
24  13  1  39
25  13  1  43
26  13  1  27
27  13  1  36
28  13  1  15
29  13  1  57
30  13  1  45
1  14  1  60
2  14  1  28
3  14  1  50
4  14  1  40
5  14  1  89
6  14  1  81
7  14  1  10
8  14  1  31
9  14  1  44
10  14  1  28
11  14  1  90
12  14  1  20
13  14  1  25
14  14  1  30
15  14  1  41
16  14  1  72
17  14  1  68
18  14  1  57
19  14  1  26
20  14  1  74
21  14  1  26
22  14  1  63
23  14  1  40
24  14  1  77
25  14  1  82
26  14  1  83
27  14  1  86
28  14  1  90
29  14  1  76
30  14  1  36
1  15  1  55
2  15  1  88
3  15  1  70
4  15  1  34
5  15  1  25
6  15  1  45
7  15  1  12
8  15  1  38
9  15  1  29
10  15  1  22
11  15  1  27
12  15  1  24
13  15  1  81
14  15  1  10
15  15  1  27
16  15  1  44
17  15  1  37
18  15  1  48
19  15  1  34
20  15  1  38
21  15  1  82
22  15  1  43
23  15  1  49
24  15  1  83
25  15  1  75
26  15  1  46
27  15  1  41
28  15  1  50
29  15  1  61
30  15  1  22
1  16  1  49
2  16  1  67
3  16  1  52
4  16  1  29
5  16  1  36
6  16  1  41
7  16  1  42
8  16  1  39
9  16  1  49
10  16  1  34
11  16  1  79
12  16  1  39
13  16  1  87
14  16  1  16
15  16  1  45
16  16  1  83
17  16  1  90
18  16  1  52
19  16  1  52
20  16  1  45
21  16  1  59
22  16  1  67
23  16  1  77
24  16  1  62
25  16  1  34
26  16  1  38
27  16  1  71
28  16  1  16
29  16  1  58
30  16  1  16
1  17  1  24
2  17  1  45
3  17  1  44
4  17  1  65
5  17  1  86
6  17  1  14
7  17  1  55
8  17  1  34
9  17  1  78
10  17  1  42
11  17  1  28
12  17  1  63
13  17  1  52
14  17  1  72
15  17  1  32
16  17  1  42
17  17  1  49
18  17  1  46
19  17  1  45
20  17  1  23
21  17  1  78
22  17  1  21
23  17  1  34
24  17  1  20
25  17  1  90
26  17  1  59
27  17  1  65
28  17  1  48
29  17  1  63
30  17  1  65
1  18  1  38
2  18  1  52
3  18  1  41
4  18  1  44
5  18  1  61
6  18  1  86
7  18  1  86
8  18  1  90
9  18  1  13
10  18  1  38
11  18  1  65
12  18  1  16
13  18  1  16
14  18  1  70
15  18  1  69
16  18  1  70
17  18  1  46
18  18  1  36
19  18  1  79
20  18  1  70
21  18  1  37
22  18  1  40
23  18  1  43
24  18  1  21
25  18  1  43
26  18  1  77
27  18  1  21
28  18  1  20
29  18  1  55
30  18  1  85
1  19  1  47
2  19  1  10
3  19  1  35
4  19  1  42
5  19  1  88
6  19  1  39
7  19  1  20
8  19  1  59
9  19  1  90
10  19  1  90
11  19  1  71
12  19  1  47
13  19  1  35
14  19  1  46
15  19  1  61
16  19  1  10
17  19  1  31
18  19  1  77
19  19  1  62
20  19  1  73
21  19  1  53
22  19  1  10
23  19  1  27
24  19  1  61
25  19  1  32
26  19  1  41
27  19  1  87
28  19  1  62
29  19  1  17
30  19  1  19
1  20  1  16
2  20  1  27
3  20  1  69
4  20  1  29
5  20  1  68
6  20  1  72
7  20  1  60
8  20  1  33
9  20  1  88
10  20  1  61
11  20  1  61
12  20  1  87
13  20  1  24
14  20  1  68
15  20  1  23
16  20  1  87
17  20  1  36
18  20  1  85
19  20  1  65
20  20  1  14
21  20  1  45
22  20  1  41
23  20  1  77
24  20  1  47
25  20  1  12
26  20  1  36
27  20  1  54
28  20  1  55
29  20  1  27
30  20  1  50
1  21  1  21
2  21  1  76
3  21  1  29
4  21  1  27
5  21  1  45
6  21  1  52
7  21  1  52
8  21  1  25
9  21  1  22
10  21  1  75
11  21  1  33
12  21  1  21
13  21  1  85
14  21  1  26
15  21  1  81
16  21  1  52
17  21  1  52
18  21  1  70
19  21  1  61
20  21  1  32
21  21  1  61
22  21  1  54
23  21  1  22
24  21  1  27
25  21  1  19
26  21  1  82
27  21  1  20
28  21  1  16
29  21  1  32
30  21  1  68
1  22  1  54
2  22  1  38
3  22  1  77
4  22  1  51
5  22  1  31
6  22  1  43
7  22  1  81
8  22  1  66
9  22  1  90
10  22  1  73
11  22  1  78
12  22  1  30
13  22  1  44
14  22  1  84
15  22  1  26
16  22  1  15
17  22  1  88
18  22  1  29
19  22  1  38
20  22  1  54
21  22  1  72
22  22  1  29
23  22  1  61
24  22  1  14
25  22  1  71
26  22  1  13
27  22  1  22
28  22  1  13
29  22  1  55
30  22  1  39
1  23  1  79
2  23  1  67
3  23  1  77
4  23  1  15
5  23  1  40
6  23  1  89
7  23  1  89
8  23  1  54
9  23  1  20
10  23  1  79
11  23  1  75
12  23  1  71
13  23  1  44
14  23  1  87
15  23  1  25
16  23  1  20
17  23  1  40
18  23  1  74
19  23  1  27
20  23  1  48
21  23  1  34
22  23  1  63
23  23  1  49
24  23  1  26
25  23  1  86
26  23  1  48
27  23  1  50
28  23  1  22
29  23  1  32
30  23  1  12
1  24  1  22
2  24  1  64
3  24  1  75
4  24  1  22
5  24  1  50
6  24  1  34
7  24  1  21
8  24  1  24
9  24  1  63
10  24  1  44
11  24  1  17
12  24  1  39
13  24  1  10
14  24  1  63
15  24  1  11
16  24  1  67
17  24  1  59
18  24  1  63
19  24  1  62
20  24  1  23
21  24  1  75
22  24  1  73
23  24  1  48
24  24  1  77
25  24  1  44
26  24  1  32
27  24  1  22
28  24  1  23
29  24  1  76
30  24  1  12
1  25  1  26
2  25  1  90
3  25  1  77
4  25  1  75
5  25  1  34
6  25  1  62
7  25  1  70
8  25  1  81
9  25  1  42
10  25  1  88
11  25  1  77
12  25  1  24
13  25  1  60
14  25  1  72
15  25  1  56
16  25  1  88
17  25  1  62
18  25  1  29
19  25  1  42
20  25  1  51
21  25  1  14
22  25  1  35
23  25  1  81
24  25  1  87
25  25  1  36
26  25  1  22
27  25  1  28
28  25  1  13
29  25  1  86
30  25  1  50
1  26  1  84
2  26  1  22
3  26  1  68
4  26  1  22
5  26  1  38
6  26  1  81
7  26  1  30
8  26  1  57
9  26  1  85
10  26  1  63
11  26  1  52
12  26  1  82
13  26  1  70
14  26  1  58
15  26  1  17
16  26  1  21
17  26  1  10
18  26  1  76
19  26  1  90
20  26  1  10
21  26  1  72
22  26  1  22
23  26  1  22
24  26  1  82
25  26  1  66
26  26  1  32
27  26  1  66
28  26  1  73
29  26  1  24
30  26  1  40
1  27  1  30
2  27  1  16
3  27  1  60
4  27  1  12
5  27  1  45
6  27  1  73
7  27  1  10
8  27  1  17
9  27  1  78
10  27  1  38
11  27  1  81
12  27  1  25
13  27  1  86
14  27  1  40
15  27  1  12
16  27  1  20
17  27  1  43
18  27  1  15
19  27  1  22
20  27  1  72
21  27  1  76
22  27  1  52
23  27  1  35
24  27  1  64
25  27  1  87
26  27  1  33
27  27  1  60
28  27  1  25
29  27  1  77
30  27  1  13
1  28  1  35
2  28  1  90
3  28  1  87
4  28  1  16
5  28  1  66
6  28  1  21
7  28  1  64
8  28  1  62
9  28  1  83
10  28  1  83
11  28  1  50
12  28  1  49
13  28  1  70
14  28  1  39
15  28  1  11
16  28  1  65
17  28  1  75
18  28  1  45
19  28  1  29
20  28  1  87
21  28  1  16
22  28  1  54
23  28  1  11
24  28  1  24
25  28  1  84
26  28  1  19
27  28  1  46
28  28  1  82
29  28  1  28
30  28  1  83
1  29  1  83
2  29  1  88
3  29  1  40
4  29  1  41
5  29  1  66
6  29  1  38
7  29  1  26
8  29  1  27
9  29  1  49
10  29  1  71
11  29  1  35
12  29  1  14
13  29  1  24
14  29  1  49
15  29  1  31
16  29  1  89
17  29  1  40
18  29  1  73
19  29  1  89
20  29  1  58
21  29  1  50
22  29  1  81
23  29  1  72
24  29  1  46
25  29  1  51
26  29  1  11
27  29  1  36
28  29  1  33
29  29  1  24
30  29  1  47
1  30  1  25
2  30  1  32
3  30  1  80
4  30  1  81
5  30  1  38
6  30  1  57
7  30  1  19
8  30  1  51
9  30  1  33
10  30  1  78
11  30  1  72
12  30  1  65
13  30  1  76
14  30  1  74
15  30  1  62
16  30  1  43
17  30  1  48
18  30  1  62
19  30  1  66
20  30  1  29
21  30  1  60
22  30  1  57
23  30  1  89
24  30  1  40
25  30  1  35
26  30  1  89
27  30  1  18
28  30  1  48
29  30  1  69
30  30  1  78
1  31  1  51
2  31  1  65
3  31  1  46
4  31  1  61
5  31  1  54
6  31  1  57
7  31  1  11
8  31  1  43
9  31  1  58
10  31  1  80
11  31  1  40
12  31  1  44
13  31  1  85
14  31  1  46
15  31  1  52
16  31  1  75
17  31  1  40
18  31  1  63
19  31  1  31
20  31  1  59
21  31  1  34
22  31  1  63
23  31  1  56
24  31  1  89
25  31  1  83
26  31  1  77
27  31  1  51
28  31  1  71
29  31  1  62
30  31  1  37
1  32  1  38
2  32  1  88
3  32  1  62
4  32  1  52
5  32  1  65
6  32  1  45
7  32  1  26
8  32  1  32
9  32  1  28
10  32  1  55
11  32  1  18
12  32  1  38
13  32  1  58
14  32  1  74
15  32  1  50
16  32  1  82
17  32  1  65
18  32  1  59
19  32  1  72
20  32  1  54
21  32  1  38
22  32  1  41
23  32  1  42
24  32  1  43
25  32  1  76
26  32  1  63
27  32  1  50
28  32  1  17
29  32  1  63
30  32  1  32
1  33  1  18
2  33  1  18
3  33  1  26
4  33  1  62
5  33  1  53
6  33  1  23
7  33  1  63
8  33  1  76
9  33  1  73
10  33  1  60
11  33  1  42
12  33  1  84
13  33  1  88
14  33  1  81
15  33  1  82
16  33  1  48
17  33  1  90
18  33  1  68
19  33  1  28
20  33  1  79
21  33  1  22
22  33  1  18
23  33  1  75
24  33  1  84
25  33  1  28
26  33  1  69
27  33  1  43
28  33  1  10
29  33  1  68
30  33  1  17
1  34  1  60
2  34  1  80
3  34  1  10
4  34  1  29
5  34  1  90
6  34  1  36
7  34  1  74
8  34  1  87
9  34  1  81
10  34  1  50
11  34  1  50
12  34  1  46
13  34  1  66
14  34  1  87
15  34  1  80
16  34  1  59
17  34  1  90
18  34  1  22
19  34  1  53
20  34  1  27
21  34  1  75
22  34  1  71
23  34  1  54
24  34  1  22
25  34  1  26
26  34  1  74
27  34  1  10
28  34  1  55
29  34  1  18
30  34  1  66
1  35  1  47
2  35  1  84
3  35  1  37
4  35  1  79
5  35  1  64
6  35  1  14
7  35  1  35
8  35  1  67
9  35  1  89
10  35  1  28
11  35  1  51
12  35  1  33
13  35  1  71
14  35  1  49
15  35  1  43
16  35  1  47
17  35  1  63
18  35  1  57
19  35  1  89
20  35  1  54
21  35  1  33
22  35  1  10
23  35  1  79
24  35  1  32
25  35  1  30
26  35  1  67
27  35  1  69
28  35  1  13
29  35  1  52
30  35  1  23
1  36  1  59
2  36  1  25
3  36  1  20
4  36  1  57
5  36  1  42
6  36  1  63
7  36  1  15
8  36  1  56
9  36  1  55
10  36  1  31
11  36  1  15
12  36  1  25
13  36  1  57
14  36  1  57
15  36  1  54
16  36  1  44
17  36  1  55
18  36  1  72
19  36  1  78
20  36  1  66
21  36  1  58
22  36  1  50
23  36  1  74
24  36  1  87
25  36  1  65
26  36  1  33
27  36  1  62
28  36  1  22
29  36  1  85
30  36  1  90
1  37  1  89
2  37  1  54
3  37  1  76
4  37  1  62
5  37  1  72
6  37  1  54
7  37  1  20
8  37  1  66
9  37  1  25
10  37  1  67
11  37  1  65
12  37  1  31
13  37  1  42
14  37  1  46
15  37  1  87
16  37  1  11
17  37  1  27
18  37  1  72
19  37  1  14
20  37  1  14
21  37  1  75
22  37  1  23
23  37  1  55
24  37  1  45
25  37  1  51
26  37  1  17
27  37  1  43
28  37  1  65
29  37  1  49
30  37  1  89
1  38  1  83
2  38  1  81
3  38  1  44
4  38  1  30
5  38  1  51
6  38  1  49
7  38  1  13
8  38  1  77
9  38  1  46
10  38  1  78
11  38  1  88
12  38  1  47
13  38  1  51
14  38  1  37
15  38  1  79
16  38  1  54
17  38  1  36
18  38  1  68
19  38  1  61
20  38  1  31
21  38  1  52
22  38  1  59
23  38  1  88
24  38  1  59
25  38  1  62
26  38  1  31
27  38  1  88
28  38  1  29
29  38  1  27
30  38  1  33
1  39  1  63
2  39  1  79
3  39  1  51
4  39  1  70
5  39  1  65
6  39  1  63
7  39  1  86
8  39  1  54
9  39  1  56
10  39  1  47
11  39  1  13
12  39  1  27
13  39  1  59
14  39  1  19
15  39  1  75
16  39  1  71
17  39  1  73
18  39  1  26
19  39  1  42
20  39  1  71
21  39  1  35
22  39  1  81
23  39  1  73
24  39  1  71
25  39  1  45
26  39  1  66
27  39  1  31
28  39  1  78
29  39  1  17
30  39  1  25
1  40  1  72
2  40  1  51
3  40  1  72
4  40  1  23
5  40  1  78
6  40  1  36
7  40  1  77
8  40  1  55
9  40  1  10
10  40  1  83
11  40  1  55
12  40  1  53
13  40  1  61
14  40  1  52
15  40  1  74
16  40  1  48
17  40  1  86
18  40  1  23
19  40  1  38
20  40  1  37
21  40  1  66
22  40  1  72
23  40  1  48
24  40  1  80
25  40  1  73
26  40  1  36
27  40  1  12
28  40  1  21
29  40  1  86
30  40  1  58
1  41  1  18
2  41  1  84
3  41  1  75
4  41  1  75
5  41  1  62
6  41  1  23
7  41  1  55
8  41  1  82
9  41  1  20
10  41  1  11
11  41  1  30
12  41  1  47
13  41  1  61
14  41  1  61
15  41  1  78
16  41  1  47
17  41  1  13
18  41  1  22
19  41  1  10
20  41  1  30
21  41  1  25
22  41  1  15
23  41  1  76
24  41  1  68
25  41  1  18
26  41  1  66
27  41  1  65
28  41  1  25
29  41  1  10
30  41  1  36
1  42  1  62
2  42  1  31
3  42  1  60
4  42  1  51
5  42  1  35
6  42  1  83
7  42  1  37
8  42  1  86
9  42  1  10
10  42  1  41
11  42  1  81
12  42  1  84
13  42  1  74
14  42  1  25
15  42  1  15
16  42  1  39
17  42  1  69
18  42  1  69
19  42  1  59
20  42  1  11
21  42  1  84
22  42  1  49
23  42  1  36
24  42  1  27
25  42  1  15
26  42  1  39
27  42  1  90
28  42  1  27
29  42  1  51
30  42  1  68
1  43  1  25
2  43  1  63
3  43  1  52
4  43  1  60
5  43  1  30
6  43  1  39
7  43  1  41
8  43  1  33
9  43  1  26
10  43  1  72
11  43  1  53
12  43  1  22
13  43  1  86
14  43  1  89
15  43  1  34
16  43  1  29
17  43  1  36
18  43  1  12
19  43  1  22
20  43  1  24
21  43  1  82
22  43  1  62
23  43  1  44
24  43  1  89
25  43  1  26
26  43  1  22
27  43  1  55
28  43  1  38
29  43  1  73
30  43  1  34
1  44  1  38
2  44  1  88
3  44  1  75
4  44  1  62
5  44  1  19
6  44  1  74
7  44  1  76
8  44  1  74
9  44  1  23
10  44  1  10
11  44  1  52
12  44  1  19
13  44  1  74
14  44  1  69
15  44  1  82
16  44  1  85
17  44  1  31
18  44  1  37
19  44  1  66
20  44  1  43
21  44  1  42
22  44  1  66
23  44  1  58
24  44  1  15
25  44  1  70
26  44  1  36
27  44  1  56
28  44  1  77
29  44  1  67
30  44  1  45
1  45  1  36
2  45  1  89
3  45  1  66
4  45  1  80
5  45  1  62
6  45  1  82
7  45  1  47
8  45  1  42
9  45  1  67
10  45  1  28
11  45  1  29
12  45  1  33
13  45  1  80
14  45  1  33
15  45  1  86
16  45  1  81
17  45  1  53
18  45  1  51
19  45  1  44
20  45  1  21
21  45  1  73
22  45  1  35
23  45  1  14
24  45  1  85
25  45  1  88
26  45  1  66
27  45  1  90
28  45  1  65
29  45  1  39
30  45  1  66
1  46  1  18
2  46  1  53
3  46  1  46
4  46  1  49
5  46  1  67
6  46  1  21
7  46  1  32
8  46  1  52
9  46  1  70
10  46  1  27
11  46  1  38
12  46  1  68
13  46  1  23
14  46  1  69
15  46  1  17
16  46  1  77
17  46  1  44
18  46  1  82
19  46  1  19
20  46  1  69
21  46  1  49
22  46  1  44
23  46  1  57
24  46  1  19
25  46  1  51
26  46  1  16
27  46  1  54
28  46  1  13
29  46  1  26
30  46  1  49
1  47  1  87
2  47  1  21
3  47  1  81
4  47  1  72
5  47  1  87
6  47  1  52
7  47  1  33
8  47  1  84
9  47  1  74
10  47  1  34
11  47  1  53
12  47  1  15
13  47  1  68
14  47  1  76
15  47  1  53
16  47  1  16
17  47  1  89
18  47  1  79
19  47  1  46
20  47  1  59
21  47  1  40
22  47  1  58
23  47  1  46
24  47  1  78
25  47  1  13
26  47  1  18
27  47  1  82
28  47  1  58
29  47  1  61
30  47  1  75
1  48  1  89
2  48  1  54
3  48  1  13
4  48  1  26
5  48  1  29
6  48  1  68
7  48  1  56
8  48  1  37
9  48  1  86
10  48  1  27
11  48  1  79
12  48  1  33
13  48  1  39
14  48  1  39
15  48  1  27
16  48  1  45
17  48  1  89
18  48  1  78
19  48  1  35
20  48  1  30
21  48  1  67
22  48  1  68
23  48  1  89
24  48  1  33
25  48  1  36
26  48  1  69
27  48  1  67
28  48  1  69
29  48  1  44
30  48  1  88
1  49  1  68
2  49  1  21
3  49  1  52
4  49  1  74
5  49  1  46
6  49  1  67
7  49  1  18
8  49  1  51
9  49  1  48
10  49  1  10
11  49  1  60
12  49  1  71
13  49  1  55
14  49  1  47
15  49  1  85
16  49  1  53
17  49  1  90
18  49  1  43
19  49  1  53
20  49  1  76
21  49  1  64
22  49  1  41
23  49  1  19
24  49  1  63
25  49  1  52
26  49  1  85
27  49  1  90
28  49  1  23
29  49  1  55
30  49  1  46
1  50  1  61
2  50  1  12
3  50  1  22
4  50  1  44
5  50  1  21
6  50  1  62
7  50  1  42
8  50  1  59
9  50  1  32
10  50  1  66
11  50  1  11
12  50  1  12
13  50  1  44
14  50  1  77
15  50  1  83
16  50  1  62
17  50  1  72
18  50  1  70
19  50  1  19
20  50  1  64
21  50  1  70
22  50  1  86
23  50  1  14
24  50  1  32
25  50  1  36
26  50  1  88
27  50  1  82
28  50  1  52
29  50  1  78
30  50  1  15
1  51  1  57
2  51  1  11
3  51  1  30
4  51  1  56
5  51  1  16
6  51  1  46
7  51  1  59
8  51  1  75
9  51  1  62
10  51  1  23
11  51  1  68
12  51  1  10
13  51  1  78
14  51  1  81
15  51  1  26
16  51  1  58
17  51  1  35
18  51  1  27
19  51  1  65
20  51  1  76
21  51  1  47
22  51  1  48
23  51  1  43
24  51  1  35
25  51  1  47
26  51  1  71
27  51  1  30
28  51  1  50
29  51  1  20
30  51  1  16
1  52  1  73
2  52  1  29
3  52  1  57
4  52  1  38
5  52  1  30
6  52  1  90
7  52  1  51
8  52  1  89
9  52  1  72
10  52  1  89
11  52  1  10
12  52  1  60
13  52  1  52
14  52  1  64
15  52  1  55
16  52  1  85
17  52  1  20
18  52  1  41
19  52  1  65
20  52  1  57
21  52  1  79
22  52  1  24
23  52  1  61
24  52  1  54
25  52  1  22
26  52  1  61
27  52  1  64
28  52  1  13
29  52  1  14
30  52  1  70
1  53  1  10
2  53  1  69
3  53  1  80
4  53  1  76
5  53  1  86
6  53  1  29
7  53  1  45
8  53  1  86
9  53  1  89
10  53  1  76
11  53  1  74
12  53  1  44
13  53  1  35
14  53  1  21
15  53  1  85
16  53  1  18
17  53  1  70
18  53  1  51
19  53  1  75
20  53  1  85
21  53  1  28
22  53  1  83
23  53  1  60
24  53  1  23
25  53  1  66
26  53  1  48
27  53  1  21
28  53  1  54
29  53  1  39
30  53  1  60
1  54  1  85
2  54  1  47
3  54  1  57
4  54  1  81
5  54  1  19
6  54  1  50
7  54  1  88
8  54  1  80
9  54  1  20
10  54  1  88
11  54  1  41
12  54  1  29
13  54  1  73
14  54  1  54
15  54  1  86
16  54  1  35
17  54  1  65
18  54  1  76
19  54  1  16
20  54  1  83
21  54  1  64
22  54  1  34
23  54  1  25
24  54  1  88
25  54  1  75
26  54  1  76
27  54  1  28
28  54  1  17
29  54  1  57
30  54  1  81
1  55  1  82
2  55  1  45
3  55  1  18
4  55  1  32
5  55  1  45
6  55  1  78
7  55  1  23
8  55  1  34
9  55  1  49
10  55  1  61
11  55  1  42
12  55  1  74
13  55  1  15
14  55  1  66
15  55  1  57
16  55  1  48
17  55  1  74
18  55  1  84
19  55  1  17
20  55  1  82
21  55  1  55
22  55  1  85
23  55  1  65
24  55  1  28
25  55  1  86
26  55  1  20
27  55  1  63
28  55  1  79
29  55  1  70
30  55  1  58
1  56  1  79
2  56  1  53
3  56  1  67
4  56  1  13
5  56  1  52
6  56  1  42
7  56  1  50
8  56  1  22
9  56  1  15
10  56  1  45
11  56  1  89
12  56  1  46
13  56  1  44
14  56  1  65
15  56  1  51
16  56  1  79
17  56  1  32
18  56  1  29
19  56  1  35
20  56  1  40
21  56  1  37
22  56  1  90
23  56  1  35
24  56  1  16
25  56  1  69
26  56  1  41
27  56  1  24
28  56  1  64
29  56  1  42
30  56  1  84
1  57  1  37
2  57  1  64
3  57  1  65
4  57  1  80
5  57  1  76
6  57  1  56
7  57  1  41
8  57  1  50
9  57  1  66
10  57  1  42
11  57  1  65
12  57  1  24
13  57  1  47
14  57  1  62
15  57  1  38
16  57  1  38
17  57  1  86
18  57  1  11
19  57  1  63
20  57  1  65
21  57  1  73
22  57  1  70
23  57  1  88
24  57  1  14
25  57  1  41
26  57  1  16
27  57  1  82
28  57  1  50
29  57  1  45
30  57  1  32
1  58  1  90
2  58  1  88
3  58  1  19
4  58  1  86
5  58  1  75
6  58  1  16
7  58  1  50
8  58  1  16
9  58  1  79
10  58  1  54
11  58  1  20
12  58  1  46
13  58  1  69
14  58  1  35
15  58  1  29
16  58  1  43
17  58  1  16
18  58  1  35
19  58  1  50
20  58  1  12
21  58  1  45
22  58  1  15
23  58  1  16
24  58  1  88
25  58  1  58
26  58  1  18
27  58  1  23
28  58  1  22
29  58  1  50
30  58  1  46
1  59  1  20
2  59  1  30
3  59  1  61
4  59  1  51
5  59  1  45
6  59  1  83
7  59  1  47
8  59  1  71
9  59  1  88
10  59  1  80
11  59  1  52
12  59  1  38
13  59  1  52
14  59  1  79
15  59  1  33
16  59  1  14
17  59  1  40
18  59  1  24
19  59  1  45
20  59  1  58
21  59  1  55
22  59  1  60
23  59  1  50
24  59  1  44
25  59  1  70
26  59  1  26
27  59  1  64
28  59  1  52
29  59  1  43
30  59  1  74
1  60  1  64
2  60  1  46
3  60  1  43
4  60  1  88
5  60  1  80
6  60  1  79
7  60  1  11
8  60  1  85
9  60  1  75
10  60  1  49
11  60  1  50
12  60  1  89
13  60  1  75
14  60  1  78
15  60  1  51
16  60  1  85
17  60  1  64
18  60  1  79
19  60  1  76
20  60  1  34
21  60  1  84
22  60  1  14
23  60  1  90
24  60  1  29
25  60  1  64
26  60  1  78
27  60  1  73
28  60  1  61
29  60  1  83
30  60  1  20
1  61  1  46
2  61  1  40
3  61  1  17
4  61  1  14
5  61  1  73
6  61  1  46
7  61  1  30
8  61  1  48
9  61  1  57
10  61  1  16
11  61  1  26
12  61  1  61
13  61  1  71
14  61  1  69
15  61  1  11
16  61  1  76
17  61  1  47
18  61  1  44
19  61  1  48
20  61  1  67
21  61  1  73
22  61  1  11
23  61  1  38
24  61  1  74
25  61  1  40
26  61  1  24
27  61  1  51
28  61  1  14
29  61  1  16
30  61  1  87
1  62  1  34
2  62  1  27
3  62  1  53
4  62  1  15
5  62  1  75
6  62  1  77
7  62  1  41
8  62  1  44
9  62  1  59
10  62  1  52
11  62  1  34
12  62  1  72
13  62  1  41
14  62  1  67
15  62  1  23
16  62  1  16
17  62  1  45
18  62  1  90
19  62  1  80
20  62  1  37
21  62  1  29
22  62  1  70
23  62  1  14
24  62  1  25
25  62  1  14
26  62  1  24
27  62  1  47
28  62  1  75
29  62  1  54
30  62  1  18
1  63  1  85
2  63  1  27
3  63  1  24
4  63  1  73
5  63  1  25
6  63  1  36
7  63  1  12
8  63  1  13
9  63  1  26
10  63  1  21
11  63  1  62
12  63  1  34
13  63  1  28
14  63  1  75
15  63  1  49
16  63  1  77
17  63  1  28
18  63  1  10
19  63  1  19
20  63  1  27
21  63  1  60
22  63  1  19
23  63  1  50
24  63  1  20
25  63  1  39
26  63  1  21
27  63  1  53
28  63  1  76
29  63  1  37
30  63  1  51
1  64  1  53
2  64  1  17
3  64  1  57
4  64  1  29
5  64  1  65
6  64  1  32
7  64  1  49
8  64  1  46
9  64  1  66
10  64  1  71
11  64  1  69
12  64  1  26
13  64  1  74
14  64  1  60
15  64  1  50
16  64  1  31
17  64  1  74
18  64  1  38
19  64  1  66
20  64  1  23
21  64  1  60
22  64  1  37
23  64  1  82
24  64  1  21
25  64  1  61
26  64  1  27
27  64  1  11
28  64  1  36
29  64  1  32
30  64  1  29
1  65  1  21
2  65  1  22
3  65  1  30
4  65  1  64
5  65  1  56
6  65  1  84
7  65  1  51
8  65  1  57
9  65  1  61
10  65  1  39
11  65  1  26
12  65  1  71
13  65  1  53
14  65  1  45
15  65  1  10
16  65  1  64
17  65  1  88
18  65  1  17
19  65  1  53
20  65  1  58
21  65  1  35
22  65  1  84
23  65  1  58
24  65  1  58
25  65  1  24
26  65  1  24
27  65  1  32
28  65  1  10
29  65  1  63
30  65  1  69
1  66  1  90
2  66  1  57
3  66  1  23
4  66  1  16
5  66  1  61
6  66  1  81
7  66  1  72
8  66  1  44
9  66  1  59
10  66  1  68
11  66  1  14
12  66  1  32
13  66  1  79
14  66  1  28
15  66  1  25
16  66  1  83
17  66  1  33
18  66  1  25
19  66  1  25
20  66  1  70
21  66  1  65
22  66  1  52
23  66  1  86
24  66  1  30
25  66  1  38
26  66  1  89
27  66  1  41
28  66  1  59
29  66  1  36
30  66  1  18
1  67  1  46
2  67  1  66
3  67  1  24
4  67  1  31
5  67  1  41
6  67  1  13
7  67  1  15
8  67  1  27
9  67  1  48
10  67  1  74
11  67  1  64
12  67  1  73
13  67  1  66
14  67  1  82
15  67  1  42
16  67  1  49
17  67  1  85
18  67  1  56
19  67  1  31
20  67  1  72
21  67  1  45
22  67  1  75
23  67  1  61
24  67  1  78
25  67  1  35
26  67  1  17
27  67  1  80
28  67  1  69
29  67  1  90
30  67  1  72
1  68  1  21
2  68  1  77
3  68  1  23
4  68  1  85
5  68  1  64
6  68  1  61
7  68  1  21
8  68  1  17
9  68  1  45
10  68  1  81
11  68  1  51
12  68  1  77
13  68  1  66
14  68  1  37
15  68  1  41
16  68  1  72
17  68  1  85
18  68  1  89
19  68  1  68
20  68  1  21
21  68  1  78
22  68  1  58
23  68  1  71
24  68  1  12
25  68  1  60
26  68  1  14
27  68  1  54
28  68  1  43
29  68  1  52
30  68  1  22
1  69  1  11
2  69  1  29
3  69  1  90
4  69  1  79
5  69  1  43
6  69  1  20
7  69  1  69
8  69  1  56
9  69  1  31
10  69  1  38
11  69  1  38
12  69  1  90
13  69  1  84
14  69  1  72
15  69  1  65
16  69  1  61
17  69  1  55
18  69  1  25
19  69  1  80
20  69  1  30
21  69  1  13
22  69  1  13
23  69  1  84
24  69  1  66
25  69  1  30
26  69  1  63
27  69  1  79
28  69  1  39
29  69  1  85
30  69  1  75
1  70  1  60
2  70  1  61
3  70  1  85
4  70  1  77
5  70  1  17
6  70  1  48
7  70  1  28
8  70  1  24
9  70  1  56
10  70  1  16
11  70  1  28
12  70  1  76
13  70  1  20
14  70  1  47
15  70  1  90
16  70  1  52
17  70  1  37
18  70  1  80
19  70  1  79
20  70  1  62
21  70  1  60
22  70  1  30
23  70  1  54
24  70  1  83
25  70  1  62
26  70  1  76
27  70  1  13
28  70  1  79
29  70  1  51
30  70  1  23
1  71  1  12
2  71  1  26
3  71  1  50
4  71  1  81
5  71  1  46
6  71  1  80
7  71  1  77
8  71  1  25
9  71  1  81
10  71  1  10
11  71  1  20
12  71  1  82
13  71  1  11
14  71  1  46
15  71  1  60
16  71  1  13
17  71  1  22
18  71  1  77
19  71  1  27
20  71  1  35
21  71  1  68
22  71  1  43
23  71  1  47
24  71  1  30
25  71  1  86
26  71  1  42
27  71  1  11
28  71  1  90
29  71  1  89
30  71  1  17
1  72  1  29
2  72  1  88
3  72  1  86
4  72  1  45
5  72  1  87
6  72  1  11
7  72  1  57
8  72  1  14
9  72  1  34
10  72  1  48
11  72  1  56
12  72  1  54
13  72  1  40
14  72  1  27
15  72  1  12
16  72  1  12
17  72  1  85
18  72  1  40
19  72  1  78
20  72  1  77
21  72  1  29
22  72  1  75
23  72  1  62
24  72  1  89
25  72  1  53
26  72  1  69
27  72  1  67
28  72  1  83
29  72  1  69
30  72  1  25
1  73  1  66
2  73  1  56
3  73  1  62
4  73  1  56
5  73  1  67
6  73  1  14
7  73  1  61
8  73  1  52
9  73  1  14
10  73  1  76
11  73  1  35
12  73  1  32
13  73  1  65
14  73  1  47
15  73  1  81
16  73  1  59
17  73  1  48
18  73  1  15
19  73  1  56
20  73  1  62
21  73  1  40
22  73  1  31
23  73  1  48
24  73  1  82
25  73  1  75
26  73  1  32
27  73  1  43
28  73  1  68
29  73  1  10
30  73  1  47
1  74  1  81
2  74  1  84
3  74  1  44
4  74  1  26
5  74  1  19
6  74  1  24
7  74  1  11
8  74  1  43
9  74  1  88
10  74  1  61
11  74  1  36
12  74  1  42
13  74  1  20
14  74  1  89
15  74  1  33
16  74  1  45
17  74  1  16
18  74  1  90
19  74  1  45
20  74  1  24
21  74  1  20
22  74  1  72
23  74  1  50
24  74  1  29
25  74  1  40
26  74  1  10
27  74  1  53
28  74  1  58
29  74  1  87
30  74  1  69
1  75  1  67
2  75  1  84
3  75  1  77
4  75  1  35
5  75  1  71
6  75  1  84
7  75  1  43
8  75  1  46
9  75  1  27
10  75  1  57
11  75  1  37
12  75  1  81
13  75  1  12
14  75  1  38
15  75  1  52
16  75  1  82
17  75  1  56
18  75  1  36
19  75  1  25
20  75  1  83
21  75  1  24
22  75  1  21
23  75  1  16
24  75  1  71
25  75  1  45
26  75  1  40
27  75  1  37
28  75  1  10
29  75  1  48
30  75  1  77
1  76  1  79
2  76  1  34
3  76  1  69
4  76  1  47
5  76  1  37
6  76  1  49
7  76  1  87
8  76  1  55
9  76  1  69
10  76  1  57
11  76  1  35
12  76  1  43
13  76  1  49
14  76  1  38
15  76  1  20
16  76  1  63
17  76  1  46
18  76  1  12
19  76  1  78
20  76  1  44
21  76  1  34
22  76  1  89
23  76  1  49
24  76  1  88
25  76  1  43
26  76  1  18
27  76  1  85
28  76  1  32
29  76  1  85
30  76  1  17
1  77  1  67
2  77  1  39
3  77  1  46
4  77  1  52
5  77  1  37
6  77  1  55
7  77  1  33
8  77  1  45
9  77  1  16
10  77  1  89
11  77  1  16
12  77  1  81
13  77  1  74
14  77  1  87
15  77  1  13
16  77  1  70
17  77  1  79
18  77  1  19
19  77  1  30
20  77  1  61
21  77  1  16
22  77  1  12
23  77  1  22
24  77  1  31
25  77  1  42
26  77  1  24
27  77  1  29
28  77  1  39
29  77  1  63
30  77  1  70
1  78  1  80
2  78  1  56
3  78  1  54
4  78  1  10
5  78  1  68
6  78  1  67
7  78  1  79
8  78  1  12
9  78  1  53
10  78  1  87
11  78  1  15
12  78  1  46
13  78  1  31
14  78  1  65
15  78  1  16
16  78  1  81
17  78  1  12
18  78  1  73
19  78  1  88
20  78  1  66
21  78  1  23
22  78  1  57
23  78  1  61
24  78  1  70
25  78  1  45
26  78  1  15
27  78  1  74
28  78  1  26
29  78  1  51
30  78  1  11
1  79  1  88
2  79  1  60
3  79  1  59
4  79  1  45
5  79  1  11
6  79  1  88
7  79  1  76
8  79  1  74
9  79  1  36
10  79  1  78
11  79  1  47
12  79  1  48
13  79  1  60
14  79  1  12
15  79  1  71
16  79  1  88
17  79  1  31
18  79  1  82
19  79  1  89
20  79  1  49
21  79  1  75
22  79  1  40
23  79  1  37
24  79  1  56
25  79  1  42
26  79  1  32
27  79  1  43
28  79  1  30
29  79  1  43
30  79  1  16
1  80  1  87
2  80  1  47
3  80  1  69
4  80  1  83
5  80  1  32
6  80  1  10
7  80  1  56
8  80  1  75
9  80  1  33
10  80  1  10
11  80  1  23
12  80  1  33
13  80  1  34
14  80  1  86
15  80  1  22
16  80  1  11
17  80  1  48
18  80  1  12
19  80  1  81
20  80  1  52
21  80  1  75
22  80  1  65
23  80  1  29
24  80  1  90
25  80  1  61
26  80  1  16
27  80  1  31
28  80  1  70
29  80  1  25
30  80  1  44
1  81  1  38
2  81  1  43
3  81  1  32
4  81  1  50
5  81  1  51
6  81  1  88
7  81  1  73
8  81  1  26
9  81  1  29
10  81  1  13
11  81  1  77
12  81  1  56
13  81  1  70
14  81  1  16
15  81  1  45
16  81  1  65
17  81  1  85
18  81  1  24
19  81  1  51
20  81  1  76
21  81  1  48
22  81  1  22
23  81  1  65
24  81  1  40
25  81  1  51
26  81  1  81
27  81  1  58
28  81  1  33
29  81  1  87
30  81  1  19
1  82  1  20
2  82  1  84
3  82  1  34
4  82  1  57
5  82  1  82
6  82  1  15
7  82  1  66
8  82  1  34
9  82  1  27
10  82  1  32
11  82  1  79
12  82  1  38
13  82  1  85
14  82  1  43
15  82  1  84
16  82  1  85
17  82  1  41
18  82  1  65
19  82  1  10
20  82  1  30
21  82  1  54
22  82  1  14
23  82  1  25
24  82  1  32
25  82  1  31
26  82  1  39
27  82  1  58
28  82  1  77
29  82  1  61
30  82  1  65
1  83  1  56
2  83  1  81
3  83  1  86
4  83  1  25
5  83  1  73
6  83  1  14
7  83  1  14
8  83  1  19
9  83  1  53
10  83  1  78
11  83  1  78
12  83  1  53
13  83  1  10
14  83  1  29
15  83  1  53
16  83  1  73
17  83  1  11
18  83  1  15
19  83  1  51
20  83  1  30
21  83  1  43
22  83  1  54
23  83  1  79
24  83  1  38
25  83  1  32
26  83  1  23
27  83  1  19
28  83  1  21
29  83  1  68
30  83  1  43
1  84  1  65
2  84  1  22
3  84  1  32
4  84  1  28
5  84  1  67
6  84  1  84
7  84  1  44
8  84  1  19
9  84  1  89
10  84  1  47
11  84  1  74
12  84  1  64
13  84  1  90
14  84  1  22
15  84  1  82
16  84  1  50
17  84  1  17
18  84  1  19
19  84  1  15
20  84  1  52
21  84  1  60
22  84  1  13
23  84  1  62
24  84  1  51
25  84  1  71
26  84  1  71
27  84  1  87
28  84  1  51
29  84  1  13
30  84  1  26
1  85  1  70
2  85  1  33
3  85  1  86
4  85  1  57
5  85  1  68
6  85  1  31
7  85  1  90
8  85  1  53
9  85  1  42
10  85  1  71
11  85  1  30
12  85  1  90
13  85  1  83
14  85  1  62
15  85  1  46
16  85  1  71
17  85  1  45
18  85  1  29
19  85  1  43
20  85  1  42
21  85  1  55
22  85  1  49
23  85  1  79
24  85  1  81
25  85  1  64
26  85  1  63
27  85  1  43
28  85  1  90
29  85  1  73
30  85  1  48
1  86  1  78
2  86  1  22
3  86  1  78
4  86  1  85
5  86  1  45
6  86  1  44
7  86  1  10
8  86  1  86
9  86  1  71
10  86  1  22
11  86  1  64
12  86  1  65
13  86  1  43
14  86  1  72
15  86  1  32
16  86  1  51
17  86  1  53
18  86  1  67
19  86  1  50
20  86  1  35
21  86  1  60
22  86  1  42
23  86  1  40
24  86  1  14
25  86  1  84
26  86  1  58
27  86  1  65
28  86  1  25
29  86  1  23
30  86  1  52
1  87  1  35
2  87  1  58
3  87  1  12
4  87  1  23
5  87  1  21
6  87  1  39
7  87  1  71
8  87  1  24
9  87  1  76
10  87  1  35
11  87  1  72
12  87  1  49
13  87  1  11
14  87  1  53
15  87  1  23
16  87  1  70
17  87  1  77
18  87  1  70
19  87  1  41
20  87  1  41
21  87  1  79
22  87  1  43
23  87  1  13
24  87  1  20
25  87  1  48
26  87  1  78
27  87  1  53
28  87  1  79
29  87  1  73
30  87  1  21
1  88  1  28
2  88  1  22
3  88  1  11
4  88  1  28
5  88  1  90
6  88  1  25
7  88  1  71
8  88  1  80
9  88  1  24
10  88  1  55
11  88  1  77
12  88  1  56
13  88  1  16
14  88  1  67
15  88  1  57
16  88  1  40
17  88  1  72
18  88  1  24
19  88  1  77
20  88  1  90
21  88  1  47
22  88  1  68
23  88  1  46
24  88  1  14
25  88  1  90
26  88  1  28
27  88  1  69
28  88  1  15
29  88  1  60
30  88  1  66
1  89  1  12
2  89  1  70
3  89  1  62
4  89  1  51
5  89  1  85
6  89  1  19
7  89  1  24
8  89  1  41
9  89  1  26
10  89  1  21
11  89  1  21
12  89  1  29
13  89  1  72
14  89  1  10
15  89  1  45
16  89  1  24
17  89  1  43
18  89  1  30
19  89  1  28
20  89  1  37
21  89  1  64
22  89  1  89
23  89  1  50
24  89  1  55
25  89  1  83
26  89  1  66
27  89  1  64
28  89  1  21
29  89  1  37
30  89  1  27
1  90  1  48
2  90  1  39
3  90  1  41
4  90  1  44
5  90  1  73
6  90  1  58
7  90  1  44
8  90  1  13
9  90  1  47
10  90  1  78
11  90  1  52
12  90  1  88
13  90  1  34
14  90  1  44
15  90  1  21
16  90  1  48
17  90  1  40
18  90  1  68
19  90  1  57
20  90  1  15
21  90  1  26
22  90  1  75
23  90  1  30
24  90  1  49
25  90  1  22
26  90  1  87
27  90  1  56
28  90  1  41
29  90  1  85
30  90  1  61
1  91  1  79
2  91  1  51
3  91  1  31
4  91  1  69
5  91  1  58
6  91  1  25
7  91  1  53
8  91  1  46
9  91  1  75
10  91  1  68
11  91  1  73
12  91  1  29
13  91  1  61
14  91  1  41
15  91  1  43
16  91  1  20
17  91  1  40
18  91  1  88
19  91  1  87
20  91  1  64
21  91  1  30
22  91  1  14
23  91  1  50
24  91  1  21
25  91  1  70
26  91  1  22
27  91  1  56
28  91  1  10
29  91  1  75
30  91  1  11
1  92  1  83
2  92  1  25
3  92  1  75
4  92  1  45
5  92  1  36
6  92  1  76
7  92  1  27
8  92  1  71
9  92  1  66
10  92  1  17
11  92  1  87
12  92  1  72
13  92  1  19
14  92  1  22
15  92  1  13
16  92  1  22
17  92  1  17
18  92  1  75
19  92  1  50
20  92  1  38
21  92  1  18
22  92  1  15
23  92  1  85
24  92  1  57
25  92  1  26
26  92  1  76
27  92  1  85
28  92  1  10
29  92  1  24
30  92  1  31
1  93  1  82
2  93  1  23
3  93  1  62
4  93  1  31
5  93  1  11
6  93  1  65
7  93  1  80
8  93  1  70
9  93  1  33
10  93  1  45
11  93  1  26
12  93  1  55
13  93  1  37
14  93  1  86
15  93  1  24
16  93  1  73
17  93  1  67
18  93  1  45
19  93  1  35
20  93  1  14
21  93  1  47
22  93  1  55
23  93  1  51
24  93  1  31
25  93  1  75
26  93  1  63
27  93  1  43
28  93  1  67
29  93  1  82
30  93  1  13
1  94  1  50
2  94  1  56
3  94  1  46
4  94  1  42
5  94  1  20
6  94  1  53
7  94  1  57
8  94  1  86
9  94  1  89
10  94  1  85
11  94  1  37
12  94  1  77
13  94  1  60
14  94  1  76
15  94  1  22
16  94  1  37
17  94  1  74
18  94  1  74
19  94  1  55
20  94  1  11
21  94  1  15
22  94  1  12
23  94  1  90
24  94  1  90
25  94  1  42
26  94  1  25
27  94  1  32
28  94  1  54
29  94  1  63
30  94  1  35
1  95  1  76
2  95  1  58
3  95  1  82
4  95  1  37
5  95  1  87
6  95  1  34
7  95  1  11
8  95  1  36
9  95  1  45
10  95  1  83
11  95  1  55
12  95  1  49
13  95  1  57
14  95  1  23
15  95  1  14
16  95  1  89
17  95  1  40
18  95  1  77
19  95  1  12
20  95  1  47
21  95  1  63
22  95  1  44
23  95  1  70
24  95  1  12
25  95  1  68
26  95  1  70
27  95  1  55
28  95  1  44
29  95  1  12
30  95  1  66
1  96  1  46
2  96  1  51
3  96  1  54
4  96  1  31
5  96  1  33
6  96  1  41
7  96  1  52
8  96  1  35
9  96  1  68
10  96  1  73
11  96  1  18
12  96  1  34
13  96  1  22
14  96  1  59
15  96  1  36
16  96  1  52
17  96  1  13
18  96  1  59
19  96  1  67
20  96  1  23
21  96  1  47
22  96  1  23
23  96  1  87
24  96  1  55
25  96  1  52
26  96  1  14
27  96  1  30
28  96  1  52
29  96  1  46
30  96  1  77
1  97  1  30
2  97  1  15
3  97  1  41
4  97  1  68
5  97  1  90
6  97  1  27
7  97  1  86
8  97  1  56
9  97  1  81
10  97  1  25
11  97  1  55
12  97  1  53
13  97  1  61
14  97  1  65
15  97  1  77
16  97  1  28
17  97  1  80
18  97  1  89
19  97  1  50
20  97  1  12
21  97  1  76
22  97  1  16
23  97  1  51
24  97  1  25
25  97  1  56
26  97  1  27
27  97  1  61
28  97  1  31
29  97  1  23
30  97  1  71
1  98  1  76
2  98  1  56
3  98  1  62
4  98  1  71
5  98  1  78
6  98  1  22
7  98  1  69
8  98  1  29
9  98  1  70
10  98  1  88
11  98  1  47
12  98  1  20
13  98  1  28
14  98  1  17
15  98  1  12
16  98  1  81
17  98  1  71
18  98  1  87
19  98  1  14
20  98  1  73
21  98  1  70
22  98  1  28
23  98  1  42
24  98  1  78
25  98  1  68
26  98  1  42
27  98  1  67
28  98  1  83
29  98  1  26
30  98  1  88
1  99  1  88
2  99  1  84
3  99  1  44
4  99  1  49
5  99  1  12
6  99  1  68
7  99  1  20
8  99  1  47
9  99  1  78
10  99  1  74
11  99  1  21
12  99  1  34
13  99  1  63
14  99  1  28
15  99  1  30
16  99  1  88
17  99  1  75
18  99  1  85
19  99  1  14
20  99  1  21
21  99  1  46
22  99  1  27
23  99  1  77
24  99  1  32
25  99  1  47
26  99  1  64
27  99  1  57
28  99  1  67
29  99  1  49
30  99  1  90
1  100  1  11
2  100  1  54
3  100  1  79
4  100  1  30
5  100  1  25
6  100  1  14
7  100  1  22
8  100  1  69
9  100  1  32
10  100  1  85
11  100  1  69
12  100  1  62
13  100  1  63
14  100  1  57
15  100  1  57
16  100  1  45
17  100  1  77
18  100  1  31
19  100  1  28
20  100  1  52
21  100  1  89
22  100  1  28
23  100  1  36
24  100  1  89
25  100  1  79
26  100  1  39
27  100  1  32
28  100  1  39
29  100  1  53
30  100  1  44
1  1  2  25.79
2  1  2  62.83
3  1  2  37.66
4  1  2  20.97
5  1  2  29.88
6  1  2  41.54
7  1  2  40.62
8  1  2  10.58
9  1  2  39.72
10  1  2  24.67
11  1  2  24.74
12  1  2  22.80
13  1  2  5.73
14  1  2  46.00
15  1  2  2.45
16  1  2  28.52
17  1  2  23.89
18  1  2  19.07
19  1  2  15.71
20  1  2  7.08
21  1  2  37.80
22  1  2  12.36
23  1  2  17.97
24  1  2  11.57
25  1  2  61.23
26  1  2  25.20
27  1  2  15.91
28  1  2  9.70
29  1  2  4.42
30  1  2  33.00
1  2  2  59.25
2  2  2  35.15
3  2  2  15.56
4  2  2  22.87
5  2  2  6.63
6  2  2  21.66
7  2  2  29.63
8  2  2  46.45
9  2  2  43.48
10  2  2  8.07
11  2  2  35.66
12  2  2  27.06
13  2  2  24.42
14  2  2  36.47
15  2  2  45.26
16  2  2  26.61
17  2  2  51.32
18  2  2  35.84
19  2  2  12.29
20  2  2  36.52
21  2  2  15.29
22  2  2  20.71
23  2  2  32.35
24  2  2  35.05
25  2  2  20.15
26  2  2  20.87
27  2  2  16.94
28  2  2  4.83
29  2  2  9.74
30  2  2  20.82
1  3  2  22.32
2  3  2  12.66
3  3  2  30.95
4  3  2  11.26
5  3  2  15.89
6  3  2  28.94
7  3  2  60.38
8  3  2  31.77
9  3  2  4.38
10  3  2  52.97
11  3  2  32.44
12  3  2  34.10
13  3  2  36.61
14  3  2  30.33
15  3  2  20.53
16  3  2  11.21
17  3  2  21.58
18  3  2  16.83
19  3  2  18.36
20  3  2  49.58
21  3  2  13.88
22  3  2  43.64
23  3  2  14.68
24  3  2  22.78
25  3  2  24.04
26  3  2  10.29
27  3  2  27.85
28  3  2  6.66
29  3  2  21.68
30  3  2  4.97
1  4  2  43.95
2  4  2  3.66
3  4  2  45.48
4  4  2  10.13
5  4  2  11.85
6  4  2  31.14
7  4  2  28.63
8  4  2  31.39
9  4  2  11.02
10  4  2  25.39
11  4  2  6.88
12  4  2  14.78
13  4  2  10.46
14  4  2  10.82
15  4  2  24.81
16  4  2  42.06
17  4  2  7.44
18  4  2  19.61
19  4  2  43.87
20  4  2  26.31
21  4  2  9.10
22  4  2  13.90
23  4  2  42.28
24  4  2  15.29
25  4  2  18.39
26  4  2  21.68
27  4  2  40.66
28  4  2  27.47
29  4  2  10.77
30  4  2  8.04
1  5  2  18.03
2  5  2  31.14
3  5  2  16.14
4  5  2  49.55
5  5  2  37.73
6  5  2  52.02
7  5  2  7.75
8  5  2  33.86
9  5  2  26.31
10  5  2  2.91
11  5  2  24.32
12  5  2  35.16
13  5  2  28.49
14  5  2  24.90
15  5  2  23.77
16  5  2  5.84
17  5  2  33.09
18  5  2  34.93
19  5  2  20.40
20  5  2  42.36
21  5  2  20.29
22  5  2  31.15
23  5  2  20.43
24  5  2  20.69
25  5  2  16.46
26  5  2  5.33
27  5  2  4.27
28  5  2  33.10
29  5  2  11.79
30  5  2  30.74
1  6  2  21.58
2  6  2  57.03
3  6  2  32.50
4  6  2  15.69
5  6  2  3.84
6  6  2  6.53
7  6  2  30.79
8  6  2  22.43
9  6  2  32.26
10  6  2  11.09
11  6  2  41.81
12  6  2  22.70
13  6  2  27.88
14  6  2  23.93
15  6  2  30.52
16  6  2  24.24
17  6  2  19.17
18  6  2  23.03
19  6  2  19.92
20  6  2  7.37
21  6  2  33.57
22  6  2  44.65
23  6  2  34.70
24  6  2  15.20
25  6  2  23.80
26  6  2  12.13
27  6  2  5.83
28  6  2  32.21
29  6  2  14.05
30  6  2  14.95
1  7  2  19.89
2  7  2  19.88
3  7  2  9.39
4  7  2  29.94
5  7  2  12.61
6  7  2  67.28
7  7  2  6.38
8  7  2  43.83
9  7  2  31.15
10  7  2  22.59
11  7  2  7.69
12  7  2  36.01
13  7  2  58.30
14  7  2  6.67
15  7  2  9.39
16  7  2  20.43
17  7  2  54.88
18  7  2  24.38
19  7  2  47.58
20  7  2  24.14
21  7  2  18.60
22  7  2  22.27
23  7  2  8.73
24  7  2  7.58
25  7  2  25.31
26  7  2  24.94
27  7  2  12.30
28  7  2  41.01
29  7  2  17.86
30  7  2  24.20
1  8  2  13.70
2  8  2  18.03
3  8  2  8.43
4  8  2  19.22
5  8  2  44.11
6  8  2  7.13
7  8  2  12.32
8  8  2  19.45
9  8  2  19.81
10  8  2  6.37
11  8  2  5.48
12  8  2  7.98
13  8  2  53.83
14  8  2  32.25
15  8  2  7.18
16  8  2  24.75
17  8  2  12.69
18  8  2  20.75
19  8  2  38.26
20  8  2  14.79
21  8  2  7.94
22  8  2  55.91
23  8  2  52.94
24  8  2  2.81
25  8  2  33.47
26  8  2  17.75
27  8  2  10.80
28  8  2  9.43
29  8  2  9.89
30  8  2  40.05
1  9  2  64.00
2  9  2  16.83
3  9  2  2.61
4  9  2  23.33
5  9  2  21.44
6  9  2  49.34
7  9  2  27.64
8  9  2  18.58
9  9  2  28.87
10  9  2  18.58
11  9  2  13.63
12  9  2  45.56
13  9  2  42.75
14  9  2  42.03
15  9  2  8.55
16  9  2  28.58
17  9  2  46.05
18  9  2  19.76
19  9  2  31.74
20  9  2  32.05
21  9  2  10.17
22  9  2  37.13
23  9  2  8.08
24  9  2  6.12
25  9  2  36.75
26  9  2  28.91
27  9  2  20.42
28  9  2  46.27
29  9  2  21.70
30  9  2  45.89
1  10  2  18.06
2  10  2  4.38
3  10  2  4.46
4  10  2  3.36
5  10  2  10.06
6  10  2  23.02
7  10  2  10.76
8  10  2  49.33
9  10  2  13.35
10  10  2  27.19
11  10  2  7.05
12  10  2  22.83
13  10  2  8.93
14  10  2  14.08
15  10  2  20.28
16  10  2  32.42
17  10  2  31.15
18  10  2  49.19
19  10  2  38.61
20  10  2  31.80
21  10  2  12.39
22  10  2  5.08
23  10  2  38.45
24  10  2  40.29
25  10  2  48.10
26  10  2  30.35
27  10  2  10.02
28  10  2  38.57
29  10  2  7.23
30  10  2  6.38
1  11  2  20.70
2  11  2  55.94
3  11  2  19.18
4  11  2  38.38
5  11  2  41.63
6  11  2  19.82
7  11  2  37.17
8  11  2  12.72
9  11  2  16.78
10  11  2  44.74
11  11  2  15.02
12  11  2  37.08
13  11  2  41.24
14  11  2  62.38
15  11  2  50.57
16  11  2  25.44
17  11  2  5.05
18  11  2  32.05
19  11  2  5.07
20  11  2  15.56
21  11  2  8.43
22  11  2  21.05
23  11  2  52.82
24  11  2  19.23
25  11  2  6.63
26  11  2  10.43
27  11  2  51.82
28  11  2  18.65
29  11  2  51.45
30  11  2  22.33
1  12  2  7.45
2  12  2  22.66
3  12  2  19.13
4  12  2  10.03
5  12  2  6.39
6  12  2  18.20
7  12  2  11.36
8  12  2  37.26
9  12  2  29.69
10  12  2  15.71
11  12  2  34.02
12  12  2  50.60
13  12  2  15.91
14  12  2  12.43
15  12  2  21.25
16  12  2  20.03
17  12  2  21.38
18  12  2  9.23
19  12  2  20.57
20  12  2  16.02
21  12  2  11.88
22  12  2  40.78
23  12  2  20.81
24  12  2  28.52
25  12  2  20.36
26  12  2  41.08
27  12  2  34.97
28  12  2  16.99
29  12  2  7.68
30  12  2  8.31
1  13  2  8.39
2  13  2  54.41
3  13  2  30.39
4  13  2  17.04
5  13  2  6.90
6  13  2  27.66
7  13  2  9.91
8  13  2  13.47
9  13  2  27.67
10  13  2  30.14
11  13  2  14.81
12  13  2  61.93
13  13  2  9.90
14  13  2  59.81
15  13  2  12.13
16  13  2  9.60
17  13  2  43.57
18  13  2  52.44
19  13  2  33.99
20  13  2  34.81
21  13  2  8.91
22  13  2  17.93
23  13  2  7.68
24  13  2  17.93
25  13  2  28.65
26  13  2  11.40
27  13  2  28.52
28  13  2  6.80
29  13  2  17.09
30  13  2  15.91
1  14  2  16.80
2  14  2  15.96
3  14  2  18.06
4  14  2  27.82
5  14  2  35.87
6  14  2  63.97
7  14  2  5.76
8  14  2  22.27
9  14  2  17.42
10  14  2  11.12
11  14  2  24.01
12  14  2  7.99
13  14  2  18.72
14  14  2  22.64
15  14  2  29.04
16  14  2  51.16
17  14  2  33.72
18  14  2  38.25
19  14  2  16.70
20  14  2  44.86
21  14  2  14.00
22  14  2  43.56
23  14  2  15.62
24  14  2  23.22
25  14  2  26.20
26  14  2  60.75
27  14  2  49.61
28  14  2  40.50
29  14  2  22.45
30  14  2  16.03
1  15  2  32.94
2  15  2  21.11
3  15  2  21.83
4  15  2  14.50
5  15  2  12.99
6  15  2  12.29
7  15  2  6.85
8  15  2  27.45
9  15  2  22.55
10  15  2  5.68
11  15  2  12.27
12  15  2  6.83
13  15  2  44.26
14  15  2  3.53
15  15  2  18.89
16  15  2  16.75
17  15  2  13.14
18  15  2  12.68
19  15  2  14.67
20  15  2  8.32
21  15  2  60.39
22  15  2  23.29
23  15  2  12.15
24  15  2  19.40
25  15  2  28.03
26  15  2  17.50
27  15  2  24.77
28  15  2  36.35
29  15  2  37.02
30  15  2  12.59
1  16  2  34.72
2  16  2  16.60
3  16  2  20.11
4  16  2  12.99
5  16  2  27.21
6  16  2  30.78
7  16  2  32.04
8  16  2  15.90
9  16  2  20.53
10  16  2  22.20
11  16  2  44.63
12  16  2  24.64
13  16  2  27.16
14  16  2  3.91
15  16  2  14.63
16  16  2  49.10
17  16  2  23.96
18  16  2  26.83
19  16  2  10.48
20  16  2  15.00
21  16  2  46.48
22  16  2  17.94
23  16  2  27.47
24  16  2  40.46
25  16  2  11.62
26  16  2  11.14
27  16  2  43.24
28  16  2  5.27
29  16  2  26.66
30  16  2  6.81
1  17  2  6.44
2  17  2  9.47
3  17  2  28.01
4  17  2  41.15
5  17  2  24.57
6  17  2  3.19
7  17  2  36.92
8  17  2  25.70
9  17  2  31.87
10  17  2  14.63
11  17  2  20.52
12  17  2  46.00
13  17  2  12.60
14  17  2  48.94
15  17  2  6.44
16  17  2  22.46
17  17  2  10.02
18  17  2  33.71
19  17  2  35.41
20  17  2  8.24
21  17  2  35.89
22  17  2  4.70
23  17  2  19.70
24  17  2  13.92
25  17  2  21.64
26  17  2  45.51
27  17  2  37.79
28  17  2  24.00
29  17  2  16.27
30  17  2  23.94
1  18  2  24.60
2  18  2  27.60
3  18  2  30.75
4  18  2  23.59
5  18  2  43.29
6  18  2  38.19
7  18  2  20.89
8  18  2  40.04
9  18  2  4.06
10  18  2  11.41
11  18  2  36.09
12  18  2  6.84
13  18  2  4.87
14  18  2  45.71
15  18  2  50.87
16  18  2  46.01
17  18  2  15.81
18  18  2  11.53
19  18  2  19.86
20  18  2  27.78
21  18  2  19.98
22  18  2  13.83
23  18  2  17.02
24  18  2  8.32
25  18  2  32.71
26  18  2  26.35
27  18  2  9.36
28  18  2  13.64
29  18  2  22.90
30  18  2  24.66
1  19  2  32.79
2  19  2  5.06
3  19  2  24.09
4  19  2  19.51
5  19  2  58.53
6  19  2  27.44
7  19  2  8.78
8  19  2  15.47
9  19  2  61.76
10  19  2  47.59
11  19  2  28.94
12  19  2  36.24
13  19  2  22.79
14  19  2  12.97
15  19  2  48.12
16  19  2  2.90
17  19  2  24.70
18  19  2  39.92
19  19  2  49.27
20  19  2  32.21
21  19  2  32.86
22  19  2  2.97
23  19  2  19.73
24  19  2  27.37
25  19  2  11.55
26  19  2  15.17
27  19  2  46.44
28  19  2  20.83
29  19  2  5.18
30  19  2  3.89
1  20  2  5.63
2  20  2  18.80
3  20  2  27.82
4  20  2  11.01
5  20  2  14.84
6  20  2  42.46
7  20  2  43.00
8  20  2  23.25
9  20  2  32.91
10  20  2  33.50
11  20  2  37.88
12  20  2  45.66
13  20  2  8.96
14  20  2  16.85
15  20  2  16.12
16  20  2  19.64
17  20  2  15.35
18  20  2  47.74
19  20  2  51.47
20  20  2  6.65
21  20  2  34.52
22  20  2  26.01
23  20  2  48.12
24  20  2  19.32
25  20  2  7.22
26  20  2  10.64
27  20  2  11.07
28  20  2  27.97
29  20  2  16.39
30  20  2  14.60
1  21  2  9.43
2  21  2  59.65
3  21  2  17.73
4  21  2  17.49
5  21  2  27.53
6  21  2  22.62
7  21  2  10.81
8  21  2  15.15
9  21  2  10.70
10  21  2  46.46
11  21  2  16.56
12  21  2  11.01
13  21  2  18.91
14  21  2  12.21
15  21  2  40.93
16  21  2  34.56
17  21  2  29.05
18  21  2  48.85
19  21  2  19.01
20  21  2  15.59
21  21  2  28.36
22  21  2  35.53
23  21  2  4.95
24  21  2  7.62
25  21  2  4.17
26  21  2  47.64
27  21  2  14.75
28  21  2  8.44
29  21  2  14.25
30  21  2  31.40
1  22  2  11.26
2  22  2  28.51
3  22  2  60.29
4  22  2  40.17
5  22  2  15.26
6  22  2  12.74
7  22  2  32.37
8  22  2  52.42
9  22  2  71.43
10  22  2  28.53
11  22  2  35.26
12  22  2  13.44
13  22  2  27.99
14  22  2  44.53
15  22  2  14.37
16  22  2  9.03
17  22  2  27.19
18  22  2  15.73
19  22  2  26.78
20  22  2  35.62
21  22  2  45.07
22  22  2  6.28
23  22  2  22.65
24  22  2  9.82
25  22  2  54.49
26  22  2  8.85
27  22  2  17.12
28  22  2  6.97
29  22  2  16.13
30  22  2  27.41
1  23  2  42.87
2  23  2  41.66
3  23  2  49.91
4  23  2  4.95
5  23  2  13.94
6  23  2  42.18
7  23  2  60.28
8  23  2  20.09
9  23  2  11.84
10  23  2  52.97
11  23  2  26.62
12  23  2  34.34
13  23  2  29.02
14  23  2  18.27
15  23  2  17.75
16  23  2  12.89
17  23  2  31.75
18  23  2  30.98
19  23  2  13.56
20  23  2  22.25
21  23  2  23.65
22  23  2  23.21
23  23  2  30.22
24  23  2  5.23
25  23  2  20.25
26  23  2  33.84
27  23  2  16.06
28  23  2  15.47
29  23  2  16.29
30  23  2  4.23
1  24  2  9.53
2  24  2  20.06
3  24  2  48.56
4  24  2  5.38
5  24  2  39.17
6  24  2  26.77
7  24  2  11.16
8  24  2  8.79
9  24  2  38.18
10  24  2  15.73
11  24  2  12.54
12  24  2  21.80
13  24  2  6.28
14  24  2  37.40
15  24  2  3.70
16  24  2  22.09
17  24  2  12.65
18  24  2  12.92
19  24  2  47.49
20  24  2  17.28
21  24  2  50.34
22  24  2  49.74
23  24  2  29.28
24  24  2  48.57
25  24  2  13.39
26  24  2  15.41
27  24  2  15.44
28  24  2  14.12
29  24  2  16.34
30  24  2  7.64
1  25  2  18.15
2  25  2  56.91
3  25  2  41.72
4  25  2  20.45
5  25  2  14.92
6  25  2  41.86
7  25  2  20.75
8  25  2  30.56
9  25  2  12.85
10  25  2  32.27
11  25  2  49.80
12  25  2  5.14
13  25  2  24.81
14  25  2  34.18
15  25  2  12.74
16  25  2  43.59
17  25  2  45.23
18  25  2  10.81
19  25  2  20.85
20  25  2  11.45
21  25  2  2.97
22  25  2  20.29
23  25  2  55.31
24  25  2  62.88
25  25  2  21.25
26  25  2  17.31
27  25  2  16.37
28  25  2  8.78
29  25  2  27.15
30  25  2  27.33
1  26  2  44.00
2  26  2  5.84
3  26  2  24.74
4  26  2  7.39
5  26  2  27.16
6  26  2  27.23
7  26  2  10.39
8  26  2  33.65
9  26  2  56.69
10  26  2  33.47
11  26  2  37.56
12  26  2  52.10
13  26  2  41.48
14  26  2  30.05
15  26  2  7.82
16  26  2  7.95
17  26  2  7.57
18  26  2  55.56
19  26  2  60.25
20  26  2  5.97
21  26  2  16.69
22  26  2  6.46
23  26  2  10.12
24  26  2  34.92
25  26  2  28.39
26  26  2  10.83
27  26  2  25.32
28  26  2  28.11
29  26  2  5.10
30  26  2  14.42
1  27  2  10.66
2  27  2  8.56
3  27  2  26.91
4  27  2  7.36
5  27  2  31.59
6  27  2  25.24
7  27  2  2.83
8  27  2  7.81
9  27  2  23.77
10  27  2  15.50
11  27  2  49.37
12  27  2  11.25
13  27  2  36.58
14  27  2  15.79
15  27  2  7.40
16  27  2  8.58
17  27  2  13.06
18  27  2  7.77
19  27  2  11.87
20  27  2  35.98
21  27  2  56.42
22  27  2  33.51
23  27  2  18.87
24  27  2  26.85
25  27  2  69.35
26  27  2  20.84
27  27  2  32.15
28  27  2  13.69
29  27  2  57.10
30  27  2  8.35
1  28  2  16.74
2  28  2  70.60
3  28  2  19.12
4  28  2  4.07
5  28  2  41.18
6  28  2  13.49
7  28  2  12.99
8  28  2  15.66
9  28  2  41.31
10  28  2  21.95
11  28  2  26.87
12  28  2  33.25
13  28  2  42.64
14  28  2  16.90
15  28  2  7.51
16  28  2  47.53
17  28  2  48.23
18  28  2  32.55
19  28  2  16.54
20  28  2  46.49
21  28  2  8.42
22  28  2  31.99
23  28  2  3.49
24  28  2  10.17
25  28  2  29.61
26  28  2  10.22
27  28  2  25.50
28  28  2  36.51
29  28  2  6.48
30  28  2  58.25
1  29  2  16.92
2  29  2  55.88
3  29  2  8.28
4  29  2  27.23
5  29  2  46.30
6  29  2  13.49
7  29  2  13.07
8  29  2  7.90
9  29  2  17.17
10  29  2  54.99
11  29  2  18.90
12  29  2  6.67
13  29  2  9.94
14  29  2  25.00
15  29  2  20.87
16  29  2  32.48
17  29  2  20.12
18  29  2  28.16
19  29  2  47.03
20  29  2  40.34
21  29  2  38.25
22  29  2  45.03
23  29  2  26.40
24  29  2  35.43
25  29  2  31.14
26  29  2  6.34
27  29  2  8.81
28  29  2  21.49
29  29  2  11.22
30  29  2  32.77
1  30  2  16.70
2  30  2  16.02
3  30  2  52.30
4  30  2  21.10
5  30  2  23.51
6  30  2  13.41
7  30  2  6.60
8  30  2  28.72
9  30  2  23.60
10  30  2  44.15
11  30  2  40.64
12  30  2  49.00
13  30  2  55.25
14  30  2  49.92
15  30  2  21.21
16  30  2  17.82
17  30  2  28.55
18  30  2  49.28
19  30  2  21.34
20  30  2  17.41
21  30  2  38.05
22  30  2  19.27
23  30  2  29.64
24  30  2  22.79
25  30  2  23.81
26  30  2  64.72
27  30  2  13.30
28  30  2  36.59
29  30  2  14.79
30  30  2  36.75
1  31  2  15.39
2  31  2  33.47
3  31  2  24.43
4  31  2  37.90
5  31  2  25.78
6  31  2  35.94
7  31  2  7.83
8  31  2  33.33
9  31  2  21.03
10  31  2  39.03
11  31  2  14.00
12  31  2  22.83
13  31  2  44.26
14  31  2  21.18
15  31  2  27.38
16  31  2  45.49
17  31  2  29.43
18  31  2  21.75
19  31  2  17.42
20  31  2  33.03
21  31  2  24.29
22  31  2  21.53
23  31  2  34.49
24  31  2  62.61
25  31  2  21.72
26  31  2  56.08
27  31  2  12.51
28  31  2  55.38
29  31  2  20.23
30  31  2  11.97
1  32  2  26.85
2  32  2  25.77
3  32  2  32.90
4  32  2  25.33
5  32  2  49.21
6  32  2  30.91
7  32  2  15.40
8  32  2  18.05
9  32  2  8.03
10  32  2  41.65
11  32  2  3.87
12  32  2  19.75
13  32  2  31.04
14  32  2  34.75
15  32  2  22.63
16  32  2  64.63
17  32  2  48.00
18  32  2  21.67
19  32  2  18.18
20  32  2  40.81
21  32  2  23.73
22  32  2  27.31
23  32  2  12.66
24  32  2  9.32
25  32  2  19.35
26  32  2  42.20
27  32  2  33.26
28  32  2  3.95
29  32  2  15.74
30  32  2  18.61
1  33  2  8.54
2  33  2  9.70
3  33  2  15.32
4  33  2  27.73
5  33  2  17.65
6  33  2  18.25
7  33  2  35.80
8  33  2  45.28
9  33  2  16.24
10  33  2  22.73
11  33  2  17.11
12  33  2  63.18
13  33  2  54.54
14  33  2  29.85
15  33  2  48.31
16  33  2  10.73
17  33  2  18.99
18  33  2  24.59
19  33  2  21.13
20  33  2  34.36
21  33  2  6.19
22  33  2  7.05
23  33  2  40.11
24  33  2  38.24
25  33  2  21.28
26  33  2  39.61
27  33  2  16.05
28  33  2  5.75
29  33  2  46.40
30  33  2  10.17
1  34  2  38.70
2  34  2  40.45
3  34  2  5.38
4  34  2  7.69
5  34  2  50.44
6  34  2  14.70
7  34  2  33.90
8  34  2  68.86
9  34  2  41.67
10  34  2  27.39
11  34  2  25.12
12  34  2  31.18
13  34  2  29.14
14  34  2  22.96
15  34  2  59.39
16  34  2  18.27
17  34  2  33.73
18  34  2  5.49
19  34  2  34.50
20  34  2  14.93
21  34  2  58.03
22  34  2  53.75
23  34  2  36.81
24  34  2  8.45
25  34  2  16.27
26  34  2  45.15
27  34  2  7.70
28  34  2  34.90
29  34  2  4.84
30  34  2  19.49
1  35  2  10.86
2  35  2  31.24
3  35  2  24.83
4  35  2  27.01
5  35  2  13.24
6  35  2  4.54
7  35  2  7.76
8  35  2  34.77
9  35  2  22.86
10  35  2  21.87
11  35  2  34.67
12  35  2  14.85
13  35  2  27.08
14  35  2  11.99
15  35  2  34.16
16  35  2  16.98
17  35  2  37.98
18  35  2  22.19
19  35  2  64.16
20  35  2  38.49
21  35  2  15.57
22  35  2  5.09
23  35  2  42.41
24  35  2  13.76
25  35  2  15.97
26  35  2  16.99
27  35  2  43.92
28  35  2  8.84
29  35  2  33.87
30  35  2  4.72
1  36  2  38.84
2  36  2  8.75
3  36  2  4.26
4  36  2  12.68
5  36  2  23.95
6  36  2  20.16
7  36  2  5.88
8  36  2  22.75
9  36  2  17.82
10  36  2  18.34
11  36  2  4.01
12  36  2  10.86
13  36  2  45.08
14  36  2  15.59
15  36  2  27.96
16  36  2  18.99
17  36  2  33.57
18  36  2  45.11
19  36  2  57.86
20  36  2  31.44
21  36  2  34.05
22  36  2  36.47
23  36  2  58.74
24  36  2  61.03
25  36  2  20.01
26  36  2  8.81
27  36  2  42.47
28  36  2  7.39
29  36  2  49.51
30  36  2  66.59
1  37  2  41.69
2  37  2  28.14
3  37  2  48.35
4  37  2  27.06
5  37  2  20.46
6  37  2  15.65
7  37  2  14.23
8  37  2  51.52
9  37  2  14.76
10  37  2  50.56
11  37  2  16.69
12  37  2  18.62
13  37  2  16.78
14  37  2  24.79
15  37  2  23.83
16  37  2  6.85
17  37  2  19.12
18  37  2  21.89
19  37  2  4.00
20  37  2  5.10
21  37  2  57.91
22  37  2  9.52
23  37  2  25.11
24  37  2  28.91
25  37  2  21.36
26  37  2  6.92
27  37  2  32.41
28  37  2  15.50
29  37  2  16.82
30  37  2  43.90
1  38  2  56.00
2  38  2  43.46
3  38  2  23.52
4  38  2  8.66
5  38  2  30.93
6  38  2  13.77
7  38  2  3.26
8  38  2  26.83
9  38  2  16.39
10  38  2  22.14
11  38  2  17.92
12  38  2  35.69
13  38  2  21.91
14  38  2  21.34
15  38  2  29.31
16  38  2  19.09
17  38  2  19.33
18  38  2  23.72
19  38  2  31.72
20  38  2  20.39
21  38  2  17.49
22  38  2  20.32
23  38  2  59.39
24  38  2  42.47
25  38  2  36.70
26  38  2  24.64
27  38  2  50.85
28  38  2  18.43
29  38  2  11.23
30  38  2  10.00
1  39  2  30.10
2  39  2  21.89
3  39  2  22.93
4  39  2  52.60
5  39  2  41.61
6  39  2  19.31
7  39  2  32.56
8  39  2  25.25
9  39  2  18.92
10  39  2  14.45
11  39  2  9.30
12  39  2  10.19
13  39  2  34.02
14  39  2  11.76
15  39  2  34.77
16  39  2  26.87
17  39  2  47.88
18  39  2  8.31
19  39  2  12.41
20  39  2  30.65
21  39  2  21.38
22  39  2  39.25
23  39  2  29.72
24  39  2  45.26
25  39  2  22.99
26  39  2  21.84
27  39  2  8.72
28  39  2  19.86
29  39  2  8.05
30  39  2  19.25
1  40  2  41.58
2  40  2  22.17
3  40  2  24.84
4  40  2  9.71
5  40  2  51.29
6  40  2  15.14
7  40  2  40.78
8  40  2  31.17
9  40  2  4.54
10  40  2  26.59
11  40  2  11.42
12  40  2  22.01
13  40  2  29.34
14  40  2  19.34
15  40  2  49.30
16  40  2  29.58
17  40  2  62.99
18  40  2  9.62
19  40  2  14.24
20  40  2  28.84
21  40  2  44.75
22  40  2  30.06
23  40  2  25.52
24  40  2  30.37
25  40  2  19.60
26  40  2  14.38
27  40  2  8.93
28  40  2  12.70
29  40  2  26.77
30  40  2  26.37
1  41  2  6.22
2  41  2  64.61
3  41  2  59.57
4  41  2  53.51
5  41  2  48.78
6  41  2  9.19
7  41  2  39.52
8  41  2  39.52
9  41  2  7.91
10  41  2  4.43
11  41  2  22.69
12  41  2  29.60
13  41  2  16.84
14  41  2  39.64
15  41  2  48.62
16  41  2  9.80
17  41  2  8.76
18  41  2  5.44
19  41  2  5.62
20  41  2  6.05
21  41  2  12.02
22  41  2  5.57
23  41  2  23.07
24  41  2  51.79
25  41  2  8.90
26  41  2  42.14
27  41  2  50.25
28  41  2  16.17
29  41  2  7.59
30  41  2  24.97
1  42  2  33.48
2  42  2  23.54
3  42  2  25.09
4  42  2  37.70
5  42  2  14.90
6  42  2  36.50
7  42  2  13.79
8  42  2  65.22
9  42  2  5.64
10  42  2  11.51
11  42  2  44.55
12  42  2  34.37
13  42  2  30.72
14  42  2  19.93
15  42  2  9.33
16  42  2  12.23
17  42  2  27.96
18  42  2  47.70
19  42  2  30.58
20  42  2  4.07
21  42  2  19.51
22  42  2  17.56
23  42  2  23.78
24  42  2  12.97
25  42  2  7.27
26  42  2  22.90
27  42  2  64.26
28  42  2  7.70
29  42  2  18.12
30  42  2  30.87
1  43  2  9.52
2  43  2  35.35
3  43  2  19.78
4  43  2  21.70
5  43  2  20.68
6  43  2  15.32
7  43  2  31.81
8  43  2  20.99
9  43  2  11.53
10  43  2  46.23
11  43  2  17.88
12  43  2  14.40
13  43  2  35.26
14  43  2  50.85
15  43  2  21.09
16  43  2  17.37
17  43  2  26.62
18  43  2  3.12
19  43  2  17.40
20  43  2  7.53
21  43  2  23.42
22  43  2  18.91
23  43  2  15.43
24  43  2  37.13
25  43  2  20.09
26  43  2  5.43
27  43  2  42.25
28  43  2  13.38
29  43  2  22.23
30  43  2  14.57
1  44  2  25.39
2  44  2  40.77
3  44  2  15.09
4  44  2  30.94
5  44  2  6.17
6  44  2  31.66
7  44  2  23.56
8  44  2  53.79
9  44  2  14.71
10  44  2  2.50
11  44  2  40.39
12  44  2  11.20
13  44  2  20.94
14  44  2  40.44
15  44  2  46.78
16  44  2  57.55
17  44  2  24.46
18  44  2  12.99
19  44  2  15.99
20  44  2  26.17
21  44  2  18.04
22  44  2  36.05
23  44  2  18.65
24  44  2  10.12
25  44  2  15.88
26  44  2  26.66
27  44  2  12.25
28  44  2  45.85
29  44  2  15.27
30  44  2  20.40
1  45  2  23.71
2  45  2  52.25
3  45  2  36.98
4  45  2  51.52
5  45  2  41.94
6  45  2  50.46
7  45  2  23.52
8  45  2  29.37
9  45  2  41.03
10  45  2  8.90
11  45  2  16.04
12  45  2  12.72
13  45  2  46.89
14  45  2  10.91
15  45  2  54.21
16  45  2  54.15
17  45  2  21.83
18  45  2  15.28
19  45  2  16.81
20  45  2  13.24
21  45  2  52.68
22  45  2  27.80
23  45  2  9.99
24  45  2  56.29
25  45  2  67.57
26  45  2  26.67
27  45  2  59.42
28  45  2  15.69
29  45  2  8.93
30  45  2  47.55
1  46  2  14.35
2  46  2  27.25
3  46  2  11.49
4  46  2  14.13
5  46  2  16.13
6  46  2  8.17
7  46  2  17.01
8  46  2  38.92
9  46  2  26.59
10  46  2  10.45
11  46  2  16.50
12  46  2  48.28
13  46  2  15.25
14  46  2  45.48
15  46  2  6.19
16  46  2  50.20
17  46  2  12.38
18  46  2  48.60
19  46  2  12.53
20  46  2  31.81
21  46  2  20.56
22  46  2  30.72
23  46  2  22.63
24  46  2  11.09
25  46  2  31.15
26  46  2  8.20
27  46  2  23.54
28  46  2  10.26
29  46  2  19.47
30  46  2  28.74
1  47  2  61.04
2  47  2  11.29
3  47  2  17.59
4  47  2  56.46
5  47  2  35.74
6  47  2  25.11
7  47  2  11.99
8  47  2  52.80
9  47  2  26.03
10  47  2  22.73
11  47  2  36.71
12  47  2  11.28
13  47  2  41.86
14  47  2  19.44
15  47  2  36.40
16  47  2  5.70
17  47  2  30.25
18  47  2  38.33
19  47  2  9.24
20  47  2  24.65
21  47  2  18.91
22  47  2  21.59
23  47  2  10.63
24  47  2  22.27
25  47  2  6.15
26  47  2  10.06
27  47  2  29.99
28  47  2  39.99
29  47  2  24.08
30  47  2  15.72
1  48  2  52.12
2  48  2  15.62
3  48  2  8.83
4  48  2  18.29
5  48  2  15.65
6  48  2  35.87
7  48  2  25.84
8  48  2  28.14
9  48  2  19.58
10  48  2  14.82
11  48  2  30.18
12  48  2  16.10
13  48  2  28.89
14  48  2  26.64
15  48  2  16.03
16  48  2  28.39
17  48  2  29.18
18  48  2  39.50
19  48  2  27.11
20  48  2  10.59
21  48  2  13.91
22  48  2  23.15
23  48  2  43.73
24  48  2  15.57
25  48  2  17.91
26  48  2  47.93
27  48  2  34.00
28  48  2  39.50
29  48  2  15.24
30  48  2  44.10
1  49  2  15.56
2  49  2  4.97
3  49  2  16.80
4  49  2  55.66
5  49  2  23.78
6  49  2  22.82
7  49  2  9.30
8  49  2  33.51
9  49  2  9.86
10  49  2  5.16
11  49  2  23.72
12  49  2  27.88
13  49  2  25.03
14  49  2  31.97
15  49  2  24.81
16  49  2  23.82
17  49  2  41.31
18  49  2  12.21
19  49  2  32.19
20  49  2  54.98
21  49  2  45.28
22  49  2  19.56
23  49  2  11.91
24  49  2  34.29
25  49  2  27.38
26  49  2  49.00
27  49  2  29.73
28  49  2  7.51
29  49  2  12.16
30  49  2  35.09
1  50  2  25.13
2  50  2  8.92
3  50  2  8.54
4  50  2  20.91
5  50  2  5.06
6  50  2  42.14
7  50  2  21.29
8  50  2  19.66
9  50  2  14.27
10  50  2  48.38
11  50  2  5.49
12  50  2  6.65
13  50  2  17.66
14  50  2  23.98
15  50  2  33.46
16  50  2  22.38
17  50  2  45.58
18  50  2  44.68
19  50  2  9.30
20  50  2  28.54
21  50  2  51.76
22  50  2  43.29
23  50  2  10.76
24  50  2  21.49
25  50  2  9.50
26  50  2  47.29
27  50  2  21.84
28  50  2  23.05
29  50  2  62.12
30  50  2  7.84
1  51  2  35.33
2  51  2  7.23
3  51  2  13.79
4  51  2  20.02
5  51  2  12.25
6  51  2  21.29
7  51  2  31.33
8  51  2  37.27
9  51  2  46.65
10  51  2  9.92
11  51  2  35.60
12  51  2  4.16
13  51  2  28.67
14  51  2  58.52
15  51  2  14.55
16  51  2  28.00
17  51  2  26.93
18  51  2  9.40
19  51  2  34.80
20  51  2  46.28
21  51  2  16.39
22  51  2  29.97
23  51  2  34.08
24  51  2  27.09
25  51  2  20.35
26  51  2  20.64
27  51  2  10.58
28  51  2  23.07
29  51  2  12.70
30  51  2  7.90
1  52  2  47.23
2  52  2  12.48
3  52  2  12.52
4  52  2  23.04
5  52  2  23.71
6  52  2  50.07
7  52  2  27.00
8  52  2  21.26
9  52  2  39.68
10  52  2  37.32
11  52  2  5.88
12  52  2  31.83
13  52  2  11.40
14  52  2  25.74
15  52  2  20.21
16  52  2  17.01
17  52  2  9.74
18  52  2  23.79
19  52  2  47.20
20  52  2  17.27
21  52  2  27.19
22  52  2  8.22
23  52  2  19.06
24  52  2  41.27
25  52  2  5.89
26  52  2  30.96
27  52  2  29.27
28  52  2  6.46
29  52  2  9.86
30  52  2  47.28
1  53  2  6.58
2  53  2  24.69
3  53  2  25.80
4  53  2  16.81
5  53  2  46.83
6  53  2  22.11
7  53  2  14.06
8  53  2  51.70
9  53  2  20.90
10  53  2  31.49
11  53  2  44.38
12  53  2  9.01
13  53  2  23.63
14  53  2  10.37
15  53  2  43.27
16  53  2  8.12
17  53  2  15.22
18  53  2  35.14
19  53  2  51.75
20  53  2  24.74
21  53  2  20.37
22  53  2  60.87
23  53  2  47.99
24  53  2  8.80
25  53  2  18.77
26  53  2  9.76
27  53  2  11.20
28  53  2  19.87
29  53  2  9.33
30  53  2  36.88
1  54  2  27.92
2  54  2  31.10
3  54  2  21.44
4  54  2  30.42
5  54  2  13.13
6  54  2  22.13
7  54  2  54.12
8  54  2  47.02
9  54  2  11.98
10  54  2  42.31
11  54  2  23.78
12  54  2  9.11
13  54  2  48.50
14  54  2  24.79
15  54  2  28.45
16  54  2  18.16
17  54  2  22.90
18  54  2  42.92
19  54  2  3.66
20  54  2  46.91
21  54  2  26.78
22  54  2  19.81
23  54  2  5.40
24  54  2  49.86
25  54  2  25.01
26  54  2  41.65
27  54  2  12.05
28  54  2  11.14
29  54  2  43.98
30  54  2  25.19
1  55  2  61.26
2  55  2  23.50
3  55  2  14.35
4  55  2  16.04
5  55  2  16.65
6  55  2  30.75
7  55  2  15.39
8  55  2  23.10
9  55  2  11.94
10  55  2  37.69
11  55  2  32.10
12  55  2  34.04
13  55  2  3.46
14  55  2  42.88
15  55  2  30.60
16  55  2  36.87
17  55  2  21.16
18  55  2  65.56
19  55  2  12.69
20  55  2  60.54
21  55  2  12.14
22  55  2  21.10
23  55  2  44.16
24  55  2  20.61
25  55  2  56.73
26  55  2  15.95
27  55  2  41.24
28  55  2  56.00
29  55  2  34.39
30  55  2  38.17
1  56  2  17.34
2  56  2  40.18
3  56  2  46.87
4  56  2  8.82
5  56  2  11.41
6  56  2  24.52
7  56  2  19.10
8  56  2  7.16
9  56  2  5.09
10  56  2  16.91
11  56  2  62.24
12  56  2  20.00
13  56  2  13.76
14  56  2  18.04
15  56  2  14.03
16  56  2  40.10
17  56  2  19.76
18  56  2  6.26
19  56  2  18.92
20  56  2  24.77
21  56  2  9.05
22  56  2  33.41
23  56  2  16.93
24  56  2  3.90
25  56  2  45.65
26  56  2  14.16
27  56  2  15.52
28  56  2  37.53
29  56  2  28.40
30  56  2  50.82
1  57  2  27.89
2  57  2  38.06
3  57  2  32.07
4  57  2  24.49
5  57  2  60.16
6  57  2  43.83
7  57  2  15.51
8  57  2  24.08
9  57  2  14.15
10  57  2  29.54
11  57  2  15.56
12  57  2  12.23
13  57  2  22.51
14  57  2  21.00
15  57  2  10.17
16  57  2  20.55
17  57  2  43.58
18  57  2  5.58
19  57  2  47.41
20  57  2  51.55
21  57  2  43.99
22  57  2  37.16
23  57  2  41.70
24  57  2  5.89
25  57  2  21.53
26  57  2  8.13
27  57  2  32.40
28  57  2  39.37
29  57  2  27.40
30  57  2  19.08
1  58  2  25.85
2  58  2  57.23
3  58  2  15.17
4  58  2  63.58
5  58  2  26.03
6  58  2  12.31
7  58  2  38.08
8  58  2  3.95
9  58  2  21.56
10  58  2  26.12
11  58  2  11.98
12  58  2  16.38
13  58  2  42.55
14  58  2  12.86
15  58  2  23.04
16  58  2  10.34
17  58  2  11.07
18  58  2  22.49
19  58  2  16.83
20  58  2  3.71
21  58  2  16.63
22  58  2  6.91
23  58  2  4.70
24  58  2  24.84
25  58  2  44.42
26  58  2  5.61
27  58  2  6.09
28  58  2  4.88
29  58  2  34.83
30  58  2  29.41
1  59  2  15.45
2  59  2  6.96
3  59  2  17.89
4  59  2  26.57
5  59  2  11.95
6  59  2  38.92
7  59  2  26.98
8  59  2  19.55
9  59  2  29.51
10  59  2  41.67
11  59  2  32.11
12  59  2  12.80
13  59  2  10.53
14  59  2  29.51
15  59  2  6.92
16  59  2  3.39
17  59  2  16.57
18  59  2  7.37
19  59  2  14.77
20  59  2  24.99
21  59  2  20.09
22  59  2  18.69
23  59  2  26.64
24  59  2  17.50
25  59  2  43.68
26  59  2  16.36
27  59  2  29.50
28  59  2  26.16
29  59  2  31.96
30  59  2  38.74
1  60  2  20.25
2  60  2  10.50
3  60  2  18.78
4  60  2  19.23
5  60  2  48.35
6  60  2  33.39
7  60  2  8.24
8  60  2  59.69
9  60  2  33.96
10  60  2  14.59
11  60  2  16.20
12  60  2  39.17
13  60  2  27.15
14  60  2  52.33
15  60  2  40.65
16  60  2  67.09
17  60  2  14.09
18  60  2  31.32
19  60  2  43.28
20  60  2  8.24
21  60  2  27.43
22  60  2  7.30
23  60  2  32.52
24  60  2  14.22
25  60  2  33.35
26  60  2  41.96
27  60  2  50.55
28  60  2  21.53
29  60  2  65.02
30  60  2  7.29
1  61  2  24.61
2  61  2  27.35
3  61  2  13.43
4  61  2  5.90
5  61  2  58.39
6  61  2  36.57
7  61  2  16.46
8  61  2  22.47
9  61  2  15.12
10  61  2  10.62
11  61  2  11.31
12  61  2  39.32
13  61  2  28.43
14  61  2  46.67
15  61  2  3.96
16  61  2  27.14
17  61  2  22.27
18  61  2  12.64
19  61  2  17.51
20  61  2  33.06
21  61  2  34.64
22  61  2  4.11
23  61  2  19.11
24  61  2  51.75
25  61  2  29.18
26  61  2  14.99
27  61  2  24.08
28  61  2  3.59
29  61  2  10.50
30  61  2  23.85
1  62  2  24.05
2  62  2  10.55
3  62  2  42.21
4  62  2  10.98
5  62  2  32.41
6  62  2  20.28
7  62  2  12.94
8  62  2  28.33
9  62  2  13.00
10  62  2  24.64
11  62  2  15.22
12  62  2  57.27
13  62  2  23.85
14  62  2  52.28
15  62  2  9.46
16  62  2  6.99
17  62  2  26.26
18  62  2  68.58
19  62  2  36.58
20  62  2  16.30
21  62  2  9.55
22  62  2  43.25
23  62  2  8.42
24  62  2  19.99
25  62  2  9.49
26  62  2  16.84
27  62  2  32.48
28  62  2  25.63
29  62  2  37.04
30  62  2  5.16
1  63  2  42.42
2  63  2  12.08
3  63  2  8.67
4  63  2  58.10
5  63  2  6.53
6  63  2  13.49
7  63  2  7.47
8  63  2  7.35
9  63  2  19.73
10  63  2  7.46
11  63  2  21.24
12  63  2  22.54
13  63  2  14.74
14  63  2  48.81
15  63  2  35.18
16  63  2  59.99
17  63  2  9.46
18  63  2  7.94
19  63  2  13.27
20  63  2  16.97
21  63  2  32.75
22  63  2  3.99
23  63  2  38.40
24  63  2  5.87
25  63  2  20.02
26  63  2  7.61
27  63  2  11.85
28  63  2  50.53
29  63  2  11.91
30  63  2  12.48
1  64  2  39.40
2  64  2  3.99
3  64  2  42.91
4  64  2  16.92
5  64  2  44.99
6  64  2  20.59
7  64  2  33.57
8  64  2  14.47
9  64  2  22.40
10  64  2  14.71
11  64  2  43.24
12  64  2  7.64
13  64  2  58.58
14  64  2  47.85
15  64  2  18.48
16  64  2  24.43
17  64  2  24.66
18  64  2  25.01
19  64  2  28.79
20  64  2  6.77
21  64  2  47.58
22  64  2  16.57
23  64  2  55.75
24  64  2  8.75
25  64  2  18.41
26  64  2  9.35
27  64  2  5.33
28  64  2  9.66
29  64  2  6.78
30  64  2  20.50
1  65  2  5.56
2  65  2  4.87
3  65  2  6.76
4  65  2  44.57
5  65  2  33.68
6  65  2  66.53
7  65  2  16.71
8  65  2  14.95
9  65  2  35.60
10  65  2  29.48
11  65  2  18.08
12  65  2  17.78
13  65  2  37.40
14  65  2  27.07
15  65  2  5.27
16  65  2  39.05
17  65  2  44.19
18  65  2  6.55
19  65  2  32.77
20  65  2  16.42
21  65  2  7.15
22  65  2  57.31
23  65  2  28.98
24  65  2  39.24
25  65  2  8.08
26  65  2  8.91
27  65  2  21.67
28  65  2  3.77
29  65  2  41.24
30  65  2  25.69
1  66  2  19.17
2  66  2  38.78
3  66  2  11.27
4  66  2  3.96
5  66  2  38.57
6  66  2  63.45
7  66  2  38.36
8  66  2  22.25
9  66  2  13.62
10  66  2  22.01
11  66  2  5.51
12  66  2  24.25
13  66  2  23.32
14  66  2  16.46
15  66  2  5.62
16  66  2  55.17
17  66  2  11.07
18  66  2  13.21
19  66  2  7.00
20  66  2  43.51
21  66  2  43.16
22  66  2  31.28
23  66  2  28.58
24  66  2  11.70
25  66  2  13.30
26  66  2  26.12
27  66  2  13.38
28  66  2  21.10
29  66  2  15.63
30  66  2  12.55
1  67  2  24.00
2  67  2  22.65
3  67  2  13.29
4  67  2  21.31
5  67  2  18.07
6  67  2  3.45
7  67  2  6.70
8  67  2  10.65
9  67  2  30.41
10  67  2  35.42
11  67  2  13.58
12  67  2  41.41
13  67  2  32.30
14  67  2  38.23
15  67  2  9.38
16  67  2  13.52
17  67  2  60.63
18  67  2  39.03
19  67  2  6.50
20  67  2  27.06
21  67  2  26.58
22  67  2  17.20
23  67  2  22.79
24  67  2  50.82
25  67  2  9.07
26  67  2  10.33
27  67  2  37.39
28  67  2  32.97
29  67  2  29.94
30  67  2  35.20
1  68  2  13.70
2  68  2  43.32
3  68  2  5.06
4  68  2  63.48
5  68  2  38.04
6  68  2  22.91
7  68  2  10.83
8  68  2  6.12
9  68  2  34.57
10  68  2  36.41
11  68  2  14.81
12  68  2  54.43
13  68  2  20.79
14  68  2  22.07
15  68  2  16.08
16  68  2  26.15
17  68  2  23.90
18  68  2  61.40
19  68  2  51.19
20  68  2  13.85
21  68  2  26.01
22  68  2  31.55
23  68  2  48.77
24  68  2  3.11
25  68  2  27.42
26  68  2  7.59
27  68  2  22.26
28  68  2  19.10
29  68  2  38.48
30  68  2  5.03
1  69  2  5.36
2  69  2  9.95
3  69  2  68.38
4  69  2  44.16
5  69  2  20.68
6  69  2  9.71
7  69  2  39.05
8  69  2  38.66
9  69  2  22.51
10  69  2  22.50
11  69  2  13.24
12  69  2  52.87
13  69  2  40.58
14  69  2  33.78
15  69  2  24.45
16  69  2  13.85
17  69  2  34.25
18  69  2  13.98
19  69  2  61.69
20  69  2  19.99
21  69  2  10.32
22  69  2  10.16
23  69  2  19.18
24  69  2  38.12
25  69  2  23.49
26  69  2  29.26
27  69  2  53.58
28  69  2  22.80
29  69  2  23.51
30  69  2  48.81
1  70  2  24.51
2  70  2  45.45
3  70  2  58.43
4  70  2  42.68
5  70  2  11.51
6  70  2  31.54
7  70  2  14.56
8  70  2  9.48
9  70  2  17.00
10  70  2  7.69
11  70  2  17.15
12  70  2  20.77
13  70  2  6.87
14  70  2  30.60
15  70  2  60.58
16  70  2  15.07
17  70  2  9.59
18  70  2  61.27
19  70  2  32.39
20  70  2  37.97
21  70  2  19.97
22  70  2  19.87
23  70  2  24.47
24  70  2  34.54
25  70  2  45.04
26  70  2  50.90
27  70  2  6.52
28  70  2  26.88
29  70  2  19.61
30  70  2  12.85
1  71  2  4.81
2  71  2  10.07
3  71  2  13.04
4  71  2  45.19
5  71  2  26.26
6  71  2  26.49
7  71  2  42.55
8  71  2  19.57
9  71  2  44.96
10  71  2  4.11
11  71  2  4.72
12  71  2  46.79
13  71  2  6.51
14  71  2  20.14
15  71  2  26.28
16  71  2  7.32
17  71  2  15.38
18  71  2  58.59
19  71  2  18.13
20  71  2  19.95
21  71  2  25.42
22  71  2  19.25
23  71  2  15.64
24  71  2  16.69
25  71  2  29.63
26  71  2  9.23
27  71  2  3.23
28  71  2  30.40
29  71  2  58.82
30  71  2  10.40
1  72  2  22.77
2  72  2  31.55
3  72  2  32.31
4  72  2  31.47
5  72  2  35.62
6  72  2  7.68
7  72  2  25.29
8  72  2  6.47
9  72  2  18.02
10  72  2  32.55
11  72  2  37.53
12  72  2  38.96
13  72  2  27.83
14  72  2  12.35
15  72  2  7.99
16  72  2  3.86
17  72  2  43.26
18  72  2  28.00
19  72  2  53.70
20  72  2  26.71
21  72  2  6.36
22  72  2  59.25
23  72  2  38.75
24  72  2  65.09
25  72  2  21.84
26  72  2  37.93
27  72  2  14.09
28  72  2  40.12
29  72  2  18.20
30  72  2  11.96
1  73  2  48.83
2  73  2  31.32
3  73  2  15.16
4  73  2  30.60
5  73  2  31.43
6  73  2  5.21
7  73  2  48.42
8  73  2  21.12
9  73  2  4.18
10  73  2  37.39
11  73  2  23.89
12  73  2  8.75
13  73  2  23.64
14  73  2  13.96
15  73  2  16.39
16  73  2  37.75
17  73  2  15.37
18  73  2  10.65
19  73  2  24.17
20  73  2  23.31
21  73  2  16.02
22  73  2  14.57
23  73  2  25.32
24  73  2  56.43
25  73  2  35.89
26  73  2  17.50
27  73  2  25.26
28  73  2  52.80
29  73  2  5.34
30  73  2  25.03
1  74  2  33.95
2  74  2  27.39
3  74  2  29.68
4  74  2  10.33
5  74  2  6.93
6  74  2  16.45
7  74  2  6.48
8  74  2  18.38
9  74  2  50.59
10  74  2  22.01
11  74  2  10.35
12  74  2  13.79
13  74  2  10.41
14  74  2  25.74
15  74  2  7.78
16  74  2  16.31
17  74  2  4.37
18  74  2  65.33
19  74  2  10.02
20  74  2  9.74
21  74  2  5.95
22  74  2  39.38
23  74  2  28.47
24  74  2  18.76
25  74  2  18.35
26  74  2  3.74
27  74  2  18.77
28  74  2  38.29
29  74  2  46.82
30  74  2  40.88
1  75  2  31.07
2  75  2  37.68
3  75  2  48.07
4  75  2  15.81
5  75  2  27.16
6  75  2  22.36
7  75  2  17.70
8  75  2  25.41
9  75  2  19.02
10  75  2  30.47
11  75  2  24.81
12  75  2  60.57
13  75  2  5.05
14  75  2  23.43
15  75  2  41.39
16  75  2  47.76
17  75  2  41.03
18  75  2  9.92
19  75  2  13.04
20  75  2  44.59
21  75  2  5.20
22  75  2  4.61
23  75  2  4.81
24  75  2  35.67
25  75  2  19.30
26  75  2  16.85
27  75  2  28.90
28  75  2  5.47
29  75  2  35.12
30  75  2  24.56
1  76  2  22.97
2  76  2  12.37
3  76  2  46.57
4  76  2  18.77
5  76  2  14.62
6  76  2  33.88
7  76  2  41.38
8  76  2  28.47
9  76  2  21.04
10  76  2  16.35
11  76  2  21.62
12  76  2  26.08
13  76  2  24.13
14  76  2  10.90
15  76  2  15.81
16  76  2  21.66
17  76  2  19.70
18  76  2  8.13
19  76  2  38.04
20  76  2  10.75
21  76  2  9.64
22  76  2  29.11
23  76  2  34.70
24  76  2  34.84
25  76  2  29.91
26  76  2  12.47
27  76  2  33.89
28  76  2  10.12
29  76  2  20.79
30  76  2  10.55
1  77  2  34.95
2  77  2  17.08
3  77  2  33.01
4  77  2  21.77
5  77  2  27.30
6  77  2  14.22
7  77  2  17.89
8  77  2  22.43
9  77  2  5.61
10  77  2  20.77
11  77  2  6.02
12  77  2  31.71
13  77  2  50.76
14  77  2  67.59
15  77  2  3.75
16  77  2  20.75
17  77  2  50.15
18  77  2  8.26
19  77  2  18.04
20  77  2  19.25
21  77  2  7.53
22  77  2  7.51
23  77  2  7.28
24  77  2  7.83
25  77  2  27.58
26  77  2  9.52
27  77  2  10.06
28  77  2  22.35
29  77  2  40.40
30  77  2  49.80
1  78  2  57.38
2  78  2  14.59
3  78  2  24.12
4  78  2  6.53
5  78  2  47.19
6  78  2  42.55
7  78  2  51.82
8  78  2  4.29
9  78  2  21.52
10  78  2  53.07
11  78  2  4.89
12  78  2  15.55
13  78  2  16.06
14  78  2  48.66
15  78  2  11.13
16  78  2  51.80
17  78  2  4.50
18  78  2  37.73
19  78  2  28.36
20  78  2  31.44
21  78  2  16.95
22  78  2  30.79
23  78  2  16.41
24  78  2  44.73
25  78  2  10.94
26  78  2  3.52
27  78  2  18.42
28  78  2  13.04
29  78  2  14.52
30  78  2  8.65
1  79  2  43.83
2  79  2  33.26
3  79  2  40.83
4  79  2  16.08
5  79  2  2.64
6  79  2  34.75
7  79  2  27.39
8  79  2  17.55
9  79  2  7.91
10  79  2  31.87
11  79  2  34.32
12  79  2  25.31
13  79  2  40.15
14  79  2  7.48
15  79  2  48.81
16  79  2  33.03
17  79  2  23.91
18  79  2  26.26
19  79  2  24.80
20  79  2  30.37
21  79  2  54.19
22  79  2  26.35
23  79  2  21.50
24  79  2  40.17
25  79  2  17.38
26  79  2  9.16
27  79  2  30.93
28  79  2  22.68
29  79  2  12.94
30  79  2  8.35
1  80  2  46.29
2  80  2  37.37
3  80  2  35.81
4  80  2  55.54
5  80  2  15.99
6  80  2  7.09
7  80  2  41.00
8  80  2  35.81
9  80  2  22.25
10  80  2  6.19
11  80  2  16.81
12  80  2  7.66
13  80  2  21.09
14  80  2  19.00
15  80  2  13.17
16  80  2  5.38
17  80  2  33.80
18  80  2  2.53
19  80  2  36.85
20  80  2  38.39
21  80  2  16.78
22  80  2  25.87
23  80  2  17.13
24  80  2  46.84
25  80  2  31.85
26  80  2  12.56
27  80  2  21.42
28  80  2  37.02
29  80  2  17.36
30  80  2  16.22
1  81  2  27.10
2  81  2  12.65
3  81  2  15.62
4  81  2  18.36
5  81  2  29.71
6  81  2  38.02
7  81  2  39.91
8  81  2  16.49
9  81  2  22.52
10  81  2  2.72
11  81  2  47.58
12  81  2  15.47
13  81  2  49.82
14  81  2  4.43
15  81  2  35.37
16  81  2  31.48
17  81  2  63.85
18  81  2  12.33
19  81  2  27.35
20  81  2  20.30
21  81  2  26.01
22  81  2  9.52
23  81  2  26.59
24  81  2  24.50
25  81  2  35.62
26  81  2  22.33
27  81  2  41.88
28  81  2  26.27
29  81  2  24.34
30  81  2  11.82
1  82  2  8.36
2  82  2  28.32
3  82  2  10.97
4  82  2  34.54
5  82  2  20.54
6  82  2  4.83
7  82  2  38.71
8  82  2  8.84
9  82  2  10.79
10  82  2  19.95
11  82  2  44.56
12  82  2  13.34
13  82  2  20.40
14  82  2  29.44
15  82  2  18.40
16  82  2  31.93
17  82  2  25.65
18  82  2  41.10
19  82  2  5.28
20  82  2  19.39
21  82  2  30.77
22  82  2  9.43
23  82  2  17.08
24  82  2  21.79
25  82  2  6.40
26  82  2  13.70
27  82  2  34.13
28  82  2  58.50
29  82  2  25.20
30  82  2  22.26
1  83  2  24.26
2  83  2  51.87
3  83  2  41.93
4  83  2  7.70
5  83  2  41.87
6  83  2  10.35
7  83  2  7.45
8  83  2  10.87
9  83  2  14.72
10  83  2  26.36
11  83  2  54.20
12  83  2  29.91
13  83  2  3.88
14  83  2  14.96
15  83  2  32.07
16  83  2  17.88
17  83  2  5.33
18  83  2  7.75
19  83  2  10.50
20  83  2  15.62
21  83  2  30.08
22  83  2  15.61
23  83  2  22.26
24  83  2  8.52
25  83  2  13.62
26  83  2  8.01
27  83  2  13.29
28  83  2  12.65
29  83  2  47.41
30  83  2  29.92
1  84  2  33.70
2  84  2  12.80
3  84  2  18.67
4  84  2  6.74
5  84  2  27.99
6  84  2  65.05
7  84  2  27.04
8  84  2  10.66
9  84  2  54.04
10  84  2  35.13
11  84  2  32.82
12  84  2  15.73
13  84  2  57.47
14  84  2  8.77
15  84  2  22.11
16  84  2  18.48
17  84  2  7.36
18  84  2  13.43
19  84  2  11.00
20  84  2  10.68
21  84  2  33.05
22  84  2  5.70
23  84  2  39.02
24  84  2  36.39
25  84  2  50.56
26  84  2  27.66
27  84  2  54.16
28  84  2  17.12
29  84  2  8.31
30  84  2  9.79
1  85  2  31.99
2  85  2  13.85
3  85  2  57.32
4  85  2  22.19
5  85  2  34.73
6  85  2  8.48
7  85  2  59.32
8  85  2  37.44
9  85  2  19.27
10  85  2  53.93
11  85  2  23.97
12  85  2  69.68
13  85  2  64.90
14  85  2  41.89
15  85  2  19.89
16  85  2  52.86
17  85  2  22.36
18  85  2  21.76
19  85  2  33.97
20  85  2  21.22
21  85  2  23.80
22  85  2  30.20
23  85  2  18.91
24  85  2  45.57
25  85  2  13.82
26  85  2  44.57
27  85  2  26.59
28  85  2  38.96
29  85  2  49.20
30  85  2  21.30
1  86  2  38.87
2  86  2  17.58
3  86  2  57.09
4  86  2  34.44
5  86  2  12.56
6  86  2  30.76
7  86  2  5.14
8  86  2  36.81
9  86  2  18.09
10  86  2  7.19
11  86  2  21.83
12  86  2  28.97
13  86  2  33.23
14  86  2  38.39
15  86  2  22.27
16  86  2  18.96
17  86  2  41.06
18  86  2  27.74
19  86  2  33.05
20  86  2  26.36
21  86  2  30.23
22  86  2  9.44
23  86  2  24.58
24  86  2  7.35
25  86  2  24.21
26  86  2  46.20
27  86  2  37.41
28  86  2  14.97
29  86  2  14.85
30  86  2  16.51
1  87  2  15.77
2  87  2  30.24
3  87  2  5.95
4  87  2  9.54
5  87  2  12.68
6  87  2  11.61
7  87  2  54.62
8  87  2  11.12
9  87  2  52.07
10  87  2  12.12
11  87  2  21.39
12  87  2  33.19
13  87  2  6.63
14  87  2  24.64
15  87  2  10.30
16  87  2  47.86
17  87  2  24.67
18  87  2  26.07
19  87  2  20.98
20  87  2  10.55
21  87  2  60.81
22  87  2  14.43
23  87  2  4.41
24  87  2  11.95
25  87  2  35.06
26  87  2  55.03
27  87  2  40.05
28  87  2  57.74
29  87  2  25.72
30  87  2  4.76
1  88  2  9.93
2  88  2  13.74
3  88  2  7.56
4  88  2  15.09
5  88  2  54.20
6  88  2  12.30
7  88  2  47.22
8  88  2  43.98
9  88  2  14.51
10  88  2  31.89
11  88  2  44.14
12  88  2  42.52
13  88  2  3.33
14  88  2  32.89
15  88  2  33.62
16  88  2  26.50
17  88  2  49.37
18  88  2  11.58
19  88  2  28.50
20  88  2  49.44
21  88  2  33.53
22  88  2  48.59
23  88  2  14.41
24  88  2  6.21
25  88  2  43.98
26  88  2  17.17
27  88  2  42.08
28  88  2  8.42
29  88  2  42.96
30  88  2  16.70
1  89  2  8.18
2  89  2  21.08
3  89  2  24.09
4  89  2  19.73
5  89  2  22.56
6  89  2  11.01
7  89  2  17.24
8  89  2  30.22
9  89  2  9.24
10  89  2  15.89
11  89  2  6.21
12  89  2  16.65
13  89  2  17.99
14  89  2  3.91
15  89  2  17.10
16  89  2  18.23
17  89  2  14.22
18  89  2  21.71
19  89  2  13.36
20  89  2  28.46
21  89  2  25.00
22  89  2  66.59
23  89  2  14.48
24  89  2  35.36
25  89  2  47.27
26  89  2  51.53
27  89  2  12.89
28  89  2  8.50
29  89  2  8.83
30  89  2  7.50
1  90  2  14.70
2  90  2  26.29
3  90  2  26.09
4  90  2  31.41
5  90  2  44.45
6  90  2  28.62
7  90  2  34.34
8  90  2  5.18
9  90  2  11.16
10  90  2  60.28
11  90  2  40.70
12  90  2  23.69
13  90  2  18.49
14  90  2  23.58
15  90  2  5.97
16  90  2  10.87
17  90  2  30.23
18  90  2  38.13
19  90  2  16.39
20  90  2  11.43
21  90  2  7.24
22  90  2  32.39
23  90  2  8.53
24  90  2  17.48
25  90  2  14.71
26  90  2  57.95
27  90  2  35.75
28  90  2  28.37
29  90  2  48.65
30  90  2  44.65
1  91  2  31.73
2  91  2  36.77
3  91  2  23.44
4  91  2  17.76
5  91  2  42.04
6  91  2  9.85
7  91  2  32.12
8  91  2  12.63
9  91  2  47.94
10  91  2  53.17
11  91  2  48.37
12  91  2  8.21
13  91  2  31.75
14  91  2  23.52
15  91  2  32.79
16  91  2  7.22
17  91  2  11.72
18  91  2  34.97
19  91  2  40.89
20  91  2  38.14
21  91  2  23.10
22  91  2  4.24
23  91  2  11.32
24  91  2  6.21
25  91  2  35.71
26  91  2  4.43
27  91  2  32.67
28  91  2  6.52
29  91  2  34.64
30  91  2  8.11
1  92  2  58.43
2  92  2  7.62
3  92  2  39.55
4  92  2  33.61
5  92  2  15.04
6  92  2  52.14
7  92  2  10.04
8  92  2  32.45
9  92  2  43.95
10  92  2  5.30
11  92  2  58.78
12  92  2  20.32
13  92  2  14.51
14  92  2  17.04
15  92  2  3.55
16  92  2  9.05
17  92  2  10.76
18  92  2  25.93
19  92  2  38.59
20  92  2  9.82
21  92  2  7.09
22  92  2  7.84
23  92  2  43.71
24  92  2  35.46
25  92  2  16.29
26  92  2  38.45
27  92  2  53.83
28  92  2  6.45
29  92  2  8.01
30  92  2  12.53
1  93  2  65.60
2  93  2  6.27
3  93  2  19.14
4  93  2  23.32
5  93  2  3.75
6  93  2  35.47
7  93  2  62.84
8  93  2  48.76
9  93  2  8.52
10  93  2  14.48
11  93  2  7.72
12  93  2  39.50
13  93  2  29.08
14  93  2  65.52
15  93  2  19.08
16  93  2  52.27
17  93  2  24.12
18  93  2  33.39
19  93  2  27.20
20  93  2  8.78
21  93  2  20.54
22  93  2  18.15
23  93  2  27.57
24  93  2  9.55
25  93  2  25.85
26  93  2  24.63
27  93  2  28.82
28  93  2  19.57
29  93  2  19.55
30  93  2  4.71
1  94  2  20.70
2  94  2  16.53
3  94  2  27.75
4  94  2  11.49
5  94  2  10.14
6  94  2  35.03
7  94  2  16.35
8  94  2  33.54
9  94  2  52.11
10  94  2  58.76
11  94  2  23.09
12  94  2  57.45
13  94  2  35.08
14  94  2  58.77
15  94  2  15.33
16  94  2  7.70
17  94  2  16.18
18  94  2  38.92
19  94  2  38.52
20  94  2  7.86
21  94  2  11.29
22  94  2  6.35
23  94  2  19.53
24  94  2  50.43
25  94  2  18.78
26  94  2  9.64
27  94  2  22.07
28  94  2  37.29
29  94  2  34.62
30  94  2  24.95
1  95  2  36.26
2  95  2  35.25
3  95  2  23.00
4  95  2  12.07
5  95  2  56.12
6  95  2  15.41
7  95  2  8.78
8  95  2  9.70
9  95  2  11.30
10  95  2  41.81
11  95  2  40.65
12  95  2  19.39
13  95  2  41.66
14  95  2  8.07
15  95  2  3.15
16  95  2  43.40
17  95  2  10.65
18  95  2  27.22
19  95  2  3.17
20  95  2  11.37
21  95  2  22.57
22  95  2  31.95
23  95  2  51.64
24  95  2  4.86
25  95  2  43.77
26  95  2  52.64
27  95  2  26.86
28  95  2  21.36
29  95  2  4.43
30  95  2  35.77
1  96  2  33.92
2  96  2  18.57
3  96  2  20.05
4  96  2  15.40
5  96  2  22.81
6  96  2  15.26
7  96  2  34.66
8  96  2  12.59
9  96  2  43.22
10  96  2  57.60
11  96  2  4.15
12  96  2  10.25
13  96  2  7.76
14  96  2  23.32
15  96  2  17.27
16  96  2  29.18
17  96  2  4.55
18  96  2  46.45
19  96  2  24.71
20  96  2  13.22
21  96  2  37.26
22  96  2  14.75
23  96  2  36.76
24  96  2  27.89
25  96  2  31.17
26  96  2  9.65
27  96  2  18.53
28  96  2  30.53
29  96  2  33.87
30  96  2  20.18
1  97  2  15.34
2  97  2  8.02
3  97  2  23.55
4  97  2  43.51
5  97  2  70.78
6  97  2  9.57
7  97  2  25.64
8  97  2  42.94
9  97  2  54.05
10  97  2  18.65
11  97  2  31.73
12  97  2  22.47
13  97  2  35.12
14  97  2  40.20
15  97  2  31.34
16  97  2  21.56
17  97  2  44.88
18  97  2  60.95
19  97  2  14.14
20  97  2  5.31
21  97  2  19.89
22  97  2  10.12
23  97  2  20.67
24  97  2  19.87
25  97  2  33.12
26  97  2  10.39
27  97  2  48.06
28  97  2  11.07
29  97  2  6.20
30  97  2  43.43
1  98  2  29.57
2  98  2  15.58
3  98  2  42.74
4  98  2  20.75
5  98  2  16.41
6  98  2  15.28
7  98  2  53.05
8  98  2  22.57
9  98  2  54.50
10  98  2  55.63
11  98  2  20.41
12  98  2  9.29
13  98  2  9.32
14  98  2  9.65
15  98  2  6.56
16  98  2  22.37
17  98  2  36.36
18  98  2  66.60
19  98  2  4.92
20  98  2  30.58
21  98  2  40.82
22  98  2  17.52
23  98  2  26.36
24  98  2  54.20
25  98  2  28.22
26  98  2  12.31
27  98  2  24.14
28  98  2  32.15
29  98  2  18.53
30  98  2  33.80
1  99  2  21.65
2  99  2  62.99
3  99  2  9.95
4  99  2  32.02
5  99  2  2.45
6  99  2  26.65
7  99  2  10.05
8  99  2  27.23
9  99  2  29.22
10  99  2  30.89
11  99  2  5.15
12  99  2  23.52
13  99  2  19.87
14  99  2  8.11
15  99  2  12.18
16  99  2  65.96
17  99  2  43.44
18  99  2  48.32
19  99  2  8.40
20  99  2  5.02
21  99  2  18.74
22  99  2  12.09
23  99  2  36.67
24  99  2  9.34
25  99  2  36.37
26  99  2  22.97
27  99  2  42.80
28  99  2  27.11
29  99  2  28.37
30  99  2  69.70
1  100  2  5.76
2  100  2  34.59
3  100  2  52.38
4  100  2  10.69
5  100  2  12.33
6  100  2  4.35
7  100  2  5.90
8  100  2  16.99
9  100  2  12.59
10  100  2  23.29
11  100  2  14.86
12  100  2  48.43
13  100  2  31.91
14  100  2  36.37
15  100  2  29.57
16  100  2  12.86
17  100  2  53.79
18  100  2  12.16
19  100  2  5.70
20  100  2  34.02
21  100  2  29.72
22  100  2  10.04
23  100  2  10.02
24  100  2  70.34
25  100  2  40.18
26  100  2  11.29
27  100  2  23.90
28  100  2  25.44
29  100  2  15.40
30  100  2  34.57
;

