param com_measure1 := 0.60993;

param com_measure2 := 0.96561;

param kappa_max := 842.213;

param U_tau := 662.3744;

param nT := 2;

param nS := 150;

param nL := 20;

param B := 1005.12;

param w :=
1  3
2  3
3  3
4  3
5  1
6  2
7  1
8  3
9  1
10  1
11  1
12  2
13  3
14  1
15  1
16  3
17  2
18  3
19  3
20  2
;

param h :=
1  1  0
1  2  0
1  3  0
1  4  0
1  5  0
1  6  0
1  7  0
1  8  0
1  9  0
1  10  0
1  11  0
1  12  0
1  13  0
1  14  0
1  15  0
1  16  0
1  17  0
1  18  0
1  19  0
1  20  0
2  1  97.97
2  2  100.89
2  3  91.99
2  4  104.55
2  5  97.52
2  6  106.85
2  7  103.28
2  8  99.63
2  9  98.25
2  10  100.21
2  11  103.84
2  12  95.56
2  13  100.70
2  14  94.03
2  15  99.02
2  16  98.68
2  17  103.38
2  18  105.54
2  19  100.83
2  20  107.50
;

param xi :=
1  1  1  19
2  1  1  68
3  1  1  56
4  1  1  49
5  1  1  59
6  1  1  75
7  1  1  60
8  1  1  45
9  1  1  81
10  1  1  57
11  1  1  47
12  1  1  72
13  1  1  39
14  1  1  28
15  1  1  44
16  1  1  35
17  1  1  68
18  1  1  21
19  1  1  37
20  1  1  78
1  2  1  43
2  2  1  18
3  2  1  34
4  2  1  67
5  2  1  33
6  2  1  25
7  2  1  89
8  2  1  84
9  2  1  17
10  2  1  12
11  2  1  36
12  2  1  12
13  2  1  75
14  2  1  17
15  2  1  49
16  2  1  70
17  2  1  61
18  2  1  49
19  2  1  16
20  2  1  60
1  3  1  45
2  3  1  90
3  3  1  31
4  3  1  57
5  3  1  66
6  3  1  57
7  3  1  72
8  3  1  27
9  3  1  15
10  3  1  33
11  3  1  38
12  3  1  81
13  3  1  26
14  3  1  57
15  3  1  55
16  3  1  87
17  3  1  13
18  3  1  85
19  3  1  52
20  3  1  75
1  4  1  22
2  4  1  25
3  4  1  41
4  4  1  73
5  4  1  58
6  4  1  71
7  4  1  28
8  4  1  80
9  4  1  41
10  4  1  29
11  4  1  81
12  4  1  20
13  4  1  25
14  4  1  47
15  4  1  80
16  4  1  72
17  4  1  77
18  4  1  80
19  4  1  76
20  4  1  31
1  5  1  67
2  5  1  67
3  5  1  67
4  5  1  48
5  5  1  88
6  5  1  34
7  5  1  62
8  5  1  52
9  5  1  76
10  5  1  49
11  5  1  18
12  5  1  87
13  5  1  76
14  5  1  35
15  5  1  44
16  5  1  53
17  5  1  39
18  5  1  49
19  5  1  84
20  5  1  16
1  6  1  69
2  6  1  39
3  6  1  31
4  6  1  12
5  6  1  69
6  6  1  63
7  6  1  76
8  6  1  34
9  6  1  11
10  6  1  67
11  6  1  14
12  6  1  74
13  6  1  57
14  6  1  46
15  6  1  19
16  6  1  68
17  6  1  19
18  6  1  89
19  6  1  50
20  6  1  36
1  7  1  27
2  7  1  34
3  7  1  53
4  7  1  63
5  7  1  33
6  7  1  14
7  7  1  74
8  7  1  28
9  7  1  17
10  7  1  35
11  7  1  18
12  7  1  36
13  7  1  18
14  7  1  15
15  7  1  63
16  7  1  72
17  7  1  35
18  7  1  31
19  7  1  90
20  7  1  90
1  8  1  81
2  8  1  38
3  8  1  57
4  8  1  19
5  8  1  64
6  8  1  31
7  8  1  71
8  8  1  85
9  8  1  31
10  8  1  20
11  8  1  18
12  8  1  79
13  8  1  37
14  8  1  70
15  8  1  44
16  8  1  83
17  8  1  86
18  8  1  61
19  8  1  13
20  8  1  68
1  9  1  90
2  9  1  12
3  9  1  72
4  9  1  64
5  9  1  29
6  9  1  43
7  9  1  46
8  9  1  41
9  9  1  23
10  9  1  20
11  9  1  10
12  9  1  13
13  9  1  69
14  9  1  49
15  9  1  60
16  9  1  80
17  9  1  31
18  9  1  76
19  9  1  36
20  9  1  68
1  10  1  47
2  10  1  83
3  10  1  73
4  10  1  61
5  10  1  70
6  10  1  49
7  10  1  32
8  10  1  28
9  10  1  64
10  10  1  70
11  10  1  17
12  10  1  60
13  10  1  11
14  10  1  16
15  10  1  42
16  10  1  35
17  10  1  81
18  10  1  51
19  10  1  90
20  10  1  42
1  11  1  20
2  11  1  68
3  11  1  26
4  11  1  42
5  11  1  90
6  11  1  33
7  11  1  90
8  11  1  52
9  11  1  45
10  11  1  38
11  11  1  43
12  11  1  41
13  11  1  10
14  11  1  42
15  11  1  48
16  11  1  23
17  11  1  17
18  11  1  31
19  11  1  67
20  11  1  32
1  12  1  13
2  12  1  36
3  12  1  53
4  12  1  35
5  12  1  12
6  12  1  47
7  12  1  21
8  12  1  75
9  12  1  55
10  12  1  27
11  12  1  77
12  12  1  22
13  12  1  79
14  12  1  44
15  12  1  85
16  12  1  68
17  12  1  88
18  12  1  57
19  12  1  51
20  12  1  56
1  13  1  28
2  13  1  57
3  13  1  32
4  13  1  74
5  13  1  10
6  13  1  47
7  13  1  87
8  13  1  19
9  13  1  15
10  13  1  34
11  13  1  37
12  13  1  68
13  13  1  68
14  13  1  82
15  13  1  57
16  13  1  88
17  13  1  77
18  13  1  73
19  13  1  17
20  13  1  74
1  14  1  35
2  14  1  38
3  14  1  32
4  14  1  71
5  14  1  85
6  14  1  47
7  14  1  30
8  14  1  19
9  14  1  58
10  14  1  55
11  14  1  56
12  14  1  12
13  14  1  26
14  14  1  75
15  14  1  10
16  14  1  24
17  14  1  28
18  14  1  21
19  14  1  33
20  14  1  16
1  15  1  26
2  15  1  31
3  15  1  23
4  15  1  58
5  15  1  24
6  15  1  19
7  15  1  17
8  15  1  22
9  15  1  31
10  15  1  87
11  15  1  63
12  15  1  65
13  15  1  82
14  15  1  63
15  15  1  66
16  15  1  83
17  15  1  44
18  15  1  15
19  15  1  81
20  15  1  45
1  16  1  12
2  16  1  16
3  16  1  49
4  16  1  72
5  16  1  34
6  16  1  25
7  16  1  39
8  16  1  61
9  16  1  90
10  16  1  64
11  16  1  35
12  16  1  40
13  16  1  90
14  16  1  78
15  16  1  24
16  16  1  62
17  16  1  37
18  16  1  30
19  16  1  27
20  16  1  17
1  17  1  22
2  17  1  11
3  17  1  53
4  17  1  29
5  17  1  45
6  17  1  64
7  17  1  84
8  17  1  19
9  17  1  31
10  17  1  63
11  17  1  81
12  17  1  66
13  17  1  86
14  17  1  81
15  17  1  50
16  17  1  32
17  17  1  77
18  17  1  68
19  17  1  33
20  17  1  84
1  18  1  45
2  18  1  23
3  18  1  30
4  18  1  10
5  18  1  56
6  18  1  59
7  18  1  77
8  18  1  32
9  18  1  68
10  18  1  71
11  18  1  19
12  18  1  23
13  18  1  68
14  18  1  58
15  18  1  60
16  18  1  12
17  18  1  12
18  18  1  25
19  18  1  10
20  18  1  88
1  19  1  70
2  19  1  39
3  19  1  78
4  19  1  50
5  19  1  59
6  19  1  72
7  19  1  20
8  19  1  34
9  19  1  37
10  19  1  87
11  19  1  66
12  19  1  75
13  19  1  34
14  19  1  18
15  19  1  69
16  19  1  12
17  19  1  24
18  19  1  44
19  19  1  74
20  19  1  58
1  20  1  60
2  20  1  51
3  20  1  56
4  20  1  65
5  20  1  10
6  20  1  67
7  20  1  61
8  20  1  25
9  20  1  18
10  20  1  35
11  20  1  36
12  20  1  37
13  20  1  61
14  20  1  31
15  20  1  16
16  20  1  56
17  20  1  41
18  20  1  58
19  20  1  80
20  20  1  67
1  21  1  34
2  21  1  60
3  21  1  85
4  21  1  63
5  21  1  74
6  21  1  83
7  21  1  65
8  21  1  55
9  21  1  14
10  21  1  13
11  21  1  52
12  21  1  42
13  21  1  71
14  21  1  49
15  21  1  62
16  21  1  38
17  21  1  59
18  21  1  85
19  21  1  48
20  21  1  59
1  22  1  58
2  22  1  66
3  22  1  10
4  22  1  73
5  22  1  84
6  22  1  69
7  22  1  41
8  22  1  67
9  22  1  46
10  22  1  33
11  22  1  21
12  22  1  20
13  22  1  23
14  22  1  22
15  22  1  31
16  22  1  90
17  22  1  27
18  22  1  21
19  22  1  84
20  22  1  68
1  23  1  37
2  23  1  71
3  23  1  57
4  23  1  59
5  23  1  16
6  23  1  35
7  23  1  44
8  23  1  14
9  23  1  88
10  23  1  79
11  23  1  27
12  23  1  65
13  23  1  86
14  23  1  88
15  23  1  16
16  23  1  37
17  23  1  58
18  23  1  71
19  23  1  76
20  23  1  63
1  24  1  39
2  24  1  60
3  24  1  21
4  24  1  87
5  24  1  34
6  24  1  79
7  24  1  27
8  24  1  54
9  24  1  61
10  24  1  74
11  24  1  82
12  24  1  12
13  24  1  38
14  24  1  55
15  24  1  78
16  24  1  32
17  24  1  69
18  24  1  37
19  24  1  67
20  24  1  80
1  25  1  60
2  25  1  70
3  25  1  15
4  25  1  81
5  25  1  76
6  25  1  52
7  25  1  77
8  25  1  39
9  25  1  31
10  25  1  22
11  25  1  45
12  25  1  83
13  25  1  61
14  25  1  59
15  25  1  79
16  25  1  70
17  25  1  63
18  25  1  61
19  25  1  78
20  25  1  84
1  26  1  81
2  26  1  69
3  26  1  51
4  26  1  56
5  26  1  23
6  26  1  62
7  26  1  31
8  26  1  83
9  26  1  73
10  26  1  74
11  26  1  89
12  26  1  62
13  26  1  68
14  26  1  31
15  26  1  13
16  26  1  47
17  26  1  85
18  26  1  63
19  26  1  13
20  26  1  52
1  27  1  85
2  27  1  37
3  27  1  49
4  27  1  20
5  27  1  76
6  27  1  42
7  27  1  37
8  27  1  69
9  27  1  30
10  27  1  51
11  27  1  33
12  27  1  84
13  27  1  44
14  27  1  22
15  27  1  85
16  27  1  80
17  27  1  73
18  27  1  49
19  27  1  88
20  27  1  40
1  28  1  40
2  28  1  83
3  28  1  23
4  28  1  65
5  28  1  69
6  28  1  53
7  28  1  41
8  28  1  21
9  28  1  81
10  28  1  56
11  28  1  53
12  28  1  70
13  28  1  76
14  28  1  27
15  28  1  27
16  28  1  33
17  28  1  62
18  28  1  67
19  28  1  11
20  28  1  28
1  29  1  60
2  29  1  43
3  29  1  60
4  29  1  79
5  29  1  70
6  29  1  49
7  29  1  84
8  29  1  60
9  29  1  36
10  29  1  70
11  29  1  68
12  29  1  74
13  29  1  68
14  29  1  20
15  29  1  23
16  29  1  31
17  29  1  73
18  29  1  79
19  29  1  37
20  29  1  66
1  30  1  17
2  30  1  69
3  30  1  24
4  30  1  55
5  30  1  11
6  30  1  48
7  30  1  13
8  30  1  42
9  30  1  43
10  30  1  66
11  30  1  17
12  30  1  62
13  30  1  13
14  30  1  69
15  30  1  56
16  30  1  79
17  30  1  83
18  30  1  27
19  30  1  18
20  30  1  27
1  31  1  65
2  31  1  38
3  31  1  76
4  31  1  50
5  31  1  72
6  31  1  52
7  31  1  46
8  31  1  24
9  31  1  86
10  31  1  57
11  31  1  67
12  31  1  70
13  31  1  47
14  31  1  38
15  31  1  44
16  31  1  34
17  31  1  74
18  31  1  68
19  31  1  31
20  31  1  85
1  32  1  41
2  32  1  42
3  32  1  40
4  32  1  60
5  32  1  58
6  32  1  76
7  32  1  32
8  32  1  69
9  32  1  25
10  32  1  59
11  32  1  10
12  32  1  35
13  32  1  63
14  32  1  85
15  32  1  46
16  32  1  43
17  32  1  45
18  32  1  72
19  32  1  54
20  32  1  53
1  33  1  70
2  33  1  33
3  33  1  44
4  33  1  65
5  33  1  59
6  33  1  52
7  33  1  40
8  33  1  74
9  33  1  47
10  33  1  55
11  33  1  46
12  33  1  29
13  33  1  13
14  33  1  54
15  33  1  32
16  33  1  14
17  33  1  26
18  33  1  49
19  33  1  14
20  33  1  62
1  34  1  86
2  34  1  11
3  34  1  20
4  34  1  61
5  34  1  10
6  34  1  82
7  34  1  33
8  34  1  53
9  34  1  36
10  34  1  55
11  34  1  19
12  34  1  49
13  34  1  49
14  34  1  47
15  34  1  12
16  34  1  54
17  34  1  90
18  34  1  67
19  34  1  33
20  34  1  74
1  35  1  72
2  35  1  52
3  35  1  78
4  35  1  73
5  35  1  13
6  35  1  11
7  35  1  41
8  35  1  87
9  35  1  46
10  35  1  58
11  35  1  11
12  35  1  69
13  35  1  11
14  35  1  36
15  35  1  77
16  35  1  60
17  35  1  84
18  35  1  11
19  35  1  38
20  35  1  89
1  36  1  48
2  36  1  24
3  36  1  25
4  36  1  20
5  36  1  37
6  36  1  79
7  36  1  80
8  36  1  81
9  36  1  66
10  36  1  31
11  36  1  51
12  36  1  55
13  36  1  14
14  36  1  17
15  36  1  64
16  36  1  65
17  36  1  62
18  36  1  67
19  36  1  66
20  36  1  40
1  37  1  67
2  37  1  41
3  37  1  61
4  37  1  26
5  37  1  23
6  37  1  32
7  37  1  34
8  37  1  26
9  37  1  16
10  37  1  81
11  37  1  78
12  37  1  50
13  37  1  35
14  37  1  44
15  37  1  39
16  37  1  88
17  37  1  33
18  37  1  23
19  37  1  81
20  37  1  32
1  38  1  32
2  38  1  28
3  38  1  23
4  38  1  18
5  38  1  49
6  38  1  82
7  38  1  28
8  38  1  49
9  38  1  18
10  38  1  86
11  38  1  86
12  38  1  48
13  38  1  51
14  38  1  47
15  38  1  51
16  38  1  73
17  38  1  72
18  38  1  39
19  38  1  46
20  38  1  14
1  39  1  75
2  39  1  19
3  39  1  74
4  39  1  41
5  39  1  38
6  39  1  71
7  39  1  19
8  39  1  40
9  39  1  15
10  39  1  10
11  39  1  82
12  39  1  68
13  39  1  81
14  39  1  39
15  39  1  86
16  39  1  19
17  39  1  77
18  39  1  39
19  39  1  84
20  39  1  46
1  40  1  11
2  40  1  49
3  40  1  10
4  40  1  54
5  40  1  68
6  40  1  35
7  40  1  63
8  40  1  62
9  40  1  77
10  40  1  14
11  40  1  76
12  40  1  41
13  40  1  35
14  40  1  56
15  40  1  67
16  40  1  41
17  40  1  44
18  40  1  71
19  40  1  29
20  40  1  20
1  41  1  23
2  41  1  67
3  41  1  79
4  41  1  15
5  41  1  53
6  41  1  79
7  41  1  77
8  41  1  80
9  41  1  57
10  41  1  26
11  41  1  89
12  41  1  62
13  41  1  64
14  41  1  20
15  41  1  82
16  41  1  38
17  41  1  90
18  41  1  90
19  41  1  82
20  41  1  75
1  42  1  46
2  42  1  55
3  42  1  84
4  42  1  50
5  42  1  52
6  42  1  62
7  42  1  14
8  42  1  11
9  42  1  42
10  42  1  46
11  42  1  57
12  42  1  90
13  42  1  11
14  42  1  74
15  42  1  72
16  42  1  36
17  42  1  40
18  42  1  28
19  42  1  20
20  42  1  78
1  43  1  43
2  43  1  41
3  43  1  44
4  43  1  68
5  43  1  17
6  43  1  13
7  43  1  54
8  43  1  57
9  43  1  56
10  43  1  56
11  43  1  18
12  43  1  69
13  43  1  49
14  43  1  50
15  43  1  65
16  43  1  10
17  43  1  57
18  43  1  49
19  43  1  85
20  43  1  58
1  44  1  23
2  44  1  37
3  44  1  43
4  44  1  49
5  44  1  81
6  44  1  75
7  44  1  53
8  44  1  13
9  44  1  13
10  44  1  61
11  44  1  84
12  44  1  21
13  44  1  37
14  44  1  39
15  44  1  28
16  44  1  69
17  44  1  44
18  44  1  15
19  44  1  63
20  44  1  43
1  45  1  56
2  45  1  46
3  45  1  41
4  45  1  67
5  45  1  85
6  45  1  31
7  45  1  11
8  45  1  29
9  45  1  35
10  45  1  76
11  45  1  32
12  45  1  88
13  45  1  12
14  45  1  26
15  45  1  22
16  45  1  77
17  45  1  80
18  45  1  47
19  45  1  75
20  45  1  55
1  46  1  15
2  46  1  57
3  46  1  78
4  46  1  79
5  46  1  32
6  46  1  85
7  46  1  83
8  46  1  43
9  46  1  24
10  46  1  17
11  46  1  31
12  46  1  89
13  46  1  74
14  46  1  90
15  46  1  46
16  46  1  59
17  46  1  83
18  46  1  17
19  46  1  62
20  46  1  80
1  47  1  22
2  47  1  64
3  47  1  33
4  47  1  71
5  47  1  59
6  47  1  43
7  47  1  29
8  47  1  11
9  47  1  40
10  47  1  73
11  47  1  70
12  47  1  13
13  47  1  44
14  47  1  32
15  47  1  50
16  47  1  19
17  47  1  59
18  47  1  32
19  47  1  89
20  47  1  83
1  48  1  74
2  48  1  63
3  48  1  23
4  48  1  86
5  48  1  64
6  48  1  43
7  48  1  12
8  48  1  52
9  48  1  30
10  48  1  49
11  48  1  45
12  48  1  78
13  48  1  48
14  48  1  17
15  48  1  82
16  48  1  74
17  48  1  57
18  48  1  68
19  48  1  90
20  48  1  52
1  49  1  71
2  49  1  71
3  49  1  53
4  49  1  86
5  49  1  26
6  49  1  56
7  49  1  43
8  49  1  34
9  49  1  38
10  49  1  63
11  49  1  48
12  49  1  79
13  49  1  81
14  49  1  28
15  49  1  68
16  49  1  16
17  49  1  52
18  49  1  59
19  49  1  81
20  49  1  80
1  50  1  35
2  50  1  27
3  50  1  11
4  50  1  75
5  50  1  40
6  50  1  69
7  50  1  30
8  50  1  89
9  50  1  72
10  50  1  28
11  50  1  37
12  50  1  58
13  50  1  81
14  50  1  22
15  50  1  44
16  50  1  90
17  50  1  41
18  50  1  27
19  50  1  31
20  50  1  82
1  51  1  65
2  51  1  87
3  51  1  47
4  51  1  77
5  51  1  71
6  51  1  40
7  51  1  25
8  51  1  52
9  51  1  64
10  51  1  79
11  51  1  66
12  51  1  32
13  51  1  73
14  51  1  71
15  51  1  45
16  51  1  87
17  51  1  10
18  51  1  89
19  51  1  26
20  51  1  39
1  52  1  22
2  52  1  79
3  52  1  72
4  52  1  29
5  52  1  90
6  52  1  41
7  52  1  65
8  52  1  62
9  52  1  56
10  52  1  66
11  52  1  71
12  52  1  64
13  52  1  45
14  52  1  19
15  52  1  39
16  52  1  71
17  52  1  89
18  52  1  62
19  52  1  42
20  52  1  36
1  53  1  52
2  53  1  22
3  53  1  85
4  53  1  19
5  53  1  21
6  53  1  70
7  53  1  62
8  53  1  46
9  53  1  23
10  53  1  51
11  53  1  32
12  53  1  11
13  53  1  81
14  53  1  63
15  53  1  15
16  53  1  84
17  53  1  64
18  53  1  89
19  53  1  20
20  53  1  51
1  54  1  25
2  54  1  60
3  54  1  21
4  54  1  58
5  54  1  60
6  54  1  23
7  54  1  90
8  54  1  25
9  54  1  53
10  54  1  80
11  54  1  80
12  54  1  33
13  54  1  36
14  54  1  69
15  54  1  47
16  54  1  18
17  54  1  46
18  54  1  37
19  54  1  43
20  54  1  80
1  55  1  26
2  55  1  88
3  55  1  21
4  55  1  89
5  55  1  68
6  55  1  83
7  55  1  43
8  55  1  81
9  55  1  75
10  55  1  41
11  55  1  76
12  55  1  21
13  55  1  57
14  55  1  52
15  55  1  28
16  55  1  30
17  55  1  14
18  55  1  87
19  55  1  25
20  55  1  75
1  56  1  55
2  56  1  43
3  56  1  42
4  56  1  66
5  56  1  63
6  56  1  76
7  56  1  58
8  56  1  14
9  56  1  80
10  56  1  50
11  56  1  31
12  56  1  51
13  56  1  63
14  56  1  88
15  56  1  38
16  56  1  40
17  56  1  32
18  56  1  56
19  56  1  41
20  56  1  42
1  57  1  64
2  57  1  45
3  57  1  32
4  57  1  68
5  57  1  25
6  57  1  48
7  57  1  83
8  57  1  22
9  57  1  11
10  57  1  59
11  57  1  18
12  57  1  14
13  57  1  42
14  57  1  46
15  57  1  90
16  57  1  17
17  57  1  25
18  57  1  57
19  57  1  58
20  57  1  77
1  58  1  51
2  58  1  28
3  58  1  41
4  58  1  30
5  58  1  28
6  58  1  26
7  58  1  11
8  58  1  83
9  58  1  56
10  58  1  85
11  58  1  90
12  58  1  76
13  58  1  66
14  58  1  24
15  58  1  79
16  58  1  45
17  58  1  34
18  58  1  21
19  58  1  54
20  58  1  57
1  59  1  26
2  59  1  40
3  59  1  60
4  59  1  54
5  59  1  17
6  59  1  69
7  59  1  88
8  59  1  86
9  59  1  35
10  59  1  85
11  59  1  44
12  59  1  78
13  59  1  37
14  59  1  56
15  59  1  85
16  59  1  15
17  59  1  89
18  59  1  25
19  59  1  48
20  59  1  63
1  60  1  88
2  60  1  46
3  60  1  50
4  60  1  80
5  60  1  47
6  60  1  76
7  60  1  22
8  60  1  72
9  60  1  59
10  60  1  58
11  60  1  12
12  60  1  38
13  60  1  49
14  60  1  58
15  60  1  67
16  60  1  66
17  60  1  20
18  60  1  40
19  60  1  44
20  60  1  74
1  61  1  38
2  61  1  65
3  61  1  78
4  61  1  83
5  61  1  86
6  61  1  50
7  61  1  29
8  61  1  53
9  61  1  80
10  61  1  74
11  61  1  16
12  61  1  58
13  61  1  12
14  61  1  36
15  61  1  78
16  61  1  11
17  61  1  19
18  61  1  77
19  61  1  69
20  61  1  18
1  62  1  18
2  62  1  20
3  62  1  72
4  62  1  36
5  62  1  49
6  62  1  29
7  62  1  46
8  62  1  90
9  62  1  55
10  62  1  62
11  62  1  34
12  62  1  49
13  62  1  17
14  62  1  66
15  62  1  83
16  62  1  65
17  62  1  27
18  62  1  76
19  62  1  70
20  62  1  79
1  63  1  17
2  63  1  29
3  63  1  15
4  63  1  52
5  63  1  57
6  63  1  24
7  63  1  15
8  63  1  73
9  63  1  22
10  63  1  61
11  63  1  41
12  63  1  84
13  63  1  35
14  63  1  63
15  63  1  27
16  63  1  65
17  63  1  53
18  63  1  13
19  63  1  56
20  63  1  15
1  64  1  16
2  64  1  47
3  64  1  37
4  64  1  61
5  64  1  82
6  64  1  57
7  64  1  32
8  64  1  27
9  64  1  58
10  64  1  22
11  64  1  32
12  64  1  48
13  64  1  70
14  64  1  67
15  64  1  74
16  64  1  21
17  64  1  35
18  64  1  43
19  64  1  65
20  64  1  17
1  65  1  33
2  65  1  40
3  65  1  81
4  65  1  80
5  65  1  45
6  65  1  75
7  65  1  40
8  65  1  33
9  65  1  44
10  65  1  28
11  65  1  34
12  65  1  27
13  65  1  40
14  65  1  53
15  65  1  46
16  65  1  44
17  65  1  20
18  65  1  68
19  65  1  14
20  65  1  73
1  66  1  54
2  66  1  24
3  66  1  77
4  66  1  12
5  66  1  16
6  66  1  65
7  66  1  31
8  66  1  19
9  66  1  53
10  66  1  23
11  66  1  77
12  66  1  59
13  66  1  28
14  66  1  19
15  66  1  43
16  66  1  58
17  66  1  84
18  66  1  46
19  66  1  47
20  66  1  61
1  67  1  21
2  67  1  49
3  67  1  18
4  67  1  29
5  67  1  80
6  67  1  29
7  67  1  55
8  67  1  43
9  67  1  85
10  67  1  44
11  67  1  84
12  67  1  26
13  67  1  44
14  67  1  29
15  67  1  21
16  67  1  22
17  67  1  90
18  67  1  46
19  67  1  30
20  67  1  13
1  68  1  46
2  68  1  29
3  68  1  72
4  68  1  52
5  68  1  56
6  68  1  54
7  68  1  84
8  68  1  55
9  68  1  51
10  68  1  86
11  68  1  58
12  68  1  80
13  68  1  57
14  68  1  33
15  68  1  17
16  68  1  22
17  68  1  62
18  68  1  67
19  68  1  18
20  68  1  22
1  69  1  59
2  69  1  20
3  69  1  33
4  69  1  42
5  69  1  87
6  69  1  14
7  69  1  33
8  69  1  84
9  69  1  17
10  69  1  57
11  69  1  76
12  69  1  20
13  69  1  49
14  69  1  16
15  69  1  10
16  69  1  16
17  69  1  79
18  69  1  56
19  69  1  50
20  69  1  38
1  70  1  34
2  70  1  27
3  70  1  89
4  70  1  16
5  70  1  33
6  70  1  28
7  70  1  49
8  70  1  58
9  70  1  38
10  70  1  72
11  70  1  89
12  70  1  49
13  70  1  44
14  70  1  20
15  70  1  86
16  70  1  32
17  70  1  17
18  70  1  54
19  70  1  41
20  70  1  85
1  71  1  35
2  71  1  59
3  71  1  42
4  71  1  28
5  71  1  85
6  71  1  23
7  71  1  73
8  71  1  23
9  71  1  67
10  71  1  59
11  71  1  87
12  71  1  59
13  71  1  51
14  71  1  79
15  71  1  49
16  71  1  57
17  71  1  87
18  71  1  11
19  71  1  86
20  71  1  34
1  72  1  76
2  72  1  76
3  72  1  75
4  72  1  43
5  72  1  85
6  72  1  68
7  72  1  29
8  72  1  34
9  72  1  39
10  72  1  79
11  72  1  65
12  72  1  10
13  72  1  44
14  72  1  25
15  72  1  18
16  72  1  67
17  72  1  73
18  72  1  79
19  72  1  79
20  72  1  62
1  73  1  75
2  73  1  64
3  73  1  80
4  73  1  74
5  73  1  13
6  73  1  62
7  73  1  19
8  73  1  90
9  73  1  61
10  73  1  39
11  73  1  80
12  73  1  66
13  73  1  73
14  73  1  42
15  73  1  31
16  73  1  88
17  73  1  62
18  73  1  38
19  73  1  34
20  73  1  54
1  74  1  48
2  74  1  25
3  74  1  50
4  74  1  26
5  74  1  60
6  74  1  46
7  74  1  65
8  74  1  60
9  74  1  87
10  74  1  47
11  74  1  79
12  74  1  72
13  74  1  18
14  74  1  60
15  74  1  40
16  74  1  44
17  74  1  31
18  74  1  30
19  74  1  10
20  74  1  31
1  75  1  46
2  75  1  64
3  75  1  42
4  75  1  37
5  75  1  14
6  75  1  77
7  75  1  33
8  75  1  27
9  75  1  52
10  75  1  26
11  75  1  85
12  75  1  52
13  75  1  17
14  75  1  46
15  75  1  44
16  75  1  41
17  75  1  53
18  75  1  29
19  75  1  68
20  75  1  39
1  76  1  34
2  76  1  26
3  76  1  77
4  76  1  22
5  76  1  38
6  76  1  18
7  76  1  74
8  76  1  54
9  76  1  88
10  76  1  62
11  76  1  11
12  76  1  86
13  76  1  53
14  76  1  19
15  76  1  62
16  76  1  17
17  76  1  55
18  76  1  76
19  76  1  10
20  76  1  36
1  77  1  59
2  77  1  43
3  77  1  61
4  77  1  65
5  77  1  65
6  77  1  83
7  77  1  90
8  77  1  38
9  77  1  10
10  77  1  14
11  77  1  53
12  77  1  66
13  77  1  78
14  77  1  22
15  77  1  60
16  77  1  77
17  77  1  50
18  77  1  47
19  77  1  56
20  77  1  34
1  78  1  79
2  78  1  55
3  78  1  81
4  78  1  42
5  78  1  74
6  78  1  48
7  78  1  61
8  78  1  49
9  78  1  29
10  78  1  74
11  78  1  81
12  78  1  83
13  78  1  83
14  78  1  23
15  78  1  82
16  78  1  14
17  78  1  37
18  78  1  71
19  78  1  64
20  78  1  63
1  79  1  86
2  79  1  34
3  79  1  47
4  79  1  60
5  79  1  90
6  79  1  49
7  79  1  47
8  79  1  13
9  79  1  78
10  79  1  90
11  79  1  63
12  79  1  64
13  79  1  46
14  79  1  77
15  79  1  10
16  79  1  90
17  79  1  50
18  79  1  35
19  79  1  79
20  79  1  13
1  80  1  64
2  80  1  55
3  80  1  14
4  80  1  81
5  80  1  38
6  80  1  32
7  80  1  13
8  80  1  82
9  80  1  44
10  80  1  55
11  80  1  30
12  80  1  88
13  80  1  62
14  80  1  27
15  80  1  27
16  80  1  55
17  80  1  48
18  80  1  65
19  80  1  86
20  80  1  38
1  81  1  16
2  81  1  85
3  81  1  13
4  81  1  13
5  81  1  27
6  81  1  67
7  81  1  79
8  81  1  53
9  81  1  52
10  81  1  23
11  81  1  86
12  81  1  55
13  81  1  70
14  81  1  31
15  81  1  11
16  81  1  55
17  81  1  76
18  81  1  83
19  81  1  40
20  81  1  76
1  82  1  41
2  82  1  62
3  82  1  77
4  82  1  76
5  82  1  20
6  82  1  13
7  82  1  44
8  82  1  58
9  82  1  85
10  82  1  70
11  82  1  37
12  82  1  30
13  82  1  30
14  82  1  69
15  82  1  12
16  82  1  54
17  82  1  46
18  82  1  23
19  82  1  81
20  82  1  40
1  83  1  45
2  83  1  52
3  83  1  28
4  83  1  10
5  83  1  19
6  83  1  43
7  83  1  39
8  83  1  40
9  83  1  23
10  83  1  36
11  83  1  30
12  83  1  49
13  83  1  55
14  83  1  50
15  83  1  90
16  83  1  42
17  83  1  34
18  83  1  28
19  83  1  13
20  83  1  57
1  84  1  21
2  84  1  57
3  84  1  70
4  84  1  85
5  84  1  20
6  84  1  90
7  84  1  51
8  84  1  18
9  84  1  41
10  84  1  24
11  84  1  74
12  84  1  10
13  84  1  84
14  84  1  14
15  84  1  12
16  84  1  47
17  84  1  38
18  84  1  65
19  84  1  88
20  84  1  42
1  85  1  28
2  85  1  67
3  85  1  26
4  85  1  16
5  85  1  85
6  85  1  62
7  85  1  68
8  85  1  67
9  85  1  10
10  85  1  83
11  85  1  76
12  85  1  86
13  85  1  48
14  85  1  67
15  85  1  34
16  85  1  36
17  85  1  65
18  85  1  63
19  85  1  69
20  85  1  68
1  86  1  47
2  86  1  87
3  86  1  84
4  86  1  36
5  86  1  55
6  86  1  34
7  86  1  73
8  86  1  27
9  86  1  58
10  86  1  87
11  86  1  55
12  86  1  55
13  86  1  90
14  86  1  73
15  86  1  69
16  86  1  44
17  86  1  13
18  86  1  87
19  86  1  38
20  86  1  89
1  87  1  68
2  87  1  76
3  87  1  20
4  87  1  56
5  87  1  84
6  87  1  86
7  87  1  34
8  87  1  18
9  87  1  20
10  87  1  28
11  87  1  78
12  87  1  17
13  87  1  31
14  87  1  65
15  87  1  24
16  87  1  56
17  87  1  14
18  87  1  86
19  87  1  86
20  87  1  56
1  88  1  83
2  88  1  52
3  88  1  27
4  88  1  78
5  88  1  50
6  88  1  19
7  88  1  86
8  88  1  79
9  88  1  86
10  88  1  85
11  88  1  30
12  88  1  59
13  88  1  70
14  88  1  10
15  88  1  50
16  88  1  26
17  88  1  55
18  88  1  42
19  88  1  89
20  88  1  16
1  89  1  67
2  89  1  30
3  89  1  45
4  89  1  19
5  89  1  16
6  89  1  46
7  89  1  68
8  89  1  84
9  89  1  56
10  89  1  28
11  89  1  28
12  89  1  59
13  89  1  17
14  89  1  53
15  89  1  68
16  89  1  74
17  89  1  36
18  89  1  80
19  89  1  56
20  89  1  78
1  90  1  34
2  90  1  76
3  90  1  24
4  90  1  27
5  90  1  79
6  90  1  66
7  90  1  20
8  90  1  69
9  90  1  34
10  90  1  52
11  90  1  41
12  90  1  29
13  90  1  69
14  90  1  14
15  90  1  53
16  90  1  67
17  90  1  20
18  90  1  59
19  90  1  15
20  90  1  29
1  91  1  81
2  91  1  81
3  91  1  25
4  91  1  73
5  91  1  57
6  91  1  11
7  91  1  69
8  91  1  35
9  91  1  59
10  91  1  35
11  91  1  68
12  91  1  22
13  91  1  40
14  91  1  51
15  91  1  78
16  91  1  44
17  91  1  51
18  91  1  89
19  91  1  35
20  91  1  58
1  92  1  53
2  92  1  45
3  92  1  50
4  92  1  38
5  92  1  38
6  92  1  28
7  92  1  33
8  92  1  63
9  92  1  80
10  92  1  84
11  92  1  83
12  92  1  15
13  92  1  31
14  92  1  89
15  92  1  40
16  92  1  31
17  92  1  44
18  92  1  55
19  92  1  37
20  92  1  64
1  93  1  57
2  93  1  87
3  93  1  84
4  93  1  31
5  93  1  60
6  93  1  56
7  93  1  78
8  93  1  62
9  93  1  74
10  93  1  34
11  93  1  77
12  93  1  25
13  93  1  50
14  93  1  46
15  93  1  75
16  93  1  89
17  93  1  53
18  93  1  36
19  93  1  38
20  93  1  10
1  94  1  15
2  94  1  13
3  94  1  87
4  94  1  66
5  94  1  19
6  94  1  18
7  94  1  63
8  94  1  52
9  94  1  90
10  94  1  46
11  94  1  17
12  94  1  34
13  94  1  34
14  94  1  31
15  94  1  81
16  94  1  15
17  94  1  53
18  94  1  82
19  94  1  38
20  94  1  37
1  95  1  39
2  95  1  50
3  95  1  85
4  95  1  50
5  95  1  73
6  95  1  87
7  95  1  79
8  95  1  56
9  95  1  81
10  95  1  11
11  95  1  29
12  95  1  42
13  95  1  10
14  95  1  26
15  95  1  15
16  95  1  32
17  95  1  42
18  95  1  89
19  95  1  42
20  95  1  30
1  96  1  44
2  96  1  53
3  96  1  61
4  96  1  28
5  96  1  48
6  96  1  26
7  96  1  83
8  96  1  18
9  96  1  51
10  96  1  34
11  96  1  88
12  96  1  19
13  96  1  52
14  96  1  68
15  96  1  83
16  96  1  87
17  96  1  63
18  96  1  85
19  96  1  54
20  96  1  31
1  97  1  28
2  97  1  50
3  97  1  89
4  97  1  39
5  97  1  79
6  97  1  90
7  97  1  35
8  97  1  22
9  97  1  35
10  97  1  38
11  97  1  64
12  97  1  57
13  97  1  79
14  97  1  36
15  97  1  38
16  97  1  22
17  97  1  34
18  97  1  56
19  97  1  59
20  97  1  86
1  98  1  82
2  98  1  70
3  98  1  47
4  98  1  60
5  98  1  48
6  98  1  49
7  98  1  45
8  98  1  15
9  98  1  78
10  98  1  27
11  98  1  41
12  98  1  72
13  98  1  78
14  98  1  66
15  98  1  87
16  98  1  84
17  98  1  38
18  98  1  11
19  98  1  74
20  98  1  68
1  99  1  14
2  99  1  71
3  99  1  72
4  99  1  61
5  99  1  66
6  99  1  12
7  99  1  76
8  99  1  66
9  99  1  55
10  99  1  28
11  99  1  22
12  99  1  52
13  99  1  42
14  99  1  19
15  99  1  61
16  99  1  63
17  99  1  66
18  99  1  36
19  99  1  52
20  99  1  68
1  100  1  33
2  100  1  29
3  100  1  60
4  100  1  70
5  100  1  79
6  100  1  30
7  100  1  85
8  100  1  30
9  100  1  89
10  100  1  87
11  100  1  65
12  100  1  83
13  100  1  52
14  100  1  58
15  100  1  55
16  100  1  36
17  100  1  24
18  100  1  74
19  100  1  64
20  100  1  19
1  101  1  12
2  101  1  25
3  101  1  74
4  101  1  36
5  101  1  69
6  101  1  84
7  101  1  69
8  101  1  59
9  101  1  86
10  101  1  56
11  101  1  24
12  101  1  19
13  101  1  16
14  101  1  48
15  101  1  20
16  101  1  57
17  101  1  17
18  101  1  39
19  101  1  86
20  101  1  53
1  102  1  47
2  102  1  90
3  102  1  12
4  102  1  17
5  102  1  51
6  102  1  14
7  102  1  74
8  102  1  90
9  102  1  49
10  102  1  17
11  102  1  26
12  102  1  61
13  102  1  50
14  102  1  15
15  102  1  55
16  102  1  80
17  102  1  28
18  102  1  38
19  102  1  85
20  102  1  22
1  103  1  56
2  103  1  82
3  103  1  23
4  103  1  58
5  103  1  60
6  103  1  22
7  103  1  76
8  103  1  85
9  103  1  23
10  103  1  77
11  103  1  15
12  103  1  64
13  103  1  25
14  103  1  25
15  103  1  60
16  103  1  15
17  103  1  27
18  103  1  14
19  103  1  49
20  103  1  17
1  104  1  76
2  104  1  12
3  104  1  42
4  104  1  86
5  104  1  53
6  104  1  60
7  104  1  24
8  104  1  43
9  104  1  86
10  104  1  59
11  104  1  26
12  104  1  10
13  104  1  42
14  104  1  66
15  104  1  55
16  104  1  61
17  104  1  63
18  104  1  53
19  104  1  77
20  104  1  54
1  105  1  41
2  105  1  49
3  105  1  62
4  105  1  52
5  105  1  18
6  105  1  46
7  105  1  42
8  105  1  16
9  105  1  76
10  105  1  63
11  105  1  52
12  105  1  73
13  105  1  47
14  105  1  42
15  105  1  84
16  105  1  78
17  105  1  58
18  105  1  41
19  105  1  52
20  105  1  71
1  106  1  14
2  106  1  34
3  106  1  43
4  106  1  38
5  106  1  31
6  106  1  53
7  106  1  67
8  106  1  14
9  106  1  13
10  106  1  18
11  106  1  18
12  106  1  79
13  106  1  58
14  106  1  44
15  106  1  59
16  106  1  13
17  106  1  78
18  106  1  78
19  106  1  90
20  106  1  37
1  107  1  67
2  107  1  85
3  107  1  85
4  107  1  84
5  107  1  23
6  107  1  69
7  107  1  67
8  107  1  82
9  107  1  78
10  107  1  83
11  107  1  82
12  107  1  52
13  107  1  41
14  107  1  35
15  107  1  23
16  107  1  75
17  107  1  64
18  107  1  72
19  107  1  72
20  107  1  90
1  108  1  35
2  108  1  63
3  108  1  67
4  108  1  85
5  108  1  24
6  108  1  68
7  108  1  70
8  108  1  23
9  108  1  64
10  108  1  20
11  108  1  54
12  108  1  88
13  108  1  79
14  108  1  40
15  108  1  35
16  108  1  51
17  108  1  50
18  108  1  16
19  108  1  52
20  108  1  11
1  109  1  32
2  109  1  49
3  109  1  30
4  109  1  13
5  109  1  15
6  109  1  46
7  109  1  90
8  109  1  38
9  109  1  64
10  109  1  29
11  109  1  77
12  109  1  84
13  109  1  26
14  109  1  35
15  109  1  46
16  109  1  33
17  109  1  67
18  109  1  37
19  109  1  19
20  109  1  55
1  110  1  52
2  110  1  36
3  110  1  79
4  110  1  67
5  110  1  87
6  110  1  88
7  110  1  68
8  110  1  41
9  110  1  68
10  110  1  83
11  110  1  53
12  110  1  21
13  110  1  65
14  110  1  13
15  110  1  30
16  110  1  89
17  110  1  56
18  110  1  59
19  110  1  21
20  110  1  86
1  111  1  25
2  111  1  19
3  111  1  26
4  111  1  41
5  111  1  69
6  111  1  20
7  111  1  15
8  111  1  10
9  111  1  20
10  111  1  14
11  111  1  73
12  111  1  47
13  111  1  64
14  111  1  50
15  111  1  70
16  111  1  32
17  111  1  10
18  111  1  26
19  111  1  34
20  111  1  64
1  112  1  72
2  112  1  60
3  112  1  30
4  112  1  62
5  112  1  63
6  112  1  11
7  112  1  67
8  112  1  82
9  112  1  70
10  112  1  42
11  112  1  25
12  112  1  50
13  112  1  46
14  112  1  35
15  112  1  10
16  112  1  53
17  112  1  33
18  112  1  36
19  112  1  12
20  112  1  87
1  113  1  16
2  113  1  37
3  113  1  12
4  113  1  48
5  113  1  75
6  113  1  50
7  113  1  87
8  113  1  72
9  113  1  87
10  113  1  35
11  113  1  61
12  113  1  83
13  113  1  87
14  113  1  75
15  113  1  17
16  113  1  17
17  113  1  10
18  113  1  20
19  113  1  45
20  113  1  34
1  114  1  64
2  114  1  69
3  114  1  61
4  114  1  77
5  114  1  52
6  114  1  90
7  114  1  21
8  114  1  55
9  114  1  59
10  114  1  28
11  114  1  54
12  114  1  73
13  114  1  80
14  114  1  65
15  114  1  36
16  114  1  53
17  114  1  37
18  114  1  64
19  114  1  27
20  114  1  65
1  115  1  50
2  115  1  62
3  115  1  85
4  115  1  62
5  115  1  35
6  115  1  28
7  115  1  75
8  115  1  13
9  115  1  19
10  115  1  24
11  115  1  89
12  115  1  23
13  115  1  90
14  115  1  20
15  115  1  61
16  115  1  57
17  115  1  30
18  115  1  75
19  115  1  58
20  115  1  77
1  116  1  81
2  116  1  77
3  116  1  25
4  116  1  75
5  116  1  45
6  116  1  75
7  116  1  49
8  116  1  23
9  116  1  26
10  116  1  69
11  116  1  13
12  116  1  10
13  116  1  37
14  116  1  31
15  116  1  48
16  116  1  30
17  116  1  71
18  116  1  88
19  116  1  42
20  116  1  42
1  117  1  35
2  117  1  90
3  117  1  19
4  117  1  54
5  117  1  15
6  117  1  73
7  117  1  78
8  117  1  88
9  117  1  30
10  117  1  19
11  117  1  11
12  117  1  22
13  117  1  36
14  117  1  85
15  117  1  47
16  117  1  34
17  117  1  41
18  117  1  88
19  117  1  25
20  117  1  56
1  118  1  67
2  118  1  44
3  118  1  38
4  118  1  81
5  118  1  13
6  118  1  10
7  118  1  13
8  118  1  80
9  118  1  27
10  118  1  90
11  118  1  78
12  118  1  29
13  118  1  53
14  118  1  43
15  118  1  68
16  118  1  33
17  118  1  80
18  118  1  17
19  118  1  62
20  118  1  72
1  119  1  76
2  119  1  46
3  119  1  32
4  119  1  88
5  119  1  19
6  119  1  58
7  119  1  84
8  119  1  58
9  119  1  25
10  119  1  48
11  119  1  76
12  119  1  53
13  119  1  46
14  119  1  20
15  119  1  30
16  119  1  85
17  119  1  39
18  119  1  80
19  119  1  36
20  119  1  73
1  120  1  78
2  120  1  51
3  120  1  32
4  120  1  66
5  120  1  43
6  120  1  22
7  120  1  22
8  120  1  49
9  120  1  36
10  120  1  42
11  120  1  44
12  120  1  69
13  120  1  82
14  120  1  35
15  120  1  76
16  120  1  50
17  120  1  20
18  120  1  55
19  120  1  78
20  120  1  43
1  121  1  82
2  121  1  79
3  121  1  28
4  121  1  65
5  121  1  82
6  121  1  13
7  121  1  58
8  121  1  89
9  121  1  37
10  121  1  10
11  121  1  89
12  121  1  37
13  121  1  57
14  121  1  82
15  121  1  90
16  121  1  50
17  121  1  33
18  121  1  80
19  121  1  59
20  121  1  18
1  122  1  74
2  122  1  37
3  122  1  70
4  122  1  40
5  122  1  34
6  122  1  55
7  122  1  46
8  122  1  35
9  122  1  51
10  122  1  58
11  122  1  39
12  122  1  76
13  122  1  50
14  122  1  63
15  122  1  39
16  122  1  19
17  122  1  31
18  122  1  50
19  122  1  19
20  122  1  60
1  123  1  79
2  123  1  34
3  123  1  75
4  123  1  51
5  123  1  41
6  123  1  57
7  123  1  74
8  123  1  42
9  123  1  70
10  123  1  73
11  123  1  79
12  123  1  39
13  123  1  61
14  123  1  86
15  123  1  24
16  123  1  36
17  123  1  62
18  123  1  48
19  123  1  10
20  123  1  61
1  124  1  37
2  124  1  75
3  124  1  54
4  124  1  25
5  124  1  87
6  124  1  86
7  124  1  14
8  124  1  44
9  124  1  53
10  124  1  29
11  124  1  64
12  124  1  20
13  124  1  28
14  124  1  80
15  124  1  23
16  124  1  79
17  124  1  69
18  124  1  72
19  124  1  68
20  124  1  43
1  125  1  30
2  125  1  41
3  125  1  64
4  125  1  66
5  125  1  79
6  125  1  24
7  125  1  89
8  125  1  26
9  125  1  60
10  125  1  22
11  125  1  27
12  125  1  85
13  125  1  23
14  125  1  18
15  125  1  34
16  125  1  25
17  125  1  39
18  125  1  30
19  125  1  35
20  125  1  40
1  126  1  58
2  126  1  45
3  126  1  39
4  126  1  29
5  126  1  25
6  126  1  80
7  126  1  58
8  126  1  65
9  126  1  80
10  126  1  66
11  126  1  15
12  126  1  47
13  126  1  35
14  126  1  86
15  126  1  64
16  126  1  46
17  126  1  90
18  126  1  64
19  126  1  65
20  126  1  78
1  127  1  75
2  127  1  38
3  127  1  36
4  127  1  88
5  127  1  28
6  127  1  38
7  127  1  78
8  127  1  34
9  127  1  85
10  127  1  45
11  127  1  38
12  127  1  29
13  127  1  84
14  127  1  74
15  127  1  47
16  127  1  49
17  127  1  28
18  127  1  56
19  127  1  45
20  127  1  13
1  128  1  43
2  128  1  20
3  128  1  88
4  128  1  29
5  128  1  76
6  128  1  63
7  128  1  28
8  128  1  70
9  128  1  88
10  128  1  14
11  128  1  35
12  128  1  87
13  128  1  19
14  128  1  57
15  128  1  54
16  128  1  90
17  128  1  33
18  128  1  82
19  128  1  42
20  128  1  26
1  129  1  37
2  129  1  38
3  129  1  17
4  129  1  73
5  129  1  20
6  129  1  60
7  129  1  38
8  129  1  49
9  129  1  79
10  129  1  58
11  129  1  82
12  129  1  85
13  129  1  35
14  129  1  58
15  129  1  34
16  129  1  31
17  129  1  63
18  129  1  10
19  129  1  75
20  129  1  18
1  130  1  71
2  130  1  52
3  130  1  22
4  130  1  66
5  130  1  86
6  130  1  15
7  130  1  74
8  130  1  22
9  130  1  20
10  130  1  46
11  130  1  72
12  130  1  16
13  130  1  35
14  130  1  43
15  130  1  12
16  130  1  51
17  130  1  38
18  130  1  62
19  130  1  12
20  130  1  50
1  131  1  62
2  131  1  70
3  131  1  51
4  131  1  25
5  131  1  65
6  131  1  45
7  131  1  44
8  131  1  10
9  131  1  66
10  131  1  80
11  131  1  13
12  131  1  10
13  131  1  76
14  131  1  30
15  131  1  70
16  131  1  19
17  131  1  84
18  131  1  65
19  131  1  84
20  131  1  49
1  132  1  39
2  132  1  38
3  132  1  26
4  132  1  55
5  132  1  12
6  132  1  20
7  132  1  41
8  132  1  58
9  132  1  52
10  132  1  35
11  132  1  53
12  132  1  60
13  132  1  14
14  132  1  58
15  132  1  84
16  132  1  49
17  132  1  84
18  132  1  79
19  132  1  35
20  132  1  74
1  133  1  30
2  133  1  22
3  133  1  70
4  133  1  46
5  133  1  49
6  133  1  20
7  133  1  46
8  133  1  66
9  133  1  80
10  133  1  43
11  133  1  90
12  133  1  41
13  133  1  88
14  133  1  10
15  133  1  73
16  133  1  55
17  133  1  69
18  133  1  53
19  133  1  76
20  133  1  83
1  134  1  80
2  134  1  12
3  134  1  15
4  134  1  86
5  134  1  59
6  134  1  60
7  134  1  59
8  134  1  24
9  134  1  63
10  134  1  44
11  134  1  84
12  134  1  73
13  134  1  17
14  134  1  48
15  134  1  55
16  134  1  15
17  134  1  17
18  134  1  14
19  134  1  24
20  134  1  64
1  135  1  13
2  135  1  20
3  135  1  42
4  135  1  31
5  135  1  69
6  135  1  13
7  135  1  50
8  135  1  59
9  135  1  42
10  135  1  29
11  135  1  63
12  135  1  23
13  135  1  14
14  135  1  35
15  135  1  33
16  135  1  55
17  135  1  69
18  135  1  25
19  135  1  47
20  135  1  48
1  136  1  27
2  136  1  87
3  136  1  56
4  136  1  38
5  136  1  66
6  136  1  62
7  136  1  15
8  136  1  85
9  136  1  73
10  136  1  28
11  136  1  24
12  136  1  12
13  136  1  29
14  136  1  66
15  136  1  22
16  136  1  23
17  136  1  29
18  136  1  41
19  136  1  56
20  136  1  22
1  137  1  13
2  137  1  70
3  137  1  12
4  137  1  80
5  137  1  11
6  137  1  83
7  137  1  13
8  137  1  88
9  137  1  62
10  137  1  19
11  137  1  43
12  137  1  60
13  137  1  73
14  137  1  21
15  137  1  40
16  137  1  69
17  137  1  72
18  137  1  10
19  137  1  82
20  137  1  45
1  138  1  69
2  138  1  24
3  138  1  75
4  138  1  54
5  138  1  19
6  138  1  67
7  138  1  72
8  138  1  45
9  138  1  14
10  138  1  79
11  138  1  21
12  138  1  64
13  138  1  25
14  138  1  58
15  138  1  53
16  138  1  86
17  138  1  67
18  138  1  57
19  138  1  11
20  138  1  60
1  139  1  63
2  139  1  34
3  139  1  41
4  139  1  15
5  139  1  61
6  139  1  10
7  139  1  84
8  139  1  54
9  139  1  74
10  139  1  62
11  139  1  37
12  139  1  11
13  139  1  59
14  139  1  18
15  139  1  57
16  139  1  90
17  139  1  31
18  139  1  26
19  139  1  22
20  139  1  74
1  140  1  70
2  140  1  88
3  140  1  26
4  140  1  50
5  140  1  13
6  140  1  79
7  140  1  62
8  140  1  11
9  140  1  45
10  140  1  64
11  140  1  68
12  140  1  20
13  140  1  14
14  140  1  71
15  140  1  10
16  140  1  86
17  140  1  87
18  140  1  23
19  140  1  52
20  140  1  66
1  141  1  33
2  141  1  16
3  141  1  45
4  141  1  77
5  141  1  30
6  141  1  60
7  141  1  29
8  141  1  35
9  141  1  16
10  141  1  73
11  141  1  25
12  141  1  19
13  141  1  54
14  141  1  42
15  141  1  57
16  141  1  39
17  141  1  90
18  141  1  63
19  141  1  48
20  141  1  18
1  142  1  52
2  142  1  22
3  142  1  60
4  142  1  53
5  142  1  21
6  142  1  46
7  142  1  64
8  142  1  78
9  142  1  22
10  142  1  81
11  142  1  51
12  142  1  37
13  142  1  49
14  142  1  46
15  142  1  31
16  142  1  23
17  142  1  34
18  142  1  59
19  142  1  81
20  142  1  54
1  143  1  90
2  143  1  23
3  143  1  61
4  143  1  88
5  143  1  66
6  143  1  85
7  143  1  73
8  143  1  14
9  143  1  27
10  143  1  82
11  143  1  89
12  143  1  23
13  143  1  56
14  143  1  29
15  143  1  56
16  143  1  74
17  143  1  51
18  143  1  75
19  143  1  48
20  143  1  68
1  144  1  73
2  144  1  45
3  144  1  12
4  144  1  22
5  144  1  75
6  144  1  45
7  144  1  68
8  144  1  46
9  144  1  43
10  144  1  82
11  144  1  27
12  144  1  14
13  144  1  76
14  144  1  70
15  144  1  13
16  144  1  18
17  144  1  12
18  144  1  40
19  144  1  21
20  144  1  49
1  145  1  13
2  145  1  64
3  145  1  36
4  145  1  74
5  145  1  11
6  145  1  15
7  145  1  31
8  145  1  70
9  145  1  26
10  145  1  65
11  145  1  81
12  145  1  34
13  145  1  24
14  145  1  43
15  145  1  88
16  145  1  32
17  145  1  47
18  145  1  61
19  145  1  33
20  145  1  68
1  146  1  12
2  146  1  42
3  146  1  45
4  146  1  28
5  146  1  58
6  146  1  47
7  146  1  77
8  146  1  74
9  146  1  51
10  146  1  76
11  146  1  84
12  146  1  19
13  146  1  54
14  146  1  22
15  146  1  38
16  146  1  86
17  146  1  84
18  146  1  20
19  146  1  37
20  146  1  88
1  147  1  20
2  147  1  74
3  147  1  86
4  147  1  24
5  147  1  38
6  147  1  89
7  147  1  50
8  147  1  47
9  147  1  68
10  147  1  43
11  147  1  85
12  147  1  49
13  147  1  36
14  147  1  50
15  147  1  85
16  147  1  12
17  147  1  44
18  147  1  78
19  147  1  48
20  147  1  83
1  148  1  14
2  148  1  34
3  148  1  61
4  148  1  46
5  148  1  42
6  148  1  86
7  148  1  62
8  148  1  88
9  148  1  11
10  148  1  69
11  148  1  64
12  148  1  77
13  148  1  22
14  148  1  71
15  148  1  39
16  148  1  28
17  148  1  70
18  148  1  36
19  148  1  10
20  148  1  79
1  149  1  62
2  149  1  79
3  149  1  31
4  149  1  32
5  149  1  29
6  149  1  58
7  149  1  17
8  149  1  48
9  149  1  46
10  149  1  39
11  149  1  15
12  149  1  80
13  149  1  88
14  149  1  82
15  149  1  15
16  149  1  10
17  149  1  14
18  149  1  77
19  149  1  25
20  149  1  71
1  150  1  42
2  150  1  24
3  150  1  58
4  150  1  90
5  150  1  16
6  150  1  76
7  150  1  30
8  150  1  33
9  150  1  86
10  150  1  19
11  150  1  63
12  150  1  43
13  150  1  11
14  150  1  75
15  150  1  10
16  150  1  24
17  150  1  90
18  150  1  25
19  150  1  39
20  150  1  70
1  1  2  12.29
2  1  2  22.58
3  1  2  43.06
4  1  2  23.37
5  1  2  18.14
6  1  2  40.11
7  1  2  42.45
8  1  2  10.57
9  1  2  26.56
10  1  2  34.74
11  1  2  29.73
12  1  2  42.01
13  1  2  22.40
14  1  2  20.47
15  1  2  25.61
16  1  2  21.24
17  1  2  28.43
18  1  2  9.89
19  1  2  19.34
20  1  2  52.25
1  2  2  11.06
2  2  2  12.79
3  2  2  21.08
4  2  2  46.92
5  2  2  13.94
6  2  2  11.84
7  2  2  22.96
8  2  2  41.92
9  2  2  12.49
10  2  2  2.54
11  2  2  27.06
12  2  2  7.43
13  2  2  26.13
14  2  2  9.71
15  2  2  14.89
16  2  2  39.24
17  2  2  25.58
18  2  2  24.68
19  2  2  8.96
20  2  2  23.51
1  3  2  34.32
2  3  2  54.36
3  3  2  10.50
4  3  2  40.09
5  3  2  15.48
6  3  2  37.22
7  3  2  36.37
8  3  2  6.08
9  3  2  5.44
10  3  2  10.19
11  3  2  21.32
12  3  2  39.62
13  3  2  10.63
14  3  2  33.97
15  3  2  34.65
16  3  2  67.87
17  3  2  8.11
18  3  2  52.71
19  3  2  19.95
20  3  2  40.63
1  4  2  4.51
2  4  2  19.67
3  4  2  30.27
4  4  2  35.37
5  4  2  44.95
6  4  2  17.19
7  4  2  15.67
8  4  2  46.69
9  4  2  26.34
10  4  2  19.78
11  4  2  47.70
12  4  2  13.02
13  4  2  9.63
14  4  2  12.21
15  4  2  60.10
16  4  2  15.07
17  4  2  32.01
18  4  2  16.09
19  4  2  56.83
20  4  2  8.97
1  5  2  20.38
2  5  2  44.32
3  5  2  33.53
4  5  2  33.81
5  5  2  26.00
6  5  2  22.43
7  5  2  17.43
8  5  2  23.62
9  5  2  25.64
10  5  2  32.72
11  5  2  9.07
12  5  2  62.76
13  5  2  45.67
14  5  2  25.14
15  5  2  8.94
16  5  2  41.53
17  5  2  17.97
18  5  2  33.30
19  5  2  58.41
20  5  2  5.52
1  6  2  40.57
2  6  2  12.78
3  6  2  22.41
4  6  2  7.88
5  6  2  30.51
6  6  2  21.48
7  6  2  29.58
8  6  2  12.27
9  6  2  2.98
10  6  2  36.73
11  6  2  6.89
12  6  2  54.85
13  6  2  15.07
14  6  2  36.79
15  6  2  5.69
16  6  2  35.83
17  6  2  4.35
18  6  2  58.94
19  6  2  13.81
20  6  2  28.40
1  7  2  5.62
2  7  2  20.27
3  7  2  12.67
4  7  2  21.24
5  7  2  13.89
6  7  2  3.50
7  7  2  20.18
8  7  2  16.51
9  7  2  8.46
10  7  2  23.13
11  7  2  8.84
12  7  2  28.28
13  7  2  9.87
14  7  2  5.18
15  7  2  41.01
16  7  2  42.24
17  7  2  16.07
18  7  2  10.40
19  7  2  29.46
20  7  2  64.88
1  8  2  19.29
2  8  2  8.09
3  8  2  33.11
4  8  2  13.24
5  8  2  12.93
6  8  2  9.98
7  8  2  16.97
8  8  2  66.01
9  8  2  13.26
10  8  2  4.77
11  8  2  11.18
12  8  2  55.12
13  8  2  29.43
14  8  2  28.67
15  8  2  17.97
16  8  2  41.57
17  8  2  42.49
18  8  2  40.06
19  8  2  8.27
20  8  2  39.33
1  9  2  67.26
2  9  2  6.20
3  9  2  54.24
4  9  2  31.98
5  9  2  18.40
6  9  2  9.24
7  9  2  33.54
8  9  2  12.16
9  9  2  12.25
10  9  2  13.70
11  9  2  5.54
12  9  2  9.46
13  9  2  27.95
14  9  2  22.54
15  9  2  25.44
16  9  2  33.52
17  9  2  11.93
18  9  2  31.97
19  9  2  12.37
20  9  2  38.41
1  10  2  30.22
2  10  2  22.67
3  10  2  56.95
4  10  2  45.44
5  10  2  18.51
6  10  2  23.01
7  10  2  15.72
8  10  2  12.14
9  10  2  49.32
10  10  2  23.15
11  10  2  5.07
12  10  2  21.06
13  10  2  2.68
14  10  2  4.79
15  10  2  25.26
16  10  2  23.16
17  10  2  31.26
18  10  2  30.76
19  10  2  41.88
20  10  2  29.34
1  11  2  5.96
2  11  2  46.54
3  11  2  9.49
4  11  2  18.53
5  11  2  24.90
6  11  2  25.15
7  11  2  48.68
8  11  2  12.25
9  11  2  24.36
10  11  2  29.89
11  11  2  21.10
12  11  2  14.43
13  11  2  7.58
14  11  2  31.06
15  11  2  19.16
16  11  2  6.99
17  11  2  13.24
18  11  2  13.88
19  11  2  49.85
20  11  2  16.98
1  12  2  7.39
2  12  2  17.38
3  12  2  41.82
4  12  2  22.10
5  12  2  9.45
6  12  2  34.71
7  12  2  7.75
8  12  2  28.00
9  12  2  38.45
10  12  2  20.24
11  12  2  27.78
12  12  2  5.46
13  12  2  58.65
14  12  2  23.22
15  12  2  21.09
16  12  2  25.84
17  12  2  21.04
18  12  2  16.08
19  12  2  24.18
20  12  2  37.81
1  13  2  17.54
2  13  2  38.05
3  13  2  24.67
4  13  2  54.39
5  13  2  4.71
6  13  2  25.74
7  13  2  45.31
8  13  2  11.72
9  13  2  5.48
10  13  2  18.10
11  13  2  19.06
12  13  2  32.39
13  13  2  33.01
14  13  2  34.66
15  13  2  22.78
16  13  2  47.67
17  13  2  25.83
18  13  2  41.11
19  13  2  10.02
20  13  2  52.23
1  14  2  12.50
2  14  2  21.67
3  14  2  14.92
4  14  2  54.76
5  14  2  58.81
6  14  2  11.67
7  14  2  19.47
8  14  2  8.77
9  14  2  29.59
10  14  2  28.01
11  14  2  25.93
12  14  2  3.40
13  14  2  6.52
14  14  2  17.38
15  14  2  2.94
16  14  2  12.21
17  14  2  14.22
18  14  2  6.86
19  14  2  16.78
20  14  2  12.36
1  15  2  11.19
2  15  2  9.95
3  15  2  13.93
4  15  2  44.29
5  15  2  12.14
6  15  2  9.35
7  15  2  11.59
8  15  2  15.41
9  15  2  9.10
10  15  2  63.08
11  15  2  30.48
12  15  2  22.45
13  15  2  46.55
14  15  2  39.13
15  15  2  23.33
16  15  2  23.83
17  15  2  25.77
18  15  2  5.56
19  15  2  64.06
20  15  2  29.46
1  16  2  6.35
2  16  2  6.07
3  16  2  33.77
4  16  2  41.04
5  16  2  16.25
6  16  2  9.57
7  16  2  12.39
8  16  2  16.62
9  16  2  34.73
10  16  2  31.74
11  16  2  23.83
12  16  2  16.84
13  16  2  22.91
14  16  2  43.80
15  16  2  5.31
16  16  2  32.88
17  16  2  9.00
18  16  2  21.17
19  16  2  12.00
20  16  2  6.71
1  17  2  15.43
2  17  2  3.39
3  17  2  30.80
4  17  2  17.02
5  17  2  35.49
6  17  2  38.80
7  17  2  25.17
8  17  2  4.73
9  17  2  20.27
10  17  2  27.74
11  17  2  38.06
12  17  2  43.30
13  17  2  38.11
14  17  2  58.24
15  17  2  23.09
16  17  2  22.24
17  17  2  52.14
18  17  2  15.76
19  17  2  13.27
20  17  2  38.32
1  18  2  23.74
2  18  2  14.91
3  18  2  9.08
4  18  2  3.86
5  18  2  16.53
6  18  2  17.12
7  18  2  34.00
8  18  2  14.50
9  18  2  16.23
10  18  2  41.34
11  18  2  10.19
12  18  2  12.21
13  18  2  32.88
14  18  2  29.27
15  18  2  26.60
16  18  2  6.13
17  18  2  7.76
18  18  2  5.66
19  18  2  7.78
20  18  2  54.53
1  19  2  41.44
2  19  2  25.53
3  19  2  22.65
4  19  2  17.84
5  19  2  29.84
6  19  2  53.98
7  19  2  4.38
8  19  2  24.48
9  19  2  12.97
10  19  2  48.70
11  19  2  52.78
12  19  2  48.38
13  19  2  22.29
14  19  2  12.39
15  19  2  39.75
16  19  2  4.76
17  19  2  5.27
18  19  2  21.70
19  19  2  35.24
20  19  2  39.30
1  20  2  16.72
2  20  2  37.20
3  20  2  19.44
4  20  2  23.10
5  20  2  6.48
6  20  2  17.53
7  20  2  37.34
8  20  2  13.22
9  20  2  9.71
10  20  2  11.46
11  20  2  20.27
12  20  2  28.77
13  20  2  19.84
14  20  2  8.18
15  20  2  4.80
16  20  2  13.56
17  20  2  21.99
18  20  2  26.35
19  20  2  33.90
20  20  2  33.82
1  21  2  23.23
2  21  2  17.03
3  21  2  32.86
4  21  2  27.38
5  21  2  39.10
6  21  2  33.88
7  21  2  21.27
8  21  2  31.41
9  21  2  10.37
10  21  2  8.49
11  21  2  33.62
12  21  2  23.21
13  21  2  21.20
14  21  2  37.39
15  21  2  21.32
16  21  2  19.66
17  21  2  31.43
18  21  2  38.54
19  21  2  38.16
20  21  2  11.94
1  22  2  23.89
2  22  2  21.96
3  22  2  2.46
4  22  2  35.27
5  22  2  54.82
6  22  2  38.04
7  22  2  23.13
8  22  2  29.53
9  22  2  15.20
10  22  2  23.87
11  22  2  12.05
12  22  2  11.06
13  22  2  8.90
14  22  2  6.38
15  22  2  7.17
16  22  2  25.58
17  22  2  17.56
18  22  2  9.87
19  22  2  29.68
20  22  2  50.14
1  23  2  13.71
2  23  2  37.26
3  23  2  45.52
4  23  2  12.94
5  23  2  9.11
6  23  2  24.62
7  23  2  12.96
8  23  2  4.09
9  23  2  53.48
10  23  2  35.05
11  23  2  17.70
12  23  2  32.23
13  23  2  26.89
14  23  2  55.29
15  23  2  10.23
16  23  2  7.46
17  23  2  34.11
18  23  2  21.04
19  23  2  25.04
20  23  2  19.32
1  24  2  16.35
2  24  2  47.80
3  24  2  11.90
4  24  2  67.29
5  24  2  17.74
6  24  2  50.28
7  24  2  12.48
8  24  2  35.58
9  24  2  30.57
10  24  2  22.95
11  24  2  52.83
12  24  2  6.29
13  24  2  13.94
14  24  2  30.43
15  24  2  41.65
16  24  2  11.48
17  24  2  23.64
18  24  2  27.05
19  24  2  38.75
20  24  2  54.02
1  25  2  47.67
2  25  2  30.21
3  25  2  7.64
4  25  2  40.64
5  25  2  45.48
6  25  2  28.00
7  25  2  59.77
8  25  2  11.45
9  25  2  21.31
10  25  2  12.63
11  25  2  24.22
12  25  2  65.97
13  25  2  27.54
14  25  2  22.58
15  25  2  47.59
16  25  2  51.77
17  25  2  20.53
18  25  2  20.09
19  25  2  30.91
20  25  2  53.23
1  26  2  58.44
2  26  2  38.40
3  26  2  13.72
4  26  2  36.91
5  26  2  10.50
6  26  2  32.68
7  26  2  14.77
8  26  2  49.45
9  26  2  22.87
10  26  2  50.60
11  26  2  18.88
12  26  2  23.73
13  26  2  35.82
14  26  2  13.57
15  26  2  8.73
16  26  2  29.23
17  26  2  37.76
18  26  2  27.68
19  26  2  9.80
20  26  2  22.85
1  27  2  22.30
2  27  2  9.95
3  27  2  32.64
4  27  2  15.05
5  27  2  47.32
6  27  2  28.94
7  27  2  23.77
8  27  2  29.69
9  27  2  8.19
10  27  2  20.97
11  27  2  24.94
12  27  2  24.48
13  27  2  27.27
14  27  2  9.18
15  27  2  48.30
16  27  2  25.60
17  27  2  50.72
18  27  2  30.32
19  27  2  36.69
20  27  2  31.12
1  28  2  12.52
2  28  2  64.94
3  28  2  9.28
4  28  2  50.53
5  28  2  32.90
6  28  2  13.99
7  28  2  24.91
8  28  2  4.27
9  28  2  61.36
10  28  2  35.24
11  28  2  29.12
12  28  2  36.79
13  28  2  35.10
14  28  2  13.49
15  28  2  11.76
16  28  2  24.57
17  28  2  27.65
18  28  2  51.59
19  28  2  7.58
20  28  2  12.48
1  29  2  18.87
2  29  2  24.86
3  29  2  13.38
4  29  2  56.49
5  29  2  36.57
6  29  2  28.90
7  29  2  19.63
8  29  2  32.85
9  29  2  20.14
10  29  2  40.35
11  29  2  51.00
12  29  2  21.89
13  29  2  16.30
14  29  2  7.92
15  29  2  8.27
16  29  2  16.75
17  29  2  41.95
18  29  2  41.50
19  29  2  24.77
20  29  2  31.49
1  30  2  3.50
2  30  2  26.29
3  30  2  19.11
4  30  2  14.73
5  30  2  5.25
6  30  2  15.20
7  30  2  8.97
8  30  2  13.27
9  30  2  23.73
10  30  2  52.14
11  30  2  5.44
12  30  2  15.97
13  30  2  7.04
14  30  2  36.03
15  30  2  41.50
16  30  2  57.97
17  30  2  64.16
18  30  2  15.02
19  30  2  8.16
20  30  2  20.44
1  31  2  14.25
2  31  2  22.40
3  31  2  20.95
4  31  2  21.95
5  31  2  36.54
6  31  2  32.13
7  31  2  31.38
8  31  2  15.30
9  31  2  51.66
10  31  2  37.41
11  31  2  22.13
12  31  2  40.44
13  31  2  31.45
14  31  2  14.87
15  31  2  18.10
16  31  2  7.50
17  31  2  56.39
18  31  2  23.70
19  31  2  21.84
20  31  2  49.17
1  32  2  15.33
2  32  2  8.75
3  32  2  31.23
4  32  2  31.26
5  32  2  12.05
6  32  2  53.08
7  32  2  8.18
8  32  2  44.03
9  32  2  8.62
10  32  2  38.45
11  32  2  2.36
12  32  2  25.37
13  32  2  38.48
14  32  2  50.21
15  32  2  34.48
16  32  2  14.54
17  32  2  13.35
18  32  2  48.86
19  32  2  39.17
20  32  2  32.10
1  33  2  23.69
2  33  2  22.99
3  33  2  33.75
4  33  2  27.41
5  33  2  17.50
6  33  2  11.76
7  33  2  14.22
8  33  2  23.49
9  33  2  12.16
10  33  2  32.30
11  33  2  35.97
12  33  2  7.91
13  33  2  8.77
14  33  2  15.81
15  33  2  6.71
16  33  2  7.78
17  33  2  17.67
18  33  2  21.61
19  33  2  5.00
20  33  2  16.22
1  34  2  29.30
2  34  2  6.97
3  34  2  10.35
4  34  2  19.04
5  34  2  4.77
6  34  2  43.37
7  34  2  26.35
8  34  2  39.05
9  34  2  23.90
10  34  2  24.20
11  34  2  14.97
12  34  2  10.52
13  34  2  34.49
14  34  2  10.73
15  34  2  8.77
16  34  2  15.69
17  34  2  55.87
18  34  2  26.54
19  34  2  22.35
20  34  2  35.63
1  35  2  47.32
2  35  2  26.47
3  35  2  45.79
4  35  2  19.86
5  35  2  6.31
6  35  2  6.50
7  35  2  30.10
8  35  2  62.38
9  35  2  32.60
10  35  2  29.02
11  35  2  5.98
12  35  2  13.99
13  35  2  3.28
14  35  2  27.66
15  35  2  28.48
16  35  2  47.21
17  35  2  22.25
18  35  2  3.85
19  35  2  29.15
20  35  2  54.74
1  36  2  12.88
2  36  2  8.52
3  36  2  18.93
4  36  2  15.16
5  36  2  11.15
6  36  2  36.54
7  36  2  21.11
8  36  2  52.83
9  36  2  42.94
10  36  2  14.31
11  36  2  35.67
12  36  2  29.97
13  36  2  5.78
14  36  2  8.55
15  36  2  32.75
16  36  2  24.48
17  36  2  42.74
18  36  2  42.03
19  36  2  34.38
20  36  2  12.61
1  37  2  33.81
2  37  2  10.70
3  37  2  48.21
4  37  2  9.47
5  37  2  14.19
6  37  2  15.02
7  37  2  14.19
8  37  2  19.99
9  37  2  7.93
10  37  2  28.60
11  37  2  16.82
12  37  2  21.50
13  37  2  7.08
14  37  2  20.21
15  37  2  10.70
16  37  2  61.32
17  37  2  18.95
18  37  2  8.93
19  37  2  41.72
20  37  2  14.60
1  38  2  12.92
2  38  2  8.83
3  38  2  11.49
4  38  2  8.59
5  38  2  23.96
6  38  2  21.88
7  38  2  21.37
8  38  2  13.70
9  38  2  13.18
10  38  2  25.09
11  38  2  44.55
12  38  2  22.64
13  38  2  11.36
14  38  2  25.10
15  38  2  30.79
16  38  2  21.57
17  38  2  14.82
18  38  2  24.59
19  38  2  21.93
20  38  2  4.29
1  39  2  44.82
2  39  2  8.87
3  39  2  23.88
4  39  2  8.53
5  39  2  19.20
6  39  2  28.49
7  39  2  5.57
8  39  2  28.05
9  39  2  10.86
10  39  2  2.92
11  39  2  19.27
12  39  2  17.93
13  39  2  54.78
14  39  2  30.46
15  39  2  31.18
16  39  2  6.14
17  39  2  40.93
18  39  2  22.80
19  39  2  31.11
20  39  2  17.49
1  40  2  4.36
2  40  2  16.30
3  40  2  6.65
4  40  2  37.14
5  40  2  26.63
6  40  2  12.49
7  40  2  33.78
8  40  2  18.19
9  40  2  33.62
10  40  2  3.89
11  40  2  50.62
12  40  2  22.59
13  40  2  14.96
14  40  2  38.87
15  40  2  42.29
16  40  2  23.64
17  40  2  22.33
18  40  2  44.59
19  40  2  17.08
20  40  2  9.46
1  41  2  12.26
2  41  2  39.59
3  41  2  22.80
4  41  2  8.98
5  41  2  34.53
6  41  2  21.01
7  41  2  60.89
8  41  2  33.68
9  41  2  16.61
10  41  2  11.66
11  41  2  49.20
12  41  2  42.95
13  41  2  37.52
14  41  2  4.54
15  41  2  17.75
16  41  2  19.43
17  41  2  57.79
18  41  2  22.51
19  41  2  17.92
20  41  2  21.33
1  42  2  29.11
2  42  2  41.67
3  42  2  59.32
4  42  2  23.49
5  42  2  37.30
6  42  2  41.42
7  42  2  7.09
8  42  2  6.45
9  42  2  13.44
10  42  2  26.85
11  42  2  13.15
12  42  2  30.91
13  42  2  4.94
14  42  2  47.54
15  42  2  42.87
16  42  2  21.65
17  42  2  14.77
18  42  2  10.37
19  42  2  7.99
20  42  2  26.06
1  43  2  31.55
2  43  2  27.26
3  43  2  22.58
4  43  2  35.96
5  43  2  7.69
6  43  2  5.96
7  43  2  19.40
8  43  2  33.26
9  43  2  27.59
10  43  2  44.48
11  43  2  7.62
12  43  2  20.70
13  43  2  30.68
14  43  2  35.93
15  43  2  14.63
16  43  2  5.79
17  43  2  38.09
18  43  2  28.90
19  43  2  23.49
20  43  2  20.30
1  44  2  11.16
2  44  2  8.04
3  44  2  13.69
4  44  2  15.68
5  44  2  53.69
6  44  2  25.73
7  44  2  39.74
8  44  2  9.02
9  44  2  3.58
10  44  2  39.70
11  44  2  39.77
12  44  2  12.91
13  44  2  22.85
14  44  2  23.11
15  44  2  5.83
16  44  2  22.00
17  44  2  20.11
18  44  2  8.10
19  44  2  38.56
20  44  2  32.98
1  45  2  40.11
2  45  2  26.30
3  45  2  32.15
4  45  2  31.36
5  45  2  18.84
6  45  2  16.11
7  45  2  6.52
8  45  2  14.32
9  45  2  16.97
10  45  2  56.94
11  45  2  6.92
12  45  2  32.62
13  45  2  4.76
14  45  2  12.71
15  45  2  8.40
16  45  2  42.62
17  45  2  58.70
18  45  2  37.40
19  45  2  56.57
20  45  2  15.45
1  46  2  8.17
2  46  2  15.07
3  46  2  36.44
4  46  2  31.45
5  46  2  9.20
6  46  2  42.35
7  46  2  50.17
8  46  2  25.68
9  46  2  15.64
10  46  2  5.89
11  46  2  22.57
12  46  2  21.78
13  46  2  35.58
14  46  2  67.77
15  46  2  25.17
16  46  2  44.09
17  46  2  17.48
18  46  2  6.55
19  46  2  29.10
20  46  2  27.40
1  47  2  17.32
2  47  2  13.08
3  47  2  11.73
4  47  2  55.08
5  47  2  37.81
6  47  2  32.43
7  47  2  12.56
8  47  2  7.77
9  47  2  17.22
10  47  2  27.76
11  47  2  38.33
12  47  2  6.08
13  47  2  14.26
14  47  2  10.21
15  47  2  10.26
16  47  2  12.27
17  47  2  46.69
18  47  2  21.91
19  47  2  56.36
20  47  2  26.16
1  48  2  35.04
2  48  2  20.35
3  48  2  6.62
4  48  2  39.18
5  48  2  35.42
6  48  2  21.08
7  48  2  7.57
8  48  2  21.69
9  48  2  6.29
10  48  2  27.87
11  48  2  29.13
12  48  2  61.08
13  48  2  11.09
14  48  2  7.83
15  48  2  18.27
16  48  2  58.37
17  48  2  26.82
18  48  2  38.45
19  48  2  39.34
20  48  2  26.32
1  49  2  33.42
2  49  2  43.49
3  49  2  31.50
4  49  2  44.53
5  49  2  19.32
6  49  2  14.56
7  49  2  27.25
8  49  2  25.84
9  49  2  11.14
10  49  2  49.26
11  49  2  36.33
12  49  2  37.77
13  49  2  58.73
14  49  2  20.83
15  49  2  23.16
16  49  2  8.41
17  49  2  33.88
18  49  2  12.35
19  49  2  37.18
20  49  2  19.37
1  50  2  14.91
2  50  2  11.76
3  50  2  8.31
4  50  2  44.00
5  50  2  30.97
6  50  2  22.86
7  50  2  6.81
8  50  2  21.73
9  50  2  50.96
10  50  2  13.68
11  50  2  27.34
12  50  2  36.26
13  50  2  64.79
14  50  2  14.16
15  50  2  13.81
16  50  2  19.93
17  50  2  27.72
18  50  2  12.20
19  50  2  12.33
20  50  2  17.95
1  51  2  17.07
2  51  2  19.07
3  51  2  36.89
4  51  2  38.47
5  51  2  26.36
6  51  2  22.39
7  51  2  19.01
8  51  2  13.60
9  51  2  26.91
10  51  2  35.21
11  51  2  38.59
12  51  2  21.45
13  51  2  45.32
14  51  2  24.29
15  51  2  25.58
16  51  2  56.97
17  51  2  7.77
18  51  2  39.33
19  51  2  11.22
20  51  2  15.61
1  52  2  12.90
2  52  2  34.45
3  52  2  33.41
4  52  2  17.53
5  52  2  59.82
6  52  2  28.68
7  52  2  49.09
8  52  2  34.93
9  52  2  31.66
10  52  2  31.61
11  52  2  36.68
12  52  2  45.11
13  52  2  20.22
14  52  2  9.61
15  52  2  22.80
16  52  2  15.69
17  52  2  27.87
18  52  2  35.03
19  52  2  21.23
20  52  2  15.11
1  53  2  15.14
2  53  2  6.73
3  53  2  31.31
4  53  2  10.85
5  53  2  13.23
6  53  2  47.90
7  53  2  13.49
8  53  2  24.03
9  53  2  11.55
10  53  2  12.42
11  53  2  11.58
12  53  2  4.85
13  53  2  36.89
14  53  2  36.08
15  53  2  10.76
16  53  2  35.63
17  53  2  40.61
18  53  2  43.40
19  53  2  8.42
20  53  2  17.03
1  54  2  11.16
2  54  2  25.84
3  54  2  8.94
4  54  2  14.61
5  54  2  33.60
6  54  2  7.35
7  54  2  33.86
8  54  2  15.26
9  54  2  41.74
10  54  2  61.43
11  54  2  52.41
12  54  2  24.65
13  54  2  13.35
14  54  2  52.95
15  54  2  17.88
16  54  2  14.00
17  54  2  29.61
18  54  2  28.59
19  54  2  23.41
20  54  2  29.93
1  55  2  5.62
2  55  2  66.94
3  55  2  5.41
4  55  2  47.70
5  55  2  40.29
6  55  2  41.08
7  55  2  12.44
8  55  2  31.85
9  55  2  15.92
10  55  2  16.76
11  55  2  18.94
12  55  2  7.41
13  55  2  18.42
14  55  2  21.32
15  55  2  16.21
16  55  2  16.06
17  55  2  4.74
18  55  2  64.03
19  55  2  9.58
20  55  2  40.54
1  56  2  30.34
2  56  2  22.65
3  56  2  26.04
4  56  2  48.17
5  56  2  12.83
6  56  2  48.79
7  56  2  36.68
8  56  2  7.78
9  56  2  59.58
10  56  2  35.53
11  56  2  12.55
12  56  2  17.79
13  56  2  21.34
14  56  2  57.62
15  56  2  28.67
16  56  2  14.52
17  56  2  10.88
18  56  2  30.25
19  56  2  23.11
20  56  2  10.51
1  57  2  22.63
2  57  2  21.22
3  57  2  15.62
4  57  2  36.87
5  57  2  6.67
6  57  2  29.62
7  57  2  34.12
8  57  2  7.78
9  57  2  8.56
10  57  2  41.83
11  57  2  11.08
12  57  2  9.17
13  57  2  33.49
14  57  2  22.07
15  57  2  41.42
16  57  2  8.92
17  57  2  6.84
18  57  2  16.79
19  57  2  39.04
20  57  2  44.78
1  58  2  28.21
2  58  2  5.75
3  58  2  28.23
4  58  2  18.89
5  58  2  6.93
6  58  2  14.57
7  58  2  3.88
8  58  2  28.70
9  58  2  36.34
10  58  2  26.26
11  58  2  41.25
12  58  2  37.44
13  58  2  22.71
14  58  2  13.87
15  58  2  24.20
16  58  2  19.89
17  58  2  24.31
18  58  2  16.68
19  58  2  15.97
20  58  2  29.60
1  59  2  10.94
2  59  2  16.30
3  59  2  24.30
4  59  2  26.82
5  59  2  4.91
6  59  2  41.03
7  59  2  58.75
8  59  2  55.58
9  59  2  24.74
10  59  2  40.18
11  59  2  16.36
12  59  2  56.83
13  59  2  9.94
14  59  2  13.87
15  59  2  41.27
16  59  2  8.67
17  59  2  64.34
18  59  2  15.76
19  59  2  27.21
20  59  2  22.66
1  60  2  51.41
2  60  2  16.13
3  60  2  27.34
4  60  2  25.04
5  60  2  21.62
6  60  2  22.20
7  60  2  15.03
8  60  2  53.72
9  60  2  15.01
10  60  2  24.98
11  60  2  7.91
12  60  2  9.36
13  60  2  34.24
14  60  2  24.83
15  60  2  16.50
16  60  2  39.85
17  60  2  15.61
18  60  2  10.42
19  60  2  14.47
20  60  2  55.36
1  61  2  23.10
2  61  2  28.40
3  61  2  48.20
4  61  2  19.12
5  61  2  43.86
6  61  2  23.63
7  61  2  19.82
8  61  2  41.23
9  61  2  30.78
10  61  2  32.14
11  61  2  7.17
12  61  2  21.89
13  61  2  7.15
14  61  2  9.53
15  61  2  41.50
16  61  2  3.61
17  61  2  7.21
18  61  2  59.01
19  61  2  30.98
20  61  2  11.67
1  62  2  11.60
2  62  2  13.90
3  62  2  55.35
4  62  2  25.26
5  62  2  16.74
6  62  2  14.28
7  62  2  26.58
8  62  2  57.74
9  62  2  21.70
10  62  2  24.55
11  62  2  7.37
12  62  2  30.80
13  62  2  7.71
14  62  2  39.12
15  62  2  35.39
16  62  2  19.20
17  62  2  18.31
18  62  2  34.03
19  62  2  26.84
20  62  2  55.76
1  63  2  3.69
2  63  2  11.47
3  63  2  9.78
4  63  2  29.02
5  63  2  14.57
6  63  2  13.69
7  63  2  4.65
8  63  2  56.85
9  63  2  7.88
10  63  2  26.06
11  63  2  24.01
12  63  2  22.13
13  63  2  17.20
14  63  2  40.92
15  63  2  11.96
16  63  2  39.93
17  63  2  32.84
18  63  2  7.30
19  63  2  44.49
20  63  2  5.99
1  64  2  12.32
2  64  2  29.81
3  64  2  14.64
4  64  2  14.68
5  64  2  56.12
6  64  2  25.09
7  64  2  7.64
8  64  2  6.13
9  64  2  13.90
10  64  2  12.36
11  64  2  9.86
12  64  2  10.61
13  64  2  41.14
14  64  2  35.67
15  64  2  54.08
16  64  2  11.60
17  64  2  13.13
18  64  2  16.01
19  64  2  28.68
20  64  2  10.73
1  65  2  9.27
2  65  2  10.48
3  65  2  23.17
4  65  2  63.83
5  65  2  18.54
6  65  2  38.32
7  65  2  28.69
8  65  2  24.11
9  65  2  18.07
10  65  2  12.44
11  65  2  15.10
12  65  2  13.12
13  65  2  18.27
14  65  2  16.67
15  65  2  24.85
16  65  2  12.76
17  65  2  10.91
18  65  2  29.67
19  65  2  8.43
20  65  2  30.68
1  66  2  21.61
2  66  2  8.50
3  66  2  55.57
4  66  2  2.41
5  66  2  5.81
6  66  2  20.78
7  66  2  15.43
8  66  2  14.71
9  66  2  15.20
10  66  2  12.20
11  66  2  28.52
12  66  2  43.22
13  66  2  8.02
14  66  2  11.53
15  66  2  28.18
16  66  2  21.93
17  66  2  60.25
18  66  2  24.00
19  66  2  14.36
20  66  2  37.68
1  67  2  8.86
2  67  2  16.38
3  67  2  14.31
4  67  2  22.26
5  67  2  38.47
6  67  2  19.38
7  67  2  35.70
8  67  2  27.57
9  67  2  43.73
10  67  2  31.33
11  67  2  23.12
12  67  2  17.87
13  67  2  32.01
14  67  2  12.34
15  67  2  7.04
16  67  2  8.96
17  67  2  41.40
18  67  2  15.70
19  67  2  9.72
20  67  2  6.11
1  68  2  18.10
2  68  2  20.46
3  68  2  56.72
4  68  2  29.24
5  68  2  23.00
6  68  2  42.05
7  68  2  31.99
8  68  2  33.50
9  68  2  19.10
10  68  2  24.53
11  68  2  15.84
12  68  2  54.29
13  68  2  33.95
14  68  2  22.89
15  68  2  5.46
16  68  2  11.41
17  68  2  27.80
18  68  2  44.37
19  68  2  10.59
20  68  2  10.02
1  69  2  24.14
2  69  2  6.51
3  69  2  11.20
4  69  2  25.86
5  69  2  24.69
6  69  2  7.69
7  69  2  13.27
8  69  2  36.37
9  69  2  11.80
10  69  2  13.79
11  69  2  53.97
12  69  2  13.72
13  69  2  21.75
14  69  2  9.77
15  69  2  5.09
16  69  2  7.40
17  69  2  28.71
18  69  2  38.93
19  69  2  21.84
20  69  2  21.44
1  70  2  22.21
2  70  2  13.27
3  70  2  60.60
4  70  2  7.31
5  70  2  23.69
6  70  2  8.33
7  70  2  28.51
8  70  2  26.19
9  70  2  28.28
10  70  2  15.02
11  70  2  52.08
12  70  2  23.77
13  70  2  32.51
14  70  2  12.59
15  70  2  37.42
16  70  2  23.23
17  70  2  13.46
18  70  2  42.45
19  70  2  12.20
20  70  2  52.52
1  71  2  9.57
2  71  2  22.29
3  71  2  20.54
4  71  2  21.63
5  71  2  23.42
6  71  2  12.65
7  71  2  42.55
8  71  2  13.23
9  71  2  29.51
10  71  2  18.60
11  71  2  37.21
12  71  2  42.77
13  71  2  36.28
14  71  2  39.53
15  71  2  21.24
16  71  2  25.61
17  71  2  49.50
18  71  2  5.89
19  71  2  36.94
20  71  2  10.97
1  72  2  29.96
2  72  2  31.80
3  72  2  18.48
4  72  2  13.89
5  72  2  34.64
6  72  2  40.00
7  72  2  16.96
8  72  2  17.49
9  72  2  10.17
10  72  2  62.39
11  72  2  37.29
12  72  2  6.36
13  72  2  18.54
14  72  2  18.47
15  72  2  14.21
16  72  2  41.53
17  72  2  20.71
18  72  2  18.22
19  72  2  31.44
20  72  2  15.48
1  73  2  23.56
2  73  2  29.63
3  73  2  62.61
4  73  2  20.92
5  73  2  9.33
6  73  2  28.11
7  73  2  15.03
8  73  2  62.13
9  73  2  44.22
10  73  2  16.60
11  73  2  60.14
12  73  2  32.27
13  73  2  57.17
14  73  2  17.45
15  73  2  19.35
16  73  2  21.85
17  73  2  13.53
18  73  2  12.98
19  73  2  19.96
20  73  2  29.01
1  74  2  19.33
2  74  2  6.91
3  74  2  11.11
4  74  2  6.70
5  74  2  12.62
6  74  2  35.66
7  74  2  18.60
8  74  2  43.08
9  74  2  69.38
10  74  2  30.51
11  74  2  21.22
12  74  2  45.37
13  74  2  12.10
14  74  2  16.00
15  74  2  20.35
16  74  2  10.35
17  74  2  9.43
18  74  2  22.34
19  74  2  4.55
20  74  2  13.45
1  75  2  30.26
2  75  2  24.55
3  75  2  21.91
4  75  2  14.98
5  75  2  9.62
6  75  2  24.89
7  75  2  20.76
8  75  2  18.76
9  75  2  40.77
10  75  2  15.17
11  75  2  62.38
12  75  2  24.68
13  75  2  9.50
14  75  2  18.66
15  75  2  21.09
16  75  2  18.01
17  75  2  24.03
18  75  2  10.65
19  75  2  22.24
20  75  2  13.59
1  76  2  25.38
2  76  2  11.52
3  76  2  57.03
4  76  2  6.39
5  76  2  30.11
6  76  2  3.69
7  76  2  28.49
8  76  2  42.19
9  76  2  47.54
10  76  2  24.96
11  76  2  4.45
12  76  2  53.21
13  76  2  23.31
14  76  2  13.49
15  76  2  37.91
16  76  2  12.81
17  76  2  17.96
18  76  2  34.08
19  76  2  4.35
20  76  2  10.68
1  77  2  18.28
2  77  2  23.00
3  77  2  22.01
4  77  2  50.21
5  77  2  45.51
6  77  2  47.38
7  77  2  29.54
8  77  2  15.90
9  77  2  7.66
10  77  2  5.93
11  77  2  28.75
12  77  2  17.98
13  77  2  38.14
14  77  2  9.46
15  77  2  39.83
16  77  2  47.00
17  77  2  38.96
18  77  2  9.43
19  77  2  35.45
20  77  2  19.17
1  78  2  51.07
2  78  2  18.89
3  78  2  18.35
4  78  2  26.57
5  78  2  41.91
6  78  2  17.63
7  78  2  38.27
8  78  2  17.72
9  78  2  16.63
10  78  2  37.75
11  78  2  57.06
12  78  2  64.22
13  78  2  63.67
14  78  2  17.37
15  78  2  33.17
16  78  2  10.32
17  78  2  12.86
18  78  2  21.08
19  78  2  31.27
20  78  2  49.86
1  79  2  56.55
2  79  2  19.25
3  79  2  9.79
4  79  2  15.05
5  79  2  28.19
6  79  2  14.74
7  79  2  15.49
8  79  2  5.89
9  79  2  17.74
10  79  2  50.83
11  79  2  31.14
12  79  2  49.28
13  79  2  21.06
14  79  2  28.35
15  79  2  2.06
16  79  2  52.36
17  79  2  29.10
18  79  2  16.65
19  79  2  60.01
20  79  2  5.75
1  80  2  31.62
2  80  2  21.31
3  80  2  4.43
4  80  2  17.61
5  80  2  29.12
6  80  2  12.09
7  80  2  8.18
8  80  2  47.02
9  80  2  26.68
10  80  2  12.16
11  80  2  21.91
12  80  2  66.80
13  80  2  34.69
14  80  2  17.06
15  80  2  8.86
16  80  2  37.03
17  80  2  26.30
18  80  2  30.76
19  80  2  57.11
20  80  2  14.21
1  81  2  12.72
2  81  2  34.41
3  81  2  8.08
4  81  2  7.88
5  81  2  12.07
6  81  2  21.15
7  81  2  60.32
8  81  2  35.68
9  81  2  36.90
10  81  2  18.12
11  81  2  34.32
12  81  2  36.02
13  81  2  22.35
14  81  2  17.05
15  81  2  3.82
16  81  2  28.06
17  81  2  17.73
18  81  2  17.63
19  81  2  8.69
20  81  2  40.24
1  82  2  8.62
2  82  2  17.88
3  82  2  51.36
4  82  2  27.41
5  82  2  7.05
6  82  2  5.04
7  82  2  34.38
8  82  2  11.66
9  82  2  61.26
10  82  2  28.55
11  82  2  10.31
12  82  2  10.66
13  82  2  13.39
14  82  2  37.10
15  82  2  5.43
16  82  2  21.20
17  82  2  28.97
18  82  2  11.76
19  82  2  18.89
20  82  2  16.34
1  83  2  20.77
2  83  2  32.09
3  83  2  5.62
4  83  2  3.20
5  83  2  14.33
6  83  2  24.74
7  83  2  15.96
8  83  2  13.07
9  83  2  9.15
10  83  2  8.10
11  83  2  22.91
12  83  2  31.94
13  83  2  25.37
14  83  2  15.02
15  83  2  33.69
16  83  2  11.83
17  83  2  16.02
18  83  2  19.60
19  83  2  6.37
20  83  2  20.56
1  84  2  16.62
2  84  2  16.64
3  84  2  42.99
4  84  2  61.65
5  84  2  6.29
6  84  2  23.00
7  84  2  16.23
8  84  2  4.08
9  84  2  17.81
10  84  2  7.53
11  84  2  25.01
12  84  2  2.86
13  84  2  44.14
14  84  2  4.76
15  84  2  8.10
16  84  2  21.06
17  84  2  8.14
18  84  2  24.57
19  84  2  39.29
20  84  2  30.07
1  85  2  21.33
2  85  2  14.12
3  85  2  20.20
4  85  2  12.00
5  85  2  47.51
6  85  2  18.32
7  85  2  43.77
8  85  2  31.13
9  85  2  5.53
10  85  2  27.32
11  85  2  30.15
12  85  2  41.27
13  85  2  36.07
14  85  2  24.91
15  85  2  20.47
16  85  2  18.63
17  85  2  39.71
18  85  2  40.84
19  85  2  34.31
20  85  2  30.27
1  86  2  21.47
2  86  2  31.53
3  86  2  33.80
4  86  2  7.45
5  86  2  28.29
6  86  2  17.22
7  86  2  47.24
8  86  2  6.12
9  86  2  21.39
10  86  2  18.36
11  86  2  13.97
12  86  2  36.89
13  86  2  67.28
14  86  2  29.12
15  86  2  22.33
16  86  2  27.81
17  86  2  5.57
18  86  2  64.78
19  86  2  20.91
20  86  2  54.57
1  87  2  37.35
2  87  2  30.58
3  87  2  13.86
4  87  2  30.77
5  87  2  42.88
6  87  2  54.50
7  87  2  16.94
8  87  2  10.14
9  87  2  5.83
10  87  2  14.92
11  87  2  25.39
12  87  2  12.21
13  87  2  23.39
14  87  2  18.31
15  87  2  13.84
16  87  2  25.54
17  87  2  3.59
18  87  2  31.43
19  87  2  20.43
20  87  2  30.52
1  88  2  52.44
2  88  2  25.74
3  88  2  19.07
4  88  2  34.38
5  88  2  34.91
6  88  2  5.25
7  88  2  50.52
8  88  2  16.71
9  88  2  48.73
10  88  2  45.84
11  88  2  13.27
12  88  2  12.88
13  88  2  19.96
14  88  2  7.25
15  88  2  35.40
16  88  2  20.12
17  88  2  25.94
18  88  2  21.67
19  88  2  51.67
20  88  2  9.86
1  89  2  47.48
2  89  2  19.65
3  89  2  29.89
4  89  2  3.99
5  89  2  5.93
6  89  2  30.94
7  89  2  24.29
8  89  2  26.18
9  89  2  21.43
10  89  2  13.03
11  89  2  13.22
12  89  2  26.01
13  89  2  9.56
14  89  2  17.21
15  89  2  29.37
16  89  2  35.53
17  89  2  10.39
18  89  2  35.55
19  89  2  20.32
20  89  2  40.04
1  90  2  9.26
2  90  2  58.43
3  90  2  15.89
4  90  2  10.94
5  90  2  51.19
6  90  2  35.86
7  90  2  5.41
8  90  2  29.60
9  90  2  11.34
10  90  2  11.41
11  90  2  27.44
12  90  2  9.58
13  90  2  20.39
14  90  2  7.87
15  90  2  35.28
16  90  2  35.27
17  90  2  5.07
18  90  2  32.10
19  90  2  5.30
20  90  2  21.24
1  91  2  44.08
2  91  2  32.47
3  91  2  11.72
4  91  2  47.42
5  91  2  15.19
6  91  2  6.61
7  91  2  13.97
8  91  2  15.40
9  91  2  17.27
10  91  2  15.59
11  91  2  21.10
12  91  2  4.66
13  91  2  27.39
14  91  2  12.59
15  91  2  30.07
16  91  2  27.37
17  91  2  15.71
18  91  2  63.74
19  91  2  27.38
20  91  2  24.07
1  92  2  38.50
2  92  2  27.28
3  92  2  10.46
4  92  2  15.12
5  92  2  21.63
6  92  2  7.07
7  92  2  7.13
8  92  2  21.77
9  92  2  62.14
10  92  2  54.83
11  92  2  59.17
12  92  2  7.68
13  92  2  23.06
14  92  2  56.54
15  92  2  22.10
16  92  2  22.09
17  92  2  9.87
18  92  2  14.03
19  92  2  25.66
20  92  2  47.09
1  93  2  34.15
2  93  2  68.06
3  93  2  53.88
4  93  2  12.11
5  93  2  31.65
6  93  2  42.04
7  93  2  48.93
8  93  2  21.30
9  93  2  48.46
10  93  2  14.83
11  93  2  25.88
12  93  2  8.66
13  93  2  18.12
14  93  2  9.89
15  93  2  31.12
16  93  2  44.62
17  93  2  27.90
18  93  2  11.24
19  93  2  27.11
20  93  2  3.08
1  94  2  10.17
2  94  2  5.56
3  94  2  30.69
4  94  2  30.30
5  94  2  7.05
6  94  2  13.54
7  94  2  20.35
8  94  2  23.68
9  94  2  47.24
10  94  2  9.76
11  94  2  6.35
12  94  2  11.25
13  94  2  14.80
14  94  2  18.45
15  94  2  27.36
16  94  2  9.81
17  94  2  31.63
18  94  2  65.14
19  94  2  7.90
20  94  2  24.92
1  95  2  30.08
2  95  2  15.10
3  95  2  35.86
4  95  2  34.28
5  95  2  34.68
6  95  2  20.45
7  95  2  57.71
8  95  2  40.99
9  95  2  18.95
10  95  2  2.50
11  95  2  17.20
12  95  2  23.96
13  95  2  3.97
14  95  2  5.68
15  95  2  8.78
16  95  2  8.41
17  95  2  27.35
18  95  2  45.02
19  95  2  13.03
20  95  2  11.83
1  96  2  17.90
2  96  2  38.07
3  96  2  33.86
4  96  2  14.59
5  96  2  20.56
6  96  2  19.45
7  96  2  26.58
8  96  2  7.66
9  96  2  28.27
10  96  2  13.47
11  96  2  21.18
12  96  2  5.09
13  96  2  26.41
14  96  2  28.11
15  96  2  57.55
16  96  2  58.26
17  96  2  31.08
18  96  2  33.78
19  96  2  42.53
20  96  2  18.84
1  97  2  21.02
2  97  2  20.45
3  97  2  29.62
4  97  2  23.02
5  97  2  19.71
6  97  2  30.97
7  97  2  26.53
8  97  2  13.24
9  97  2  17.69
10  97  2  16.12
11  97  2  32.42
12  97  2  42.06
13  97  2  17.82
14  97  2  7.56
15  97  2  28.83
16  97  2  11.12
17  97  2  21.94
18  97  2  22.89
19  97  2  41.83
20  97  2  56.97
1  98  2  48.05
2  98  2  20.60
3  98  2  35.73
4  98  2  37.63
5  98  2  34.93
6  98  2  36.73
7  98  2  13.14
8  98  2  5.53
9  98  2  44.29
10  98  2  6.16
11  98  2  26.99
12  98  2  41.98
13  98  2  34.90
14  98  2  20.86
15  98  2  67.61
16  98  2  17.19
17  98  2  29.84
18  98  2  4.20
19  98  2  18.44
20  98  2  49.92
1  99  2  9.32
2  99  2  27.64
3  99  2  22.23
4  99  2  24.54
5  99  2  38.37
6  99  2  4.20
7  99  2  46.62
8  99  2  49.81
9  99  2  41.22
10  99  2  21.37
11  99  2  7.69
12  99  2  11.33
13  99  2  17.05
14  99  2  5.76
15  99  2  21.64
16  99  2  16.30
17  99  2  42.48
18  99  2  18.96
19  99  2  14.69
20  99  2  18.67
1  100  2  25.98
2  100  2  14.69
3  100  2  39.04
4  100  2  41.60
5  100  2  41.11
6  100  2  9.04
7  100  2  23.36
8  100  2  7.63
9  100  2  55.20
10  100  2  65.93
11  100  2  36.10
12  100  2  52.78
13  100  2  28.26
14  100  2  14.87
15  100  2  20.53
16  100  2  26.60
17  100  2  12.18
18  100  2  24.76
19  100  2  24.52
20  100  2  11.31
1  101  2  2.85
2  101  2  5.80
3  101  2  43.82
4  101  2  12.76
5  101  2  39.71
6  101  2  43.97
7  101  2  48.07
8  101  2  45.27
9  101  2  60.83
10  101  2  44.63
11  101  2  5.51
12  101  2  10.69
13  101  2  11.45
14  101  2  22.86
15  101  2  11.25
16  101  2  23.80
17  101  2  9.26
18  101  2  27.69
19  101  2  39.99
20  101  2  32.02
1  102  2  15.26
2  102  2  50.06
3  102  2  6.32
4  102  2  9.82
5  102  2  15.98
6  102  2  7.65
7  102  2  52.35
8  102  2  63.38
9  102  2  25.90
10  102  2  6.16
11  102  2  9.19
12  102  2  14.19
13  102  2  30.17
14  102  2  8.99
15  102  2  33.60
16  102  2  47.70
17  102  2  11.32
18  102  2  16.32
19  102  2  43.74
20  102  2  10.93
1  103  2  16.47
2  103  2  62.49
3  103  2  10.41
4  103  2  25.89
5  103  2  47.01
6  103  2  15.73
7  103  2  30.45
8  103  2  36.13
9  103  2  8.22
10  103  2  48.24
11  103  2  3.22
12  103  2  44.36
13  103  2  10.75
14  103  2  13.18
15  103  2  32.55
16  103  2  6.13
17  103  2  8.77
18  103  2  5.20
19  103  2  14.09
20  103  2  11.22
1  104  2  43.16
2  104  2  4.92
3  104  2  30.69
4  104  2  44.10
5  104  2  29.55
6  104  2  39.28
7  104  2  15.86
8  104  2  12.86
9  104  2  67.39
10  104  2  18.57
11  104  2  20.22
12  104  2  5.50
13  104  2  18.80
14  104  2  43.26
15  104  2  22.79
16  104  2  12.67
17  104  2  19.42
18  104  2  17.47
19  104  2  42.51
20  104  2  38.13
1  105  2  8.85
2  105  2  12.16
3  105  2  27.59
4  105  2  28.97
5  105  2  12.99
6  105  2  25.45
7  105  2  30.89
8  105  2  8.32
9  105  2  50.80
10  105  2  35.10
11  105  2  25.01
12  105  2  58.21
13  105  2  16.72
14  105  2  30.52
15  105  2  57.69
16  105  2  57.66
17  105  2  43.15
18  105  2  22.08
19  105  2  37.39
20  105  2  47.57
1  106  2  9.88
2  106  2  22.06
3  106  2  25.61
4  106  2  23.14
5  106  2  20.47
6  106  2  15.95
7  106  2  35.08
8  106  2  7.03
9  106  2  5.10
10  106  2  9.09
11  106  2  4.43
12  106  2  63.13
13  106  2  14.20
14  106  2  19.23
15  106  2  36.15
16  106  2  10.32
17  106  2  31.39
18  106  2  44.33
19  106  2  71.77
20  106  2  26.24
1  107  2  17.03
2  107  2  24.92
3  107  2  50.22
4  107  2  19.75
5  107  2  6.88
6  107  2  51.28
7  107  2  44.72
8  107  2  16.41
9  107  2  43.03
10  107  2  42.41
11  107  2  42.71
12  107  2  39.05
13  107  2  18.06
14  107  2  14.43
15  107  2  16.79
16  107  2  16.55
17  107  2  39.24
18  107  2  28.25
19  107  2  51.80
20  107  2  19.85
1  108  2  27.48
2  108  2  19.95
3  108  2  34.50
4  108  2  66.32
5  108  2  16.57
6  108  2  13.84
7  108  2  47.64
8  108  2  16.17
9  108  2  29.66
10  108  2  4.73
11  108  2  37.28
12  108  2  61.85
13  108  2  58.77
14  108  2  25.83
15  108  2  8.89
16  108  2  32.93
17  108  2  36.90
18  108  2  8.69
19  108  2  20.86
20  108  2  5.95
1  109  2  10.21
2  109  2  29.36
3  109  2  22.17
4  109  2  4.46
5  109  2  10.68
6  109  2  16.78
7  109  2  66.24
8  109  2  30.06
9  109  2  17.84
10  109  2  18.24
11  109  2  43.64
12  109  2  50.73
13  109  2  20.31
14  109  2  15.57
15  109  2  34.32
16  109  2  10.22
17  109  2  44.77
18  109  2  8.20
19  109  2  8.37
20  109  2  16.51
1  110  2  36.83
2  110  2  9.45
3  110  2  51.62
4  110  2  32.03
5  110  2  40.38
6  110  2  40.31
7  110  2  22.29
8  110  2  10.99
9  110  2  26.79
10  110  2  18.30
11  110  2  35.15
12  110  2  5.68
13  110  2  40.02
14  110  2  6.48
15  110  2  11.22
16  110  2  69.38
17  110  2  33.62
18  110  2  39.84
19  110  2  5.86
20  110  2  42.02
1  111  2  11.84
2  111  2  5.57
3  111  2  20.50
4  111  2  24.86
5  111  2  45.61
6  111  2  10.20
7  111  2  10.19
8  111  2  7.01
9  111  2  15.20
10  111  2  7.86
11  111  2  38.40
12  111  2  22.40
13  111  2  25.41
14  111  2  27.97
15  111  2  15.11
16  111  2  10.00
17  111  2  7.38
18  111  2  11.88
19  111  2  13.66
20  111  2  46.69
1  112  2  54.13
2  112  2  15.80
3  112  2  16.53
4  112  2  37.38
5  112  2  22.74
6  112  2  2.68
7  112  2  37.26
8  112  2  40.41
9  112  2  54.51
10  112  2  22.33
11  112  2  16.15
12  112  2  33.30
13  112  2  11.86
14  112  2  11.08
15  112  2  6.00
16  112  2  26.27
17  112  2  17.20
18  112  2  17.19
19  112  2  9.15
20  112  2  52.85
1  113  2  4.97
2  113  2  27.18
3  113  2  5.97
4  113  2  26.52
5  113  2  48.93
6  113  2  20.85
7  113  2  54.38
8  113  2  46.93
9  113  2  46.04
10  113  2  15.44
11  113  2  47.96
12  113  2  17.80
13  113  2  26.01
14  113  2  55.93
15  113  2  6.16
16  113  2  9.60
17  113  2  4.33
18  113  2  15.11
19  113  2  21.49
20  113  2  26.94
1  114  2  17.36
2  114  2  53.71
3  114  2  24.68
4  114  2  30.14
5  114  2  26.80
6  114  2  21.14
7  114  2  6.49
8  114  2  40.70
9  114  2  23.39
10  114  2  9.96
11  114  2  25.08
12  114  2  57.36
13  114  2  22.80
14  114  2  18.23
15  114  2  20.46
16  114  2  14.25
17  114  2  12.93
18  114  2  38.16
19  114  2  7.02
20  114  2  21.59
1  115  2  15.73
2  115  2  32.32
3  115  2  55.43
4  115  2  40.10
5  115  2  22.23
6  115  2  18.16
7  115  2  16.29
8  115  2  5.07
9  115  2  5.45
10  115  2  19.09
11  115  2  59.21
12  115  2  16.46
13  115  2  46.41
14  115  2  15.78
15  115  2  17.83
16  115  2  18.01
17  115  2  17.91
18  115  2  55.86
19  115  2  38.56
20  115  2  32.19
1  116  2  28.87
2  116  2  45.43
3  116  2  7.28
4  116  2  57.25
5  116  2  19.38
6  116  2  37.98
7  116  2  26.12
8  116  2  5.87
9  116  2  8.35
10  116  2  40.07
11  116  2  9.71
12  116  2  5.46
13  116  2  22.39
14  116  2  7.90
15  116  2  32.09
16  116  2  17.56
17  116  2  25.75
18  116  2  53.02
19  116  2  9.84
20  116  2  32.96
1  117  2  17.56
2  117  2  41.40
3  117  2  7.76
4  117  2  17.98
5  117  2  9.58
6  117  2  16.08
7  117  2  52.52
8  117  2  21.79
9  117  2  23.21
10  117  2  4.73
11  117  2  8.14
12  117  2  15.91
13  117  2  18.12
14  117  2  30.35
15  117  2  15.31
16  117  2  17.98
17  117  2  12.08
18  117  2  41.74
19  117  2  6.20
20  117  2  24.33
1  118  2  28.96
2  118  2  18.89
3  118  2  12.01
4  118  2  39.28
5  118  2  8.96
6  118  2  4.30
7  118  2  8.91
8  118  2  60.38
9  118  2  16.54
10  118  2  41.18
11  118  2  39.51
12  118  2  21.17
13  118  2  17.16
14  118  2  32.23
15  118  2  32.79
16  118  2  18.16
17  118  2  26.81
18  118  2  6.91
19  118  2  12.63
20  118  2  23.47
1  119  2  49.95
2  119  2  36.74
3  119  2  23.18
4  119  2  23.50
5  119  2  5.38
6  119  2  11.83
7  119  2  40.48
8  119  2  26.16
9  119  2  8.81
10  119  2  30.88
11  119  2  28.18
12  119  2  11.09
13  119  2  19.31
14  119  2  5.91
15  119  2  8.97
16  119  2  24.37
17  119  2  23.14
18  119  2  37.14
19  119  2  26.44
20  119  2  25.98
1  120  2  36.96
2  120  2  38.07
3  120  2  21.10
4  120  2  50.79
5  120  2  33.43
6  120  2  6.96
7  120  2  14.12
8  120  2  10.83
9  120  2  16.51
10  120  2  17.63
11  120  2  21.57
12  120  2  27.18
13  120  2  45.88
14  120  2  11.67
15  120  2  23.51
16  120  2  17.78
17  120  2  6.63
18  120  2  15.22
19  120  2  44.17
20  120  2  20.39
1  121  2  27.39
2  121  2  49.27
3  121  2  20.80
4  121  2  28.49
5  121  2  34.82
6  121  2  3.08
7  121  2  40.97
8  121  2  53.39
9  121  2  7.75
10  121  2  4.30
11  121  2  32.88
12  121  2  18.07
13  121  2  42.94
14  121  2  25.98
15  121  2  64.45
16  121  2  30.74
17  121  2  11.41
18  121  2  56.74
19  121  2  36.97
20  121  2  11.60
1  122  2  48.04
2  122  2  28.64
3  122  2  17.00
4  122  2  27.35
5  122  2  25.40
6  122  2  15.09
7  122  2  24.12
8  122  2  7.76
9  122  2  16.80
10  122  2  32.05
11  122  2  11.95
12  122  2  32.92
13  122  2  37.16
14  122  2  37.44
15  122  2  24.51
16  122  2  9.93
17  122  2  7.36
18  122  2  14.45
19  122  2  11.08
20  122  2  44.28
1  123  2  25.84
2  123  2  15.78
3  123  2  17.91
4  123  2  13.67
5  123  2  23.86
6  123  2  35.50
7  123  2  55.19
8  123  2  28.00
9  123  2  45.63
10  123  2  45.25
11  123  2  60.21
12  123  2  25.85
13  123  2  18.69
14  123  2  44.31
15  123  2  7.64
16  123  2  13.98
17  123  2  16.94
18  123  2  23.83
19  123  2  6.43
20  123  2  26.84
1  124  2  17.82
2  124  2  35.59
3  124  2  27.72
4  124  2  18.44
5  124  2  45.64
6  124  2  20.56
7  124  2  4.80
8  124  2  14.88
9  124  2  36.30
10  124  2  22.27
11  124  2  37.40
12  124  2  8.52
13  124  2  16.42
14  124  2  18.66
15  124  2  10.76
16  124  2  59.91
17  124  2  53.40
18  124  2  41.43
19  124  2  32.37
20  124  2  14.11
1  125  2  9.29
2  125  2  31.50
3  125  2  24.04
4  125  2  47.11
5  125  2  33.14
6  125  2  5.86
7  125  2  50.90
8  125  2  10.54
9  125  2  21.31
10  125  2  4.77
11  125  2  12.32
12  125  2  32.83
13  125  2  13.92
14  125  2  5.46
15  125  2  26.88
16  125  2  17.19
17  125  2  22.65
18  125  2  14.86
19  125  2  17.81
20  125  2  17.79
1  126  2  17.09
2  126  2  9.16
3  126  2  12.95
4  126  2  14.67
5  126  2  7.12
6  126  2  49.61
7  126  2  14.84
8  126  2  28.99
9  126  2  29.58
10  126  2  52.78
11  126  2  9.96
12  126  2  31.26
13  126  2  27.12
14  126  2  63.38
15  126  2  45.01
16  126  2  36.44
17  126  2  53.75
18  126  2  30.49
19  126  2  37.63
20  126  2  52.42
1  127  2  52.67
2  127  2  29.43
3  127  2  24.46
4  127  2  36.30
5  127  2  19.51
6  127  2  13.14
7  127  2  20.87
8  127  2  8.26
9  127  2  25.52
10  127  2  32.63
11  127  2  19.65
12  127  2  14.85
13  127  2  30.05
14  127  2  27.92
15  127  2  19.08
16  127  2  30.05
17  127  2  13.00
18  127  2  29.53
19  127  2  30.37
20  127  2  6.33
1  128  2  12.40
2  128  2  12.88
3  128  2  65.84
4  128  2  22.26
5  128  2  50.91
6  128  2  39.55
7  128  2  10.77
8  128  2  33.22
9  128  2  57.74
10  128  2  9.79
11  128  2  11.01
12  128  2  43.91
13  128  2  8.94
14  128  2  22.85
15  128  2  26.18
16  128  2  25.43
17  128  2  15.52
18  128  2  42.61
19  128  2  16.23
20  128  2  19.20
1  129  2  13.13
2  129  2  25.88
3  129  2  13.31
4  129  2  24.27
5  129  2  9.57
6  129  2  47.88
7  129  2  21.74
8  129  2  11.42
9  129  2  25.29
10  129  2  43.62
11  129  2  48.09
12  129  2  45.14
13  129  2  25.09
14  129  2  26.49
15  129  2  13.00
16  129  2  16.14
17  129  2  18.31
18  129  2  4.51
19  129  2  15.44
20  129  2  7.20
1  130  2  29.42
2  130  2  27.06
3  130  2  9.05
4  130  2  46.18
5  130  2  54.62
6  130  2  4.38
7  130  2  18.98
8  130  2  15.32
9  130  2  5.10
10  130  2  24.90
11  130  2  25.66
12  130  2  5.40
13  130  2  21.53
14  130  2  29.46
15  130  2  6.04
16  130  2  34.98
17  130  2  10.62
18  130  2  21.25
19  130  2  5.47
20  130  2  22.07
1  131  2  29.89
2  131  2  43.46
3  131  2  20.36
4  131  2  11.46
5  131  2  43.54
6  131  2  12.66
7  131  2  34.03
8  131  2  5.43
9  131  2  35.38
10  131  2  49.92
11  131  2  7.98
12  131  2  7.70
13  131  2  50.15
14  131  2  15.59
15  131  2  51.22
16  131  2  12.33
17  131  2  53.52
18  131  2  33.83
19  131  2  36.36
20  131  2  22.13
1  132  2  7.89
2  132  2  14.97
3  132  2  12.01
4  132  2  37.67
5  132  2  6.02
6  132  2  10.14
7  132  2  9.00
8  132  2  30.42
9  132  2  22.05
10  132  2  13.93
11  132  2  17.55
12  132  2  43.11
13  132  2  3.19
14  132  2  11.93
15  132  2  60.08
16  132  2  38.01
17  132  2  33.58
18  132  2  54.68
19  132  2  27.48
20  132  2  21.76
1  133  2  17.69
2  133  2  8.97
3  133  2  46.36
4  133  2  12.08
5  133  2  25.58
6  133  2  7.96
7  133  2  34.34
8  133  2  18.51
9  133  2  49.08
10  133  2  21.78
11  133  2  21.22
12  133  2  25.00
13  133  2  38.13
14  133  2  7.99
15  133  2  16.16
16  133  2  28.96
17  133  2  40.15
18  133  2  14.15
19  133  2  35.07
20  133  2  35.30
1  134  2  45.66
2  134  2  3.79
3  134  2  5.51
4  134  2  23.14
5  134  2  40.36
6  134  2  47.23
7  134  2  22.45
8  134  2  6.84
9  134  2  44.71
10  134  2  20.45
11  134  2  19.85
12  134  2  43.41
13  134  2  12.25
14  134  2  20.18
15  134  2  28.00
16  134  2  4.12
17  134  2  5.66
18  134  2  5.42
19  134  2  9.59
20  134  2  24.08
1  135  2  3.21
2  135  2  12.41
3  135  2  14.51
4  135  2  21.31
5  135  2  53.05
6  135  2  7.65
7  135  2  30.42
8  135  2  29.46
9  135  2  15.88
10  135  2  18.42
11  135  2  46.45
12  135  2  7.58
13  135  2  10.06
14  135  2  13.85
15  135  2  22.08
16  135  2  36.87
17  135  2  35.87
18  135  2  16.96
19  135  2  23.31
20  135  2  37.56
1  136  2  7.47
2  136  2  42.65
3  136  2  26.97
4  136  2  26.59
5  136  2  16.44
6  136  2  13.45
7  136  2  4.87
8  136  2  25.71
9  136  2  33.68
10  136  2  20.63
11  136  2  12.42
12  136  2  7.28
13  136  2  8.75
14  136  2  37.74
15  136  2  11.97
16  136  2  9.23
17  136  2  15.56
18  136  2  16.58
19  136  2  31.34
20  136  2  4.68
1  137  2  5.63
2  137  2  39.74
3  137  2  2.93
4  137  2  42.54
5  137  2  4.30
6  137  2  60.89
7  137  2  9.80
8  137  2  38.90
9  137  2  25.57
10  137  2  6.22
11  137  2  11.34
12  137  2  21.76
13  137  2  18.34
14  137  2  15.40
15  137  2  8.72
16  137  2  16.57
17  137  2  36.80
18  137  2  4.81
19  137  2  36.84
20  137  2  23.26
1  138  2  32.08
2  138  2  8.50
3  138  2  60.00
4  138  2  43.18
5  138  2  11.86
6  138  2  36.77
7  138  2  54.04
8  138  2  15.28
9  138  2  2.98
10  138  2  25.96
11  138  2  15.44
12  138  2  38.31
13  138  2  8.13
14  138  2  28.45
15  138  2  16.07
16  138  2  62.57
17  138  2  24.06
18  138  2  28.34
19  138  2  7.02
20  138  2  25.20
1  139  2  32.88
2  139  2  7.17
3  139  2  21.04
4  139  2  6.94
5  139  2  31.79
6  139  2  7.16
7  139  2  49.31
8  139  2  18.70
9  139  2  27.01
10  139  2  47.50
11  139  2  21.63
12  139  2  8.56
13  139  2  15.96
14  139  2  5.90
15  139  2  40.71
16  139  2  37.60
17  139  2  22.04
18  139  2  12.50
19  139  2  11.16
20  139  2  50.06
1  140  2  22.16
2  140  2  41.10
3  140  2  9.10
4  140  2  26.02
5  140  2  6.67
6  140  2  17.20
7  140  2  18.51
8  140  2  6.63
9  140  2  15.09
10  140  2  18.05
11  140  2  18.12
12  140  2  5.46
13  140  2  5.79
14  140  2  29.46
15  140  2  5.66
16  140  2  44.54
17  140  2  50.16
18  140  2  10.06
19  140  2  20.42
20  140  2  25.91
1  141  2  18.10
2  141  2  11.18
3  141  2  27.45
4  141  2  21.97
5  141  2  10.15
6  141  2  30.27
7  141  2  12.54
8  141  2  11.91
9  141  2  5.61
10  141  2  34.98
11  141  2  19.23
12  141  2  7.67
13  141  2  21.69
14  141  2  9.39
15  141  2  44.03
16  141  2  25.21
17  141  2  46.05
18  141  2  13.90
19  141  2  34.00
20  141  2  4.40
1  142  2  15.59
2  142  2  15.57
3  142  2  35.30
4  142  2  21.63
5  142  2  5.48
6  142  2  18.04
7  142  2  49.13
8  142  2  54.98
9  142  2  17.51
10  142  2  42.35
11  142  2  14.25
12  142  2  20.00
13  142  2  13.96
14  142  2  29.90
15  142  2  20.58
16  142  2  7.77
17  142  2  8.82
18  142  2  24.59
19  142  2  60.10
20  142  2  33.81
1  143  2  68.16
2  143  2  10.04
3  143  2  27.45
4  143  2  20.16
5  143  2  45.40
6  143  2  40.33
7  143  2  55.11
8  143  2  6.23
9  143  2  9.55
10  143  2  32.18
11  143  2  50.37
12  143  2  12.93
13  143  2  25.96
14  143  2  15.27
15  143  2  41.56
16  143  2  32.28
17  143  2  40.30
18  143  2  35.78
19  143  2  13.28
20  143  2  20.32
1  144  2  43.35
2  144  2  17.89
3  144  2  6.72
4  144  2  6.92
5  144  2  43.60
6  144  2  34.50
7  144  2  15.22
8  144  2  24.93
9  144  2  30.81
10  144  2  45.53
11  144  2  7.29
12  144  2  7.26
13  144  2  17.84
14  144  2  39.82
15  144  2  6.59
16  144  2  11.93
17  144  2  7.38
18  144  2  13.79
19  144  2  8.64
20  144  2  34.52
1  145  2  3.28
2  145  2  29.43
3  145  2  16.57
4  145  2  41.62
5  145  2  5.82
6  145  2  5.30
7  145  2  10.38
8  145  2  23.52
9  145  2  17.92
10  145  2  39.22
11  145  2  57.01
12  145  2  26.45
13  145  2  17.89
14  145  2  29.89
15  145  2  53.63
16  145  2  19.11
17  145  2  21.12
18  145  2  26.00
19  145  2  22.29
20  145  2  27.93
1  146  2  6.36
2  146  2  29.68
3  146  2  9.38
4  146  2  21.96
5  146  2  32.75
6  146  2  27.05
7  146  2  25.05
8  146  2  25.96
9  146  2  14.90
10  146  2  18.52
11  146  2  31.29
12  146  2  5.64
13  146  2  21.31
14  146  2  15.82
15  146  2  25.21
16  146  2  67.69
17  146  2  31.35
18  146  2  15.23
19  146  2  15.09
20  146  2  69.74
1  147  2  9.38
2  147  2  38.98
3  147  2  29.97
4  147  2  15.93
5  147  2  10.70
6  147  2  42.40
7  147  2  22.77
8  147  2  26.27
9  147  2  34.10
10  147  2  26.33
11  147  2  22.83
12  147  2  36.74
13  147  2  19.82
14  147  2  18.30
15  147  2  50.65
16  147  2  6.21
17  147  2  11.26
18  147  2  61.75
19  147  2  31.03
20  147  2  23.79
1  148  2  4.26
2  148  2  10.00
3  148  2  44.69
4  148  2  11.22
5  148  2  32.42
6  148  2  55.39
7  148  2  41.18
8  148  2  63.54
9  148  2  5.70
10  148  2  26.00
11  148  2  42.26
12  148  2  16.86
13  148  2  11.37
14  148  2  27.02
15  148  2  20.43
16  148  2  5.83
17  148  2  41.20
18  148  2  12.12
19  148  2  2.94
20  148  2  21.98
1  149  2  23.54
2  149  2  43.48
3  149  2  10.02
4  149  2  19.64
5  149  2  20.52
6  149  2  17.35
7  149  2  4.05
8  149  2  22.23
9  149  2  25.60
10  149  2  24.14
11  149  2  7.40
12  149  2  16.50
13  149  2  37.91
14  149  2  57.64
15  149  2  4.84
16  149  2  4.87
17  149  2  10.33
18  149  2  24.24
19  149  2  15.26
20  149  2  21.41
1  150  2  16.77
2  150  2  7.22
3  150  2  40.06
4  150  2  23.78
5  150  2  9.89
6  150  2  29.60
7  150  2  9.44
8  150  2  16.78
9  150  2  66.10
10  150  2  8.43
11  150  2  15.36
12  150  2  13.06
13  150  2  4.45
14  150  2  39.40
15  150  2  3.60
16  150  2  4.83
17  150  2  28.79
18  150  2  6.17
19  150  2  22.57
20  150  2  14.32
;

