param com_measure1 := 0.60371;

param com_measure2 := 0.96352;

param kappa_max := 1244.5788;

param U_tau := 633.9642;

param nT := 2;

param nS := 100;

param nL := 30;

param B := 2314.74;

param w :=
1  1
2  3
3  2
4  2
5  2
6  2
7  2
8  3
9  1
10  2
11  1
12  1
13  1
14  3
15  3
16  2
17  2
18  1
19  2
20  1
21  3
22  2
23  1
24  2
25  2
26  1
27  1
28  3
29  1
30  1
;

param h :=
1  1  0
1  2  0
1  3  0
1  4  0
1  5  0
1  6  0
1  7  0
1  8  0
1  9  0
1  10  0
1  11  0
1  12  0
1  13  0
1  14  0
1  15  0
1  16  0
1  17  0
1  18  0
1  19  0
1  20  0
1  21  0
1  22  0
1  23  0
1  24  0
1  25  0
1  26  0
1  27  0
1  28  0
1  29  0
1  30  0
2  1  167.49
2  2  147.76
2  3  147.06
2  4  147.90
2  5  159.04
2  6  145.00
2  7  160.41
2  8  145.27
2  9  157.27
2  10  156.99
2  11  158.22
2  12  155.01
2  13  143.13
2  14  152.78
2  15  157.54
2  16  150.67
2  17  167.21
2  18  161.73
2  19  140.29
2  20  157.51
2  21  169.09
2  22  151.80
2  23  142.98
2  24  154.14
2  25  173.44
2  26  139.96
2  27  160.69
2  28  153.83
2  29  163.12
2  30  142.12
;

param xi :=
1  1  1  16
2  1  1  64
3  1  1  69
4  1  1  90
5  1  1  80
6  1  1  15
7  1  1  52
8  1  1  54
9  1  1  28
10  1  1  55
11  1  1  28
12  1  1  54
13  1  1  36
14  1  1  23
15  1  1  59
16  1  1  42
17  1  1  82
18  1  1  54
19  1  1  74
20  1  1  76
21  1  1  75
22  1  1  61
23  1  1  72
24  1  1  78
25  1  1  47
26  1  1  59
27  1  1  57
28  1  1  88
29  1  1  89
30  1  1  10
1  2  1  19
2  2  1  18
3  2  1  44
4  2  1  70
5  2  1  67
6  2  1  35
7  2  1  68
8  2  1  20
9  2  1  23
10  2  1  57
11  2  1  12
12  2  1  61
13  2  1  68
14  2  1  72
15  2  1  86
16  2  1  40
17  2  1  66
18  2  1  82
19  2  1  47
20  2  1  90
21  2  1  83
22  2  1  75
23  2  1  49
24  2  1  64
25  2  1  43
26  2  1  84
27  2  1  28
28  2  1  10
29  2  1  14
30  2  1  12
1  3  1  14
2  3  1  12
3  3  1  80
4  3  1  80
5  3  1  61
6  3  1  58
7  3  1  33
8  3  1  44
9  3  1  53
10  3  1  71
11  3  1  15
12  3  1  68
13  3  1  43
14  3  1  26
15  3  1  74
16  3  1  72
17  3  1  31
18  3  1  40
19  3  1  20
20  3  1  60
21  3  1  51
22  3  1  13
23  3  1  62
24  3  1  88
25  3  1  78
26  3  1  85
27  3  1  53
28  3  1  87
29  3  1  48
30  3  1  29
1  4  1  62
2  4  1  23
3  4  1  89
4  4  1  64
5  4  1  34
6  4  1  45
7  4  1  34
8  4  1  56
9  4  1  58
10  4  1  48
11  4  1  12
12  4  1  88
13  4  1  37
14  4  1  48
15  4  1  77
16  4  1  37
17  4  1  28
18  4  1  37
19  4  1  45
20  4  1  62
21  4  1  41
22  4  1  79
23  4  1  62
24  4  1  76
25  4  1  53
26  4  1  26
27  4  1  44
28  4  1  87
29  4  1  15
30  4  1  81
1  5  1  60
2  5  1  72
3  5  1  83
4  5  1  19
5  5  1  54
6  5  1  81
7  5  1  13
8  5  1  68
9  5  1  24
10  5  1  82
11  5  1  37
12  5  1  51
13  5  1  11
14  5  1  32
15  5  1  49
16  5  1  53
17  5  1  51
18  5  1  72
19  5  1  83
20  5  1  27
21  5  1  39
22  5  1  11
23  5  1  31
24  5  1  41
25  5  1  78
26  5  1  61
27  5  1  20
28  5  1  31
29  5  1  34
30  5  1  78
1  6  1  22
2  6  1  82
3  6  1  70
4  6  1  48
5  6  1  71
6  6  1  57
7  6  1  33
8  6  1  81
9  6  1  45
10  6  1  49
11  6  1  73
12  6  1  11
13  6  1  41
14  6  1  74
15  6  1  62
16  6  1  13
17  6  1  24
18  6  1  58
19  6  1  12
20  6  1  68
21  6  1  58
22  6  1  89
23  6  1  36
24  6  1  22
25  6  1  88
26  6  1  57
27  6  1  90
28  6  1  64
29  6  1  36
30  6  1  29
1  7  1  75
2  7  1  76
3  7  1  28
4  7  1  11
5  7  1  75
6  7  1  25
7  7  1  33
8  7  1  41
9  7  1  88
10  7  1  30
11  7  1  49
12  7  1  82
13  7  1  76
14  7  1  17
15  7  1  79
16  7  1  59
17  7  1  22
18  7  1  90
19  7  1  40
20  7  1  45
21  7  1  79
22  7  1  17
23  7  1  63
24  7  1  14
25  7  1  36
26  7  1  33
27  7  1  67
28  7  1  58
29  7  1  81
30  7  1  34
1  8  1  86
2  8  1  22
3  8  1  28
4  8  1  71
5  8  1  48
6  8  1  59
7  8  1  81
8  8  1  74
9  8  1  87
10  8  1  53
11  8  1  40
12  8  1  55
13  8  1  73
14  8  1  60
15  8  1  75
16  8  1  24
17  8  1  44
18  8  1  22
19  8  1  52
20  8  1  32
21  8  1  69
22  8  1  14
23  8  1  38
24  8  1  30
25  8  1  50
26  8  1  75
27  8  1  40
28  8  1  59
29  8  1  73
30  8  1  12
1  9  1  19
2  9  1  80
3  9  1  88
4  9  1  24
5  9  1  87
6  9  1  16
7  9  1  81
8  9  1  55
9  9  1  82
10  9  1  10
11  9  1  55
12  9  1  47
13  9  1  13
14  9  1  49
15  9  1  20
16  9  1  37
17  9  1  24
18  9  1  57
19  9  1  69
20  9  1  26
21  9  1  36
22  9  1  43
23  9  1  67
24  9  1  61
25  9  1  75
26  9  1  45
27  9  1  17
28  9  1  37
29  9  1  57
30  9  1  56
1  10  1  11
2  10  1  40
3  10  1  32
4  10  1  32
5  10  1  12
6  10  1  66
7  10  1  66
8  10  1  52
9  10  1  41
10  10  1  80
11  10  1  19
12  10  1  79
13  10  1  19
14  10  1  72
15  10  1  39
16  10  1  90
17  10  1  29
18  10  1  20
19  10  1  62
20  10  1  11
21  10  1  57
22  10  1  50
23  10  1  12
24  10  1  12
25  10  1  11
26  10  1  38
27  10  1  56
28  10  1  18
29  10  1  16
30  10  1  37
1  11  1  13
2  11  1  63
3  11  1  60
4  11  1  60
5  11  1  58
6  11  1  61
7  11  1  83
8  11  1  23
9  11  1  16
10  11  1  55
11  11  1  68
12  11  1  84
13  11  1  60
14  11  1  29
15  11  1  60
16  11  1  55
17  11  1  30
18  11  1  64
19  11  1  54
20  11  1  44
21  11  1  83
22  11  1  58
23  11  1  55
24  11  1  46
25  11  1  34
26  11  1  42
27  11  1  37
28  11  1  65
29  11  1  57
30  11  1  49
1  12  1  20
2  12  1  69
3  12  1  43
4  12  1  31
5  12  1  31
6  12  1  23
7  12  1  48
8  12  1  44
9  12  1  63
10  12  1  49
11  12  1  75
12  12  1  80
13  12  1  83
14  12  1  89
15  12  1  81
16  12  1  49
17  12  1  65
18  12  1  37
19  12  1  86
20  12  1  44
21  12  1  49
22  12  1  90
23  12  1  26
24  12  1  43
25  12  1  15
26  12  1  62
27  12  1  79
28  12  1  60
29  12  1  79
30  12  1  31
1  13  1  69
2  13  1  41
3  13  1  71
4  13  1  74
5  13  1  20
6  13  1  29
7  13  1  40
8  13  1  18
9  13  1  84
10  13  1  43
11  13  1  43
12  13  1  43
13  13  1  25
14  13  1  86
15  13  1  69
16  13  1  72
17  13  1  19
18  13  1  89
19  13  1  71
20  13  1  21
21  13  1  61
22  13  1  41
23  13  1  72
24  13  1  59
25  13  1  77
26  13  1  47
27  13  1  12
28  13  1  31
29  13  1  89
30  13  1  77
1  14  1  73
2  14  1  65
3  14  1  71
4  14  1  47
5  14  1  18
6  14  1  89
7  14  1  84
8  14  1  70
9  14  1  86
10  14  1  31
11  14  1  77
12  14  1  22
13  14  1  35
14  14  1  72
15  14  1  39
16  14  1  21
17  14  1  52
18  14  1  34
19  14  1  78
20  14  1  12
21  14  1  57
22  14  1  20
23  14  1  67
24  14  1  65
25  14  1  66
26  14  1  88
27  14  1  90
28  14  1  84
29  14  1  63
30  14  1  53
1  15  1  66
2  15  1  50
3  15  1  48
4  15  1  53
5  15  1  10
6  15  1  24
7  15  1  31
8  15  1  24
9  15  1  60
10  15  1  58
11  15  1  65
12  15  1  30
13  15  1  27
14  15  1  77
15  15  1  32
16  15  1  29
17  15  1  48
18  15  1  86
19  15  1  60
20  15  1  56
21  15  1  31
22  15  1  66
23  15  1  66
24  15  1  22
25  15  1  26
26  15  1  16
27  15  1  23
28  15  1  70
29  15  1  69
30  15  1  73
1  16  1  13
2  16  1  85
3  16  1  35
4  16  1  26
5  16  1  48
6  16  1  80
7  16  1  24
8  16  1  78
9  16  1  61
10  16  1  60
11  16  1  90
12  16  1  57
13  16  1  11
14  16  1  85
15  16  1  68
16  16  1  68
17  16  1  24
18  16  1  81
19  16  1  56
20  16  1  90
21  16  1  77
22  16  1  32
23  16  1  84
24  16  1  42
25  16  1  49
26  16  1  13
27  16  1  52
28  16  1  86
29  16  1  66
30  16  1  88
1  17  1  81
2  17  1  29
3  17  1  27
4  17  1  80
5  17  1  71
6  17  1  45
7  17  1  41
8  17  1  38
9  17  1  66
10  17  1  77
11  17  1  36
12  17  1  52
13  17  1  59
14  17  1  84
15  17  1  11
16  17  1  54
17  17  1  60
18  17  1  48
19  17  1  20
20  17  1  66
21  17  1  72
22  17  1  30
23  17  1  21
24  17  1  26
25  17  1  85
26  17  1  73
27  17  1  24
28  17  1  32
29  17  1  60
30  17  1  61
1  18  1  14
2  18  1  25
3  18  1  51
4  18  1  84
5  18  1  67
6  18  1  45
7  18  1  47
8  18  1  46
9  18  1  36
10  18  1  80
11  18  1  24
12  18  1  32
13  18  1  15
14  18  1  85
15  18  1  44
16  18  1  25
17  18  1  41
18  18  1  60
19  18  1  88
20  18  1  73
21  18  1  34
22  18  1  57
23  18  1  41
24  18  1  11
25  18  1  16
26  18  1  43
27  18  1  26
28  18  1  75
29  18  1  62
30  18  1  78
1  19  1  73
2  19  1  51
3  19  1  14
4  19  1  56
5  19  1  72
6  19  1  60
7  19  1  56
8  19  1  36
9  19  1  86
10  19  1  87
11  19  1  17
12  19  1  39
13  19  1  90
14  19  1  17
15  19  1  39
16  19  1  10
17  19  1  68
18  19  1  45
19  19  1  90
20  19  1  51
21  19  1  59
22  19  1  12
23  19  1  50
24  19  1  43
25  19  1  60
26  19  1  66
27  19  1  46
28  19  1  75
29  19  1  39
30  19  1  66
1  20  1  59
2  20  1  50
3  20  1  25
4  20  1  34
5  20  1  34
6  20  1  63
7  20  1  86
8  20  1  68
9  20  1  83
10  20  1  72
11  20  1  10
12  20  1  19
13  20  1  68
14  20  1  82
15  20  1  46
16  20  1  39
17  20  1  64
18  20  1  55
19  20  1  55
20  20  1  89
21  20  1  34
22  20  1  62
23  20  1  46
24  20  1  29
25  20  1  68
26  20  1  37
27  20  1  10
28  20  1  37
29  20  1  86
30  20  1  66
1  21  1  30
2  21  1  59
3  21  1  28
4  21  1  12
5  21  1  81
6  21  1  42
7  21  1  18
8  21  1  28
9  21  1  67
10  21  1  75
11  21  1  86
12  21  1  42
13  21  1  66
14  21  1  45
15  21  1  88
16  21  1  89
17  21  1  64
18  21  1  53
19  21  1  11
20  21  1  50
21  21  1  62
22  21  1  24
23  21  1  10
24  21  1  19
25  21  1  79
26  21  1  78
27  21  1  55
28  21  1  66
29  21  1  27
30  21  1  37
1  22  1  83
2  22  1  86
3  22  1  35
4  22  1  88
5  22  1  59
6  22  1  78
7  22  1  52
8  22  1  12
9  22  1  82
10  22  1  26
11  22  1  66
12  22  1  36
13  22  1  38
14  22  1  22
15  22  1  35
16  22  1  80
17  22  1  48
18  22  1  61
19  22  1  26
20  22  1  86
21  22  1  21
22  22  1  82
23  22  1  39
24  22  1  46
25  22  1  87
26  22  1  34
27  22  1  57
28  22  1  73
29  22  1  36
30  22  1  33
1  23  1  65
2  23  1  46
3  23  1  90
4  23  1  15
5  23  1  61
6  23  1  83
7  23  1  17
8  23  1  44
9  23  1  16
10  23  1  56
11  23  1  22
12  23  1  56
13  23  1  36
14  23  1  41
15  23  1  28
16  23  1  26
17  23  1  73
18  23  1  11
19  23  1  84
20  23  1  72
21  23  1  37
22  23  1  74
23  23  1  83
24  23  1  88
25  23  1  38
26  23  1  34
27  23  1  83
28  23  1  64
29  23  1  61
30  23  1  10
1  24  1  63
2  24  1  62
3  24  1  88
4  24  1  56
5  24  1  79
6  24  1  45
7  24  1  50
8  24  1  73
9  24  1  48
10  24  1  72
11  24  1  48
12  24  1  80
13  24  1  31
14  24  1  82
15  24  1  72
16  24  1  14
17  24  1  34
18  24  1  26
19  24  1  35
20  24  1  48
21  24  1  48
22  24  1  26
23  24  1  23
24  24  1  73
25  24  1  79
26  24  1  88
27  24  1  30
28  24  1  82
29  24  1  25
30  24  1  86
1  25  1  14
2  25  1  37
3  25  1  21
4  25  1  22
5  25  1  50
6  25  1  52
7  25  1  72
8  25  1  27
9  25  1  59
10  25  1  67
11  25  1  20
12  25  1  53
13  25  1  58
14  25  1  59
15  25  1  12
16  25  1  66
17  25  1  18
18  25  1  85
19  25  1  66
20  25  1  31
21  25  1  24
22  25  1  25
23  25  1  54
24  25  1  66
25  25  1  88
26  25  1  22
27  25  1  54
28  25  1  55
29  25  1  76
30  25  1  72
1  26  1  48
2  26  1  42
3  26  1  69
4  26  1  78
5  26  1  53
6  26  1  65
7  26  1  53
8  26  1  74
9  26  1  62
10  26  1  47
11  26  1  21
12  26  1  83
13  26  1  25
14  26  1  84
15  26  1  73
16  26  1  89
17  26  1  45
18  26  1  26
19  26  1  31
20  26  1  63
21  26  1  61
22  26  1  42
23  26  1  52
24  26  1  73
25  26  1  16
26  26  1  17
27  26  1  56
28  26  1  28
29  26  1  74
30  26  1  53
1  27  1  70
2  27  1  78
3  27  1  39
4  27  1  51
5  27  1  15
6  27  1  46
7  27  1  45
8  27  1  32
9  27  1  10
10  27  1  30
11  27  1  38
12  27  1  79
13  27  1  43
14  27  1  13
15  27  1  81
16  27  1  29
17  27  1  82
18  27  1  76
19  27  1  48
20  27  1  36
21  27  1  42
22  27  1  70
23  27  1  74
24  27  1  12
25  27  1  39
26  27  1  78
27  27  1  77
28  27  1  36
29  27  1  79
30  27  1  80
1  28  1  43
2  28  1  48
3  28  1  79
4  28  1  73
5  28  1  68
6  28  1  21
7  28  1  62
8  28  1  87
9  28  1  35
10  28  1  39
11  28  1  19
12  28  1  42
13  28  1  11
14  28  1  16
15  28  1  67
16  28  1  35
17  28  1  57
18  28  1  88
19  28  1  56
20  28  1  68
21  28  1  14
22  28  1  89
23  28  1  81
24  28  1  87
25  28  1  63
26  28  1  59
27  28  1  73
28  28  1  62
29  28  1  87
30  28  1  62
1  29  1  66
2  29  1  34
3  29  1  77
4  29  1  51
5  29  1  19
6  29  1  56
7  29  1  84
8  29  1  13
9  29  1  48
10  29  1  45
11  29  1  52
12  29  1  35
13  29  1  54
14  29  1  70
15  29  1  76
16  29  1  68
17  29  1  54
18  29  1  26
19  29  1  70
20  29  1  61
21  29  1  36
22  29  1  83
23  29  1  28
24  29  1  73
25  29  1  60
26  29  1  47
27  29  1  65
28  29  1  23
29  29  1  61
30  29  1  17
1  30  1  71
2  30  1  85
3  30  1  85
4  30  1  56
5  30  1  54
6  30  1  15
7  30  1  81
8  30  1  16
9  30  1  89
10  30  1  26
11  30  1  61
12  30  1  58
13  30  1  34
14  30  1  59
15  30  1  43
16  30  1  10
17  30  1  57
18  30  1  68
19  30  1  40
20  30  1  71
21  30  1  36
22  30  1  59
23  30  1  61
24  30  1  39
25  30  1  11
26  30  1  83
27  30  1  20
28  30  1  76
29  30  1  49
30  30  1  18
1  31  1  71
2  31  1  78
3  31  1  55
4  31  1  44
5  31  1  69
6  31  1  47
7  31  1  61
8  31  1  83
9  31  1  71
10  31  1  33
11  31  1  86
12  31  1  70
13  31  1  64
14  31  1  38
15  31  1  49
16  31  1  84
17  31  1  15
18  31  1  16
19  31  1  22
20  31  1  71
21  31  1  88
22  31  1  72
23  31  1  25
24  31  1  59
25  31  1  77
26  31  1  32
27  31  1  70
28  31  1  87
29  31  1  31
30  31  1  15
1  32  1  54
2  32  1  62
3  32  1  76
4  32  1  67
5  32  1  74
6  32  1  68
7  32  1  11
8  32  1  55
9  32  1  15
10  32  1  80
11  32  1  10
12  32  1  82
13  32  1  46
14  32  1  43
15  32  1  31
16  32  1  78
17  32  1  33
18  32  1  31
19  32  1  45
20  32  1  47
21  32  1  61
22  32  1  62
23  32  1  71
24  32  1  60
25  32  1  78
26  32  1  51
27  32  1  62
28  32  1  56
29  32  1  55
30  32  1  14
1  33  1  42
2  33  1  11
3  33  1  81
4  33  1  12
5  33  1  13
6  33  1  86
7  33  1  70
8  33  1  27
9  33  1  27
10  33  1  90
11  33  1  43
12  33  1  86
13  33  1  38
14  33  1  37
15  33  1  85
16  33  1  60
17  33  1  51
18  33  1  76
19  33  1  34
20  33  1  35
21  33  1  38
22  33  1  58
23  33  1  67
24  33  1  61
25  33  1  39
26  33  1  69
27  33  1  25
28  33  1  42
29  33  1  82
30  33  1  84
1  34  1  34
2  34  1  40
3  34  1  34
4  34  1  30
5  34  1  30
6  34  1  71
7  34  1  61
8  34  1  51
9  34  1  84
10  34  1  20
11  34  1  73
12  34  1  56
13  34  1  74
14  34  1  39
15  34  1  64
16  34  1  88
17  34  1  87
18  34  1  65
19  34  1  11
20  34  1  35
21  34  1  26
22  34  1  22
23  34  1  11
24  34  1  59
25  34  1  17
26  34  1  77
27  34  1  25
28  34  1  75
29  34  1  56
30  34  1  85
1  35  1  43
2  35  1  29
3  35  1  15
4  35  1  28
5  35  1  68
6  35  1  62
7  35  1  21
8  35  1  55
9  35  1  28
10  35  1  76
11  35  1  43
12  35  1  32
13  35  1  16
14  35  1  16
15  35  1  70
16  35  1  58
17  35  1  89
18  35  1  40
19  35  1  20
20  35  1  75
21  35  1  85
22  35  1  26
23  35  1  60
24  35  1  80
25  35  1  59
26  35  1  84
27  35  1  15
28  35  1  59
29  35  1  46
30  35  1  18
1  36  1  77
2  36  1  40
3  36  1  12
4  36  1  82
5  36  1  72
6  36  1  89
7  36  1  37
8  36  1  21
9  36  1  38
10  36  1  33
11  36  1  54
12  36  1  24
13  36  1  19
14  36  1  17
15  36  1  84
16  36  1  85
17  36  1  57
18  36  1  77
19  36  1  55
20  36  1  65
21  36  1  90
22  36  1  41
23  36  1  76
24  36  1  17
25  36  1  69
26  36  1  62
27  36  1  58
28  36  1  62
29  36  1  52
30  36  1  39
1  37  1  46
2  37  1  38
3  37  1  75
4  37  1  87
5  37  1  23
6  37  1  45
7  37  1  61
8  37  1  49
9  37  1  21
10  37  1  42
11  37  1  59
12  37  1  34
13  37  1  65
14  37  1  69
15  37  1  42
16  37  1  76
17  37  1  57
18  37  1  35
19  37  1  46
20  37  1  73
21  37  1  51
22  37  1  61
23  37  1  69
24  37  1  77
25  37  1  34
26  37  1  88
27  37  1  72
28  37  1  51
29  37  1  90
30  37  1  71
1  38  1  80
2  38  1  89
3  38  1  42
4  38  1  30
5  38  1  88
6  38  1  36
7  38  1  77
8  38  1  90
9  38  1  55
10  38  1  55
11  38  1  68
12  38  1  74
13  38  1  58
14  38  1  73
15  38  1  30
16  38  1  88
17  38  1  86
18  38  1  41
19  38  1  14
20  38  1  62
21  38  1  86
22  38  1  59
23  38  1  80
24  38  1  90
25  38  1  49
26  38  1  85
27  38  1  49
28  38  1  32
29  38  1  35
30  38  1  54
1  39  1  43
2  39  1  46
3  39  1  87
4  39  1  12
5  39  1  87
6  39  1  60
7  39  1  88
8  39  1  22
9  39  1  24
10  39  1  28
11  39  1  21
12  39  1  61
13  39  1  37
14  39  1  49
15  39  1  48
16  39  1  73
17  39  1  72
18  39  1  12
19  39  1  10
20  39  1  32
21  39  1  47
22  39  1  79
23  39  1  73
24  39  1  73
25  39  1  86
26  39  1  73
27  39  1  48
28  39  1  82
29  39  1  85
30  39  1  41
1  40  1  55
2  40  1  21
3  40  1  21
4  40  1  90
5  40  1  45
6  40  1  14
7  40  1  88
8  40  1  43
9  40  1  29
10  40  1  42
11  40  1  35
12  40  1  53
13  40  1  46
14  40  1  12
15  40  1  64
16  40  1  83
17  40  1  42
18  40  1  53
19  40  1  51
20  40  1  42
21  40  1  33
22  40  1  33
23  40  1  60
24  40  1  51
25  40  1  42
26  40  1  24
27  40  1  50
28  40  1  54
29  40  1  64
30  40  1  25
1  41  1  27
2  41  1  54
3  41  1  49
4  41  1  90
5  41  1  83
6  41  1  44
7  41  1  77
8  41  1  65
9  41  1  19
10  41  1  37
11  41  1  73
12  41  1  23
13  41  1  73
14  41  1  79
15  41  1  39
16  41  1  44
17  41  1  24
18  41  1  88
19  41  1  49
20  41  1  39
21  41  1  40
22  41  1  21
23  41  1  76
24  41  1  43
25  41  1  14
26  41  1  40
27  41  1  80
28  41  1  59
29  41  1  65
30  41  1  49
1  42  1  46
2  42  1  63
3  42  1  71
4  42  1  85
5  42  1  64
6  42  1  46
7  42  1  14
8  42  1  78
9  42  1  50
10  42  1  54
11  42  1  80
12  42  1  84
13  42  1  19
14  42  1  89
15  42  1  17
16  42  1  53
17  42  1  72
18  42  1  79
19  42  1  11
20  42  1  30
21  42  1  61
22  42  1  63
23  42  1  59
24  42  1  28
25  42  1  57
26  42  1  64
27  42  1  80
28  42  1  26
29  42  1  78
30  42  1  49
1  43  1  60
2  43  1  11
3  43  1  66
4  43  1  85
5  43  1  38
6  43  1  66
7  43  1  73
8  43  1  15
9  43  1  54
10  43  1  63
11  43  1  63
12  43  1  86
13  43  1  46
14  43  1  47
15  43  1  29
16  43  1  69
17  43  1  47
18  43  1  49
19  43  1  62
20  43  1  61
21  43  1  40
22  43  1  70
23  43  1  52
24  43  1  62
25  43  1  51
26  43  1  19
27  43  1  59
28  43  1  48
29  43  1  47
30  43  1  81
1  44  1  37
2  44  1  12
3  44  1  33
4  44  1  82
5  44  1  24
6  44  1  75
7  44  1  41
8  44  1  75
9  44  1  72
10  44  1  64
11  44  1  12
12  44  1  37
13  44  1  11
14  44  1  76
15  44  1  23
16  44  1  17
17  44  1  63
18  44  1  41
19  44  1  44
20  44  1  83
21  44  1  64
22  44  1  35
23  44  1  85
24  44  1  61
25  44  1  72
26  44  1  19
27  44  1  90
28  44  1  38
29  44  1  40
30  44  1  80
1  45  1  75
2  45  1  50
3  45  1  12
4  45  1  59
5  45  1  28
6  45  1  67
7  45  1  31
8  45  1  40
9  45  1  10
10  45  1  69
11  45  1  16
12  45  1  56
13  45  1  34
14  45  1  25
15  45  1  39
16  45  1  65
17  45  1  84
18  45  1  51
19  45  1  26
20  45  1  71
21  45  1  41
22  45  1  37
23  45  1  81
24  45  1  50
25  45  1  64
26  45  1  59
27  45  1  72
28  45  1  68
29  45  1  15
30  45  1  33
1  46  1  55
2  46  1  72
3  46  1  37
4  46  1  80
5  46  1  33
6  46  1  60
7  46  1  25
8  46  1  40
9  46  1  89
10  46  1  53
11  46  1  73
12  46  1  37
13  46  1  67
14  46  1  54
15  46  1  65
16  46  1  63
17  46  1  47
18  46  1  80
19  46  1  34
20  46  1  74
21  46  1  74
22  46  1  15
23  46  1  85
24  46  1  18
25  46  1  76
26  46  1  15
27  46  1  14
28  46  1  82
29  46  1  81
30  46  1  27
1  47  1  21
2  47  1  76
3  47  1  20
4  47  1  46
5  47  1  31
6  47  1  53
7  47  1  19
8  47  1  56
9  47  1  66
10  47  1  48
11  47  1  85
12  47  1  74
13  47  1  14
14  47  1  61
15  47  1  49
16  47  1  64
17  47  1  59
18  47  1  70
19  47  1  65
20  47  1  48
21  47  1  56
22  47  1  66
23  47  1  22
24  47  1  70
25  47  1  74
26  47  1  83
27  47  1  10
28  47  1  70
29  47  1  57
30  47  1  67
1  48  1  12
2  48  1  14
3  48  1  21
4  48  1  58
5  48  1  29
6  48  1  25
7  48  1  82
8  48  1  51
9  48  1  39
10  48  1  80
11  48  1  33
12  48  1  21
13  48  1  59
14  48  1  22
15  48  1  71
16  48  1  52
17  48  1  55
18  48  1  89
19  48  1  23
20  48  1  10
21  48  1  50
22  48  1  18
23  48  1  83
24  48  1  38
25  48  1  38
26  48  1  21
27  48  1  50
28  48  1  83
29  48  1  81
30  48  1  54
1  49  1  41
2  49  1  22
3  49  1  88
4  49  1  32
5  49  1  35
6  49  1  39
7  49  1  35
8  49  1  37
9  49  1  62
10  49  1  63
11  49  1  62
12  49  1  49
13  49  1  83
14  49  1  56
15  49  1  32
16  49  1  13
17  49  1  36
18  49  1  90
19  49  1  28
20  49  1  73
21  49  1  55
22  49  1  12
23  49  1  11
24  49  1  46
25  49  1  73
26  49  1  86
27  49  1  19
28  49  1  84
29  49  1  87
30  49  1  25
1  50  1  70
2  50  1  35
3  50  1  89
4  50  1  62
5  50  1  62
6  50  1  66
7  50  1  16
8  50  1  52
9  50  1  88
10  50  1  34
11  50  1  45
12  50  1  29
13  50  1  31
14  50  1  82
15  50  1  55
16  50  1  41
17  50  1  53
18  50  1  66
19  50  1  19
20  50  1  43
21  50  1  13
22  50  1  64
23  50  1  70
24  50  1  52
25  50  1  89
26  50  1  31
27  50  1  30
28  50  1  89
29  50  1  65
30  50  1  51
1  51  1  63
2  51  1  28
3  51  1  43
4  51  1  85
5  51  1  43
6  51  1  27
7  51  1  71
8  51  1  38
9  51  1  62
10  51  1  43
11  51  1  10
12  51  1  10
13  51  1  85
14  51  1  24
15  51  1  29
16  51  1  19
17  51  1  41
18  51  1  33
19  51  1  25
20  51  1  70
21  51  1  77
22  51  1  65
23  51  1  57
24  51  1  41
25  51  1  84
26  51  1  38
27  51  1  39
28  51  1  74
29  51  1  25
30  51  1  69
1  52  1  22
2  52  1  69
3  52  1  47
4  52  1  12
5  52  1  60
6  52  1  65
7  52  1  66
8  52  1  32
9  52  1  16
10  52  1  85
11  52  1  65
12  52  1  66
13  52  1  36
14  52  1  12
15  52  1  67
16  52  1  15
17  52  1  88
18  52  1  80
19  52  1  50
20  52  1  54
21  52  1  34
22  52  1  52
23  52  1  44
24  52  1  18
25  52  1  49
26  52  1  37
27  52  1  90
28  52  1  18
29  52  1  45
30  52  1  83
1  53  1  24
2  53  1  28
3  53  1  11
4  53  1  23
5  53  1  50
6  53  1  45
7  53  1  87
8  53  1  78
9  53  1  72
10  53  1  56
11  53  1  26
12  53  1  21
13  53  1  76
14  53  1  65
15  53  1  28
16  53  1  20
17  53  1  21
18  53  1  22
19  53  1  55
20  53  1  14
21  53  1  61
22  53  1  75
23  53  1  16
24  53  1  48
25  53  1  88
26  53  1  88
27  53  1  53
28  53  1  13
29  53  1  37
30  53  1  66
1  54  1  38
2  54  1  86
3  54  1  22
4  54  1  90
5  54  1  63
6  54  1  63
7  54  1  57
8  54  1  47
9  54  1  66
10  54  1  72
11  54  1  88
12  54  1  37
13  54  1  52
14  54  1  11
15  54  1  52
16  54  1  19
17  54  1  19
18  54  1  42
19  54  1  45
20  54  1  23
21  54  1  82
22  54  1  73
23  54  1  48
24  54  1  48
25  54  1  49
26  54  1  60
27  54  1  89
28  54  1  13
29  54  1  86
30  54  1  18
1  55  1  28
2  55  1  75
3  55  1  34
4  55  1  67
5  55  1  28
6  55  1  50
7  55  1  90
8  55  1  63
9  55  1  44
10  55  1  77
11  55  1  19
12  55  1  79
13  55  1  70
14  55  1  66
15  55  1  44
16  55  1  11
17  55  1  71
18  55  1  19
19  55  1  62
20  55  1  48
21  55  1  66
22  55  1  58
23  55  1  27
24  55  1  85
25  55  1  25
26  55  1  34
27  55  1  13
28  55  1  54
29  55  1  54
30  55  1  81
1  56  1  45
2  56  1  57
3  56  1  40
4  56  1  41
5  56  1  70
6  56  1  64
7  56  1  29
8  56  1  62
9  56  1  73
10  56  1  23
11  56  1  45
12  56  1  28
13  56  1  33
14  56  1  52
15  56  1  22
16  56  1  20
17  56  1  64
18  56  1  79
19  56  1  83
20  56  1  28
21  56  1  56
22  56  1  15
23  56  1  15
24  56  1  77
25  56  1  22
26  56  1  79
27  56  1  84
28  56  1  33
29  56  1  60
30  56  1  54
1  57  1  62
2  57  1  19
3  57  1  45
4  57  1  86
5  57  1  57
6  57  1  14
7  57  1  36
8  57  1  44
9  57  1  31
10  57  1  82
11  57  1  16
12  57  1  59
13  57  1  59
14  57  1  20
15  57  1  36
16  57  1  49
17  57  1  60
18  57  1  27
19  57  1  19
20  57  1  65
21  57  1  46
22  57  1  43
23  57  1  10
24  57  1  67
25  57  1  27
26  57  1  19
27  57  1  89
28  57  1  14
29  57  1  39
30  57  1  49
1  58  1  42
2  58  1  80
3  58  1  44
4  58  1  69
5  58  1  28
6  58  1  64
7  58  1  20
8  58  1  90
9  58  1  65
10  58  1  40
11  58  1  72
12  58  1  27
13  58  1  25
14  58  1  55
15  58  1  57
16  58  1  11
17  58  1  38
18  58  1  45
19  58  1  74
20  58  1  35
21  58  1  52
22  58  1  78
23  58  1  25
24  58  1  20
25  58  1  31
26  58  1  83
27  58  1  76
28  58  1  51
29  58  1  51
30  58  1  26
1  59  1  89
2  59  1  52
3  59  1  36
4  59  1  44
5  59  1  88
6  59  1  85
7  59  1  49
8  59  1  21
9  59  1  24
10  59  1  73
11  59  1  46
12  59  1  53
13  59  1  29
14  59  1  73
15  59  1  78
16  59  1  20
17  59  1  64
18  59  1  24
19  59  1  79
20  59  1  38
21  59  1  54
22  59  1  19
23  59  1  16
24  59  1  30
25  59  1  59
26  59  1  56
27  59  1  38
28  59  1  59
29  59  1  50
30  59  1  29
1  60  1  67
2  60  1  49
3  60  1  15
4  60  1  75
5  60  1  13
6  60  1  17
7  60  1  18
8  60  1  77
9  60  1  89
10  60  1  26
11  60  1  39
12  60  1  44
13  60  1  89
14  60  1  11
15  60  1  27
16  60  1  72
17  60  1  31
18  60  1  72
19  60  1  16
20  60  1  63
21  60  1  59
22  60  1  67
23  60  1  88
24  60  1  83
25  60  1  58
26  60  1  17
27  60  1  52
28  60  1  27
29  60  1  43
30  60  1  13
1  61  1  11
2  61  1  24
3  61  1  23
4  61  1  41
5  61  1  81
6  61  1  43
7  61  1  42
8  61  1  11
9  61  1  80
10  61  1  58
11  61  1  35
12  61  1  56
13  61  1  63
14  61  1  80
15  61  1  12
16  61  1  27
17  61  1  39
18  61  1  44
19  61  1  51
20  61  1  44
21  61  1  79
22  61  1  40
23  61  1  47
24  61  1  31
25  61  1  60
26  61  1  13
27  61  1  87
28  61  1  72
29  61  1  47
30  61  1  73
1  62  1  83
2  62  1  50
3  62  1  80
4  62  1  31
5  62  1  52
6  62  1  49
7  62  1  84
8  62  1  49
9  62  1  23
10  62  1  48
11  62  1  19
12  62  1  48
13  62  1  35
14  62  1  74
15  62  1  82
16  62  1  53
17  62  1  50
18  62  1  57
19  62  1  45
20  62  1  55
21  62  1  49
22  62  1  50
23  62  1  80
24  62  1  48
25  62  1  78
26  62  1  13
27  62  1  26
28  62  1  31
29  62  1  60
30  62  1  44
1  63  1  10
2  63  1  26
3  63  1  18
4  63  1  32
5  63  1  75
6  63  1  61
7  63  1  11
8  63  1  66
9  63  1  44
10  63  1  69
11  63  1  54
12  63  1  17
13  63  1  25
14  63  1  47
15  63  1  15
16  63  1  41
17  63  1  49
18  63  1  38
19  63  1  81
20  63  1  23
21  63  1  79
22  63  1  36
23  63  1  33
24  63  1  29
25  63  1  26
26  63  1  84
27  63  1  39
28  63  1  52
29  63  1  51
30  63  1  89
1  64  1  72
2  64  1  10
3  64  1  71
4  64  1  27
5  64  1  56
6  64  1  58
7  64  1  34
8  64  1  10
9  64  1  27
10  64  1  45
11  64  1  85
12  64  1  68
13  64  1  21
14  64  1  36
15  64  1  65
16  64  1  12
17  64  1  87
18  64  1  89
19  64  1  52
20  64  1  78
21  64  1  37
22  64  1  37
23  64  1  15
24  64  1  15
25  64  1  51
26  64  1  34
27  64  1  26
28  64  1  87
29  64  1  14
30  64  1  18
1  65  1  24
2  65  1  63
3  65  1  46
4  65  1  47
5  65  1  41
6  65  1  17
7  65  1  58
8  65  1  78
9  65  1  59
10  65  1  15
11  65  1  62
12  65  1  80
13  65  1  71
14  65  1  22
15  65  1  69
16  65  1  56
17  65  1  78
18  65  1  41
19  65  1  45
20  65  1  42
21  65  1  12
22  65  1  65
23  65  1  43
24  65  1  44
25  65  1  58
26  65  1  61
27  65  1  68
28  65  1  63
29  65  1  29
30  65  1  89
1  66  1  66
2  66  1  52
3  66  1  83
4  66  1  22
5  66  1  49
6  66  1  31
7  66  1  71
8  66  1  22
9  66  1  59
10  66  1  33
11  66  1  15
12  66  1  31
13  66  1  52
14  66  1  19
15  66  1  70
16  66  1  78
17  66  1  50
18  66  1  40
19  66  1  86
20  66  1  72
21  66  1  51
22  66  1  41
23  66  1  41
24  66  1  17
25  66  1  43
26  66  1  62
27  66  1  56
28  66  1  69
29  66  1  17
30  66  1  28
1  67  1  29
2  67  1  79
3  67  1  74
4  67  1  24
5  67  1  89
6  67  1  62
7  67  1  84
8  67  1  89
9  67  1  77
10  67  1  43
11  67  1  33
12  67  1  47
13  67  1  54
14  67  1  49
15  67  1  17
16  67  1  14
17  67  1  28
18  67  1  27
19  67  1  69
20  67  1  31
21  67  1  69
22  67  1  48
23  67  1  43
24  67  1  21
25  67  1  73
26  67  1  73
27  67  1  21
28  67  1  38
29  67  1  25
30  67  1  57
1  68  1  80
2  68  1  44
3  68  1  63
4  68  1  24
5  68  1  81
6  68  1  31
7  68  1  60
8  68  1  39
9  68  1  13
10  68  1  41
11  68  1  54
12  68  1  72
13  68  1  87
14  68  1  69
15  68  1  35
16  68  1  80
17  68  1  53
18  68  1  24
19  68  1  19
20  68  1  64
21  68  1  80
22  68  1  45
23  68  1  90
24  68  1  85
25  68  1  84
26  68  1  80
27  68  1  39
28  68  1  80
29  68  1  61
30  68  1  32
1  69  1  36
2  69  1  86
3  69  1  63
4  69  1  78
5  69  1  45
6  69  1  40
7  69  1  69
8  69  1  82
9  69  1  82
10  69  1  69
11  69  1  82
12  69  1  87
13  69  1  16
14  69  1  82
15  69  1  70
16  69  1  19
17  69  1  23
18  69  1  36
19  69  1  15
20  69  1  10
21  69  1  29
22  69  1  17
23  69  1  90
24  69  1  23
25  69  1  69
26  69  1  75
27  69  1  58
28  69  1  57
29  69  1  37
30  69  1  80
1  70  1  63
2  70  1  63
3  70  1  15
4  70  1  83
5  70  1  72
6  70  1  58
7  70  1  40
8  70  1  57
9  70  1  55
10  70  1  61
11  70  1  36
12  70  1  49
13  70  1  47
14  70  1  23
15  70  1  87
16  70  1  15
17  70  1  11
18  70  1  37
19  70  1  46
20  70  1  14
21  70  1  87
22  70  1  52
23  70  1  52
24  70  1  46
25  70  1  61
26  70  1  17
27  70  1  77
28  70  1  21
29  70  1  14
30  70  1  52
1  71  1  88
2  71  1  43
3  71  1  90
4  71  1  38
5  71  1  40
6  71  1  22
7  71  1  42
8  71  1  30
9  71  1  32
10  71  1  56
11  71  1  81
12  71  1  58
13  71  1  51
14  71  1  47
15  71  1  54
16  71  1  71
17  71  1  72
18  71  1  68
19  71  1  32
20  71  1  61
21  71  1  42
22  71  1  18
23  71  1  38
24  71  1  20
25  71  1  68
26  71  1  32
27  71  1  26
28  71  1  48
29  71  1  65
30  71  1  89
1  72  1  45
2  72  1  12
3  72  1  73
4  72  1  49
5  72  1  84
6  72  1  45
7  72  1  39
8  72  1  32
9  72  1  45
10  72  1  76
11  72  1  19
12  72  1  23
13  72  1  80
14  72  1  11
15  72  1  62
16  72  1  68
17  72  1  74
18  72  1  87
19  72  1  54
20  72  1  31
21  72  1  14
22  72  1  56
23  72  1  43
24  72  1  14
25  72  1  30
26  72  1  51
27  72  1  78
28  72  1  46
29  72  1  71
30  72  1  42
1  73  1  72
2  73  1  74
3  73  1  71
4  73  1  45
5  73  1  53
6  73  1  25
7  73  1  57
8  73  1  21
9  73  1  38
10  73  1  40
11  73  1  57
12  73  1  51
13  73  1  25
14  73  1  74
15  73  1  62
16  73  1  29
17  73  1  77
18  73  1  58
19  73  1  68
20  73  1  46
21  73  1  72
22  73  1  48
23  73  1  31
24  73  1  14
25  73  1  85
26  73  1  39
27  73  1  83
28  73  1  43
29  73  1  30
30  73  1  87
1  74  1  90
2  74  1  88
3  74  1  14
4  74  1  14
5  74  1  60
6  74  1  47
7  74  1  57
8  74  1  88
9  74  1  54
10  74  1  29
11  74  1  54
12  74  1  68
13  74  1  49
14  74  1  44
15  74  1  10
16  74  1  33
17  74  1  50
18  74  1  33
19  74  1  84
20  74  1  89
21  74  1  84
22  74  1  16
23  74  1  52
24  74  1  85
25  74  1  67
26  74  1  83
27  74  1  51
28  74  1  15
29  74  1  42
30  74  1  19
1  75  1  72
2  75  1  46
3  75  1  56
4  75  1  39
5  75  1  56
6  75  1  76
7  75  1  64
8  75  1  63
9  75  1  33
10  75  1  90
11  75  1  80
12  75  1  37
13  75  1  76
14  75  1  16
15  75  1  73
16  75  1  29
17  75  1  20
18  75  1  15
19  75  1  21
20  75  1  50
21  75  1  81
22  75  1  15
23  75  1  85
24  75  1  78
25  75  1  46
26  75  1  37
27  75  1  62
28  75  1  33
29  75  1  90
30  75  1  35
1  76  1  79
2  76  1  70
3  76  1  81
4  76  1  27
5  76  1  57
6  76  1  37
7  76  1  38
8  76  1  10
9  76  1  75
10  76  1  88
11  76  1  16
12  76  1  41
13  76  1  10
14  76  1  51
15  76  1  85
16  76  1  56
17  76  1  71
18  76  1  46
19  76  1  28
20  76  1  52
21  76  1  14
22  76  1  33
23  76  1  34
24  76  1  34
25  76  1  88
26  76  1  50
27  76  1  65
28  76  1  64
29  76  1  80
30  76  1  89
1  77  1  37
2  77  1  25
3  77  1  22
4  77  1  22
5  77  1  61
6  77  1  40
7  77  1  88
8  77  1  43
9  77  1  15
10  77  1  89
11  77  1  23
12  77  1  43
13  77  1  40
14  77  1  88
15  77  1  55
16  77  1  79
17  77  1  34
18  77  1  57
19  77  1  19
20  77  1  32
21  77  1  52
22  77  1  56
23  77  1  11
24  77  1  19
25  77  1  46
26  77  1  51
27  77  1  77
28  77  1  15
29  77  1  46
30  77  1  66
1  78  1  79
2  78  1  72
3  78  1  53
4  78  1  53
5  78  1  85
6  78  1  42
7  78  1  28
8  78  1  27
9  78  1  30
10  78  1  17
11  78  1  63
12  78  1  51
13  78  1  63
14  78  1  63
15  78  1  36
16  78  1  82
17  78  1  10
18  78  1  10
19  78  1  23
20  78  1  55
21  78  1  67
22  78  1  48
23  78  1  33
24  78  1  28
25  78  1  33
26  78  1  11
27  78  1  75
28  78  1  48
29  78  1  10
30  78  1  46
1  79  1  66
2  79  1  30
3  79  1  10
4  79  1  27
5  79  1  69
6  79  1  90
7  79  1  46
8  79  1  60
9  79  1  33
10  79  1  84
11  79  1  61
12  79  1  72
13  79  1  69
14  79  1  31
15  79  1  16
16  79  1  69
17  79  1  74
18  79  1  16
19  79  1  27
20  79  1  22
21  79  1  40
22  79  1  28
23  79  1  16
24  79  1  85
25  79  1  46
26  79  1  72
27  79  1  59
28  79  1  51
29  79  1  83
30  79  1  22
1  80  1  53
2  80  1  47
3  80  1  13
4  80  1  30
5  80  1  11
6  80  1  39
7  80  1  36
8  80  1  64
9  80  1  18
10  80  1  72
11  80  1  53
12  80  1  87
13  80  1  57
14  80  1  55
15  80  1  43
16  80  1  42
17  80  1  47
18  80  1  22
19  80  1  58
20  80  1  90
21  80  1  47
22  80  1  19
23  80  1  37
24  80  1  49
25  80  1  75
26  80  1  72
27  80  1  59
28  80  1  15
29  80  1  16
30  80  1  73
1  81  1  89
2  81  1  43
3  81  1  27
4  81  1  46
5  81  1  12
6  81  1  19
7  81  1  68
8  81  1  72
9  81  1  56
10  81  1  28
11  81  1  80
12  81  1  17
13  81  1  67
14  81  1  70
15  81  1  83
16  81  1  29
17  81  1  80
18  81  1  67
19  81  1  20
20  81  1  54
21  81  1  33
22  81  1  30
23  81  1  84
24  81  1  40
25  81  1  58
26  81  1  66
27  81  1  65
28  81  1  59
29  81  1  39
30  81  1  14
1  82  1  64
2  82  1  15
3  82  1  41
4  82  1  37
5  82  1  43
6  82  1  89
7  82  1  88
8  82  1  62
9  82  1  30
10  82  1  77
11  82  1  35
12  82  1  51
13  82  1  87
14  82  1  29
15  82  1  27
16  82  1  59
17  82  1  39
18  82  1  33
19  82  1  46
20  82  1  54
21  82  1  67
22  82  1  84
23  82  1  78
24  82  1  73
25  82  1  74
26  82  1  52
27  82  1  29
28  82  1  47
29  82  1  77
30  82  1  86
1  83  1  32
2  83  1  70
3  83  1  87
4  83  1  19
5  83  1  38
6  83  1  85
7  83  1  44
8  83  1  18
9  83  1  69
10  83  1  57
11  83  1  11
12  83  1  74
13  83  1  52
14  83  1  16
15  83  1  58
16  83  1  11
17  83  1  38
18  83  1  15
19  83  1  77
20  83  1  70
21  83  1  29
22  83  1  87
23  83  1  57
24  83  1  32
25  83  1  57
26  83  1  81
27  83  1  66
28  83  1  57
29  83  1  51
30  83  1  27
1  84  1  77
2  84  1  25
3  84  1  67
4  84  1  62
5  84  1  51
6  84  1  43
7  84  1  72
8  84  1  43
9  84  1  14
10  84  1  60
11  84  1  25
12  84  1  21
13  84  1  30
14  84  1  36
15  84  1  19
16  84  1  47
17  84  1  75
18  84  1  35
19  84  1  20
20  84  1  89
21  84  1  42
22  84  1  33
23  84  1  80
24  84  1  40
25  84  1  73
26  84  1  40
27  84  1  54
28  84  1  72
29  84  1  13
30  84  1  37
1  85  1  10
2  85  1  44
3  85  1  53
4  85  1  48
5  85  1  59
6  85  1  89
7  85  1  78
8  85  1  24
9  85  1  23
10  85  1  23
11  85  1  54
12  85  1  51
13  85  1  34
14  85  1  63
15  85  1  49
16  85  1  90
17  85  1  64
18  85  1  81
19  85  1  71
20  85  1  26
21  85  1  79
22  85  1  47
23  85  1  48
24  85  1  81
25  85  1  89
26  85  1  86
27  85  1  24
28  85  1  87
29  85  1  25
30  85  1  51
1  86  1  89
2  86  1  84
3  86  1  18
4  86  1  10
5  86  1  31
6  86  1  28
7  86  1  75
8  86  1  27
9  86  1  30
10  86  1  24
11  86  1  62
12  86  1  54
13  86  1  23
14  86  1  29
15  86  1  28
16  86  1  76
17  86  1  65
18  86  1  72
19  86  1  87
20  86  1  87
21  86  1  54
22  86  1  41
23  86  1  29
24  86  1  36
25  86  1  29
26  86  1  41
27  86  1  83
28  86  1  20
29  86  1  72
30  86  1  66
1  87  1  52
2  87  1  19
3  87  1  30
4  87  1  27
5  87  1  37
6  87  1  49
7  87  1  42
8  87  1  77
9  87  1  67
10  87  1  14
11  87  1  43
12  87  1  35
13  87  1  89
14  87  1  55
15  87  1  78
16  87  1  11
17  87  1  49
18  87  1  86
19  87  1  61
20  87  1  10
21  87  1  78
22  87  1  72
23  87  1  77
24  87  1  64
25  87  1  83
26  87  1  10
27  87  1  47
28  87  1  41
29  87  1  19
30  87  1  40
1  88  1  39
2  88  1  50
3  88  1  32
4  88  1  71
5  88  1  28
6  88  1  31
7  88  1  31
8  88  1  23
9  88  1  71
10  88  1  46
11  88  1  47
12  88  1  58
13  88  1  88
14  88  1  83
15  88  1  61
16  88  1  34
17  88  1  58
18  88  1  64
19  88  1  73
20  88  1  70
21  88  1  45
22  88  1  41
23  88  1  38
24  88  1  30
25  88  1  90
26  88  1  49
27  88  1  52
28  88  1  55
29  88  1  24
30  88  1  28
1  89  1  32
2  89  1  58
3  89  1  39
4  89  1  84
5  89  1  60
6  89  1  33
7  89  1  28
8  89  1  46
9  89  1  79
10  89  1  84
11  89  1  67
12  89  1  89
13  89  1  24
14  89  1  25
15  89  1  51
16  89  1  35
17  89  1  71
18  89  1  37
19  89  1  18
20  89  1  76
21  89  1  57
22  89  1  83
23  89  1  56
24  89  1  89
25  89  1  10
26  89  1  42
27  89  1  34
28  89  1  28
29  89  1  84
30  89  1  78
1  90  1  20
2  90  1  31
3  90  1  76
4  90  1  69
5  90  1  25
6  90  1  10
7  90  1  60
8  90  1  38
9  90  1  75
10  90  1  23
11  90  1  61
12  90  1  53
13  90  1  14
14  90  1  68
15  90  1  39
16  90  1  63
17  90  1  19
18  90  1  54
19  90  1  90
20  90  1  78
21  90  1  23
22  90  1  84
23  90  1  23
24  90  1  55
25  90  1  62
26  90  1  54
27  90  1  78
28  90  1  20
29  90  1  83
30  90  1  15
1  91  1  56
2  91  1  75
3  91  1  52
4  91  1  20
5  91  1  26
6  91  1  60
7  91  1  60
8  91  1  15
9  91  1  39
10  91  1  48
11  91  1  28
12  91  1  12
13  91  1  42
14  91  1  57
15  91  1  59
16  91  1  14
17  91  1  73
18  91  1  10
19  91  1  14
20  91  1  29
21  91  1  44
22  91  1  66
23  91  1  17
24  91  1  53
25  91  1  84
26  91  1  48
27  91  1  29
28  91  1  33
29  91  1  13
30  91  1  56
1  92  1  78
2  92  1  55
3  92  1  38
4  92  1  52
5  92  1  68
6  92  1  80
7  92  1  53
8  92  1  77
9  92  1  64
10  92  1  35
11  92  1  55
12  92  1  75
13  92  1  80
14  92  1  36
15  92  1  33
16  92  1  16
17  92  1  25
18  92  1  47
19  92  1  11
20  92  1  74
21  92  1  42
22  92  1  89
23  92  1  65
24  92  1  73
25  92  1  38
26  92  1  56
27  92  1  74
28  92  1  59
29  92  1  11
30  92  1  15
1  93  1  66
2  93  1  33
3  93  1  37
4  93  1  64
5  93  1  16
6  93  1  18
7  93  1  13
8  93  1  89
9  93  1  42
10  93  1  84
11  93  1  54
12  93  1  55
13  93  1  22
14  93  1  22
15  93  1  18
16  93  1  59
17  93  1  89
18  93  1  76
19  93  1  79
20  93  1  23
21  93  1  69
22  93  1  31
23  93  1  29
24  93  1  32
25  93  1  44
26  93  1  58
27  93  1  16
28  93  1  23
29  93  1  75
30  93  1  25
1  94  1  63
2  94  1  86
3  94  1  29
4  94  1  90
5  94  1  51
6  94  1  24
7  94  1  51
8  94  1  45
9  94  1  14
10  94  1  10
11  94  1  48
12  94  1  49
13  94  1  69
14  94  1  51
15  94  1  66
16  94  1  70
17  94  1  86
18  94  1  37
19  94  1  45
20  94  1  83
21  94  1  15
22  94  1  13
23  94  1  76
24  94  1  43
25  94  1  63
26  94  1  76
27  94  1  77
28  94  1  40
29  94  1  89
30  94  1  36
1  95  1  23
2  95  1  63
3  95  1  87
4  95  1  34
5  95  1  36
6  95  1  29
7  95  1  78
8  95  1  14
9  95  1  10
10  95  1  30
11  95  1  75
12  95  1  34
13  95  1  26
14  95  1  43
15  95  1  68
16  95  1  84
17  95  1  88
18  95  1  59
19  95  1  58
20  95  1  32
21  95  1  85
22  95  1  71
23  95  1  23
24  95  1  68
25  95  1  50
26  95  1  84
27  95  1  41
28  95  1  68
29  95  1  58
30  95  1  30
1  96  1  40
2  96  1  33
3  96  1  84
4  96  1  83
5  96  1  61
6  96  1  65
7  96  1  33
8  96  1  49
9  96  1  61
10  96  1  21
11  96  1  47
12  96  1  32
13  96  1  62
14  96  1  66
15  96  1  70
16  96  1  39
17  96  1  55
18  96  1  10
19  96  1  31
20  96  1  63
21  96  1  48
22  96  1  44
23  96  1  23
24  96  1  13
25  96  1  39
26  96  1  24
27  96  1  55
28  96  1  55
29  96  1  17
30  96  1  19
1  97  1  67
2  97  1  13
3  97  1  62
4  97  1  65
5  97  1  79
6  97  1  67
7  97  1  70
8  97  1  59
9  97  1  41
10  97  1  11
11  97  1  79
12  97  1  34
13  97  1  79
14  97  1  79
15  97  1  10
16  97  1  55
17  97  1  78
18  97  1  34
19  97  1  83
20  97  1  18
21  97  1  83
22  97  1  59
23  97  1  34
24  97  1  89
25  97  1  84
26  97  1  17
27  97  1  18
28  97  1  78
29  97  1  83
30  97  1  65
1  98  1  85
2  98  1  11
3  98  1  13
4  98  1  25
5  98  1  83
6  98  1  72
7  98  1  87
8  98  1  63
9  98  1  58
10  98  1  78
11  98  1  79
12  98  1  24
13  98  1  62
14  98  1  74
15  98  1  34
16  98  1  29
17  98  1  82
18  98  1  87
19  98  1  86
20  98  1  48
21  98  1  17
22  98  1  81
23  98  1  25
24  98  1  39
25  98  1  90
26  98  1  30
27  98  1  23
28  98  1  60
29  98  1  75
30  98  1  85
1  99  1  62
2  99  1  16
3  99  1  13
4  99  1  33
5  99  1  59
6  99  1  16
7  99  1  69
8  99  1  51
9  99  1  84
10  99  1  16
11  99  1  15
12  99  1  61
13  99  1  22
14  99  1  42
15  99  1  79
16  99  1  73
17  99  1  90
18  99  1  40
19  99  1  74
20  99  1  55
21  99  1  59
22  99  1  47
23  99  1  67
24  99  1  84
25  99  1  73
26  99  1  69
27  99  1  79
28  99  1  76
29  99  1  85
30  99  1  47
1  100  1  37
2  100  1  88
3  100  1  11
4  100  1  63
5  100  1  77
6  100  1  55
7  100  1  25
8  100  1  61
9  100  1  79
10  100  1  23
11  100  1  89
12  100  1  62
13  100  1  46
14  100  1  74
15  100  1  68
16  100  1  39
17  100  1  64
18  100  1  83
19  100  1  48
20  100  1  53
21  100  1  54
22  100  1  67
23  100  1  45
24  100  1  45
25  100  1  20
26  100  1  40
27  100  1  32
28  100  1  76
29  100  1  46
30  100  1  76
1  1  2  3.46
2  1  2  40.82
3  1  2  43.05
4  1  2  28.77
5  1  2  17.86
6  1  2  9.36
7  1  2  29.90
8  1  2  36.43
9  1  2  17.77
10  1  2  41.58
11  1  2  14.13
12  1  2  33.97
13  1  2  27.32
14  1  2  13.10
15  1  2  39.11
16  1  2  17.52
17  1  2  32.74
18  1  2  21.24
19  1  2  16.12
20  1  2  45.68
21  1  2  51.92
22  1  2  22.93
23  1  2  39.97
24  1  2  17.23
25  1  2  14.53
26  1  2  43.72
27  1  2  19.24
28  1  2  26.77
29  1  2  40.78
30  1  2  2.31
1  2  2  11.66
2  2  2  7.51
3  2  2  26.68
4  2  2  42.45
5  2  2  28.83
6  2  2  19.11
7  2  2  52.23
8  2  2  5.58
9  2  2  15.17
10  2  2  43.86
11  2  2  7.18
12  2  2  32.31
13  2  2  46.72
14  2  2  42.17
15  2  2  67.28
16  2  2  24.77
17  2  2  38.40
18  2  2  49.26
19  2  2  17.02
20  2  2  53.13
21  2  2  19.26
22  2  2  21.38
23  2  2  28.35
24  2  2  23.74
25  2  2  11.25
26  2  2  51.10
27  2  2  18.31
28  2  2  5.67
29  2  2  9.87
30  2  2  4.30
1  3  2  4.46
2  3  2  3.60
3  3  2  16.69
4  3  2  63.95
5  3  2  29.15
6  3  2  27.57
7  3  2  14.69
8  3  2  13.21
9  3  2  16.02
10  3  2  54.68
11  3  2  6.54
12  3  2  33.97
13  3  2  22.75
14  3  2  9.76
15  3  2  17.60
16  3  2  47.52
17  3  2  12.34
18  3  2  27.54
19  3  2  6.98
20  3  2  26.13
21  3  2  16.46
22  3  2  4.24
23  3  2  26.84
24  3  2  41.64
25  3  2  55.08
26  3  2  55.28
27  3  2  22.59
28  3  2  35.01
29  3  2  18.65
30  3  2  7.40
1  4  2  18.55
2  4  2  17.53
3  4  2  51.83
4  4  2  41.04
5  4  2  16.37
6  4  2  10.41
7  4  2  19.57
8  4  2  38.36
9  4  2  30.33
10  4  2  17.84
11  4  2  3.92
12  4  2  27.44
13  4  2  21.78
14  4  2  15.44
15  4  2  20.45
16  4  2  14.72
17  4  2  7.38
18  4  2  28.25
19  4  2  10.90
20  4  2  27.75
21  4  2  19.96
22  4  2  19.73
23  4  2  38.07
24  4  2  60.22
25  4  2  38.30
26  4  2  16.39
27  4  2  23.62
28  4  2  22.82
29  4  2  5.82
30  4  2  17.98
1  5  2  39.34
2  5  2  37.87
3  5  2  21.70
4  5  2  10.20
5  5  2  11.31
6  5  2  25.76
7  5  2  4.15
8  5  2  41.31
9  5  2  18.82
10  5  2  23.09
11  5  2  23.29
12  5  2  34.10
13  5  2  2.92
14  5  2  21.14
15  5  2  9.96
16  5  2  13.95
17  5  2  10.89
18  5  2  40.61
19  5  2  20.58
20  5  2  10.81
21  5  2  15.86
22  5  2  5.85
23  5  2  23.19
24  5  2  11.05
25  5  2  23.00
26  5  2  29.74
27  5  2  10.21
28  5  2  15.34
29  5  2  14.56
30  5  2  52.17
1  6  2  8.65
2  6  2  59.89
3  6  2  37.71
4  6  2  36.10
5  6  2  14.61
6  6  2  25.16
7  6  2  19.86
8  6  2  46.13
9  6  2  9.29
10  6  2  33.16
11  6  2  30.84
12  6  2  3.22
13  6  2  32.67
14  6  2  57.12
15  6  2  22.14
16  6  2  8.76
17  6  2  5.37
18  6  2  38.24
19  6  2  4.94
20  6  2  18.60
21  6  2  25.86
22  6  2  67.89
23  6  2  8.78
24  6  2  9.44
25  6  2  18.21
26  6  2  22.77
27  6  2  59.52
28  6  2  42.72
29  6  2  25.59
30  6  2  6.46
1  7  2  37.86
2  7  2  45.25
3  7  2  15.56
4  7  2  3.00
5  7  2  26.90
6  7  2  16.40
7  7  2  13.59
8  7  2  30.44
9  7  2  68.87
10  7  2  16.23
11  7  2  30.49
12  7  2  30.54
13  7  2  30.29
14  7  2  10.31
15  7  2  48.98
16  7  2  39.56
17  7  2  11.02
18  7  2  40.95
19  7  2  18.90
20  7  2  17.33
21  7  2  34.95
22  7  2  4.17
23  7  2  22.00
24  7  2  7.82
25  7  2  10.62
26  7  2  15.40
27  7  2  18.58
28  7  2  39.80
29  7  2  36.48
30  7  2  26.49
1  8  2  28.02
2  8  2  8.77
3  8  2  16.30
4  8  2  25.09
5  8  2  29.76
6  8  2  18.69
7  8  2  28.61
8  8  2  15.95
9  8  2  56.85
10  8  2  11.01
11  8  2  11.25
12  8  2  17.97
13  8  2  50.11
14  8  2  33.51
15  8  2  37.23
16  8  2  5.41
17  8  2  31.77
18  8  2  11.79
19  8  2  20.43
20  8  2  20.91
21  8  2  47.91
22  8  2  4.82
23  8  2  26.49
24  8  2  18.59
25  8  2  22.74
26  8  2  34.90
27  8  2  31.60
28  8  2  46.66
29  8  2  29.33
30  8  2  5.82
1  9  2  5.22
2  9  2  33.02
3  9  2  60.15
4  9  2  11.79
5  9  2  51.67
6  9  2  7.18
7  9  2  36.08
8  9  2  20.28
9  9  2  28.04
10  9  2  6.13
11  9  2  41.68
12  9  2  26.64
13  9  2  5.36
14  9  2  28.55
15  9  2  14.12
16  9  2  13.11
17  9  2  6.26
18  9  2  44.13
19  9  2  32.80
20  9  2  7.07
21  9  2  13.09
22  9  2  10.46
23  9  2  42.38
24  9  2  26.92
25  9  2  49.01
26  9  2  27.28
27  9  2  7.95
28  9  2  24.01
29  9  2  29.45
30  9  2  27.35
1  10  2  4.72
2  10  2  20.19
3  10  2  9.98
4  10  2  13.99
5  10  2  4.28
6  10  2  28.73
7  10  2  18.49
8  10  2  26.13
9  10  2  20.84
10  10  2  27.13
11  10  2  8.93
12  10  2  42.95
13  10  2  4.02
14  10  2  26.33
15  10  2  28.88
16  10  2  36.90
17  10  2  18.45
18  10  2  4.80
19  10  2  45.27
20  10  2  2.87
21  10  2  18.18
22  10  2  35.66
23  10  2  5.78
24  10  2  5.00
25  10  2  2.78
26  10  2  13.24
27  10  2  25.90
28  10  2  7.03
29  10  2  7.03
30  10  2  15.55
1  11  2  6.97
2  11  2  26.75
3  11  2  34.39
4  11  2  12.01
5  11  2  13.77
6  11  2  36.43
7  11  2  60.83
8  11  2  16.28
9  11  2  9.77
10  11  2  38.46
11  11  2  20.22
12  11  2  57.46
13  11  2  31.63
14  11  2  8.75
15  11  2  29.16
16  11  2  14.75
17  11  2  13.36
18  11  2  30.47
19  11  2  15.51
20  11  2  17.13
21  11  2  26.13
22  11  2  41.04
23  11  2  39.39
24  11  2  34.63
25  11  2  18.82
26  11  2  19.28
27  11  2  12.54
28  11  2  38.40
29  11  2  30.58
30  11  2  38.57
1  12  2  5.51
2  12  2  40.53
3  12  2  21.39
4  12  2  7.40
5  12  2  7.86
6  12  2  14.06
7  12  2  31.60
8  12  2  32.45
9  12  2  38.93
10  12  2  17.13
11  12  2  15.93
12  12  2  40.14
13  12  2  19.67
14  12  2  54.44
15  12  2  51.04
16  12  2  30.40
17  12  2  19.78
18  12  2  22.97
19  12  2  35.58
20  12  2  17.03
21  12  2  15.32
22  12  2  31.80
23  12  2  13.83
24  12  2  31.20
25  12  2  9.27
26  12  2  41.67
27  12  2  31.25
28  12  2  34.48
29  12  2  59.57
30  12  2  18.47
1  13  2  54.17
2  13  2  12.91
3  13  2  40.33
4  13  2  36.81
5  13  2  5.18
6  13  2  18.46
7  13  2  11.69
8  13  2  13.91
9  13  2  30.16
10  13  2  15.39
11  13  2  31.33
12  13  2  15.66
13  13  2  14.07
14  13  2  67.77
15  13  2  14.78
16  13  2  30.21
17  13  2  4.09
18  13  2  48.23
19  13  2  37.82
20  13  2  6.22
21  13  2  17.91
22  13  2  8.24
23  13  2  25.07
24  13  2  37.96
25  13  2  18.08
26  13  2  16.72
27  13  2  4.05
28  13  2  22.70
29  13  2  32.22
30  13  2  42.25
1  14  2  29.51
2  14  2  28.84
3  14  2  30.85
4  14  2  32.50
5  14  2  7.24
6  14  2  61.52
7  14  2  31.20
8  14  2  42.67
9  14  2  55.66
10  14  2  19.93
11  14  2  39.03
12  14  2  5.96
13  14  2  10.54
14  14  2  48.85
15  14  2  16.77
16  14  2  7.48
17  14  2  15.30
18  14  2  20.80
19  14  2  56.29
20  14  2  2.60
21  14  2  45.01
22  14  2  10.58
23  14  2  18.34
24  14  2  44.33
25  14  2  20.59
26  14  2  34.18
27  14  2  68.36
28  14  2  66.01
29  14  2  30.79
30  14  2  19.90
1  15  2  18.21
2  15  2  25.20
3  15  2  16.61
4  15  2  26.97
5  15  2  2.53
6  15  2  6.35
7  15  2  19.21
8  15  2  9.90
9  15  2  32.46
10  15  2  13.18
11  15  2  28.81
12  15  2  7.67
13  15  2  19.26
14  15  2  46.04
15  15  2  7.76
16  15  2  15.08
17  15  2  17.79
18  15  2  40.10
19  15  2  17.36
20  15  2  25.22
21  15  2  6.51
22  15  2  45.88
23  15  2  35.97
24  15  2  10.99
25  15  2  8.09
26  15  2  3.48
27  15  2  4.65
28  15  2  36.92
29  15  2  33.18
30  15  2  56.77
1  16  2  8.36
2  16  2  50.11
3  16  2  11.84
4  16  2  10.95
5  16  2  21.10
6  16  2  56.31
7  16  2  7.65
8  16  2  53.80
9  16  2  24.33
10  16  2  43.26
11  16  2  38.87
12  16  2  37.70
13  16  2  3.53
14  16  2  56.42
15  16  2  43.54
16  16  2  24.40
17  16  2  11.33
18  16  2  26.60
19  16  2  19.67
20  16  2  45.40
21  16  2  55.90
22  16  2  19.38
23  16  2  58.52
24  16  2  13.16
25  16  2  23.47
26  16  2  4.01
27  16  2  12.49
28  16  2  48.37
29  16  2  41.20
30  16  2  29.39
1  17  2  52.54
2  17  2  14.69
3  17  2  18.81
4  17  2  28.63
5  17  2  35.60
6  17  2  27.86
7  17  2  14.92
8  17  2  17.08
9  17  2  26.71
10  17  2  58.48
11  17  2  21.41
12  17  2  39.74
13  17  2  37.56
14  17  2  26.89
15  17  2  6.06
16  17  2  14.46
17  17  2  39.33
18  17  2  10.99
19  17  2  9.13
20  17  2  29.47
21  17  2  20.88
22  17  2  11.94
23  17  2  6.49
24  17  2  5.20
25  17  2  26.37
26  17  2  35.21
27  17  2  5.48
28  17  2  18.79
29  17  2  35.54
30  17  2  43.94
1  18  2  4.51
2  18  2  7.52
3  18  2  32.08
4  18  2  32.85
5  18  2  28.03
6  18  2  32.35
7  18  2  20.05
8  18  2  25.30
9  18  2  13.44
10  18  2  45.35
11  18  2  5.37
12  18  2  8.14
13  18  2  3.77
14  18  2  50.78
15  18  2  10.80
16  18  2  16.32
17  18  2  10.72
18  18  2  21.89
19  18  2  56.58
20  18  2  39.62
21  18  2  16.41
22  18  2  18.87
23  18  2  12.76
24  18  2  2.30
25  18  2  11.68
26  18  2  11.63
27  18  2  18.98
28  18  2  47.14
29  18  2  29.58
30  18  2  29.01
1  19  2  36.32
2  19  2  19.10
3  19  2  5.81
4  19  2  17.44
5  19  2  27.16
6  19  2  34.16
7  19  2  29.33
8  19  2  28.43
9  19  2  51.93
10  19  2  41.96
11  19  2  5.91
12  19  2  26.50
13  19  2  69.13
14  19  2  10.14
15  19  2  18.73
16  19  2  5.09
17  19  2  46.51
18  19  2  29.88
19  19  2  23.94
20  19  2  29.85
21  19  2  44.42
22  19  2  7.15
23  19  2  19.58
24  19  2  13.72
25  19  2  28.17
26  19  2  26.74
27  19  2  35.13
28  19  2  15.16
29  19  2  10.54
30  19  2  41.28
1  20  2  30.61
2  20  2  20.77
3  20  2  19.96
4  20  2  8.50
5  20  2  12.45
6  20  2  50.25
7  20  2  28.89
8  20  2  42.76
9  20  2  17.73
10  20  2  15.27
11  20  2  6.98
12  20  2  15.15
13  20  2  53.32
14  20  2  49.97
15  20  2  28.71
16  20  2  9.44
17  20  2  36.89
18  20  2  11.29
19  20  2  34.77
20  20  2  64.57
21  20  2  16.84
22  20  2  15.74
23  20  2  28.89
24  20  2  15.12
25  20  2  33.42
26  20  2  19.55
27  20  2  7.99
28  20  2  28.03
29  20  2  45.05
30  20  2  51.57
1  21  2  17.86
2  21  2  16.31
3  21  2  14.69
4  21  2  8.21
5  21  2  55.62
6  21  2  12.94
7  21  2  10.23
8  21  2  18.42
9  21  2  29.81
10  21  2  28.97
11  21  2  52.26
12  21  2  18.49
13  21  2  39.54
14  21  2  31.91
15  21  2  64.39
16  21  2  45.31
17  21  2  22.83
18  21  2  27.99
19  21  2  4.60
20  21  2  24.49
21  21  2  29.14
22  21  2  10.86
23  21  2  5.01
24  21  2  10.89
25  21  2  28.99
26  21  2  61.49
27  21  2  17.58
28  21  2  51.72
29  21  2  11.57
30  21  2  28.61
1  22  2  55.71
2  22  2  67.08
3  22  2  24.38
4  22  2  58.13
5  22  2  28.49
6  22  2  33.92
7  22  2  41.46
8  22  2  8.85
9  22  2  16.53
10  22  2  17.50
11  22  2  21.76
12  22  2  26.20
13  22  2  26.79
14  22  2  17.60
15  22  2  10.28
16  22  2  41.11
17  22  2  31.00
18  22  2  38.16
19  22  2  15.30
20  22  2  32.96
21  22  2  16.65
22  22  2  38.09
23  22  2  24.79
24  22  2  22.42
25  22  2  46.94
26  22  2  24.71
27  22  2  19.52
28  22  2  56.63
29  22  2  17.71
30  22  2  16.25
1  23  2  19.49
2  23  2  33.82
3  23  2  52.73
4  23  2  4.79
5  23  2  45.72
6  23  2  46.16
7  23  2  12.63
8  23  2  27.29
9  23  2  11.56
10  23  2  26.99
11  23  2  7.57
12  23  2  36.06
13  23  2  28.66
14  23  2  15.65
15  23  2  18.05
16  23  2  17.37
17  23  2  51.01
18  23  2  2.89
19  23  2  42.53
20  23  2  23.19
21  23  2  12.64
22  23  2  48.26
23  23  2  19.25
24  23  2  38.62
25  23  2  26.32
26  23  2  20.20
27  23  2  30.65
28  23  2  28.08
29  23  2  13.78
30  23  2  5.81
1  24  2  15.40
2  24  2  28.09
3  24  2  64.41
4  24  2  31.73
5  24  2  40.96
6  24  2  19.66
7  24  2  25.25
8  24  2  48.11
9  24  2  16.27
10  24  2  48.67
11  24  2  9.84
12  24  2  32.89
13  24  2  10.74
14  24  2  57.70
15  24  2  53.75
16  24  2  9.09
17  24  2  13.40
18  24  2  15.60
19  24  2  21.45
20  24  2  25.83
21  24  2  10.58
22  24  2  15.66
23  24  2  10.50
24  24  2  41.87
25  24  2  17.27
26  24  2  66.92
27  24  2  13.00
28  24  2  52.27
29  24  2  13.49
30  24  2  56.93
1  25  2  10.82
2  25  2  8.46
3  25  2  12.37
4  25  2  16.34
5  25  2  39.05
6  25  2  26.19
7  25  2  55.97
8  25  2  5.71
9  25  2  33.41
10  25  2  27.15
11  25  2  14.57
12  25  2  36.68
13  25  2  38.16
14  25  2  25.89
15  25  2  6.73
16  25  2  42.78
17  25  2  10.08
18  25  2  58.96
19  25  2  39.65
20  25  2  12.12
21  25  2  12.92
22  25  2  13.09
23  25  2  29.54
24  25  2  13.42
25  25  2  62.06
26  25  2  9.10
27  25  2  26.52
28  25  2  34.76
29  25  2  34.36
30  25  2  43.85
1  26  2  18.99
2  26  2  31.46
3  26  2  36.63
4  26  2  39.93
5  26  2  18.78
6  26  2  14.06
7  26  2  15.42
8  26  2  34.30
9  26  2  30.13
10  26  2  31.19
11  26  2  8.07
12  26  2  33.22
13  26  2  7.46
14  26  2  22.94
15  26  2  55.33
16  26  2  55.03
17  26  2  13.87
18  26  2  9.67
19  26  2  15.04
20  26  2  30.47
21  26  2  33.92
22  26  2  28.10
23  26  2  27.50
24  26  2  45.79
25  26  2  7.54
26  26  2  13.16
27  26  2  41.09
28  26  2  7.43
29  26  2  20.57
30  26  2  27.56
1  27  2  18.98
2  27  2  37.50
3  27  2  13.63
4  27  2  28.87
5  27  2  3.93
6  27  2  33.31
7  27  2  10.08
8  27  2  20.27
9  27  2  2.80
10  27  2  14.83
11  27  2  11.85
12  27  2  26.35
13  27  2  19.56
14  27  2  7.71
15  27  2  42.40
16  27  2  14.32
17  27  2  17.21
18  27  2  49.96
19  27  2  24.95
20  27  2  19.59
21  27  2  32.96
22  27  2  45.42
23  27  2  52.04
24  27  2  5.52
25  27  2  9.16
26  27  2  62.40
27  27  2  20.82
28  27  2  11.36
29  27  2  19.40
30  27  2  26.50
1  28  2  13.61
2  28  2  23.90
3  28  2  16.12
4  28  2  25.24
5  28  2  17.24
6  28  2  14.02
7  28  2  42.55
8  28  2  31.78
9  28  2  26.04
10  28  2  12.48
11  28  2  12.01
12  28  2  21.42
13  28  2  5.48
14  28  2  11.90
15  28  2  50.41
16  28  2  20.24
17  28  2  19.18
18  28  2  28.21
19  28  2  33.80
20  28  2  17.38
21  28  2  5.96
22  28  2  20.80
23  28  2  33.87
24  28  2  68.98
25  28  2  45.60
26  28  2  45.78
27  28  2  38.57
28  28  2  25.68
29  28  2  34.97
30  28  2  46.20
1  29  2  41.96
2  29  2  19.49
3  29  2  47.69
4  29  2  23.62
5  29  2  11.14
6  29  2  18.21
7  29  2  27.30
8  29  2  4.00
9  29  2  10.54
10  29  2  33.39
11  29  2  11.57
12  29  2  26.20
13  29  2  27.81
14  29  2  30.66
15  29  2  31.74
16  29  2  28.10
17  29  2  24.04
18  29  2  12.14
19  29  2  17.33
20  29  2  20.04
21  29  2  14.52
22  29  2  48.87
23  29  2  19.16
24  29  2  56.07
25  29  2  21.79
26  29  2  26.37
27  29  2  34.73
28  29  2  10.97
29  29  2  47.23
30  29  2  7.91
1  30  2  23.10
2  30  2  19.17
3  30  2  48.09
4  30  2  29.30
5  30  2  25.04
6  30  2  5.43
7  30  2  31.77
8  30  2  11.44
9  30  2  46.44
10  30  2  8.99
11  30  2  30.23
12  30  2  19.58
13  30  2  18.69
14  30  2  37.37
15  30  2  12.27
16  30  2  3.81
17  30  2  22.82
18  30  2  26.43
19  30  2  29.67
20  30  2  17.37
21  30  2  26.40
22  30  2  34.84
23  30  2  22.99
24  30  2  13.24
25  30  2  7.52
26  30  2  25.69
27  30  2  6.28
28  30  2  54.27
29  30  2  11.75
30  30  2  4.64
1  31  2  25.10
2  31  2  42.48
3  31  2  41.94
4  31  2  31.56
5  31  2  49.41
6  31  2  14.90
7  31  2  33.81
8  31  2  19.44
9  31  2  48.29
10  31  2  19.61
11  31  2  32.97
12  31  2  46.69
13  31  2  22.75
14  31  2  13.76
15  31  2  23.67
16  31  2  29.77
17  31  2  7.98
18  31  2  7.86
19  31  2  8.07
20  31  2  45.59
21  31  2  50.29
22  31  2  24.17
23  31  2  19.83
24  31  2  29.62
25  31  2  54.05
26  31  2  21.89
27  31  2  23.48
28  31  2  20.08
29  31  2  17.11
30  31  2  6.67
1  32  2  33.89
2  32  2  27.34
3  32  2  40.00
4  32  2  47.78
5  32  2  31.81
6  32  2  35.99
7  32  2  2.48
8  32  2  18.70
9  32  2  5.66
10  32  2  36.28
11  32  2  7.73
12  32  2  56.43
13  32  2  36.35
14  32  2  15.68
15  32  2  6.34
16  32  2  21.93
17  32  2  11.81
18  32  2  23.91
19  32  2  17.46
20  32  2  22.00
21  32  2  14.24
22  32  2  22.46
23  32  2  26.39
24  32  2  41.77
25  32  2  32.08
26  32  2  22.12
27  32  2  24.18
28  32  2  43.80
29  32  2  17.70
30  32  2  7.25
1  33  2  20.64
2  33  2  7.45
3  33  2  38.85
4  33  2  6.71
5  33  2  4.77
6  33  2  47.57
7  33  2  31.18
8  33  2  19.26
9  33  2  17.64
10  33  2  53.56
11  33  2  26.36
12  33  2  21.97
13  33  2  13.01
14  33  2  16.56
15  33  2  27.01
16  33  2  12.66
17  33  2  30.00
18  33  2  27.76
19  33  2  21.60
20  33  2  10.52
21  33  2  14.23
22  33  2  16.36
23  33  2  38.88
24  33  2  26.14
25  33  2  8.51
26  33  2  47.70
27  33  2  16.25
28  33  2  14.85
29  33  2  22.23
30  33  2  63.39
1  34  2  7.23
2  34  2  24.72
3  34  2  9.55
4  34  2  16.97
5  34  2  17.72
6  34  2  46.39
7  34  2  39.62
8  34  2  34.87
9  34  2  17.37
10  34  2  8.38
11  34  2  16.05
12  34  2  28.07
13  34  2  33.18
14  34  2  28.74
15  34  2  40.77
16  34  2  57.80
17  34  2  44.84
18  34  2  30.85
19  34  2  4.53
20  34  2  13.60
21  34  2  11.01
22  34  2  15.49
23  34  2  4.15
24  34  2  18.77
25  34  2  13.39
26  34  2  31.57
27  34  2  10.69
28  34  2  20.06
29  34  2  11.30
30  34  2  41.10
1  35  2  10.75
2  35  2  16.25
3  35  2  6.49
4  35  2  20.12
5  35  2  53.12
6  35  2  19.62
7  35  2  13.70
8  35  2  15.97
9  35  2  15.00
10  35  2  22.01
11  35  2  12.58
12  35  2  24.62
13  35  2  4.77
14  35  2  8.50
15  35  2  35.05
16  35  2  24.92
17  35  2  45.97
18  35  2  13.85
19  35  2  6.47
20  35  2  56.88
21  35  2  36.62
22  35  2  10.26
23  35  2  41.44
24  35  2  37.90
25  35  2  26.39
26  35  2  23.69
27  35  2  4.27
28  35  2  46.93
29  35  2  11.46
30  35  2  4.06
1  36  2  20.54
2  36  2  26.82
3  36  2  4.16
4  36  2  39.93
5  36  2  21.36
6  36  2  60.85
7  36  2  11.26
8  36  2  8.47
9  36  2  14.05
10  36  2  12.24
11  36  2  11.96
12  36  2  6.47
13  36  2  12.07
14  36  2  8.32
15  36  2  52.71
16  36  2  28.82
17  36  2  26.64
18  36  2  33.75
19  36  2  32.72
20  36  2  18.47
21  36  2  26.11
22  36  2  14.13
23  36  2  47.49
24  36  2  12.97
25  36  2  35.61
26  36  2  31.38
27  36  2  39.92
28  36  2  19.63
29  36  2  14.87
30  36  2  9.18
1  37  2  10.57
2  37  2  17.48
3  37  2  25.38
4  37  2  18.32
5  37  2  12.80
6  37  2  31.48
7  37  2  30.87
8  37  2  18.94
9  37  2  9.07
10  37  2  12.51
11  37  2  17.67
12  37  2  7.64
13  37  2  37.22
14  37  2  20.72
15  37  2  18.13
16  37  2  30.03
17  37  2  45.28
18  37  2  12.48
19  37  2  21.30
20  37  2  57.64
21  37  2  19.40
22  37  2  46.55
23  37  2  36.15
24  37  2  51.42
25  37  2  9.59
26  37  2  47.20
27  37  2  37.68
28  37  2  19.76
29  37  2  32.98
30  37  2  43.46
1  38  2  27.85
2  38  2  63.82
3  38  2  33.57
4  38  2  23.51
5  38  2  38.35
6  38  2  8.35
7  38  2  39.33
8  38  2  37.85
9  38  2  23.56
10  38  2  30.88
11  38  2  39.49
12  38  2  42.37
13  38  2  44.04
14  38  2  19.91
15  38  2  9.31
16  38  2  66.96
17  38  2  19.51
18  38  2  27.90
19  38  2  5.54
20  38  2  30.72
21  38  2  65.64
22  38  2  19.26
23  38  2  49.97
24  38  2  37.65
25  38  2  32.70
26  38  2  64.20
27  38  2  34.10
28  38  2  21.72
29  38  2  26.79
30  38  2  41.24
1  39  2  21.93
2  39  2  35.30
3  39  2  21.72
4  39  2  3.57
5  39  2  65.85
6  39  2  45.84
7  39  2  43.07
8  39  2  15.13
9  39  2  9.41
10  39  2  5.64
11  39  2  12.25
12  39  2  38.11
13  39  2  19.34
14  39  2  32.18
15  39  2  25.70
16  39  2  23.28
17  39  2  18.12
18  39  2  6.79
19  39  2  7.16
20  39  2  17.63
21  39  2  32.90
22  39  2  38.97
23  39  2  53.30
24  39  2  29.99
25  39  2  46.07
26  39  2  54.31
27  39  2  13.98
28  39  2  32.98
29  39  2  65.30
30  39  2  16.37
1  40  2  42.04
2  40  2  9.75
3  40  2  12.27
4  40  2  52.41
5  40  2  14.19
6  40  2  3.72
7  40  2  57.33
8  40  2  13.74
9  40  2  11.81
10  40  2  29.28
11  40  2  23.51
12  40  2  20.60
13  40  2  25.98
14  40  2  4.31
15  40  2  45.31
16  40  2  43.49
17  40  2  16.38
18  40  2  38.40
19  40  2  11.07
20  40  2  16.99
21  40  2  12.53
22  40  2  17.65
23  40  2  28.36
24  40  2  11.28
25  40  2  28.28
26  40  2  17.38
27  40  2  22.56
28  40  2  28.18
29  40  2  13.65
30  40  2  11.16
1  41  2  12.19
2  41  2  36.94
3  41  2  35.48
4  41  2  41.38
5  41  2  24.54
6  41  2  15.97
7  41  2  23.93
8  41  2  17.82
9  41  2  5.40
10  41  2  23.15
11  41  2  24.97
12  41  2  6.05
13  41  2  18.31
14  41  2  42.62
15  41  2  22.77
16  41  2  30.96
17  41  2  13.20
18  41  2  20.99
19  41  2  12.73
20  41  2  19.58
21  41  2  12.40
22  41  2  8.79
23  41  2  24.03
24  41  2  27.11
25  41  2  6.83
26  41  2  15.61
27  41  2  21.12
28  41  2  30.14
29  41  2  44.49
30  41  2  22.84
1  42  2  22.08
2  42  2  26.86
3  42  2  51.23
4  42  2  53.34
5  42  2  25.00
6  42  2  12.97
7  42  2  10.19
8  42  2  53.48
9  42  2  22.88
10  42  2  30.93
11  42  2  16.62
12  42  2  47.64
13  42  2  4.17
14  42  2  58.31
15  42  2  11.50
16  42  2  19.18
17  42  2  25.88
18  42  2  21.55
19  42  2  3.20
20  42  2  7.90
21  42  2  22.26
22  42  2  31.25
23  42  2  18.29
24  42  2  14.68
25  42  2  27.57
26  42  2  29.36
27  42  2  23.32
28  42  2  18.73
29  42  2  47.97
30  42  2  18.72
1  43  2  34.37
2  43  2  6.69
3  43  2  23.55
4  43  2  67.43
5  43  2  26.74
6  43  2  28.69
7  43  2  47.21
8  43  2  7.67
9  43  2  28.00
10  43  2  27.89
11  43  2  19.40
12  43  2  23.68
13  43  2  18.49
14  43  2  34.89
15  43  2  7.16
16  43  2  27.23
17  43  2  17.70
18  43  2  16.44
19  43  2  32.74
20  43  2  29.70
21  43  2  31.94
22  43  2  18.84
23  43  2  32.31
24  43  2  19.84
25  43  2  26.38
26  43  2  9.51
27  43  2  18.60
28  43  2  20.60
29  43  2  37.23
30  43  2  40.20
1  44  2  22.41
2  44  2  4.60
3  44  2  17.86
4  44  2  25.82
5  44  2  12.66
6  44  2  30.98
7  44  2  24.81
8  44  2  42.88
9  44  2  40.84
10  44  2  19.16
11  44  2  5.23
12  44  2  24.94
13  44  2  4.08
14  44  2  22.28
15  44  2  15.92
16  44  2  8.75
17  44  2  44.38
18  44  2  24.69
19  44  2  30.61
20  44  2  20.67
21  44  2  44.48
22  44  2  25.90
23  44  2  27.47
24  44  2  34.60
25  44  2  55.43
26  44  2  14.10
27  44  2  22.12
28  44  2  12.33
29  44  2  10.22
30  44  2  38.85
1  45  2  48.93
2  45  2  17.60
3  45  2  5.72
4  45  2  44.93
5  45  2  7.68
6  45  2  38.82
7  45  2  13.46
8  45  2  29.61
9  45  2  6.35
10  45  2  52.71
11  45  2  4.01
12  45  2  14.34
13  45  2  14.33
14  45  2  18.77
15  45  2  15.67
16  45  2  37.07
17  45  2  35.14
18  45  2  12.45
19  45  2  11.86
20  45  2  43.50
21  45  2  9.46
22  45  2  13.19
23  45  2  46.33
24  45  2  10.61
25  45  2  43.22
26  45  2  37.23
27  45  2  51.65
28  45  2  21.08
29  45  2  3.58
30  45  2  12.70
1  46  2  22.81
2  46  2  47.87
3  46  2  25.48
4  46  2  38.07
5  46  2  16.63
6  46  2  19.18
7  46  2  5.27
8  46  2  18.93
9  46  2  58.78
10  46  2  11.31
11  46  2  27.33
12  46  2  8.05
13  46  2  38.04
14  46  2  19.57
15  46  2  32.69
16  46  2  28.25
17  46  2  30.88
18  46  2  17.83
19  46  2  14.50
20  46  2  14.92
21  46  2  25.05
22  46  2  9.33
23  46  2  51.10
24  46  2  7.32
25  46  2  26.26
26  46  2  6.03
27  46  2  6.85
28  46  2  18.96
29  46  2  56.53
30  46  2  17.20
1  47  2  7.45
2  47  2  26.80
3  47  2  10.39
4  47  2  25.84
5  47  2  17.23
6  47  2  26.66
7  47  2  12.79
8  47  2  14.08
9  47  2  14.22
10  47  2  21.23
11  47  2  24.04
12  47  2  21.94
13  47  2  7.18
14  47  2  25.94
15  47  2  14.36
16  47  2  25.16
17  47  2  11.88
18  47  2  15.23
19  47  2  17.89
20  47  2  27.76
21  47  2  38.67
22  47  2  34.37
23  47  2  6.71
24  47  2  16.18
25  47  2  42.93
26  47  2  58.31
27  47  2  7.22
28  47  2  38.97
29  47  2  21.81
30  47  2  39.05
1  48  2  9.14
2  48  2  9.28
3  48  2  4.71
4  48  2  28.85
5  48  2  6.82
6  48  2  13.53
7  48  2  17.33
8  48  2  15.51
9  48  2  16.71
10  48  2  48.37
11  48  2  17.92
12  48  2  13.54
13  48  2  30.83
14  48  2  12.44
15  48  2  29.91
16  48  2  20.12
17  48  2  22.74
18  48  2  52.51
19  48  2  13.67
20  48  2  4.45
21  48  2  17.66
22  48  2  12.36
23  48  2  40.95
24  48  2  22.59
25  48  2  18.25
26  48  2  14.94
27  48  2  23.22
28  48  2  47.91
29  48  2  62.83
30  48  2  12.57
1  49  2  11.27
2  49  2  12.00
3  49  2  24.12
4  49  2  10.67
5  49  2  10.40
6  49  2  15.93
7  49  2  25.79
8  49  2  10.17
9  49  2  21.15
10  49  2  49.49
11  49  2  24.59
12  49  2  30.26
13  49  2  19.20
14  49  2  13.30
15  49  2  24.31
16  49  2  6.32
17  49  2  14.74
18  49  2  38.85
19  49  2  6.75
20  49  2  31.58
21  49  2  26.85
22  49  2  5.61
23  49  2  3.21
24  49  2  20.85
25  49  2  35.49
26  49  2  20.85
27  49  2  10.61
28  49  2  37.25
29  49  2  53.35
30  49  2  17.24
1  50  2  23.16
2  50  2  7.38
3  50  2  37.15
4  50  2  48.82
5  50  2  40.38
6  50  2  19.11
7  50  2  11.85
8  50  2  29.68
9  50  2  39.96
10  50  2  8.84
11  50  2  9.81
12  50  2  14.12
13  50  2  24.22
14  50  2  53.28
15  50  2  28.11
16  50  2  29.36
17  50  2  19.95
18  50  2  34.32
19  50  2  12.94
20  50  2  28.93
21  50  2  3.97
22  50  2  42.26
23  50  2  48.96
24  50  2  12.67
25  50  2  21.15
26  50  2  22.49
27  50  2  21.28
28  50  2  33.18
29  50  2  25.58
30  50  2  34.89
1  51  2  45.15
2  51  2  7.70
3  51  2  18.97
4  51  2  41.75
5  51  2  21.32
6  51  2  8.53
7  51  2  25.55
8  51  2  12.57
9  51  2  27.75
10  51  2  32.85
11  51  2  7.85
12  51  2  6.43
13  51  2  65.27
14  51  2  15.70
15  51  2  21.61
16  51  2  5.64
17  51  2  30.98
18  51  2  18.15
19  51  2  10.96
20  51  2  55.26
21  51  2  20.57
22  51  2  38.90
23  51  2  25.55
24  51  2  14.66
25  51  2  35.66
26  51  2  18.07
27  51  2  28.29
28  51  2  37.12
29  51  2  11.88
30  51  2  27.11
1  52  2  7.56
2  52  2  22.27
3  52  2  12.72
4  52  2  2.89
5  52  2  26.53
6  52  2  50.43
7  52  2  35.11
8  52  2  18.16
9  52  2  10.90
10  52  2  27.14
11  52  2  16.30
12  52  2  45.36
13  52  2  8.93
14  52  2  6.05
15  52  2  41.79
16  52  2  4.03
17  52  2  34.30
18  52  2  19.23
19  52  2  10.81
20  52  2  33.75
21  52  2  10.09
22  52  2  36.96
23  52  2  26.89
24  52  2  6.52
25  52  2  32.93
26  52  2  28.32
27  52  2  64.64
28  52  2  12.72
29  52  2  22.65
30  52  2  54.14
1  53  2  7.47
2  53  2  17.27
3  53  2  6.07
4  53  2  17.05
5  53  2  16.86
6  53  2  15.08
7  53  2  49.81
8  53  2  36.93
9  53  2  30.10
10  53  2  27.81
11  53  2  19.71
12  53  2  12.16
13  53  2  34.55
14  53  2  23.11
15  53  2  13.47
16  53  2  6.38
17  53  2  10.57
18  53  2  8.41
19  53  2  42.20
20  53  2  8.25
21  53  2  47.89
22  53  2  44.91
23  53  2  9.69
24  53  2  10.48
25  53  2  21.35
26  53  2  35.96
27  53  2  27.25
28  53  2  7.39
29  53  2  18.68
30  53  2  22.50
1  54  2  9.46
2  54  2  22.45
3  54  2  4.56
4  54  2  44.99
5  54  2  28.65
6  54  2  29.02
7  54  2  23.29
8  54  2  23.74
9  54  2  18.38
10  54  2  51.92
11  54  2  39.86
12  54  2  13.12
13  54  2  32.42
14  54  2  4.64
15  54  2  28.00
16  54  2  9.69
17  54  2  9.68
18  54  2  32.92
19  54  2  27.46
20  54  2  9.29
21  54  2  53.55
22  54  2  38.49
23  54  2  11.29
24  54  2  22.15
25  54  2  23.68
26  54  2  46.24
27  54  2  30.96
28  54  2  2.87
29  54  2  52.18
30  54  2  8.58
1  55  2  17.02
2  55  2  46.96
3  55  2  20.10
4  55  2  16.22
5  55  2  21.16
6  55  2  13.04
7  55  2  60.41
8  55  2  41.03
9  55  2  25.73
10  55  2  20.58
11  55  2  5.90
12  55  2  18.23
13  55  2  48.78
14  55  2  42.75
15  55  2  29.15
16  55  2  7.00
17  55  2  53.50
18  55  2  13.72
19  55  2  15.87
20  55  2  36.11
21  55  2  31.20
22  55  2  12.80
23  55  2  17.36
24  55  2  23.79
25  55  2  9.72
26  55  2  8.66
27  55  2  4.56
28  55  2  26.72
29  55  2  11.60
30  55  2  37.48
1  56  2  14.55
2  56  2  21.27
3  56  2  22.03
4  56  2  16.36
5  56  2  14.94
6  56  2  41.22
7  56  2  15.39
8  56  2  37.94
9  56  2  24.92
10  56  2  12.74
11  56  2  29.73
12  56  2  10.74
13  56  2  12.94
14  56  2  20.31
15  56  2  15.30
16  56  2  15.43
17  56  2  21.71
18  56  2  17.22
19  56  2  57.40
20  56  2  14.88
21  56  2  11.23
22  56  2  3.81
23  56  2  5.66
24  56  2  58.28
25  56  2  14.61
26  56  2  48.52
27  56  2  19.57
28  56  2  15.90
29  56  2  13.03
30  56  2  36.25
1  57  2  34.80
2  57  2  4.02
3  57  2  31.56
4  57  2  38.15
5  57  2  22.51
6  57  2  8.54
7  57  2  26.34
8  57  2  17.06
9  57  2  11.71
10  57  2  33.23
11  57  2  5.27
12  57  2  46.87
13  57  2  18.37
14  57  2  6.47
15  57  2  7.59
16  57  2  21.79
17  57  2  33.46
18  57  2  12.77
19  57  2  9.10
20  57  2  37.75
21  57  2  12.95
22  57  2  20.09
23  57  2  4.09
24  57  2  19.73
25  57  2  17.36
26  57  2  9.53
27  57  2  32.08
28  57  2  5.85
29  57  2  12.12
30  57  2  18.05
1  58  2  28.91
2  58  2  45.14
3  58  2  29.08
4  58  2  49.73
5  58  2  19.18
6  58  2  47.47
7  58  2  11.34
8  58  2  34.02
9  58  2  18.38
10  58  2  29.47
11  58  2  26.87
12  58  2  10.38
13  58  2  11.35
14  58  2  20.24
15  58  2  22.01
16  58  2  6.89
17  58  2  9.15
18  58  2  25.42
19  58  2  49.64
20  58  2  8.56
21  58  2  16.89
22  58  2  19.38
23  58  2  11.69
24  58  2  11.41
25  58  2  13.13
26  58  2  18.04
27  58  2  58.57
28  58  2  39.42
29  58  2  18.98
30  58  2  20.17
1  59  2  25.51
2  59  2  11.59
3  59  2  19.80
4  59  2  25.68
5  59  2  24.09
6  59  2  43.95
7  59  2  17.89
8  59  2  10.79
9  59  2  9.85
10  59  2  30.78
11  59  2  32.89
12  59  2  12.08
13  59  2  6.97
14  59  2  25.72
15  59  2  58.62
16  59  2  7.02
17  59  2  46.08
18  59  2  17.36
19  59  2  31.22
20  59  2  16.66
21  59  2  19.21
22  59  2  12.15
23  59  2  10.86
24  59  2  18.20
25  59  2  33.95
26  59  2  35.85
27  59  2  30.39
28  59  2  40.51
29  59  2  21.41
30  59  2  7.25
1  60  2  26.49
2  60  2  30.81
3  60  2  6.36
4  60  2  36.79
5  60  2  4.33
6  60  2  10.17
7  60  2  7.45
8  60  2  19.28
9  60  2  26.88
10  60  2  20.56
11  60  2  20.98
12  60  2  30.25
13  60  2  26.73
14  60  2  5.20
15  60  2  6.82
16  60  2  28.01
17  60  2  24.61
18  60  2  40.79
19  60  2  8.27
20  60  2  43.40
21  60  2  13.73
22  60  2  48.32
23  60  2  62.76
24  60  2  35.60
25  60  2  34.76
26  60  2  11.32
27  60  2  22.09
28  60  2  19.35
29  60  2  25.78
30  60  2  6.63
1  61  2  4.26
2  61  2  4.87
3  61  2  15.92
4  61  2  15.68
5  61  2  34.63
6  61  2  31.61
7  61  2  19.94
8  61  2  8.42
9  61  2  25.00
10  61  2  44.28
11  61  2  7.05
12  61  2  43.81
13  61  2  21.42
14  61  2  47.70
15  61  2  8.73
16  61  2  21.56
17  61  2  15.00
18  61  2  12.74
19  61  2  34.62
20  61  2  27.80
21  61  2  19.24
22  61  2  21.49
23  61  2  33.37
24  61  2  7.62
25  61  2  27.80
26  61  2  4.58
27  61  2  42.54
28  61  2  34.54
29  61  2  33.22
30  61  2  42.77
1  62  2  23.17
2  62  2  24.08
3  62  2  16.51
4  62  2  15.14
5  62  2  23.21
6  62  2  29.61
7  62  2  39.46
8  62  2  38.92
9  62  2  10.98
10  62  2  17.21
11  62  2  14.72
12  62  2  20.34
13  62  2  8.37
14  62  2  30.74
15  62  2  19.22
16  62  2  20.90
17  62  2  27.47
18  62  2  23.85
19  62  2  34.60
20  62  2  35.64
21  62  2  29.80
22  62  2  22.34
23  62  2  59.05
24  62  2  12.26
25  62  2  38.12
26  62  2  10.35
27  62  2  12.50
28  62  2  20.53
29  62  2  43.09
30  62  2  12.01
1  63  2  3.18
2  63  2  7.29
3  63  2  4.99
4  63  2  6.50
5  63  2  41.78
6  63  2  12.30
7  63  2  5.87
8  63  2  21.69
9  63  2  32.29
10  63  2  40.35
11  63  2  23.63
12  63  2  9.40
13  63  2  19.32
14  63  2  22.84
15  63  2  4.97
16  63  2  14.04
17  63  2  12.70
18  63  2  10.03
19  63  2  40.75
20  63  2  8.54
21  63  2  41.52
22  63  2  27.86
23  63  2  11.69
24  63  2  7.19
25  63  2  6.19
26  63  2  21.02
27  63  2  11.44
28  63  2  32.76
29  63  2  24.01
30  63  2  28.51
1  64  2  27.09
2  64  2  4.12
3  64  2  29.37
4  64  2  11.58
5  64  2  33.87
6  64  2  24.74
7  64  2  18.82
8  64  2  6.46
9  64  2  20.50
10  64  2  23.67
11  64  2  34.40
12  64  2  26.97
13  64  2  13.34
14  64  2  25.72
15  64  2  26.47
16  64  2  5.96
17  64  2  63.30
18  64  2  52.87
19  64  2  36.95
20  64  2  22.60
21  64  2  13.89
22  64  2  24.40
23  64  2  10.47
24  64  2  9.14
25  64  2  11.61
26  64  2  26.52
27  64  2  16.38
28  64  2  56.55
29  64  2  3.72
30  64  2  7.89
1  65  2  18.47
2  65  2  24.51
3  65  2  34.73
4  65  2  19.13
5  65  2  32.20
6  65  2  12.07
7  65  2  22.32
8  65  2  50.06
9  65  2  16.16
10  65  2  9.91
11  65  2  48.68
12  65  2  49.18
13  65  2  24.17
14  65  2  11.56
15  65  2  28.19
16  65  2  29.43
17  65  2  30.62
18  65  2  26.62
19  65  2  15.17
20  65  2  11.33
21  65  2  4.08
22  65  2  38.69
23  65  2  12.70
24  65  2  17.39
25  65  2  31.97
26  65  2  33.89
27  65  2  28.03
28  65  2  17.13
29  65  2  9.62
30  65  2  39.36
1  66  2  29.12
2  66  2  21.50
3  66  2  55.36
4  66  2  11.23
5  66  2  30.30
6  66  2  12.94
7  66  2  29.69
8  66  2  17.14
9  66  2  13.67
10  66  2  16.69
11  66  2  8.30
12  66  2  16.99
13  66  2  28.58
14  66  2  8.73
15  66  2  24.20
16  66  2  30.40
17  66  2  30.87
18  66  2  23.11
19  66  2  27.37
20  66  2  40.74
21  66  2  19.27
22  66  2  14.35
23  66  2  9.30
24  66  2  4.01
25  66  2  23.04
26  66  2  47.74
27  66  2  32.66
28  66  2  32.81
29  66  2  6.17
30  66  2  8.48
1  67  2  21.67
2  67  2  57.23
3  67  2  50.75
4  67  2  5.10
5  67  2  63.84
6  67  2  24.84
7  67  2  30.79
8  67  2  46.63
9  67  2  40.39
10  67  2  29.07
11  67  2  25.29
12  67  2  36.88
13  67  2  16.11
14  67  2  28.60
15  67  2  3.76
16  67  2  7.47
17  67  2  21.00
18  67  2  14.12
19  67  2  36.98
20  67  2  12.78
21  67  2  48.12
22  67  2  32.36
23  67  2  12.47
24  67  2  10.00
25  67  2  52.74
26  67  2  17.70
27  67  2  6.03
28  67  2  16.03
29  67  2  10.48
30  67  2  19.56
1  68  2  60.58
2  68  2  34.03
3  68  2  40.88
4  68  2  12.95
5  68  2  26.58
6  68  2  17.98
7  68  2  32.70
8  68  2  30.21
9  68  2  9.45
10  68  2  20.74
11  68  2  32.96
12  68  2  49.51
13  68  2  19.58
14  68  2  47.22
15  68  2  13.39
16  68  2  42.64
17  68  2  30.65
18  68  2  14.33
19  68  2  8.01
20  68  2  48.99
21  68  2  24.35
22  68  2  9.47
23  68  2  60.47
24  68  2  41.94
25  68  2  43.79
26  68  2  58.12
27  68  2  10.15
28  68  2  60.70
29  68  2  24.10
30  68  2  13.87
1  69  2  24.73
2  69  2  41.01
3  69  2  16.92
4  69  2  56.39
5  69  2  34.40
6  69  2  8.99
7  69  2  41.92
8  69  2  34.89
9  69  2  44.30
10  69  2  29.76
11  69  2  35.73
12  69  2  30.11
13  69  2  9.99
14  69  2  27.83
15  69  2  31.77
16  69  2  10.57
17  69  2  7.65
18  69  2  8.48
19  69  2  10.12
20  69  2  5.37
21  69  2  10.15
22  69  2  8.63
23  69  2  68.03
24  69  2  17.05
25  69  2  16.90
26  69  2  54.91
27  69  2  28.21
28  69  2  43.93
29  69  2  15.70
30  69  2  54.69
1  70  2  32.17
2  70  2  47.48
3  70  2  7.67
4  70  2  35.86
5  70  2  35.81
6  70  2  36.93
7  70  2  25.01
8  70  2  18.10
9  70  2  30.10
10  70  2  36.30
11  70  2  17.92
12  70  2  20.51
13  70  2  17.31
14  70  2  11.84
15  70  2  44.71
16  70  2  8.83
17  70  2  7.03
18  70  2  22.22
19  70  2  23.30
20  70  2  9.92
21  70  2  30.15
22  70  2  21.80
23  70  2  38.22
24  70  2  36.23
25  70  2  43.49
26  70  2  9.05
27  70  2  59.18
28  70  2  8.09
29  70  2  8.25
30  70  2  19.72
1  71  2  52.87
2  71  2  13.39
3  71  2  40.84
4  71  2  8.65
5  71  2  28.92
6  71  2  16.69
7  71  2  24.13
8  71  2  8.24
9  71  2  22.65
10  71  2  30.69
11  71  2  43.27
12  71  2  42.50
13  71  2  17.30
14  71  2  27.02
15  71  2  27.83
16  71  2  32.48
17  71  2  45.06
18  71  2  18.47
19  71  2  22.48
20  71  2  21.04
21  71  2  18.36
22  71  2  4.85
23  71  2  16.40
24  71  2  4.47
25  71  2  44.12
26  71  2  12.90
27  71  2  7.30
28  71  2  33.39
29  71  2  38.26
30  71  2  64.04
1  72  2  26.49
2  72  2  2.59
3  72  2  23.61
4  72  2  20.27
5  72  2  47.96
6  72  2  16.04
7  72  2  19.34
8  72  2  22.19
9  72  2  20.40
10  72  2  28.73
11  72  2  12.83
12  72  2  8.38
13  72  2  21.21
14  72  2  3.88
15  72  2  35.11
16  72  2  49.31
17  72  2  49.76
18  72  2  29.44
19  72  2  31.58
20  72  2  21.51
21  72  2  9.05
22  72  2  17.81
23  72  2  26.67
24  72  2  10.20
25  72  2  17.00
26  72  2  34.16
27  72  2  47.09
28  72  2  20.62
29  72  2  56.29
30  72  2  28.99
1  73  2  53.69
2  73  2  52.50
3  73  2  20.81
4  73  2  30.74
5  73  2  33.99
6  73  2  7.11
7  73  2  11.68
8  73  2  12.99
9  73  2  11.24
10  73  2  14.19
11  73  2  29.09
12  73  2  13.86
13  73  2  5.22
14  73  2  40.95
15  73  2  16.99
16  73  2  21.50
17  73  2  32.61
18  73  2  16.26
19  73  2  52.75
20  73  2  16.54
21  73  2  33.53
22  73  2  25.41
23  73  2  10.03
24  73  2  10.30
25  73  2  41.41
26  73  2  16.33
27  73  2  57.42
28  73  2  11.01
29  73  2  22.28
30  73  2  55.88
1  74  2  51.43
2  74  2  19.07
3  74  2  5.96
4  74  2  9.46
5  74  2  28.04
6  74  2  34.61
7  74  2  45.09
8  74  2  42.75
9  74  2  23.56
10  74  2  23.12
11  74  2  29.19
12  74  2  30.65
13  74  2  31.64
14  74  2  12.77
15  74  2  7.68
16  74  2  8.77
17  74  2  20.72
18  74  2  21.65
19  74  2  52.56
20  74  2  59.71
21  74  2  27.15
22  74  2  7.44
23  74  2  21.47
24  74  2  56.26
25  74  2  27.05
26  74  2  42.35
27  74  2  30.77
28  74  2  6.16
29  74  2  28.93
30  74  2  4.88
1  75  2  28.38
2  75  2  30.97
3  75  2  20.20
4  75  2  26.07
5  75  2  35.25
6  75  2  49.94
7  75  2  49.32
8  75  2  23.06
9  75  2  15.65
10  75  2  22.98
11  75  2  31.29
12  75  2  11.61
13  75  2  60.04
14  75  2  11.02
15  75  2  16.45
16  75  2  11.15
17  75  2  5.44
18  75  2  10.15
19  75  2  16.61
20  75  2  18.31
21  75  2  53.64
22  75  2  4.23
23  75  2  54.24
24  75  2  36.57
25  75  2  27.24
26  75  2  9.29
27  75  2  44.28
28  75  2  15.99
29  75  2  33.07
30  75  2  25.28
1  76  2  17.21
2  76  2  36.78
3  76  2  27.65
4  76  2  21.25
5  76  2  26.75
6  76  2  24.90
7  76  2  17.65
8  76  2  7.08
9  76  2  57.72
10  76  2  32.81
11  76  2  5.68
12  76  2  22.98
13  76  2  4.05
14  76  2  13.26
15  76  2  22.57
16  76  2  44.05
17  76  2  19.24
18  76  2  9.35
19  76  2  11.17
20  76  2  16.14
21  76  2  5.68
22  76  2  9.73
23  76  2  7.60
24  76  2  7.80
25  76  2  43.84
26  76  2  24.19
27  76  2  51.84
28  76  2  38.61
29  76  2  37.21
30  76  2  25.81
1  77  2  15.33
2  77  2  14.23
3  77  2  10.77
4  77  2  6.79
5  77  2  19.23
6  77  2  11.70
7  77  2  55.75
8  77  2  24.35
9  77  2  11.02
10  77  2  50.01
11  77  2  13.44
12  77  2  25.65
13  77  2  11.55
14  77  2  27.23
15  77  2  20.52
16  77  2  49.10
17  77  2  23.44
18  77  2  33.74
19  77  2  7.09
20  77  2  18.29
21  77  2  24.10
22  77  2  36.53
23  77  2  2.31
24  77  2  11.77
25  77  2  23.42
26  77  2  29.80
27  77  2  28.38
28  77  2  5.93
29  77  2  25.12
30  77  2  31.77
1  78  2  48.78
2  78  2  47.65
3  78  2  18.85
4  78  2  38.39
5  78  2  61.19
6  78  2  33.21
7  78  2  22.09
8  78  2  17.33
9  78  2  16.49
10  78  2  3.60
11  78  2  19.58
12  78  2  21.73
13  78  2  35.97
14  78  2  30.92
15  78  2  19.56
16  78  2  55.29
17  78  2  5.36
18  78  2  5.85
19  78  2  8.31
20  78  2  35.22
21  78  2  20.28
22  78  2  13.41
23  78  2  15.82
24  78  2  5.81
25  78  2  24.43
26  78  2  3.97
27  78  2  18.80
28  78  2  24.77
29  78  2  3.63
30  78  2  23.92
1  79  2  41.33
2  79  2  6.74
3  79  2  4.10
4  79  2  14.33
5  79  2  22.70
6  79  2  68.56
7  79  2  35.20
8  79  2  39.60
9  79  2  9.72
10  79  2  66.84
11  79  2  25.04
12  79  2  51.64
13  79  2  20.25
14  79  2  15.57
15  79  2  8.61
16  79  2  15.95
17  79  2  57.62
18  79  2  9.46
19  79  2  16.20
20  79  2  17.44
21  79  2  16.04
22  79  2  6.42
23  79  2  4.44
24  79  2  57.04
25  79  2  18.95
26  79  2  35.35
27  79  2  36.19
28  79  2  23.07
29  79  2  42.11
30  79  2  10.30
1  80  2  20.04
2  80  2  32.68
3  80  2  7.67
4  80  2  13.99
5  80  2  2.31
6  80  2  27.95
7  80  2  7.30
8  80  2  39.81
9  80  2  6.88
10  80  2  53.99
11  80  2  15.50
12  80  2  25.97
13  80  2  39.69
14  80  2  11.05
15  80  2  33.22
16  80  2  26.95
17  80  2  33.34
18  80  2  12.69
19  80  2  20.99
20  80  2  60.99
21  80  2  22.58
22  80  2  14.74
23  80  2  19.36
24  80  2  22.84
25  80  2  41.82
26  80  2  52.10
27  80  2  13.64
28  80  2  7.87
29  80  2  7.53
30  80  2  36.57
1  81  2  20.90
2  81  2  29.77
3  81  2  17.94
4  81  2  19.26
5  81  2  2.58
6  81  2  7.16
7  81  2  22.85
8  81  2  43.51
9  81  2  32.52
10  81  2  21.93
11  81  2  24.62
12  81  2  5.99
13  81  2  21.18
14  81  2  23.07
15  81  2  38.84
16  81  2  8.33
17  81  2  23.39
18  81  2  21.79
19  81  2  8.36
20  81  2  32.39
21  81  2  18.31
22  81  2  13.27
23  81  2  50.09
24  81  2  9.22
25  81  2  19.86
26  81  2  47.56
27  81  2  38.78
28  81  2  24.28
29  81  2  14.22
30  81  2  9.22
1  82  2  22.96
2  82  2  6.52
3  82  2  23.87
4  82  2  25.29
5  82  2  33.09
6  82  2  21.28
7  82  2  20.04
8  82  2  45.98
9  82  2  22.35
10  82  2  36.15
11  82  2  13.06
12  82  2  37.86
13  82  2  48.15
14  82  2  21.62
15  82  2  8.24
16  82  2  13.41
17  82  2  20.05
18  82  2  10.37
19  82  2  12.21
20  82  2  20.26
21  82  2  24.14
22  82  2  66.76
23  82  2  45.63
24  82  2  23.33
25  82  2  42.72
26  82  2  40.36
27  82  2  11.63
28  82  2  15.31
29  82  2  60.87
30  82  2  51.43
1  83  2  13.64
2  83  2  32.03
3  83  2  52.04
4  83  2  10.36
5  83  2  21.38
6  83  2  56.34
7  83  2  14.75
8  83  2  13.79
9  83  2  42.27
10  83  2  17.71
11  83  2  4.76
12  83  2  23.18
13  83  2  36.30
14  83  2  3.71
15  83  2  16.43
16  83  2  5.42
17  83  2  8.30
18  83  2  9.45
19  83  2  60.36
20  83  2  30.24
21  83  2  19.02
22  83  2  41.19
23  83  2  25.59
24  83  2  11.33
25  83  2  35.27
26  83  2  44.38
27  83  2  44.57
28  83  2  21.02
29  83  2  40.19
30  83  2  9.67
1  84  2  37.11
2  84  2  15.11
3  84  2  30.75
4  84  2  40.71
5  84  2  15.05
6  84  2  20.14
7  84  2  22.11
8  84  2  11.61
9  84  2  4.65
10  84  2  13.15
11  84  2  11.72
12  84  2  9.74
13  84  2  16.95
14  84  2  26.87
15  84  2  6.23
16  84  2  19.41
17  84  2  27.09
18  84  2  22.13
19  84  2  13.21
20  84  2  25.50
21  84  2  22.59
22  84  2  9.53
23  84  2  52.59
24  84  2  19.06
25  84  2  54.51
26  84  2  25.54
27  84  2  27.01
28  84  2  38.40
29  84  2  3.71
30  84  2  21.01
1  85  2  2.98
2  85  2  10.29
3  85  2  38.84
4  85  2  28.87
5  85  2  39.80
6  85  2  33.64
7  85  2  32.32
8  85  2  19.01
9  85  2  7.66
10  85  2  5.27
11  85  2  11.08
12  85  2  33.11
13  85  2  16.09
14  85  2  38.71
15  85  2  14.06
16  85  2  40.28
17  85  2  23.57
18  85  2  50.13
19  85  2  31.12
20  85  2  9.78
21  85  2  46.42
22  85  2  35.51
23  85  2  33.72
24  85  2  35.19
25  85  2  35.35
26  85  2  67.29
27  85  2  12.20
28  85  2  50.30
29  85  2  14.30
30  85  2  40.47
1  86  2  64.27
2  86  2  17.49
3  86  2  11.30
4  86  2  5.73
5  86  2  12.71
6  86  2  8.82
7  86  2  20.47
8  86  2  14.62
9  86  2  16.84
10  86  2  6.27
11  86  2  24.78
12  86  2  20.60
13  86  2  5.61
14  86  2  17.39
15  86  2  11.99
16  86  2  58.43
17  86  2  46.18
18  86  2  31.96
19  86  2  69.58
20  86  2  39.37
21  86  2  38.87
22  86  2  23.90
23  86  2  12.40
24  86  2  24.77
25  86  2  13.81
26  86  2  16.33
27  86  2  46.95
28  86  2  12.56
29  86  2  19.36
30  86  2  38.57
1  87  2  16.50
2  87  2  11.52
3  87  2  16.30
4  87  2  15.93
5  87  2  28.65
6  87  2  14.52
7  87  2  14.80
8  87  2  38.02
9  87  2  45.82
10  87  2  8.44
11  87  2  29.48
12  87  2  19.40
13  87  2  32.76
14  87  2  15.13
15  87  2  55.09
16  87  2  7.95
17  87  2  37.80
18  87  2  49.41
19  87  2  42.76
20  87  2  6.20
21  87  2  49.57
22  87  2  39.09
23  87  2  17.73
24  87  2  29.98
25  87  2  24.92
26  87  2  3.20
27  87  2  31.10
28  87  2  25.23
29  87  2  12.46
30  87  2  12.10
1  88  2  8.31
2  88  2  19.85
3  88  2  7.73
4  88  2  23.55
5  88  2  10.58
6  88  2  15.17
7  88  2  15.64
8  88  2  9.09
9  88  2  20.03
10  88  2  34.08
11  88  2  31.45
12  88  2  32.11
13  88  2  57.68
14  88  2  18.20
15  88  2  17.62
16  88  2  13.84
17  88  2  12.62
18  88  2  44.24
19  88  2  50.08
20  88  2  46.62
21  88  2  12.02
22  88  2  11.68
23  88  2  11.29
24  88  2  7.31
25  88  2  22.06
26  88  2  18.44
27  88  2  19.42
28  88  2  17.10
29  88  2  15.20
30  88  2  19.28
1  89  2  6.74
2  89  2  18.14
3  89  2  30.33
4  89  2  28.00
5  89  2  41.26
6  89  2  21.78
7  89  2  5.74
8  89  2  13.14
9  89  2  27.83
10  89  2  16.87
11  89  2  52.43
12  89  2  40.95
13  89  2  14.25
14  89  2  7.85
15  89  2  19.84
16  89  2  19.36
17  89  2  48.34
18  89  2  12.79
19  89  2  3.91
20  89  2  28.03
21  89  2  32.87
22  89  2  59.28
23  89  2  32.17
24  89  2  51.07
25  89  2  6.23
26  89  2  30.97
27  89  2  6.98
28  89  2  17.80
29  89  2  50.10
30  89  2  53.72
1  90  2  8.12
2  90  2  15.12
3  90  2  59.34
4  90  2  28.24
5  90  2  19.73
6  90  2  3.64
7  90  2  40.12
8  90  2  30.29
9  90  2  51.53
10  90  2  12.63
11  90  2  38.48
12  90  2  40.49
13  90  2  6.69
14  90  2  14.36
15  90  2  19.03
16  90  2  37.82
17  90  2  8.42
18  90  2  22.77
19  90  2  61.30
20  90  2  17.22
21  90  2  18.24
22  90  2  42.60
23  90  2  16.26
24  90  2  20.20
25  90  2  25.56
26  90  2  17.35
27  90  2  19.63
28  90  2  15.58
29  90  2  50.42
30  90  2  8.18
1  91  2  25.60
2  91  2  21.24
3  91  2  31.29
4  91  2  14.17
5  91  2  17.76
6  91  2  17.74
7  91  2  28.71
8  91  2  3.43
9  91  2  27.18
10  91  2  17.55
11  91  2  14.20
12  91  2  7.94
13  91  2  31.66
14  91  2  25.26
15  91  2  17.10
16  91  2  7.56
17  91  2  15.54
18  91  2  7.20
19  91  2  10.01
20  91  2  11.64
21  91  2  11.24
22  91  2  15.04
23  91  2  9.84
24  91  2  24.73
25  91  2  66.77
26  91  2  29.49
27  91  2  11.36
28  91  2  8.60
29  91  2  9.00
30  91  2  28.10
1  92  2  44.56
2  92  2  20.90
3  92  2  21.00
4  92  2  23.16
5  92  2  18.17
6  92  2  59.81
7  92  2  28.49
8  92  2  48.83
9  92  2  19.34
10  92  2  9.92
11  92  2  24.60
12  92  2  40.66
13  92  2  19.02
14  92  2  19.21
15  92  2  23.02
16  92  2  9.57
17  92  2  7.01
18  92  2  34.95
19  92  2  2.71
20  92  2  33.39
21  92  2  10.77
22  92  2  42.98
23  92  2  18.02
24  92  2  56.51
25  92  2  8.02
26  92  2  42.96
27  92  2  39.89
28  92  2  34.60
29  92  2  4.24
30  92  2  6.02
1  93  2  25.95
2  93  2  25.16
3  93  2  25.79
4  93  2  51.04
5  93  2  6.18
6  93  2  11.11
7  93  2  3.74
8  93  2  33.69
9  93  2  27.35
10  93  2  43.34
11  93  2  38.86
12  93  2  12.43
13  93  2  6.07
14  93  2  9.22
15  93  2  4.51
16  93  2  19.32
17  93  2  18.65
18  93  2  45.60
19  93  2  59.65
20  93  2  18.33
21  93  2  43.92
22  93  2  12.06
23  93  2  7.22
24  93  2  8.03
25  93  2  13.72
26  93  2  28.06
27  93  2  9.63
28  93  2  6.39
29  93  2  48.28
30  93  2  13.41
1  94  2  13.15
2  94  2  58.73
3  94  2  21.33
4  94  2  64.43
5  94  2  19.98
6  94  2  12.99
7  94  2  21.73
8  94  2  18.84
9  94  2  5.50
10  94  2  6.20
11  94  2  36.26
12  94  2  33.79
13  94  2  48.82
14  94  2  25.79
15  94  2  31.77
16  94  2  30.36
17  94  2  55.40
18  94  2  8.62
19  94  2  30.94
20  94  2  62.36
21  94  2  10.43
22  94  2  3.48
23  94  2  58.65
24  94  2  20.54
25  94  2  38.85
26  94  2  51.18
27  94  2  20.81
28  94  2  25.09
29  94  2  58.85
30  94  2  20.11
1  95  2  15.23
2  95  2  33.52
3  95  2  23.19
4  95  2  25.22
5  95  2  18.37
6  95  2  20.38
7  95  2  56.36
8  95  2  10.55
9  95  2  5.96
10  95  2  18.55
11  95  2  35.06
12  95  2  18.65
13  95  2  7.23
14  95  2  13.42
15  95  2  51.20
16  95  2  29.44
17  95  2  30.80
18  95  2  45.13
19  95  2  25.58
20  95  2  20.50
21  95  2  23.96
22  95  2  36.81
23  95  2  15.34
24  95  2  26.99
25  95  2  27.99
26  95  2  65.54
27  95  2  10.35
28  95  2  40.73
29  95  2  22.91
30  95  2  12.86
1  96  2  20.27
2  96  2  15.73
3  96  2  20.71
4  96  2  44.09
5  96  2  46.45
6  96  2  34.93
7  96  2  7.65
8  96  2  15.87
9  96  2  41.31
10  96  2  7.35
11  96  2  11.66
12  96  2  7.83
13  96  2  47.85
14  96  2  41.54
15  96  2  55.08
16  96  2  11.54
17  96  2  37.28
18  96  2  4.63
19  96  2  14.94
20  96  2  43.18
21  96  2  28.93
22  96  2  21.71
23  96  2  11.92
24  96  2  9.36
25  96  2  23.40
26  96  2  13.82
27  96  2  26.34
28  96  2  42.47
29  96  2  9.79
30  96  2  12.69
1  97  2  23.81
2  97  2  6.93
3  97  2  43.04
4  97  2  33.70
5  97  2  57.43
6  97  2  43.41
7  97  2  28.08
8  97  2  28.63
9  97  2  20.83
10  97  2  3.08
11  97  2  18.37
12  97  2  15.37
13  97  2  45.90
14  97  2  62.08
15  97  2  6.50
16  97  2  23.76
17  97  2  22.17
18  97  2  10.72
19  97  2  63.75
20  97  2  8.83
21  97  2  51.52
22  97  2  36.90
23  97  2  19.89
24  97  2  29.65
25  97  2  66.12
26  97  2  12.81
27  97  2  3.76
28  97  2  49.58
29  97  2  48.60
30  97  2  51.44
1  98  2  29.37
2  98  2  4.05
3  98  2  8.00
4  98  2  17.58
5  98  2  59.21
6  98  2  43.99
7  98  2  67.60
8  98  2  20.93
9  98  2  37.34
10  98  2  35.45
11  98  2  18.78
12  98  2  13.10
13  98  2  20.01
14  98  2  20.73
15  98  2  9.24
16  98  2  7.65
17  98  2  64.07
18  98  2  21.04
19  98  2  63.85
20  98  2  33.69
21  98  2  5.57
22  98  2  23.84
23  98  2  12.95
24  98  2  25.79
25  98  2  39.56
26  98  2  8.28
27  98  2  12.07
28  98  2  14.38
29  98  2  15.04
30  98  2  43.77
1  99  2  18.52
2  99  2  11.14
3  99  2  8.25
4  99  2  10.99
5  99  2  22.38
6  99  2  12.63
7  99  2  23.25
8  99  2  13.33
9  99  2  54.66
10  99  2  9.17
11  99  2  10.79
12  99  2  22.86
13  99  2  7.70
14  99  2  17.82
15  99  2  20.76
16  99  2  37.57
17  99  2  47.09
18  99  2  8.73
19  99  2  22.04
20  99  2  33.27
21  99  2  44.14
22  99  2  31.55
23  99  2  35.43
24  99  2  53.25
25  99  2  42.25
26  99  2  21.06
27  99  2  32.35
28  99  2  36.71
29  99  2  33.79
30  99  2  9.81
1  100  2  17.58
2  100  2  54.41
3  100  2  4.05
4  100  2  16.86
5  100  2  30.87
6  100  2  34.07
7  100  2  16.81
8  100  2  22.50
9  100  2  59.24
10  100  2  7.63
11  100  2  61.19
12  100  2  41.29
13  100  2  25.33
14  100  2  40.07
15  100  2  50.68
16  100  2  21.51
17  100  2  43.18
18  100  2  57.94
19  100  2  28.17
20  100  2  20.31
21  100  2  40.79
22  100  2  17.20
23  100  2  14.67
24  100  2  30.91
25  100  2  15.42
26  100  2  25.79
27  100  2  25.53
28  100  2  43.61
29  100  2  18.34
30  100  2  41.69
;

