param com_measure1 := 0.61593;

param com_measure2 := 0.96668;

param kappa_max := 421.1848;

param U_tau := 650.597;

param nT := 2;

param nS := 150;

param nL := 10;

param B := 254.78;

param w :=
1  3
2  2
3  3
4  1
5  1
6  3
7  2
8  2
9  3
10  1
;

param h :=
1  1  0
1  2  0
1  3  0
1  4  0
1  5  0
1  6  0
1  7  0
1  8  0
1  9  0
1  10  0
2  1  52.12
2  2  51.06
2  3  55.08
2  4  48.62
2  5  50.55
2  6  50.47
2  7  50.71
2  8  50.17
2  9  48.46
2  10  52.33
;

param xi :=
1  1  1  13
2  1  1  61
3  1  1  13
4  1  1  40
5  1  1  53
6  1  1  28
7  1  1  42
8  1  1  41
9  1  1  16
10  1  1  12
1  2  1  62
2  2  1  20
3  2  1  62
4  2  1  61
5  2  1  34
6  2  1  66
7  2  1  75
8  2  1  13
9  2  1  75
10  2  1  54
1  3  1  51
2  3  1  89
3  3  1  76
4  3  1  90
5  3  1  79
6  3  1  63
7  3  1  74
8  3  1  44
9  3  1  18
10  3  1  42
1  4  1  37
2  4  1  59
3  4  1  86
4  4  1  35
5  4  1  14
6  4  1  31
7  4  1  55
8  4  1  74
9  4  1  35
10  4  1  53
1  5  1  25
2  5  1  74
3  5  1  72
4  5  1  17
5  5  1  16
6  5  1  79
7  5  1  12
8  5  1  80
9  5  1  17
10  5  1  20
1  6  1  16
2  6  1  24
3  6  1  21
4  6  1  82
5  6  1  80
6  6  1  30
7  6  1  82
8  6  1  41
9  6  1  56
10  6  1  68
1  7  1  14
2  7  1  18
3  7  1  55
4  7  1  68
5  7  1  36
6  7  1  32
7  7  1  66
8  7  1  79
9  7  1  70
10  7  1  82
1  8  1  78
2  8  1  32
3  8  1  34
4  8  1  28
5  8  1  39
6  8  1  32
7  8  1  36
8  8  1  23
9  8  1  72
10  8  1  53
1  9  1  33
2  9  1  44
3  9  1  60
4  9  1  23
5  9  1  80
6  9  1  10
7  9  1  87
8  9  1  77
9  9  1  28
10  9  1  59
1  10  1  48
2  10  1  65
3  10  1  14
4  10  1  88
5  10  1  38
6  10  1  45
7  10  1  70
8  10  1  57
9  10  1  62
10  10  1  76
1  11  1  13
2  11  1  73
3  11  1  74
4  11  1  66
5  11  1  41
6  11  1  32
7  11  1  72
8  11  1  29
9  11  1  37
10  11  1  82
1  12  1  31
2  12  1  14
3  12  1  45
4  12  1  13
5  12  1  56
6  12  1  45
7  12  1  35
8  12  1  66
9  12  1  41
10  12  1  25
1  13  1  68
2  13  1  69
3  13  1  41
4  13  1  46
5  13  1  84
6  13  1  89
7  13  1  82
8  13  1  38
9  13  1  67
10  13  1  41
1  14  1  14
2  14  1  46
3  14  1  15
4  14  1  24
5  14  1  84
6  14  1  13
7  14  1  69
8  14  1  14
9  14  1  62
10  14  1  70
1  15  1  74
2  15  1  75
3  15  1  68
4  15  1  86
5  15  1  55
6  15  1  79
7  15  1  15
8  15  1  52
9  15  1  43
10  15  1  90
1  16  1  80
2  16  1  81
3  16  1  90
4  16  1  55
5  16  1  80
6  16  1  10
7  16  1  48
8  16  1  61
9  16  1  57
10  16  1  28
1  17  1  64
2  17  1  56
3  17  1  71
4  17  1  56
5  17  1  24
6  17  1  60
7  17  1  47
8  17  1  40
9  17  1  29
10  17  1  35
1  18  1  77
2  18  1  87
3  18  1  12
4  18  1  55
5  18  1  58
6  18  1  69
7  18  1  14
8  18  1  78
9  18  1  65
10  18  1  15
1  19  1  16
2  19  1  12
3  19  1  77
4  19  1  62
5  19  1  50
6  19  1  62
7  19  1  19
8  19  1  90
9  19  1  84
10  19  1  67
1  20  1  48
2  20  1  34
3  20  1  90
4  20  1  42
5  20  1  50
6  20  1  89
7  20  1  10
8  20  1  84
9  20  1  31
10  20  1  81
1  21  1  21
2  21  1  30
3  21  1  87
4  21  1  29
5  21  1  39
6  21  1  21
7  21  1  55
8  21  1  15
9  21  1  89
10  21  1  45
1  22  1  56
2  22  1  31
3  22  1  50
4  22  1  78
5  22  1  24
6  22  1  83
7  22  1  35
8  22  1  84
9  22  1  81
10  22  1  88
1  23  1  54
2  23  1  53
3  23  1  23
4  23  1  89
5  23  1  10
6  23  1  43
7  23  1  40
8  23  1  72
9  23  1  24
10  23  1  43
1  24  1  42
2  24  1  18
3  24  1  90
4  24  1  11
5  24  1  17
6  24  1  20
7  24  1  14
8  24  1  46
9  24  1  77
10  24  1  88
1  25  1  20
2  25  1  59
3  25  1  30
4  25  1  46
5  25  1  40
6  25  1  65
7  25  1  34
8  25  1  38
9  25  1  43
10  25  1  65
1  26  1  78
2  26  1  63
3  26  1  72
4  26  1  38
5  26  1  43
6  26  1  35
7  26  1  21
8  26  1  28
9  26  1  45
10  26  1  79
1  27  1  64
2  27  1  44
3  27  1  63
4  27  1  44
5  27  1  54
6  27  1  69
7  27  1  67
8  27  1  47
9  27  1  41
10  27  1  41
1  28  1  50
2  28  1  19
3  28  1  56
4  28  1  28
5  28  1  80
6  28  1  79
7  28  1  22
8  28  1  30
9  28  1  54
10  28  1  90
1  29  1  71
2  29  1  88
3  29  1  82
4  29  1  76
5  29  1  39
6  29  1  88
7  29  1  56
8  29  1  60
9  29  1  45
10  29  1  37
1  30  1  30
2  30  1  62
3  30  1  75
4  30  1  47
5  30  1  87
6  30  1  83
7  30  1  56
8  30  1  84
9  30  1  68
10  30  1  30
1  31  1  81
2  31  1  54
3  31  1  58
4  31  1  51
5  31  1  81
6  31  1  22
7  31  1  60
8  31  1  76
9  31  1  16
10  31  1  61
1  32  1  27
2  32  1  64
3  32  1  46
4  32  1  23
5  32  1  63
6  32  1  42
7  32  1  86
8  32  1  54
9  32  1  50
10  32  1  44
1  33  1  81
2  33  1  51
3  33  1  10
4  33  1  61
5  33  1  22
6  33  1  39
7  33  1  53
8  33  1  47
9  33  1  48
10  33  1  43
1  34  1  23
2  34  1  63
3  34  1  15
4  34  1  56
5  34  1  64
6  34  1  16
7  34  1  21
8  34  1  73
9  34  1  89
10  34  1  70
1  35  1  24
2  35  1  73
3  35  1  27
4  35  1  68
5  35  1  58
6  35  1  17
7  35  1  39
8  35  1  33
9  35  1  86
10  35  1  75
1  36  1  55
2  36  1  14
3  36  1  60
4  36  1  24
5  36  1  26
6  36  1  70
7  36  1  67
8  36  1  57
9  36  1  21
10  36  1  30
1  37  1  28
2  37  1  20
3  37  1  22
4  37  1  86
5  37  1  11
6  37  1  49
7  37  1  14
8  37  1  66
9  37  1  24
10  37  1  69
1  38  1  15
2  38  1  82
3  38  1  79
4  38  1  30
5  38  1  49
6  38  1  85
7  38  1  74
8  38  1  25
9  38  1  30
10  38  1  14
1  39  1  31
2  39  1  53
3  39  1  20
4  39  1  74
5  39  1  39
6  39  1  53
7  39  1  75
8  39  1  44
9  39  1  62
10  39  1  81
1  40  1  39
2  40  1  18
3  40  1  55
4  40  1  26
5  40  1  57
6  40  1  56
7  40  1  22
8  40  1  81
9  40  1  58
10  40  1  86
1  41  1  12
2  41  1  63
3  41  1  17
4  41  1  28
5  41  1  21
6  41  1  22
7  41  1  27
8  41  1  51
9  41  1  61
10  41  1  44
1  42  1  57
2  42  1  24
3  42  1  70
4  42  1  34
5  42  1  71
6  42  1  72
7  42  1  77
8  42  1  56
9  42  1  29
10  42  1  80
1  43  1  35
2  43  1  83
3  43  1  70
4  43  1  86
5  43  1  17
6  43  1  54
7  43  1  41
8  43  1  45
9  43  1  12
10  43  1  15
1  44  1  71
2  44  1  31
3  44  1  77
4  44  1  60
5  44  1  37
6  44  1  73
7  44  1  18
8  44  1  37
9  44  1  29
10  44  1  74
1  45  1  68
2  45  1  51
3  45  1  82
4  45  1  32
5  45  1  68
6  45  1  71
7  45  1  82
8  45  1  88
9  45  1  64
10  45  1  65
1  46  1  29
2  46  1  79
3  46  1  22
4  46  1  15
5  46  1  70
6  46  1  72
7  46  1  88
8  46  1  58
9  46  1  83
10  46  1  76
1  47  1  15
2  47  1  36
3  47  1  87
4  47  1  56
5  47  1  71
6  47  1  26
7  47  1  55
8  47  1  72
9  47  1  78
10  47  1  58
1  48  1  70
2  48  1  17
3  48  1  57
4  48  1  71
5  48  1  56
6  48  1  53
7  48  1  34
8  48  1  82
9  48  1  74
10  48  1  41
1  49  1  42
2  49  1  72
3  49  1  37
4  49  1  15
5  49  1  85
6  49  1  21
7  49  1  45
8  49  1  52
9  49  1  20
10  49  1  46
1  50  1  71
2  50  1  83
3  50  1  83
4  50  1  56
5  50  1  62
6  50  1  68
7  50  1  58
8  50  1  34
9  50  1  88
10  50  1  82
1  51  1  61
2  51  1  84
3  51  1  86
4  51  1  25
5  51  1  71
6  51  1  27
7  51  1  90
8  51  1  87
9  51  1  70
10  51  1  57
1  52  1  75
2  52  1  33
3  52  1  48
4  52  1  48
5  52  1  11
6  52  1  74
7  52  1  46
8  52  1  33
9  52  1  13
10  52  1  83
1  53  1  15
2  53  1  77
3  53  1  67
4  53  1  49
5  53  1  36
6  53  1  36
7  53  1  36
8  53  1  53
9  53  1  84
10  53  1  65
1  54  1  26
2  54  1  77
3  54  1  68
4  54  1  54
5  54  1  32
6  54  1  47
7  54  1  71
8  54  1  77
9  54  1  28
10  54  1  69
1  55  1  85
2  55  1  71
3  55  1  63
4  55  1  61
5  55  1  71
6  55  1  58
7  55  1  36
8  55  1  48
9  55  1  25
10  55  1  55
1  56  1  35
2  56  1  84
3  56  1  75
4  56  1  20
5  56  1  71
6  56  1  89
7  56  1  44
8  56  1  21
9  56  1  46
10  56  1  66
1  57  1  32
2  57  1  27
3  57  1  41
4  57  1  38
5  57  1  50
6  57  1  90
7  57  1  13
8  57  1  87
9  57  1  29
10  57  1  56
1  58  1  72
2  58  1  37
3  58  1  29
4  58  1  17
5  58  1  89
6  58  1  16
7  58  1  87
8  58  1  75
9  58  1  42
10  58  1  88
1  59  1  16
2  59  1  80
3  59  1  66
4  59  1  44
5  59  1  70
6  59  1  11
7  59  1  85
8  59  1  64
9  59  1  10
10  59  1  38
1  60  1  23
2  60  1  61
3  60  1  74
4  60  1  81
5  60  1  65
6  60  1  77
7  60  1  68
8  60  1  22
9  60  1  48
10  60  1  39
1  61  1  62
2  61  1  28
3  61  1  38
4  61  1  30
5  61  1  87
6  61  1  28
7  61  1  52
8  61  1  52
9  61  1  89
10  61  1  80
1  62  1  74
2  62  1  38
3  62  1  80
4  62  1  30
5  62  1  23
6  62  1  83
7  62  1  59
8  62  1  27
9  62  1  57
10  62  1  33
1  63  1  46
2  63  1  45
3  63  1  76
4  63  1  47
5  63  1  52
6  63  1  86
7  63  1  81
8  63  1  32
9  63  1  34
10  63  1  21
1  64  1  64
2  64  1  45
3  64  1  80
4  64  1  62
5  64  1  80
6  64  1  73
7  64  1  24
8  64  1  59
9  64  1  44
10  64  1  43
1  65  1  15
2  65  1  79
3  65  1  50
4  65  1  36
5  65  1  87
6  65  1  32
7  65  1  81
8  65  1  68
9  65  1  35
10  65  1  73
1  66  1  76
2  66  1  40
3  66  1  45
4  66  1  34
5  66  1  26
6  66  1  61
7  66  1  89
8  66  1  48
9  66  1  59
10  66  1  19
1  67  1  24
2  67  1  60
3  67  1  56
4  67  1  11
5  67  1  20
6  67  1  34
7  67  1  65
8  67  1  26
9  67  1  69
10  67  1  73
1  68  1  51
2  68  1  54
3  68  1  35
4  68  1  22
5  68  1  87
6  68  1  16
7  68  1  13
8  68  1  12
9  68  1  25
10  68  1  50
1  69  1  27
2  69  1  74
3  69  1  58
4  69  1  78
5  69  1  34
6  69  1  64
7  69  1  35
8  69  1  81
9  69  1  36
10  69  1  45
1  70  1  86
2  70  1  30
3  70  1  15
4  70  1  52
5  70  1  53
6  70  1  70
7  70  1  35
8  70  1  61
9  70  1  46
10  70  1  61
1  71  1  70
2  71  1  45
3  71  1  54
4  71  1  53
5  71  1  72
6  71  1  69
7  71  1  27
8  71  1  77
9  71  1  49
10  71  1  58
1  72  1  16
2  72  1  18
3  72  1  61
4  72  1  41
5  72  1  53
6  72  1  65
7  72  1  49
8  72  1  60
9  72  1  56
10  72  1  24
1  73  1  79
2  73  1  12
3  73  1  87
4  73  1  12
5  73  1  68
6  73  1  39
7  73  1  30
8  73  1  29
9  73  1  48
10  73  1  22
1  74  1  73
2  74  1  33
3  74  1  15
4  74  1  17
5  74  1  80
6  74  1  53
7  74  1  36
8  74  1  12
9  74  1  22
10  74  1  37
1  75  1  89
2  75  1  76
3  75  1  40
4  75  1  67
5  75  1  25
6  75  1  88
7  75  1  88
8  75  1  39
9  75  1  65
10  75  1  11
1  76  1  80
2  76  1  50
3  76  1  62
4  76  1  60
5  76  1  87
6  76  1  62
7  76  1  25
8  76  1  17
9  76  1  33
10  76  1  47
1  77  1  89
2  77  1  13
3  77  1  20
4  77  1  37
5  77  1  33
6  77  1  74
7  77  1  73
8  77  1  28
9  77  1  65
10  77  1  41
1  78  1  38
2  78  1  88
3  78  1  54
4  78  1  67
5  78  1  77
6  78  1  22
7  78  1  17
8  78  1  16
9  78  1  41
10  78  1  29
1  79  1  72
2  79  1  25
3  79  1  42
4  79  1  87
5  79  1  33
6  79  1  46
7  79  1  40
8  79  1  70
9  79  1  87
10  79  1  41
1  80  1  17
2  80  1  64
3  80  1  72
4  80  1  56
5  80  1  49
6  80  1  43
7  80  1  79
8  80  1  10
9  80  1  15
10  80  1  73
1  81  1  64
2  81  1  27
3  81  1  16
4  81  1  66
5  81  1  84
6  81  1  30
7  81  1  74
8  81  1  40
9  81  1  12
10  81  1  81
1  82  1  12
2  82  1  53
3  82  1  10
4  82  1  17
5  82  1  14
6  82  1  63
7  82  1  44
8  82  1  43
9  82  1  17
10  82  1  21
1  83  1  23
2  83  1  87
3  83  1  74
4  83  1  10
5  83  1  78
6  83  1  22
7  83  1  64
8  83  1  35
9  83  1  51
10  83  1  21
1  84  1  81
2  84  1  20
3  84  1  84
4  84  1  66
5  84  1  13
6  84  1  82
7  84  1  52
8  84  1  22
9  84  1  70
10  84  1  31
1  85  1  33
2  85  1  15
3  85  1  45
4  85  1  84
5  85  1  61
6  85  1  47
7  85  1  88
8  85  1  52
9  85  1  69
10  85  1  32
1  86  1  28
2  86  1  16
3  86  1  52
4  86  1  64
5  86  1  73
6  86  1  28
7  86  1  46
8  86  1  37
9  86  1  69
10  86  1  53
1  87  1  50
2  87  1  35
3  87  1  47
4  87  1  23
5  87  1  45
6  87  1  15
7  87  1  73
8  87  1  50
9  87  1  84
10  87  1  83
1  88  1  47
2  88  1  78
3  88  1  15
4  88  1  32
5  88  1  35
6  88  1  56
7  88  1  84
8  88  1  55
9  88  1  36
10  88  1  40
1  89  1  77
2  89  1  19
3  89  1  63
4  89  1  76
5  89  1  23
6  89  1  29
7  89  1  60
8  89  1  58
9  89  1  29
10  89  1  19
1  90  1  27
2  90  1  26
3  90  1  50
4  90  1  54
5  90  1  69
6  90  1  69
7  90  1  85
8  90  1  83
9  90  1  25
10  90  1  73
1  91  1  10
2  91  1  88
3  91  1  48
4  91  1  64
5  91  1  82
6  91  1  90
7  91  1  53
8  91  1  49
9  91  1  31
10  91  1  34
1  92  1  83
2  92  1  87
3  92  1  78
4  92  1  35
5  92  1  80
6  92  1  23
7  92  1  34
8  92  1  10
9  92  1  17
10  92  1  70
1  93  1  34
2  93  1  57
3  93  1  17
4  93  1  60
5  93  1  36
6  93  1  29
7  93  1  66
8  93  1  79
9  93  1  20
10  93  1  36
1  94  1  24
2  94  1  30
3  94  1  22
4  94  1  32
5  94  1  70
6  94  1  85
7  94  1  21
8  94  1  90
9  94  1  15
10  94  1  49
1  95  1  25
2  95  1  54
3  95  1  51
4  95  1  14
5  95  1  12
6  95  1  36
7  95  1  47
8  95  1  14
9  95  1  90
10  95  1  72
1  96  1  10
2  96  1  10
3  96  1  68
4  96  1  53
5  96  1  46
6  96  1  52
7  96  1  55
8  96  1  44
9  96  1  37
10  96  1  32
1  97  1  59
2  97  1  12
3  97  1  11
4  97  1  62
5  97  1  17
6  97  1  24
7  97  1  58
8  97  1  25
9  97  1  56
10  97  1  70
1  98  1  75
2  98  1  69
3  98  1  29
4  98  1  66
5  98  1  41
6  98  1  10
7  98  1  34
8  98  1  48
9  98  1  31
10  98  1  64
1  99  1  88
2  99  1  44
3  99  1  10
4  99  1  68
5  99  1  21
6  99  1  85
7  99  1  17
8  99  1  62
9  99  1  17
10  99  1  52
1  100  1  62
2  100  1  15
3  100  1  84
4  100  1  58
5  100  1  52
6  100  1  60
7  100  1  31
8  100  1  86
9  100  1  48
10  100  1  35
1  101  1  29
2  101  1  41
3  101  1  14
4  101  1  39
5  101  1  56
6  101  1  85
7  101  1  13
8  101  1  86
9  101  1  11
10  101  1  80
1  102  1  65
2  102  1  19
3  102  1  55
4  102  1  12
5  102  1  23
6  102  1  40
7  102  1  22
8  102  1  18
9  102  1  89
10  102  1  56
1  103  1  80
2  103  1  26
3  103  1  84
4  103  1  62
5  103  1  68
6  103  1  72
7  103  1  37
8  103  1  18
9  103  1  53
10  103  1  59
1  104  1  13
2  104  1  79
3  104  1  33
4  104  1  11
5  104  1  90
6  104  1  83
7  104  1  37
8  104  1  62
9  104  1  86
10  104  1  42
1  105  1  47
2  105  1  23
3  105  1  76
4  105  1  38
5  105  1  74
6  105  1  40
7  105  1  28
8  105  1  26
9  105  1  77
10  105  1  63
1  106  1  32
2  106  1  14
3  106  1  29
4  106  1  80
5  106  1  20
6  106  1  42
7  106  1  69
8  106  1  54
9  106  1  51
10  106  1  11
1  107  1  17
2  107  1  65
3  107  1  43
4  107  1  14
5  107  1  75
6  107  1  26
7  107  1  76
8  107  1  28
9  107  1  69
10  107  1  81
1  108  1  59
2  108  1  46
3  108  1  54
4  108  1  59
5  108  1  89
6  108  1  42
7  108  1  26
8  108  1  70
9  108  1  40
10  108  1  81
1  109  1  49
2  109  1  14
3  109  1  38
4  109  1  42
5  109  1  37
6  109  1  58
7  109  1  14
8  109  1  40
9  109  1  25
10  109  1  31
1  110  1  26
2  110  1  39
3  110  1  16
4  110  1  80
5  110  1  24
6  110  1  50
7  110  1  67
8  110  1  62
9  110  1  27
10  110  1  85
1  111  1  72
2  111  1  71
3  111  1  73
4  111  1  26
5  111  1  35
6  111  1  46
7  111  1  62
8  111  1  50
9  111  1  72
10  111  1  62
1  112  1  78
2  112  1  25
3  112  1  71
4  112  1  77
5  112  1  90
6  112  1  75
7  112  1  53
8  112  1  17
9  112  1  69
10  112  1  81
1  113  1  49
2  113  1  47
3  113  1  69
4  113  1  53
5  113  1  16
6  113  1  11
7  113  1  65
8  113  1  13
9  113  1  49
10  113  1  57
1  114  1  66
2  114  1  60
3  114  1  81
4  114  1  22
5  114  1  15
6  114  1  26
7  114  1  23
8  114  1  23
9  114  1  12
10  114  1  50
1  115  1  31
2  115  1  14
3  115  1  16
4  115  1  27
5  115  1  77
6  115  1  87
7  115  1  30
8  115  1  11
9  115  1  90
10  115  1  90
1  116  1  85
2  116  1  45
3  116  1  90
4  116  1  65
5  116  1  56
6  116  1  55
7  116  1  49
8  116  1  37
9  116  1  60
10  116  1  71
1  117  1  38
2  117  1  56
3  117  1  22
4  117  1  60
5  117  1  64
6  117  1  79
7  117  1  49
8  117  1  51
9  117  1  71
10  117  1  19
1  118  1  81
2  118  1  43
3  118  1  21
4  118  1  70
5  118  1  11
6  118  1  51
7  118  1  89
8  118  1  12
9  118  1  10
10  118  1  34
1  119  1  26
2  119  1  33
3  119  1  87
4  119  1  63
5  119  1  86
6  119  1  35
7  119  1  59
8  119  1  22
9  119  1  42
10  119  1  72
1  120  1  32
2  120  1  72
3  120  1  80
4  120  1  23
5  120  1  19
6  120  1  44
7  120  1  22
8  120  1  79
9  120  1  10
10  120  1  64
1  121  1  54
2  121  1  31
3  121  1  53
4  121  1  85
5  121  1  37
6  121  1  35
7  121  1  48
8  121  1  24
9  121  1  42
10  121  1  22
1  122  1  57
2  122  1  26
3  122  1  69
4  122  1  24
5  122  1  18
6  122  1  14
7  122  1  11
8  122  1  23
9  122  1  28
10  122  1  47
1  123  1  12
2  123  1  13
3  123  1  80
4  123  1  85
5  123  1  51
6  123  1  70
7  123  1  20
8  123  1  85
9  123  1  40
10  123  1  82
1  124  1  90
2  124  1  25
3  124  1  75
4  124  1  83
5  124  1  69
6  124  1  77
7  124  1  79
8  124  1  42
9  124  1  59
10  124  1  36
1  125  1  83
2  125  1  37
3  125  1  45
4  125  1  76
5  125  1  29
6  125  1  82
7  125  1  64
8  125  1  40
9  125  1  81
10  125  1  75
1  126  1  19
2  126  1  51
3  126  1  46
4  126  1  86
5  126  1  43
6  126  1  82
7  126  1  39
8  126  1  25
9  126  1  11
10  126  1  36
1  127  1  15
2  127  1  19
3  127  1  86
4  127  1  72
5  127  1  32
6  127  1  56
7  127  1  21
8  127  1  45
9  127  1  67
10  127  1  58
1  128  1  89
2  128  1  85
3  128  1  73
4  128  1  12
5  128  1  20
6  128  1  58
7  128  1  28
8  128  1  85
9  128  1  47
10  128  1  58
1  129  1  30
2  129  1  26
3  129  1  69
4  129  1  47
5  129  1  58
6  129  1  64
7  129  1  89
8  129  1  26
9  129  1  79
10  129  1  63
1  130  1  32
2  130  1  81
3  130  1  57
4  130  1  68
5  130  1  81
6  130  1  44
7  130  1  45
8  130  1  71
9  130  1  24
10  130  1  75
1  131  1  63
2  131  1  35
3  131  1  58
4  131  1  22
5  131  1  69
6  131  1  81
7  131  1  90
8  131  1  61
9  131  1  23
10  131  1  32
1  132  1  68
2  132  1  72
3  132  1  33
4  132  1  45
5  132  1  35
6  132  1  88
7  132  1  51
8  132  1  29
9  132  1  84
10  132  1  53
1  133  1  76
2  133  1  45
3  133  1  25
4  133  1  28
5  133  1  18
6  133  1  78
7  133  1  47
8  133  1  17
9  133  1  82
10  133  1  23
1  134  1  83
2  134  1  69
3  134  1  84
4  134  1  43
5  134  1  11
6  134  1  65
7  134  1  68
8  134  1  60
9  134  1  69
10  134  1  78
1  135  1  86
2  135  1  18
3  135  1  14
4  135  1  56
5  135  1  52
6  135  1  41
7  135  1  33
8  135  1  43
9  135  1  89
10  135  1  22
1  136  1  69
2  136  1  58
3  136  1  12
4  136  1  48
5  136  1  11
6  136  1  41
7  136  1  84
8  136  1  22
9  136  1  18
10  136  1  68
1  137  1  16
2  137  1  26
3  137  1  27
4  137  1  15
5  137  1  68
6  137  1  76
7  137  1  57
8  137  1  59
9  137  1  34
10  137  1  70
1  138  1  54
2  138  1  71
3  138  1  72
4  138  1  49
5  138  1  15
6  138  1  18
7  138  1  76
8  138  1  53
9  138  1  67
10  138  1  20
1  139  1  58
2  139  1  55
3  139  1  83
4  139  1  49
5  139  1  38
6  139  1  54
7  139  1  14
8  139  1  57
9  139  1  65
10  139  1  56
1  140  1  58
2  140  1  54
3  140  1  62
4  140  1  83
5  140  1  25
6  140  1  89
7  140  1  77
8  140  1  86
9  140  1  35
10  140  1  16
1  141  1  81
2  141  1  62
3  141  1  47
4  141  1  45
5  141  1  86
6  141  1  76
7  141  1  60
8  141  1  89
9  141  1  61
10  141  1  14
1  142  1  69
2  142  1  46
3  142  1  55
4  142  1  44
5  142  1  64
6  142  1  77
7  142  1  32
8  142  1  21
9  142  1  56
10  142  1  77
1  143  1  23
2  143  1  13
3  143  1  90
4  143  1  71
5  143  1  28
6  143  1  46
7  143  1  17
8  143  1  42
9  143  1  72
10  143  1  80
1  144  1  14
2  144  1  47
3  144  1  74
4  144  1  39
5  144  1  39
6  144  1  34
7  144  1  80
8  144  1  64
9  144  1  81
10  144  1  57
1  145  1  70
2  145  1  28
3  145  1  84
4  145  1  54
5  145  1  86
6  145  1  34
7  145  1  34
8  145  1  58
9  145  1  29
10  145  1  80
1  146  1  55
2  146  1  39
3  146  1  88
4  146  1  86
5  146  1  71
6  146  1  46
7  146  1  67
8  146  1  60
9  146  1  39
10  146  1  46
1  147  1  85
2  147  1  44
3  147  1  16
4  147  1  12
5  147  1  88
6  147  1  10
7  147  1  72
8  147  1  58
9  147  1  79
10  147  1  90
1  148  1  35
2  148  1  57
3  148  1  42
4  148  1  89
5  148  1  46
6  148  1  25
7  148  1  73
8  148  1  12
9  148  1  18
10  148  1  47
1  149  1  79
2  149  1  25
3  149  1  85
4  149  1  57
5  149  1  58
6  149  1  72
7  149  1  20
8  149  1  50
9  149  1  69
10  149  1  36
1  150  1  35
2  150  1  43
3  150  1  80
4  150  1  55
5  150  1  51
6  150  1  51
7  150  1  23
8  150  1  49
9  150  1  34
10  150  1  82
1  1  2  4.29
2  1  2  32.48
3  1  2  4.96
4  1  2  17.73
5  1  2  27.31
6  1  2  14.41
7  1  2  21.41
8  1  2  14.01
9  1  2  8.90
10  1  2  3.27
1  2  2  38.43
2  2  2  15.52
3  2  2  26.47
4  2  2  38.79
5  2  2  16.95
6  2  2  31.23
7  2  2  46.72
8  2  2  7.53
9  2  2  24.92
10  2  2  40.65
1  3  2  13.05
2  3  2  20.15
3  3  2  27.81
4  3  2  24.28
5  3  2  59.88
6  3  2  17.45
7  3  2  44.24
8  3  2  14.47
9  3  2  8.78
10  3  2  32.41
1  4  2  21.82
2  4  2  22.84
3  4  2  30.67
4  4  2  9.76
5  4  2  10.08
6  4  2  8.92
7  4  2  26.70
8  4  2  22.69
9  4  2  27.01
10  4  2  16.06
1  5  2  12.60
2  5  2  15.75
3  5  2  24.18
4  5  2  10.19
5  5  2  9.20
6  5  2  26.27
7  5  2  6.02
8  5  2  36.91
9  5  2  7.08
10  5  2  9.44
1  6  2  5.85
2  6  2  5.79
3  6  2  14.13
4  6  2  52.34
5  6  2  36.34
6  6  2  20.86
7  6  2  46.34
8  6  2  22.52
9  6  2  17.86
10  6  2  40.86
1  7  2  9.66
2  7  2  9.14
3  7  2  13.61
4  7  2  46.54
5  7  2  12.27
6  7  2  9.90
7  7  2  44.51
8  7  2  51.42
9  7  2  24.45
10  7  2  61.00
1  8  2  41.92
2  8  2  17.63
3  8  2  9.09
4  8  2  14.51
5  8  2  18.08
6  8  2  10.49
7  8  2  11.92
8  8  2  16.37
9  8  2  46.82
10  8  2  36.65
1  9  2  22.08
2  9  2  9.19
3  9  2  45.46
4  9  2  13.08
5  9  2  55.41
6  9  2  7.20
7  9  2  59.61
8  9  2  44.47
9  9  2  12.05
10  9  2  17.99
1  10  2  18.93
2  10  2  18.55
3  10  2  10.83
4  10  2  35.58
5  10  2  24.48
6  10  2  30.85
7  10  2  27.66
8  10  2  38.01
9  10  2  30.67
10  10  2  45.59
1  11  2  9.71
2  11  2  21.60
3  11  2  33.41
4  11  2  40.73
5  11  2  12.82
6  11  2  17.47
7  11  2  32.32
8  11  2  6.83
9  11  2  26.72
10  11  2  23.98
1  12  2  18.99
2  12  2  6.67
3  12  2  15.85
4  12  2  2.71
5  12  2  43.16
6  12  2  11.74
7  12  2  8.14
8  12  2  13.84
9  12  2  32.43
10  12  2  14.75
1  13  2  38.21
2  13  2  21.13
3  13  2  10.45
4  13  2  17.21
5  13  2  22.44
6  13  2  67.80
7  13  2  23.66
8  13  2  26.61
9  13  2  46.83
10  13  2  18.59
1  14  2  6.47
2  14  2  14.87
3  14  2  8.70
4  14  2  15.92
5  14  2  17.26
6  14  2  2.83
7  14  2  47.44
8  14  2  6.75
9  14  2  20.78
10  14  2  50.36
1  15  2  25.14
2  15  2  34.73
3  15  2  30.79
4  15  2  52.94
5  15  2  23.91
6  15  2  23.71
7  15  2  8.27
8  15  2  15.98
9  15  2  9.68
10  15  2  37.60
1  16  2  20.67
2  16  2  55.30
3  16  2  21.69
4  16  2  34.62
5  16  2  45.84
6  16  2  3.92
7  16  2  13.26
8  16  2  18.05
9  16  2  36.39
10  16  2  20.53
1  17  2  39.19
2  17  2  18.71
3  17  2  21.69
4  17  2  41.59
5  17  2  10.97
6  17  2  36.88
7  17  2  29.68
8  17  2  13.47
9  17  2  9.17
10  17  2  11.48
1  18  2  39.34
2  18  2  18.50
3  18  2  9.15
4  18  2  14.44
5  18  2  34.43
6  18  2  21.72
7  18  2  7.97
8  18  2  59.74
9  18  2  33.44
10  18  2  6.12
1  19  2  6.62
2  19  2  4.17
3  19  2  38.14
4  19  2  35.39
5  19  2  30.81
6  19  2  44.44
7  19  2  11.73
8  19  2  58.22
9  19  2  62.09
10  19  2  24.33
1  20  2  34.92
2  20  2  14.69
3  20  2  42.60
4  20  2  24.74
5  20  2  24.91
6  20  2  21.70
7  20  2  4.74
8  20  2  23.82
9  20  2  15.38
10  20  2  24.90
1  21  2  12.67
2  21  2  21.67
3  21  2  51.75
4  21  2  15.27
5  21  2  13.97
6  21  2  15.46
7  21  2  39.88
8  21  2  11.17
9  21  2  30.68
10  21  2  16.01
1  22  2  11.60
2  22  2  20.23
3  22  2  16.22
4  22  2  60.54
5  22  2  18.83
6  22  2  47.14
7  22  2  16.93
8  22  2  31.47
9  22  2  18.52
10  22  2  19.49
1  23  2  25.24
2  23  2  15.32
3  23  2  8.31
4  23  2  50.67
5  23  2  3.82
6  23  2  21.07
7  23  2  21.79
8  23  2  34.39
9  23  2  14.09
10  23  2  23.99
1  24  2  17.50
2  24  2  6.18
3  24  2  22.42
4  24  2  8.63
5  24  2  4.72
6  24  2  4.02
7  24  2  7.71
8  24  2  18.90
9  24  2  23.89
10  24  2  68.92
1  25  2  12.53
2  25  2  23.94
3  25  2  12.96
4  25  2  11.01
5  25  2  21.39
6  25  2  49.77
7  25  2  17.83
8  25  2  10.25
9  25  2  16.14
10  25  2  30.47
1  26  2  46.58
2  26  2  42.15
3  26  2  21.38
4  26  2  12.09
5  26  2  11.72
6  26  2  10.34
7  26  2  15.36
8  26  2  16.00
9  26  2  30.85
10  26  2  57.69
1  27  2  15.94
2  27  2  23.63
3  27  2  32.04
4  27  2  11.58
5  27  2  16.43
6  27  2  39.22
7  27  2  48.69
8  27  2  26.55
9  27  2  29.77
10  27  2  26.59
1  28  2  14.95
2  28  2  8.88
3  28  2  18.22
4  28  2  12.54
5  28  2  47.07
6  28  2  46.02
7  28  2  13.48
8  28  2  11.41
9  28  2  26.21
10  28  2  54.89
1  29  2  44.35
2  29  2  51.84
3  29  2  62.64
4  29  2  26.98
5  29  2  11.00
6  29  2  64.49
7  29  2  32.19
8  29  2  38.48
9  29  2  25.90
10  29  2  28.80
1  30  2  6.04
2  30  2  34.46
3  30  2  33.83
4  30  2  36.20
5  30  2  61.90
6  30  2  55.23
7  30  2  24.09
8  30  2  55.89
9  30  2  51.12
10  30  2  13.82
1  31  2  19.47
2  31  2  13.94
3  31  2  24.56
4  31  2  15.43
5  31  2  53.37
6  31  2  14.22
7  31  2  30.36
8  31  2  57.41
9  31  2  12.50
10  31  2  19.36
1  32  2  7.64
2  32  2  16.89
3  32  2  23.65
4  32  2  16.36
5  32  2  19.92
6  32  2  18.99
7  32  2  18.71
8  32  2  24.71
9  32  2  30.92
10  32  2  22.84
1  33  2  26.75
2  33  2  26.70
3  33  2  7.79
4  33  2  33.54
5  33  2  12.45
6  33  2  18.37
7  33  2  11.70
8  33  2  32.81
9  33  2  23.13
10  33  2  12.55
1  34  2  17.56
2  34  2  14.09
3  34  2  7.06
4  34  2  24.03
5  34  2  41.32
6  34  2  9.57
7  34  2  11.10
8  34  2  38.90
9  34  2  54.90
10  34  2  14.69
1  35  2  7.39
2  35  2  39.83
3  35  2  5.78
4  35  2  23.97
5  35  2  37.59
6  35  2  8.47
7  35  2  20.36
8  35  2  8.41
9  35  2  45.96
10  35  2  51.63
1  36  2  39.31
2  36  2  3.35
3  36  2  17.80
4  36  2  11.49
5  36  2  15.09
6  36  2  30.17
7  36  2  19.31
8  36  2  11.66
9  36  2  15.46
10  36  2  17.51
1  37  2  18.67
2  37  2  4.98
3  37  2  11.41
4  37  2  22.56
5  37  2  7.10
6  37  2  37.96
7  37  2  7.73
8  37  2  22.81
9  37  2  6.29
10  37  2  24.44
1  38  2  9.73
2  38  2  45.66
3  38  2  21.75
4  38  2  11.67
5  38  2  38.80
6  38  2  23.47
7  38  2  41.51
8  38  2  11.24
9  38  2  16.23
10  38  2  10.49
1  39  2  10.60
2  39  2  11.50
3  39  2  14.08
4  39  2  46.61
5  39  2  26.30
6  39  2  29.58
7  39  2  31.77
8  39  2  28.89
9  39  2  46.86
10  39  2  44.89
1  40  2  21.25
2  40  2  10.36
3  40  2  41.42
4  40  2  19.07
5  40  2  26.07
6  40  2  43.10
7  40  2  10.66
8  40  2  16.98
9  40  2  27.00
10  40  2  46.86
1  41  2  7.76
2  41  2  34.95
3  41  2  3.96
4  41  2  18.28
5  41  2  8.34
6  41  2  12.93
7  41  2  10.80
8  41  2  36.58
9  41  2  25.45
10  41  2  14.85
1  42  2  21.41
2  42  2  17.32
3  42  2  42.82
4  42  2  9.73
5  42  2  15.77
6  42  2  35.12
7  42  2  23.61
8  42  2  15.45
9  42  2  12.93
10  42  2  46.08
1  43  2  13.99
2  43  2  25.25
3  43  2  36.47
4  43  2  44.21
5  43  2  3.69
6  43  2  32.19
7  43  2  26.94
8  43  2  27.62
9  43  2  3.89
10  43  2  5.79
1  44  2  22.38
2  44  2  13.33
3  44  2  38.39
4  44  2  15.73
5  44  2  15.05
6  44  2  36.56
7  44  2  4.42
8  44  2  22.96
9  44  2  7.04
10  44  2  37.79
1  45  2  20.50
2  45  2  11.21
3  45  2  63.33
4  45  2  14.65
5  45  2  32.67
6  45  2  27.55
7  45  2  59.63
8  45  2  59.68
9  45  2  13.59
10  45  2  39.43
1  46  2  15.83
2  46  2  29.89
3  46  2  14.24
4  46  2  8.63
5  46  2  25.90
6  46  2  40.08
7  46  2  18.41
8  46  2  43.24
9  46  2  56.22
10  46  2  53.33
1  47  2  8.41
2  47  2  7.44
3  47  2  42.58
4  47  2  42.25
5  47  2  20.60
6  47  2  17.75
7  47  2  25.01
8  47  2  54.11
9  47  2  27.06
10  47  2  25.32
1  48  2  33.60
2  48  2  11.48
3  48  2  24.52
4  48  2  14.46
5  48  2  42.63
6  48  2  24.68
7  48  2  12.50
8  48  2  20.13
9  48  2  43.38
10  48  2  27.04
1  49  2  30.96
2  49  2  33.51
3  49  2  16.35
4  49  2  11.93
5  49  2  33.60
6  49  2  10.34
7  49  2  20.55
8  49  2  23.34
9  49  2  15.63
10  49  2  16.60
1  50  2  32.41
2  50  2  36.00
3  50  2  45.73
4  50  2  18.93
5  50  2  48.66
6  50  2  15.59
7  50  2  40.93
8  50  2  17.80
9  50  2  18.97
10  50  2  63.80
1  51  2  45.22
2  51  2  38.58
3  51  2  17.45
4  51  2  17.15
5  51  2  48.33
6  51  2  12.00
7  51  2  70.88
8  51  2  48.37
9  51  2  21.18
10  51  2  45.05
1  52  2  51.07
2  52  2  21.47
3  52  2  12.78
4  52  2  17.45
5  52  2  2.82
6  52  2  42.59
7  52  2  22.40
8  52  2  21.02
9  52  2  3.79
10  52  2  31.46
1  53  2  5.01
2  53  2  27.81
3  53  2  13.48
4  53  2  14.67
5  53  2  26.57
6  53  2  12.83
7  53  2  15.30
8  53  2  18.52
9  53  2  24.82
10  53  2  31.64
1  54  2  6.50
2  54  2  42.24
3  54  2  24.19
4  54  2  29.21
5  54  2  19.49
6  54  2  27.17
7  54  2  34.03
8  54  2  59.45
9  54  2  21.11
10  54  2  39.10
1  55  2  36.48
2  55  2  31.20
3  55  2  29.26
4  55  2  38.86
5  55  2  39.13
6  55  2  17.29
7  55  2  14.15
8  55  2  25.81
9  55  2  19.00
10  55  2  19.41
1  56  2  14.59
2  56  2  25.93
3  56  2  17.83
4  56  2  11.70
5  56  2  31.29
6  56  2  46.12
7  56  2  28.70
8  56  2  14.27
9  56  2  36.27
10  56  2  45.78
1  57  2  7.72
2  57  2  8.18
3  57  2  8.48
4  57  2  29.73
5  57  2  33.11
6  57  2  45.85
7  57  2  9.95
8  57  2  58.34
9  57  2  13.32
10  57  2  11.29
1  58  2  17.77
2  58  2  11.54
3  58  2  16.84
4  58  2  12.18
5  58  2  24.74
6  58  2  5.09
7  58  2  19.98
8  58  2  22.54
9  58  2  24.58
10  58  2  66.07
1  59  2  4.91
2  59  2  38.85
3  59  2  46.66
4  59  2  12.47
5  59  2  16.41
6  59  2  5.94
7  59  2  23.17
8  59  2  14.34
9  59  2  5.22
10  59  2  16.93
1  60  2  6.31
2  60  2  24.11
3  60  2  22.30
4  60  2  59.25
5  60  2  50.99
6  60  2  34.09
7  60  2  34.63
8  60  2  8.38
9  60  2  36.40
10  60  2  17.68
1  61  2  13.51
2  61  2  14.32
3  61  2  14.55
4  61  2  16.54
5  61  2  21.06
6  61  2  15.61
7  61  2  26.74
8  61  2  21.89
9  61  2  27.49
10  61  2  19.36
1  62  2  35.66
2  62  2  8.70
3  62  2  48.61
4  62  2  22.58
5  62  2  6.07
6  62  2  54.92
7  62  2  39.14
8  62  2  15.17
9  62  2  20.94
10  62  2  20.25
1  63  2  15.85
2  63  2  15.63
3  63  2  18.43
4  63  2  20.66
5  63  2  21.22
6  63  2  32.67
7  63  2  19.26
8  63  2  18.54
9  63  2  18.30
10  63  2  14.34
1  64  2  35.01
2  64  2  29.66
3  64  2  51.24
4  64  2  26.12
5  64  2  46.55
6  64  2  38.96
7  64  2  10.33
8  64  2  25.46
9  64  2  16.84
10  64  2  16.58
1  65  2  6.63
2  65  2  20.18
3  65  2  33.01
4  65  2  24.69
5  65  2  43.26
6  65  2  24.93
7  65  2  58.57
8  65  2  17.63
9  65  2  21.05
10  65  2  35.52
1  66  2  46.96
2  66  2  19.53
3  66  2  11.88
4  66  2  7.42
5  66  2  12.73
6  66  2  47.10
7  66  2  70.43
8  66  2  32.93
9  66  2  15.74
10  66  2  9.55
1  67  2  6.43
2  67  2  30.59
3  67  2  38.58
4  67  2  4.93
5  67  2  8.95
6  67  2  15.58
7  67  2  30.67
8  67  2  5.78
9  67  2  48.08
10  67  2  30.81
1  68  2  35.03
2  68  2  27.56
3  68  2  17.45
4  68  2  15.03
5  68  2  29.62
6  68  2  12.50
7  68  2  8.94
8  68  2  4.66
9  68  2  8.01
10  68  2  22.82
1  69  2  12.68
2  69  2  40.22
3  69  2  14.55
4  69  2  57.32
5  69  2  25.55
6  69  2  48.66
7  69  2  8.49
8  69  2  60.08
9  69  2  27.70
10  69  2  9.53
1  70  2  48.95
2  70  2  16.43
3  70  2  11.08
4  70  2  21.52
5  70  2  23.51
6  70  2  25.35
7  70  2  23.10
8  70  2  48.65
9  70  2  11.84
10  70  2  44.80
1  71  2  54.90
2  71  2  29.44
3  71  2  28.93
4  71  2  42.22
5  71  2  23.16
6  71  2  39.45
7  71  2  16.62
8  71  2  43.10
9  71  2  36.38
10  71  2  20.01
1  72  2  6.08
2  72  2  6.43
3  72  2  33.82
4  72  2  8.42
5  72  2  33.20
6  72  2  30.07
7  72  2  13.49
8  72  2  37.60
9  72  2  18.81
10  72  2  13.69
1  73  2  19.29
2  73  2  4.27
3  73  2  29.60
4  73  2  3.73
5  73  2  36.01
6  73  2  18.51
7  73  2  15.67
8  73  2  15.17
9  73  2  29.82
10  73  2  4.93
1  74  2  43.84
2  74  2  19.22
3  74  2  7.41
4  74  2  12.85
5  74  2  24.41
6  74  2  27.07
7  74  2  16.50
8  74  2  7.25
9  74  2  13.32
10  74  2  29.43
1  75  2  21.12
2  75  2  38.57
3  75  2  8.26
4  75  2  27.41
5  75  2  10.56
6  75  2  48.72
7  75  2  26.56
8  75  2  26.84
9  75  2  26.99
10  75  2  3.27
1  76  2  47.90
2  76  2  20.15
3  76  2  16.60
4  76  2  30.81
5  76  2  51.59
6  76  2  34.53
7  76  2  10.53
8  76  2  6.49
9  76  2  9.64
10  76  2  17.79
1  77  2  60.39
2  77  2  3.22
3  77  2  9.07
4  77  2  11.56
5  77  2  10.77
6  77  2  50.60
7  77  2  57.03
8  77  2  21.85
9  77  2  49.07
10  77  2  30.29
1  78  2  16.02
2  78  2  25.83
3  78  2  23.95
4  78  2  18.97
5  78  2  17.16
6  78  2  16.23
7  78  2  5.13
8  78  2  4.14
9  78  2  29.35
10  78  2  15.54
1  79  2  16.57
2  79  2  14.66
3  79  2  12.49
4  79  2  45.18
5  79  2  20.61
6  79  2  32.93
7  79  2  11.93
8  79  2  37.76
9  79  2  38.56
10  79  2  11.50
1  80  2  11.50
2  80  2  45.81
3  80  2  48.82
4  80  2  40.08
5  80  2  35.18
6  80  2  28.31
7  80  2  58.10
8  80  2  3.20
9  80  2  11.60
10  80  2  28.00
1  81  2  36.71
2  81  2  6.60
3  81  2  11.82
4  81  2  23.03
5  81  2  31.60
6  81  2  21.36
7  81  2  58.23
8  81  2  28.03
9  81  2  6.73
10  81  2  59.87
1  82  2  8.08
2  82  2  20.48
3  82  2  3.43
4  82  2  10.95
5  82  2  7.82
6  82  2  49.50
7  82  2  29.30
8  82  2  10.81
9  82  2  7.69
10  82  2  8.21
1  83  2  16.87
2  83  2  68.70
3  83  2  27.38
4  83  2  7.75
5  83  2  49.86
6  83  2  8.53
7  83  2  18.99
8  83  2  18.39
9  83  2  16.12
10  83  2  10.79
1  84  2  63.17
2  84  2  15.18
3  84  2  65.32
4  84  2  33.58
5  84  2  5.31
6  84  2  56.22
7  84  2  35.05
8  84  2  12.39
9  84  2  53.12
10  84  2  21.58
1  85  2  15.31
2  85  2  4.98
3  85  2  13.62
4  85  2  28.75
5  85  2  25.10
6  85  2  25.55
7  85  2  23.41
8  85  2  16.91
9  85  2  24.71
10  85  2  9.58
1  86  2  11.71
2  86  2  3.63
3  86  2  38.31
4  86  2  47.02
5  86  2  29.88
6  86  2  16.66
7  86  2  28.25
8  86  2  22.71
9  86  2  33.56
10  86  2  28.58
1  87  2  24.22
2  87  2  25.73
3  87  2  33.22
4  87  2  8.27
5  87  2  13.57
6  87  2  4.94
7  87  2  42.30
8  87  2  12.82
9  87  2  48.68
10  87  2  53.29
1  88  2  10.97
2  88  2  33.34
3  88  2  10.59
4  88  2  7.06
5  88  2  27.44
6  88  2  17.89
7  88  2  66.67
8  88  2  11.86
9  88  2  19.30
10  88  2  31.65
1  89  2  22.94
2  89  2  6.46
3  89  2  29.93
4  89  2  52.26
5  89  2  14.65
6  89  2  15.05
7  89  2  15.92
8  89  2  11.81
9  89  2  9.13
10  89  2  8.77
1  90  2  18.15
2  90  2  5.24
3  90  2  30.65
4  90  2  20.64
5  90  2  17.60
6  90  2  41.54
7  90  2  57.01
8  90  2  34.36
9  90  2  8.22
10  90  2  51.83
1  91  2  3.03
2  91  2  48.06
3  91  2  24.63
4  91  2  43.59
5  91  2  47.11
6  91  2  49.18
7  91  2  36.83
8  91  2  22.14
9  91  2  17.56
10  91  2  11.19
1  92  2  41.23
2  92  2  61.31
3  92  2  52.48
4  92  2  22.34
5  92  2  37.70
6  92  2  10.97
7  92  2  13.78
8  92  2  7.65
9  92  2  7.33
10  92  2  19.18
1  93  2  12.44
2  93  2  18.06
3  93  2  12.32
4  93  2  20.84
5  93  2  26.57
6  93  2  17.07
7  93  2  43.26
8  93  2  30.42
9  93  2  12.20
10  93  2  28.54
1  94  2  12.35
2  94  2  14.30
3  94  2  15.31
4  94  2  21.22
5  94  2  30.86
6  94  2  36.07
7  94  2  4.52
8  94  2  40.62
9  94  2  10.00
10  94  2  19.03
1  95  2  17.70
2  95  2  39.29
3  95  2  25.98
4  95  2  9.06
5  95  2  8.77
6  95  2  8.45
7  95  2  33.46
8  95  2  8.70
9  95  2  61.76
10  95  2  48.51
1  96  2  6.08
2  96  2  2.14
3  96  2  17.43
4  96  2  40.01
5  96  2  24.25
6  96  2  26.69
7  96  2  36.68
8  96  2  24.05
9  96  2  22.84
10  96  2  8.84
1  97  2  21.35
2  97  2  5.83
3  97  2  6.68
4  97  2  28.83
5  97  2  12.02
6  97  2  17.27
7  97  2  33.55
8  97  2  15.70
9  97  2  17.21
10  97  2  54.45
1  98  2  19.68
2  98  2  25.48
3  98  2  20.59
4  98  2  22.57
5  98  2  16.11
6  98  2  3.61
7  98  2  16.71
8  98  2  19.69
9  98  2  21.36
10  98  2  46.35
1  99  2  34.21
2  99  2  20.31
3  99  2  2.09
4  99  2  36.71
5  99  2  7.94
6  99  2  30.86
7  99  2  12.00
8  99  2  45.71
9  99  2  6.00
10  99  2  30.49
1  100  2  21.16
2  100  2  10.72
3  100  2  66.55
4  100  2  23.85
5  100  2  34.23
6  100  2  46.75
7  100  2  14.30
8  100  2  33.07
9  100  2  14.63
10  100  2  24.19
1  101  2  10.63
2  101  2  32.76
3  101  2  7.44
4  101  2  7.86
5  101  2  12.85
6  101  2  56.27
7  101  2  5.14
8  101  2  20.45
9  101  2  3.87
10  101  2  26.08
1  102  2  14.56
2  102  2  13.88
3  102  2  26.89
4  102  2  8.22
5  102  2  17.95
6  102  2  15.00
7  102  2  6.17
8  102  2  14.00
9  102  2  55.91
10  102  2  32.75
1  103  2  28.68
2  103  2  17.82
3  103  2  53.94
4  103  2  46.79
5  103  2  23.13
6  103  2  27.30
7  103  2  24.99
8  103  2  12.56
9  103  2  14.36
10  103  2  22.42
1  104  2  5.50
2  104  2  59.21
3  104  2  26.38
4  104  2  5.92
5  104  2  41.29
6  104  2  66.17
7  104  2  14.64
8  104  2  13.05
9  104  2  61.29
10  104  2  9.19
1  105  2  12.89
2  105  2  14.30
3  105  2  28.73
4  105  2  21.65
5  105  2  32.71
6  105  2  15.24
7  105  2  11.57
8  105  2  15.74
9  105  2  42.88
10  105  2  13.11
1  106  2  17.30
2  106  2  9.99
3  106  2  14.04
4  106  2  26.70
5  106  2  14.16
6  106  2  27.66
7  106  2  27.42
8  106  2  24.36
9  106  2  20.06
10  106  2  8.74
1  107  2  8.45
2  107  2  32.08
3  107  2  21.22
4  107  2  10.73
5  107  2  18.89
6  107  2  5.34
7  107  2  43.18
8  107  2  9.84
9  107  2  34.73
10  107  2  33.27
1  108  2  14.92
2  108  2  17.64
3  108  2  36.57
4  108  2  31.13
5  108  2  57.41
6  108  2  25.89
7  108  2  9.19
8  108  2  49.41
9  108  2  31.60
10  108  2  20.37
1  109  2  31.90
2  109  2  6.06
3  109  2  18.74
4  109  2  20.36
5  109  2  9.44
6  109  2  21.32
7  109  2  8.10
8  109  2  21.50
9  109  2  8.09
10  109  2  7.35
1  110  2  18.37
2  110  2  8.41
3  110  2  9.81
4  110  2  52.78
5  110  2  12.72
6  110  2  29.83
7  110  2  25.78
8  110  2  26.74
9  110  2  21.18
10  110  2  49.05
1  111  2  31.27
2  111  2  22.37
3  111  2  22.82
4  111  2  9.43
5  111  2  20.42
6  111  2  28.24
7  111  2  19.93
8  111  2  24.47
9  111  2  42.02
10  111  2  46.83
1  112  2  36.10
2  112  2  15.24
3  112  2  18.93
4  112  2  49.68
5  112  2  60.83
6  112  2  17.17
7  112  2  22.02
8  112  2  10.08
9  112  2  40.71
10  112  2  58.62
1  113  2  24.18
2  113  2  16.50
3  113  2  50.04
4  113  2  12.63
5  113  2  8.21
6  113  2  4.43
7  113  2  33.01
8  113  2  6.49
9  113  2  16.82
10  113  2  13.45
1  114  2  30.91
2  114  2  20.09
3  114  2  32.33
4  114  2  11.72
5  114  2  8.34
6  114  2  6.38
7  114  2  7.90
8  114  2  10.61
9  114  2  3.17
10  114  2  29.02
1  115  2  9.83
2  115  2  4.56
3  115  2  5.80
4  115  2  16.09
5  115  2  23.08
6  115  2  17.73
7  115  2  20.06
8  115  2  4.73
9  115  2  30.56
10  115  2  50.37
1  116  2  26.58
2  116  2  31.65
3  116  2  49.78
4  116  2  15.89
5  116  2  35.90
6  116  2  40.36
7  116  2  30.40
8  116  2  13.46
9  116  2  42.69
10  116  2  41.93
1  117  2  27.87
2  117  2  37.65
3  117  2  14.80
4  117  2  34.25
5  117  2  43.58
6  117  2  58.91
7  117  2  11.56
8  117  2  11.78
9  117  2  52.61
10  117  2  5.53
1  118  2  22.77
2  118  2  18.84
3  118  2  15.77
4  118  2  47.14
5  118  2  2.53
6  118  2  36.12
7  118  2  56.42
8  118  2  6.08
9  118  2  5.28
10  118  2  14.29
1  119  2  11.24
2  119  2  20.75
3  119  2  58.38
4  119  2  46.53
5  119  2  26.40
6  119  2  24.46
7  119  2  13.79
8  119  2  4.73
9  119  2  20.86
10  119  2  52.88
1  120  2  18.73
2  120  2  24.01
3  120  2  35.99
4  120  2  8.61
5  120  2  8.55
6  120  2  19.70
7  120  2  5.83
8  120  2  37.21
9  120  2  3.84
10  120  2  30.99
1  121  2  38.70
2  121  2  12.82
3  121  2  26.61
4  121  2  22.62
5  121  2  8.15
6  121  2  14.66
7  121  2  27.34
8  121  2  19.10
9  121  2  12.45
10  121  2  6.61
1  122  2  19.14
2  122  2  16.74
3  122  2  45.82
4  122  2  10.04
5  122  2  12.77
6  122  2  4.21
7  122  2  7.84
8  122  2  17.97
9  122  2  19.47
10  122  2  11.88
1  123  2  4.49
2  123  2  5.36
3  123  2  57.72
4  123  2  34.57
5  123  2  22.90
6  123  2  53.59
7  123  2  11.41
8  123  2  60.06
9  123  2  23.37
10  123  2  35.81
1  124  2  50.12
2  124  2  7.85
3  124  2  43.93
4  124  2  48.89
5  124  2  52.28
6  124  2  16.18
7  124  2  22.84
8  124  2  8.69
9  124  2  22.68
10  124  2  13.05
1  125  2  39.42
2  125  2  9.06
3  125  2  31.58
4  125  2  52.55
5  125  2  15.90
6  125  2  37.19
7  125  2  16.86
8  125  2  14.41
9  125  2  18.82
10  125  2  24.86
1  126  2  9.21
2  126  2  29.22
3  126  2  24.79
4  126  2  45.67
5  126  2  30.91
6  126  2  43.89
7  126  2  20.98
8  126  2  6.68
9  126  2  8.34
10  126  2  13.09
1  127  2  5.35
2  127  2  5.54
3  127  2  42.30
4  127  2  46.29
5  127  2  15.16
6  127  2  19.25
7  127  2  14.04
8  127  2  30.08
9  127  2  42.53
10  127  2  12.26
1  128  2  61.29
2  128  2  55.89
3  128  2  28.57
4  128  2  3.80
5  128  2  15.48
6  128  2  33.34
7  128  2  11.12
8  128  2  38.36
9  128  2  20.23
10  128  2  38.85
1  129  2  7.12
2  129  2  9.40
3  129  2  44.07
4  129  2  16.36
5  129  2  20.41
6  129  2  17.90
7  129  2  29.53
8  129  2  15.99
9  129  2  33.50
10  129  2  45.79
1  130  2  23.85
2  130  2  40.26
3  130  2  37.80
4  130  2  40.99
5  130  2  17.98
6  130  2  20.96
7  130  2  16.91
8  130  2  23.56
9  130  2  6.82
10  130  2  40.25
1  131  2  23.90
2  131  2  16.19
3  131  2  34.30
4  131  2  4.77
5  131  2  45.73
6  131  2  27.64
7  131  2  50.23
8  131  2  25.36
9  131  2  8.98
10  131  2  17.31
1  132  2  24.16
2  132  2  39.73
3  132  2  17.86
4  132  2  33.10
5  132  2  8.60
6  132  2  66.30
7  132  2  25.85
8  132  2  15.37
9  132  2  56.89
10  132  2  32.06
1  133  2  59.84
2  133  2  22.27
3  133  2  5.36
4  133  2  19.75
5  133  2  12.21
6  133  2  24.60
7  133  2  14.82
8  133  2  11.57
9  133  2  30.55
10  133  2  4.65
1  134  2  52.76
2  134  2  36.76
3  134  2  60.36
4  134  2  26.36
5  134  2  6.52
6  134  2  50.31
7  134  2  34.43
8  134  2  22.07
9  134  2  42.77
10  134  2  57.21
1  135  2  52.38
2  135  2  13.02
3  135  2  5.83
4  135  2  12.11
5  135  2  34.59
6  135  2  27.18
7  135  2  24.73
8  135  2  18.48
9  135  2  35.62
10  135  2  10.56
1  136  2  36.68
2  136  2  33.53
3  136  2  6.84
4  136  2  22.67
5  136  2  6.57
6  136  2  29.07
7  136  2  35.95
8  136  2  6.63
9  136  2  12.68
10  136  2  40.18
1  137  2  12.03
2  137  2  8.15
3  137  2  15.44
4  137  2  4.61
5  137  2  52.88
6  137  2  21.38
7  137  2  15.29
8  137  2  27.05
9  137  2  13.68
10  137  2  54.40
1  138  2  12.37
2  138  2  41.97
3  138  2  36.09
4  138  2  28.69
5  138  2  8.21
6  138  2  6.31
7  138  2  28.12
8  138  2  30.96
9  138  2  45.77
10  138  2  15.12
1  139  2  22.25
2  139  2  31.59
3  139  2  32.89
4  139  2  14.76
5  139  2  16.70
6  139  2  15.98
7  139  2  10.58
8  139  2  24.63
9  139  2  15.76
10  139  2  24.31
1  140  2  27.67
2  140  2  21.21
3  140  2  25.72
4  140  2  42.20
5  140  2  10.96
6  140  2  63.77
7  140  2  26.43
8  140  2  66.73
9  140  2  9.77
10  140  2  4.39
1  141  2  19.61
2  141  2  34.03
3  141  2  18.72
4  141  2  34.24
5  141  2  59.23
6  141  2  22.45
7  141  2  33.25
8  141  2  21.82
9  141  2  35.51
10  141  2  4.56
1  142  2  45.72
2  142  2  21.42
3  142  2  33.43
4  142  2  30.38
5  142  2  16.80
6  142  2  39.55
7  142  2  7.66
8  142  2  13.57
9  142  2  27.73
10  142  2  34.36
1  143  2  13.91
2  143  2  2.75
3  143  2  35.09
4  143  2  48.55
5  143  2  8.15
6  143  2  28.73
7  143  2  6.99
8  143  2  19.23
9  143  2  31.83
10  143  2  58.20
1  144  2  3.87
2  144  2  10.23
3  144  2  44.70
4  144  2  20.03
5  144  2  27.10
6  144  2  12.75
7  144  2  33.48
8  144  2  34.39
9  144  2  47.94
10  144  2  29.69
1  145  2  36.31
2  145  2  6.72
3  145  2  62.96
4  145  2  20.54
5  145  2  59.07
6  145  2  21.32
7  145  2  13.10
8  145  2  18.52
9  145  2  15.36
10  145  2  34.79
1  146  2  41.46
2  146  2  22.66
3  146  2  54.39
4  146  2  18.03
5  146  2  44.71
6  146  2  24.85
7  146  2  30.67
8  146  2  21.04
9  146  2  18.21
10  146  2  34.54
1  147  2  40.22
2  147  2  10.75
3  147  2  5.51
4  147  2  3.11
5  147  2  63.74
6  147  2  3.45
7  147  2  54.85
8  147  2  38.62
9  147  2  60.04
10  147  2  31.11
1  148  2  23.99
2  148  2  18.98
3  148  2  14.71
4  148  2  56.98
5  148  2  33.95
6  148  2  7.81
7  148  2  49.50
8  148  2  3.56
9  148  2  4.78
10  148  2  22.95
1  149  2  27.28
2  149  2  12.73
3  149  2  48.55
4  149  2  25.66
5  149  2  29.68
6  149  2  50.23
7  149  2  7.95
8  149  2  32.25
9  149  2  39.19
10  149  2  19.79
1  150  2  20.18
2  150  2  34.11
3  150  2  24.88
4  150  2  26.21
5  150  2  16.29
6  150  2  31.12
7  150  2  4.92
8  150  2  23.33
9  150  2  19.63
10  150  2  32.60
;

