param com_measure1 := 0.62765;

param com_measure2 := 0.97071;

param kappa_max := 1019.729;

param U_tau := 523.6249;

param nT := 2;

param nS := 50;

param nL := 25;

param B := 1504.41;

param w :=
1  1
2  2
3  1
4  2
5  3
6  2
7  1
8  2
9  1
10  3
11  3
12  2
13  1
14  2
15  3
16  1
17  3
18  2
19  1
20  1
21  3
22  2
23  3
24  2
25  2
;

param h :=
1  1  0
1  2  0
1  3  0
1  4  0
1  5  0
1  6  0
1  7  0
1  8  0
1  9  0
1  10  0
1  11  0
1  12  0
1  13  0
1  14  0
1  15  0
1  16  0
1  17  0
1  18  0
1  19  0
1  20  0
1  21  0
1  22  0
1  23  0
1  24  0
1  25  0
2  1  117.92
2  2  147.69
2  3  135.13
2  4  112.87
2  5  120.03
2  6  125.93
2  7  125.33
2  8  118.09
2  9  108.83
2  10  96.54
2  11  117.91
2  12  104.99
2  13  145.88
2  14  129.26
2  15  127.86
2  16  122.63
2  17  122.44
2  18  107.77
2  19  110.60
2  20  113.27
2  21  116.94
2  22  120.65
2  23  118.86
2  24  114.02
2  25  127.38
;

param xi :=
1  1  1  17
2  1  1  58
3  1  1  55
4  1  1  18
5  1  1  22
6  1  1  17
7  1  1  16
8  1  1  17
9  1  1  62
10  1  1  21
11  1  1  36
12  1  1  83
13  1  1  66
14  1  1  13
15  1  1  40
16  1  1  24
17  1  1  39
18  1  1  49
19  1  1  28
20  1  1  40
21  1  1  74
22  1  1  15
23  1  1  49
24  1  1  45
25  1  1  82
1  2  1  72
2  2  1  59
3  2  1  10
4  2  1  87
5  2  1  90
6  2  1  35
7  2  1  24
8  2  1  31
9  2  1  12
10  2  1  84
11  2  1  72
12  2  1  48
13  2  1  46
14  2  1  26
15  2  1  17
16  2  1  73
17  2  1  84
18  2  1  22
19  2  1  83
20  2  1  77
21  2  1  18
22  2  1  34
23  2  1  55
24  2  1  11
25  2  1  52
1  3  1  20
2  3  1  73
3  3  1  35
4  3  1  24
5  3  1  32
6  3  1  24
7  3  1  62
8  3  1  18
9  3  1  90
10  3  1  44
11  3  1  83
12  3  1  89
13  3  1  32
14  3  1  77
15  3  1  89
16  3  1  64
17  3  1  45
18  3  1  80
19  3  1  87
20  3  1  13
21  3  1  71
22  3  1  50
23  3  1  56
24  3  1  17
25  3  1  76
1  4  1  19
2  4  1  54
3  4  1  80
4  4  1  51
5  4  1  22
6  4  1  18
7  4  1  85
8  4  1  42
9  4  1  56
10  4  1  20
11  4  1  38
12  4  1  17
13  4  1  15
14  4  1  36
15  4  1  64
16  4  1  53
17  4  1  40
18  4  1  81
19  4  1  50
20  4  1  24
21  4  1  88
22  4  1  64
23  4  1  74
24  4  1  65
25  4  1  70
1  5  1  55
2  5  1  48
3  5  1  23
4  5  1  44
5  5  1  70
6  5  1  32
7  5  1  77
8  5  1  62
9  5  1  76
10  5  1  15
11  5  1  41
12  5  1  58
13  5  1  52
14  5  1  81
15  5  1  77
16  5  1  60
17  5  1  48
18  5  1  63
19  5  1  36
20  5  1  66
21  5  1  17
22  5  1  90
23  5  1  76
24  5  1  86
25  5  1  81
1  6  1  88
2  6  1  36
3  6  1  80
4  6  1  61
5  6  1  23
6  6  1  90
7  6  1  37
8  6  1  86
9  6  1  35
10  6  1  56
11  6  1  22
12  6  1  13
13  6  1  55
14  6  1  20
15  6  1  87
16  6  1  31
17  6  1  16
18  6  1  12
19  6  1  25
20  6  1  34
21  6  1  40
22  6  1  61
23  6  1  50
24  6  1  47
25  6  1  75
1  7  1  44
2  7  1  32
3  7  1  63
4  7  1  54
5  7  1  74
6  7  1  45
7  7  1  12
8  7  1  30
9  7  1  19
10  7  1  21
11  7  1  78
12  7  1  33
13  7  1  75
14  7  1  87
15  7  1  61
16  7  1  35
17  7  1  48
18  7  1  87
19  7  1  16
20  7  1  44
21  7  1  51
22  7  1  72
23  7  1  50
24  7  1  87
25  7  1  28
1  8  1  50
2  8  1  78
3  8  1  18
4  8  1  20
5  8  1  71
6  8  1  26
7  8  1  28
8  8  1  35
9  8  1  14
10  8  1  19
11  8  1  27
12  8  1  49
13  8  1  59
14  8  1  28
15  8  1  12
16  8  1  79
17  8  1  72
18  8  1  62
19  8  1  23
20  8  1  53
21  8  1  10
22  8  1  30
23  8  1  67
24  8  1  50
25  8  1  22
1  9  1  73
2  9  1  27
3  9  1  88
4  9  1  50
5  9  1  17
6  9  1  70
7  9  1  62
8  9  1  59
9  9  1  81
10  9  1  40
11  9  1  10
12  9  1  23
13  9  1  51
14  9  1  14
15  9  1  50
16  9  1  14
17  9  1  22
18  9  1  17
19  9  1  61
20  9  1  72
21  9  1  86
22  9  1  26
23  9  1  53
24  9  1  73
25  9  1  71
1  10  1  57
2  10  1  20
3  10  1  26
4  10  1  50
5  10  1  89
6  10  1  89
7  10  1  54
8  10  1  66
9  10  1  16
10  10  1  90
11  10  1  87
12  10  1  59
13  10  1  53
14  10  1  58
15  10  1  24
16  10  1  37
17  10  1  34
18  10  1  32
19  10  1  71
20  10  1  29
21  10  1  46
22  10  1  29
23  10  1  83
24  10  1  64
25  10  1  88
1  11  1  48
2  11  1  55
3  11  1  53
4  11  1  44
5  11  1  64
6  11  1  50
7  11  1  32
8  11  1  33
9  11  1  50
10  11  1  38
11  11  1  89
12  11  1  50
13  11  1  46
14  11  1  83
15  11  1  59
16  11  1  86
17  11  1  89
18  11  1  72
19  11  1  49
20  11  1  60
21  11  1  89
22  11  1  52
23  11  1  86
24  11  1  40
25  11  1  83
1  12  1  48
2  12  1  65
3  12  1  11
4  12  1  58
5  12  1  33
6  12  1  87
7  12  1  39
8  12  1  25
9  12  1  23
10  12  1  83
11  12  1  74
12  12  1  73
13  12  1  31
14  12  1  77
15  12  1  40
16  12  1  20
17  12  1  42
18  12  1  25
19  12  1  31
20  12  1  68
21  12  1  28
22  12  1  60
23  12  1  58
24  12  1  15
25  12  1  25
1  13  1  37
2  13  1  39
3  13  1  56
4  13  1  17
5  13  1  31
6  13  1  84
7  13  1  58
8  13  1  52
9  13  1  17
10  13  1  48
11  13  1  24
12  13  1  21
13  13  1  77
14  13  1  84
15  13  1  61
16  13  1  71
17  13  1  63
18  13  1  12
19  13  1  60
20  13  1  27
21  13  1  39
22  13  1  18
23  13  1  68
24  13  1  62
25  13  1  22
1  14  1  60
2  14  1  65
3  14  1  45
4  14  1  27
5  14  1  51
6  14  1  51
7  14  1  77
8  14  1  32
9  14  1  16
10  14  1  31
11  14  1  22
12  14  1  37
13  14  1  48
14  14  1  43
15  14  1  78
16  14  1  15
17  14  1  72
18  14  1  20
19  14  1  78
20  14  1  49
21  14  1  31
22  14  1  42
23  14  1  44
24  14  1  45
25  14  1  47
1  15  1  20
2  15  1  37
3  15  1  25
4  15  1  39
5  15  1  56
6  15  1  38
7  15  1  68
8  15  1  46
9  15  1  30
10  15  1  30
11  15  1  30
12  15  1  21
13  15  1  62
14  15  1  55
15  15  1  70
16  15  1  86
17  15  1  59
18  15  1  38
19  15  1  26
20  15  1  81
21  15  1  11
22  15  1  88
23  15  1  10
24  15  1  22
25  15  1  83
1  16  1  55
2  16  1  77
3  16  1  85
4  16  1  28
5  16  1  25
6  16  1  61
7  16  1  20
8  16  1  13
9  16  1  57
10  16  1  22
11  16  1  59
12  16  1  49
13  16  1  58
14  16  1  63
15  16  1  40
16  16  1  62
17  16  1  24
18  16  1  65
19  16  1  73
20  16  1  90
21  16  1  15
22  16  1  62
23  16  1  53
24  16  1  15
25  16  1  25
1  17  1  84
2  17  1  63
3  17  1  75
4  17  1  21
5  17  1  57
6  17  1  32
7  17  1  28
8  17  1  85
9  17  1  32
10  17  1  55
11  17  1  86
12  17  1  48
13  17  1  21
14  17  1  22
15  17  1  65
16  17  1  18
17  17  1  11
18  17  1  17
19  17  1  53
20  17  1  73
21  17  1  40
22  17  1  73
23  17  1  27
24  17  1  72
25  17  1  64
1  18  1  37
2  18  1  38
3  18  1  64
4  18  1  68
5  18  1  45
6  18  1  37
7  18  1  27
8  18  1  19
9  18  1  28
10  18  1  25
11  18  1  46
12  18  1  78
13  18  1  30
14  18  1  79
15  18  1  14
16  18  1  42
17  18  1  26
18  18  1  50
19  18  1  51
20  18  1  23
21  18  1  55
22  18  1  16
23  18  1  24
24  18  1  24
25  18  1  46
1  19  1  36
2  19  1  16
3  19  1  34
4  19  1  33
5  19  1  20
6  19  1  74
7  19  1  30
8  19  1  52
9  19  1  26
10  19  1  17
11  19  1  32
12  19  1  53
13  19  1  36
14  19  1  42
15  19  1  75
16  19  1  56
17  19  1  54
18  19  1  20
19  19  1  55
20  19  1  60
21  19  1  29
22  19  1  48
23  19  1  87
24  19  1  27
25  19  1  74
1  20  1  56
2  20  1  58
3  20  1  14
4  20  1  55
5  20  1  22
6  20  1  29
7  20  1  82
8  20  1  73
9  20  1  35
10  20  1  34
11  20  1  10
12  20  1  76
13  20  1  14
14  20  1  74
15  20  1  68
16  20  1  61
17  20  1  35
18  20  1  60
19  20  1  35
20  20  1  36
21  20  1  57
22  20  1  15
23  20  1  70
24  20  1  56
25  20  1  59
1  21  1  65
2  21  1  82
3  21  1  15
4  21  1  18
5  21  1  27
6  21  1  25
7  21  1  69
8  21  1  36
9  21  1  86
10  21  1  28
11  21  1  18
12  21  1  71
13  21  1  68
14  21  1  24
15  21  1  12
16  21  1  31
17  21  1  26
18  21  1  54
19  21  1  43
20  21  1  58
21  21  1  82
22  21  1  45
23  21  1  29
24  21  1  61
25  21  1  44
1  22  1  60
2  22  1  87
3  22  1  64
4  22  1  86
5  22  1  33
6  22  1  80
7  22  1  51
8  22  1  60
9  22  1  39
10  22  1  59
11  22  1  80
12  22  1  13
13  22  1  74
14  22  1  90
15  22  1  50
16  22  1  69
17  22  1  50
18  22  1  58
19  22  1  83
20  22  1  70
21  22  1  62
22  22  1  54
23  22  1  18
24  22  1  27
25  22  1  47
1  23  1  85
2  23  1  44
3  23  1  54
4  23  1  39
5  23  1  73
6  23  1  10
7  23  1  47
8  23  1  16
9  23  1  12
10  23  1  48
11  23  1  21
12  23  1  18
13  23  1  89
14  23  1  79
15  23  1  85
16  23  1  40
17  23  1  59
18  23  1  75
19  23  1  80
20  23  1  79
21  23  1  50
22  23  1  79
23  23  1  90
24  23  1  46
25  23  1  85
1  24  1  36
2  24  1  84
3  24  1  49
4  24  1  61
5  24  1  36
6  24  1  75
7  24  1  12
8  24  1  13
9  24  1  33
10  24  1  85
11  24  1  66
12  24  1  33
13  24  1  18
14  24  1  76
15  24  1  30
16  24  1  72
17  24  1  75
18  24  1  52
19  24  1  84
20  24  1  14
21  24  1  62
22  24  1  41
23  24  1  63
24  24  1  67
25  24  1  83
1  25  1  43
2  25  1  55
3  25  1  55
4  25  1  88
5  25  1  56
6  25  1  47
7  25  1  44
8  25  1  16
9  25  1  78
10  25  1  44
11  25  1  62
12  25  1  54
13  25  1  66
14  25  1  42
15  25  1  84
16  25  1  70
17  25  1  59
18  25  1  18
19  25  1  55
20  25  1  59
21  25  1  71
22  25  1  77
23  25  1  48
24  25  1  11
25  25  1  59
1  26  1  37
2  26  1  85
3  26  1  75
4  26  1  53
5  26  1  60
6  26  1  42
7  26  1  31
8  26  1  78
9  26  1  48
10  26  1  59
11  26  1  26
12  26  1  19
13  26  1  21
14  26  1  15
15  26  1  22
16  26  1  86
17  26  1  42
18  26  1  64
19  26  1  25
20  26  1  43
21  26  1  36
22  26  1  30
23  26  1  15
24  26  1  55
25  26  1  81
1  27  1  29
2  27  1  10
3  27  1  74
4  27  1  12
5  27  1  37
6  27  1  43
7  27  1  39
8  27  1  75
9  27  1  51
10  27  1  16
11  27  1  41
12  27  1  59
13  27  1  35
14  27  1  59
15  27  1  28
16  27  1  17
17  27  1  48
18  27  1  76
19  27  1  64
20  27  1  43
21  27  1  54
22  27  1  14
23  27  1  51
24  27  1  54
25  27  1  36
1  28  1  42
2  28  1  45
3  28  1  19
4  28  1  37
5  28  1  90
6  28  1  34
7  28  1  23
8  28  1  35
9  28  1  27
10  28  1  12
11  28  1  74
12  28  1  63
13  28  1  43
14  28  1  90
15  28  1  77
16  28  1  35
17  28  1  10
18  28  1  40
19  28  1  38
20  28  1  40
21  28  1  71
22  28  1  84
23  28  1  54
24  28  1  10
25  28  1  72
1  29  1  87
2  29  1  59
3  29  1  50
4  29  1  16
5  29  1  67
6  29  1  48
7  29  1  69
8  29  1  68
9  29  1  84
10  29  1  20
11  29  1  72
12  29  1  39
13  29  1  12
14  29  1  45
15  29  1  73
16  29  1  10
17  29  1  45
18  29  1  10
19  29  1  24
20  29  1  29
21  29  1  22
22  29  1  67
23  29  1  35
24  29  1  46
25  29  1  38
1  30  1  25
2  30  1  74
3  30  1  15
4  30  1  73
5  30  1  59
6  30  1  34
7  30  1  35
8  30  1  78
9  30  1  23
10  30  1  21
11  30  1  73
12  30  1  31
13  30  1  60
14  30  1  22
15  30  1  66
16  30  1  50
17  30  1  22
18  30  1  11
19  30  1  43
20  30  1  51
21  30  1  84
22  30  1  65
23  30  1  39
24  30  1  37
25  30  1  35
1  31  1  59
2  31  1  88
3  31  1  80
4  31  1  42
5  31  1  38
6  31  1  34
7  31  1  63
8  31  1  14
9  31  1  33
10  31  1  48
11  31  1  51
12  31  1  82
13  31  1  50
14  31  1  81
15  31  1  78
16  31  1  88
17  31  1  48
18  31  1  31
19  31  1  74
20  31  1  89
21  31  1  69
22  31  1  71
23  31  1  70
24  31  1  38
25  31  1  75
1  32  1  22
2  32  1  78
3  32  1  81
4  32  1  20
5  32  1  25
6  32  1  77
7  32  1  63
8  32  1  63
9  32  1  10
10  32  1  43
11  32  1  30
12  32  1  40
13  32  1  37
14  32  1  23
15  32  1  20
16  32  1  11
17  32  1  76
18  32  1  86
19  32  1  30
20  32  1  47
21  32  1  83
22  32  1  12
23  32  1  74
24  32  1  45
25  32  1  52
1  33  1  30
2  33  1  90
3  33  1  82
4  33  1  67
5  33  1  27
6  33  1  50
7  33  1  52
8  33  1  76
9  33  1  45
10  33  1  73
11  33  1  58
12  33  1  64
13  33  1  10
14  33  1  10
15  33  1  23
16  33  1  50
17  33  1  54
18  33  1  42
19  33  1  63
20  33  1  89
21  33  1  59
22  33  1  60
23  33  1  58
24  33  1  41
25  33  1  39
1  34  1  74
2  34  1  62
3  34  1  61
4  34  1  63
5  34  1  14
6  34  1  60
7  34  1  56
8  34  1  18
9  34  1  41
10  34  1  57
11  34  1  55
12  34  1  36
13  34  1  65
14  34  1  80
15  34  1  26
16  34  1  43
17  34  1  13
18  34  1  22
19  34  1  24
20  34  1  13
21  34  1  60
22  34  1  51
23  34  1  33
24  34  1  60
25  34  1  61
1  35  1  28
2  35  1  22
3  35  1  66
4  35  1  32
5  35  1  73
6  35  1  64
7  35  1  72
8  35  1  17
9  35  1  90
10  35  1  27
11  35  1  38
12  35  1  75
13  35  1  38
14  35  1  88
15  35  1  53
16  35  1  77
17  35  1  32
18  35  1  34
19  35  1  44
20  35  1  54
21  35  1  38
22  35  1  56
23  35  1  64
24  35  1  67
25  35  1  25
1  36  1  39
2  36  1  12
3  36  1  42
4  36  1  49
5  36  1  24
6  36  1  26
7  36  1  85
8  36  1  58
9  36  1  31
10  36  1  81
11  36  1  23
12  36  1  17
13  36  1  89
14  36  1  68
15  36  1  81
16  36  1  68
17  36  1  14
18  36  1  23
19  36  1  17
20  36  1  80
21  36  1  81
22  36  1  56
23  36  1  42
24  36  1  29
25  36  1  69
1  37  1  35
2  37  1  86
3  37  1  73
4  37  1  70
5  37  1  26
6  37  1  43
7  37  1  88
8  37  1  62
9  37  1  26
10  37  1  84
11  37  1  52
12  37  1  37
13  37  1  76
14  37  1  68
15  37  1  57
16  37  1  13
17  37  1  38
18  37  1  40
19  37  1  34
20  37  1  34
21  37  1  31
22  37  1  27
23  37  1  54
24  37  1  66
25  37  1  31
1  38  1  81
2  38  1  18
3  38  1  32
4  38  1  48
5  38  1  15
6  38  1  58
7  38  1  11
8  38  1  15
9  38  1  17
10  38  1  62
11  38  1  22
12  38  1  50
13  38  1  45
14  38  1  54
15  38  1  36
16  38  1  71
17  38  1  21
18  38  1  63
19  38  1  68
20  38  1  15
21  38  1  18
22  38  1  76
23  38  1  62
24  38  1  25
25  38  1  29
1  39  1  12
2  39  1  55
3  39  1  20
4  39  1  81
5  39  1  73
6  39  1  41
7  39  1  13
8  39  1  87
9  39  1  21
10  39  1  41
11  39  1  83
12  39  1  20
13  39  1  56
14  39  1  58
15  39  1  65
16  39  1  24
17  39  1  39
18  39  1  69
19  39  1  41
20  39  1  58
21  39  1  36
22  39  1  35
23  39  1  65
24  39  1  45
25  39  1  52
1  40  1  61
2  40  1  71
3  40  1  79
4  40  1  39
5  40  1  27
6  40  1  59
7  40  1  87
8  40  1  19
9  40  1  85
10  40  1  86
11  40  1  66
12  40  1  88
13  40  1  88
14  40  1  18
15  40  1  16
16  40  1  58
17  40  1  26
18  40  1  20
19  40  1  45
20  40  1  25
21  40  1  52
22  40  1  45
23  40  1  63
24  40  1  62
25  40  1  75
1  41  1  28
2  41  1  53
3  41  1  90
4  41  1  71
5  41  1  28
6  41  1  11
7  41  1  40
8  41  1  10
9  41  1  75
10  41  1  59
11  41  1  85
12  41  1  43
13  41  1  85
14  41  1  65
15  41  1  33
16  41  1  58
17  41  1  33
18  41  1  30
19  41  1  10
20  41  1  33
21  41  1  24
22  41  1  24
23  41  1  26
24  41  1  25
25  41  1  44
1  42  1  67
2  42  1  48
3  42  1  62
4  42  1  15
5  42  1  69
6  42  1  51
7  42  1  57
8  42  1  61
9  42  1  80
10  42  1  78
11  42  1  52
12  42  1  88
13  42  1  53
14  42  1  76
15  42  1  58
16  42  1  78
17  42  1  70
18  42  1  89
19  42  1  23
20  42  1  29
21  42  1  53
22  42  1  31
23  42  1  87
24  42  1  72
25  42  1  60
1  43  1  16
2  43  1  67
3  43  1  14
4  43  1  10
5  43  1  67
6  43  1  53
7  43  1  56
8  43  1  79
9  43  1  79
10  43  1  24
11  43  1  32
12  43  1  61
13  43  1  84
14  43  1  73
15  43  1  24
16  43  1  79
17  43  1  73
18  43  1  67
19  43  1  16
20  43  1  61
21  43  1  33
22  43  1  15
23  43  1  48
24  43  1  15
25  43  1  24
1  44  1  88
2  44  1  32
3  44  1  77
4  44  1  57
5  44  1  28
6  44  1  85
7  44  1  43
8  44  1  46
9  44  1  28
10  44  1  83
11  44  1  28
12  44  1  47
13  44  1  71
14  44  1  18
15  44  1  27
16  44  1  22
17  44  1  90
18  44  1  44
19  44  1  63
20  44  1  13
21  44  1  88
22  44  1  70
23  44  1  47
24  44  1  12
25  44  1  63
1  45  1  42
2  45  1  48
3  45  1  84
4  45  1  79
5  45  1  42
6  45  1  86
7  45  1  52
8  45  1  80
9  45  1  65
10  45  1  23
11  45  1  35
12  45  1  30
13  45  1  89
14  45  1  84
15  45  1  82
16  45  1  69
17  45  1  81
18  45  1  21
19  45  1  45
20  45  1  46
21  45  1  38
22  45  1  41
23  45  1  48
24  45  1  90
25  45  1  34
1  46  1  77
2  46  1  80
3  46  1  16
4  46  1  56
5  46  1  57
6  46  1  43
7  46  1  40
8  46  1  76
9  46  1  34
10  46  1  20
11  46  1  39
12  46  1  24
13  46  1  43
14  46  1  39
15  46  1  81
16  46  1  79
17  46  1  26
18  46  1  47
19  46  1  62
20  46  1  27
21  46  1  45
22  46  1  60
23  46  1  22
24  46  1  66
25  46  1  90
1  47  1  33
2  47  1  57
3  47  1  85
4  47  1  87
5  47  1  50
6  47  1  33
7  47  1  77
8  47  1  24
9  47  1  72
10  47  1  32
11  47  1  90
12  47  1  57
13  47  1  24
14  47  1  36
15  47  1  25
16  47  1  86
17  47  1  27
18  47  1  58
19  47  1  51
20  47  1  41
21  47  1  78
22  47  1  21
23  47  1  19
24  47  1  86
25  47  1  46
1  48  1  11
2  48  1  89
3  48  1  81
4  48  1  37
5  48  1  87
6  48  1  10
7  48  1  56
8  48  1  19
9  48  1  77
10  48  1  38
11  48  1  22
12  48  1  22
13  48  1  81
14  48  1  87
15  48  1  34
16  48  1  41
17  48  1  86
18  48  1  71
19  48  1  20
20  48  1  12
21  48  1  37
22  48  1  40
23  48  1  65
24  48  1  81
25  48  1  38
1  49  1  56
2  49  1  86
3  49  1  29
4  49  1  35
5  49  1  82
6  49  1  38
7  49  1  19
8  49  1  46
9  49  1  74
10  49  1  17
11  49  1  77
12  49  1  42
13  49  1  88
14  49  1  17
15  49  1  38
16  49  1  17
17  49  1  64
18  49  1  25
19  49  1  44
20  49  1  86
21  49  1  62
22  49  1  21
23  49  1  79
24  49  1  87
25  49  1  57
1  50  1  14
2  50  1  86
3  50  1  42
4  50  1  69
5  50  1  68
6  50  1  50
7  50  1  68
8  50  1  85
9  50  1  59
10  50  1  25
11  50  1  32
12  50  1  61
13  50  1  79
14  50  1  71
15  50  1  24
16  50  1  26
17  50  1  17
18  50  1  76
19  50  1  90
20  50  1  47
21  50  1  52
22  50  1  38
23  50  1  21
24  50  1  18
25  50  1  81
1  1  2  6.18
2  1  2  38.86
3  1  2  30.05
4  1  2  4.41
5  1  2  11.79
6  1  2  5.55
7  1  2  6.86
8  1  2  7.44
9  1  2  49.23
10  1  2  13.27
11  1  2  16.58
12  1  2  65.98
13  1  2  40.93
14  1  2  9.04
15  1  2  17.00
16  1  2  7.46
17  1  2  13.68
18  1  2  15.72
19  1  2  21.52
20  1  2  12.55
21  1  2  47.50
22  1  2  5.56
23  1  2  37.25
24  1  2  35.96
25  1  2  24.40
1  2  2  51.31
2  2  2  37.10
3  2  2  5.73
4  2  2  47.18
5  2  2  45.93
6  2  2  16.05
7  2  2  13.80
8  2  2  11.52
9  2  2  7.13
10  2  2  48.72
11  2  2  47.26
12  2  2  27.93
13  2  2  36.54
14  2  2  6.62
15  2  2  3.52
16  2  2  24.01
17  2  2  53.05
18  2  2  4.40
19  2  2  48.08
20  2  2  35.52
21  2  2  9.60
22  2  2  21.75
23  2  2  32.07
24  2  2  6.94
25  2  2  18.20
1  3  2  4.79
2  3  2  43.80
3  3  2  12.03
4  3  2  16.77
5  3  2  12.01
6  3  2  11.03
7  3  2  41.59
8  3  2  10.61
9  3  2  30.23
10  3  2  23.94
11  3  2  62.23
12  3  2  32.39
13  3  2  25.00
14  3  2  24.93
15  3  2  44.56
16  3  2  34.51
17  3  2  17.67
18  3  2  54.88
19  3  2  45.92
20  3  2  9.72
21  3  2  15.89
22  3  2  27.11
23  3  2  42.11
24  3  2  12.32
25  3  2  59.68
1  4  2  11.03
2  4  2  22.70
3  4  2  22.25
4  4  2  19.27
5  4  2  16.57
6  4  2  13.01
7  4  2  47.33
8  4  2  14.96
9  4  2  39.02
10  4  2  13.77
11  4  2  19.04
12  4  2  9.55
13  4  2  3.83
14  4  2  24.33
15  4  2  29.83
16  4  2  39.49
17  4  2  8.90
18  4  2  60.09
19  4  2  29.40
20  4  2  7.54
21  4  2  47.02
22  4  2  36.76
23  4  2  47.69
24  4  2  29.63
25  4  2  46.42
1  5  2  40.00
2  5  2  14.76
3  5  2  8.10
4  5  2  25.80
5  5  2  30.93
6  5  2  20.74
7  5  2  45.50
8  5  2  49.08
9  5  2  32.19
10  5  2  4.32
11  5  2  17.42
12  5  2  33.73
13  5  2  21.96
14  5  2  49.33
15  5  2  54.78
16  5  2  37.20
17  5  2  32.98
18  5  2  29.26
19  5  2  28.59
20  5  2  41.28
21  5  2  13.35
22  5  2  31.86
23  5  2  32.47
24  5  2  41.17
25  5  2  57.41
1  6  2  23.77
2  6  2  16.76
3  6  2  27.15
4  6  2  17.25
5  6  2  17.15
6  6  2  39.42
7  6  2  20.49
8  6  2  51.92
9  6  2  21.65
10  6  2  20.15
11  6  2  14.58
12  6  2  9.71
13  6  2  28.50
14  6  2  9.64
15  6  2  43.55
16  6  2  22.67
17  6  2  3.63
18  6  2  5.03
19  6  2  17.20
20  6  2  22.38
21  6  2  25.01
22  6  2  18.41
23  6  2  20.84
24  6  2  13.18
25  6  2  31.63
1  7  2  33.13
2  7  2  22.02
3  7  2  22.06
4  7  2  38.16
5  7  2  36.27
6  7  2  13.49
7  7  2  3.55
8  7  2  18.01
9  7  2  11.15
10  7  2  8.92
11  7  2  24.48
12  7  2  18.79
13  7  2  18.63
14  7  2  64.26
15  7  2  16.31
16  7  2  22.61
17  7  2  18.17
18  7  2  36.44
19  7  2  11.97
20  7  2  15.98
21  7  2  39.77
22  7  2  24.74
23  7  2  37.80
24  7  2  22.19
25  7  2  16.97
1  8  2  28.15
2  8  2  22.66
3  8  2  5.81
4  8  2  13.89
5  8  2  31.63
6  8  2  13.65
7  8  2  6.31
8  8  2  23.58
9  8  2  3.01
10  8  2  4.97
11  8  2  13.13
12  8  2  37.54
13  8  2  36.73
14  8  2  12.46
15  8  2  8.10
16  8  2  36.88
17  8  2  27.53
18  8  2  23.11
19  8  2  12.32
20  8  2  19.98
21  8  2  7.40
22  8  2  7.64
23  8  2  29.80
24  8  2  24.45
25  8  2  10.10
1  9  2  16.57
2  9  2  5.74
3  9  2  59.26
4  9  2  32.58
5  9  2  10.53
6  9  2  14.85
7  9  2  17.50
8  9  2  14.26
9  9  2  30.67
10  9  2  25.74
11  9  2  5.49
12  9  2  8.13
13  9  2  20.82
14  9  2  8.33
15  9  2  38.04
16  9  2  3.80
17  9  2  11.48
18  9  2  11.92
19  9  2  23.65
20  9  2  55.92
21  9  2  47.14
22  9  2  18.54
23  9  2  11.11
24  9  2  55.35
25  9  2  42.06
1  10  2  12.59
2  10  2  13.70
3  10  2  12.45
4  10  2  37.50
5  10  2  62.66
6  10  2  24.23
7  10  2  19.96
8  10  2  22.83
9  10  2  11.89
10  10  2  35.60
11  10  2  62.15
12  10  2  18.82
13  10  2  14.17
14  10  2  44.95
15  10  2  17.12
16  10  2  28.25
17  10  2  9.25
18  10  2  25.14
19  10  2  33.11
20  10  2  9.51
21  10  2  28.89
22  10  2  21.10
23  10  2  20.98
24  10  2  29.97
25  10  2  53.46
1  11  2  13.25
2  11  2  22.64
3  11  2  13.14
4  11  2  20.72
5  11  2  20.13
6  11  2  29.02
7  11  2  20.93
8  11  2  16.70
9  11  2  29.75
10  11  2  21.18
11  11  2  53.66
12  11  2  23.32
13  11  2  35.20
14  11  2  31.63
15  11  2  17.29
16  11  2  47.98
17  11  2  60.27
18  11  2  23.66
19  11  2  17.62
20  11  2  25.70
21  11  2  62.85
22  11  2  31.97
23  11  2  53.62
24  11  2  15.46
25  11  2  63.78
1  12  2  34.52
2  12  2  21.62
3  12  2  2.57
4  12  2  36.17
5  12  2  23.76
6  12  2  42.71
7  12  2  17.51
8  12  2  17.99
9  12  2  8.77
10  12  2  61.02
11  12  2  23.39
12  12  2  53.02
13  12  2  10.06
14  12  2  48.89
15  12  2  9.95
16  12  2  7.97
17  12  2  21.06
18  12  2  14.99
19  12  2  8.85
20  12  2  40.84
21  12  2  17.16
22  12  2  20.51
23  12  2  42.90
24  12  2  5.20
25  12  2  12.60
1  13  2  19.03
2  13  2  26.78
3  13  2  32.99
4  13  2  10.30
5  13  2  17.67
6  13  2  66.94
7  13  2  16.67
8  13  2  41.52
9  13  2  9.32
10  13  2  17.89
11  13  2  18.24
12  13  2  8.59
13  13  2  15.85
14  13  2  54.70
15  13  2  35.19
16  13  2  26.68
17  13  2  21.22
18  13  2  5.57
19  13  2  39.61
20  13  2  11.46
21  13  2  11.60
22  13  2  10.25
23  13  2  47.46
24  13  2  47.38
25  13  2  10.25
1  14  2  18.77
2  14  2  17.07
3  14  2  12.21
4  14  2  11.99
5  14  2  23.73
6  14  2  30.36
7  14  2  49.31
8  14  2  18.11
9  14  2  6.76
10  14  2  19.99
11  14  2  12.31
12  14  2  9.79
13  14  2  34.61
14  14  2  13.39
15  14  2  20.14
16  14  2  7.54
17  14  2  50.31
18  14  2  8.95
19  14  2  44.10
20  14  2  29.88
21  14  2  8.81
22  14  2  16.25
23  14  2  21.60
24  14  2  18.25
25  14  2  12.12
1  15  2  5.00
2  15  2  13.02
3  15  2  12.48
4  15  2  29.08
5  15  2  33.17
6  15  2  29.77
7  15  2  40.92
8  15  2  9.84
9  15  2  9.04
10  15  2  14.58
11  15  2  17.77
12  15  2  13.84
13  15  2  37.65
14  15  2  29.76
15  15  2  15.40
16  15  2  60.79
17  15  2  15.82
18  15  2  26.90
19  15  2  8.60
20  15  2  63.60
21  15  2  4.48
22  15  2  41.46
23  15  2  3.65
24  15  2  15.87
25  15  2  38.90
1  16  2  20.13
2  16  2  52.60
3  16  2  48.56
4  16  2  20.07
5  16  2  6.78
6  16  2  44.43
7  16  2  11.63
8  16  2  9.66
9  16  2  12.82
10  16  2  9.87
11  16  2  25.09
12  16  2  36.15
13  16  2  17.58
14  16  2  14.91
15  16  2  15.77
16  16  2  47.58
17  16  2  19.19
18  16  2  32.59
19  16  2  35.16
20  16  2  54.12
21  16  2  10.31
22  16  2  18.48
23  16  2  25.37
24  16  2  11.37
25  16  2  17.26
1  17  2  21.87
2  17  2  24.12
3  17  2  25.21
4  17  2  7.16
5  17  2  35.75
6  17  2  19.93
7  17  2  14.72
8  17  2  57.16
9  17  2  25.26
10  17  2  38.31
11  17  2  34.13
12  17  2  15.03
13  17  2  6.43
14  17  2  13.42
15  17  2  38.16
16  17  2  12.76
17  17  2  7.20
18  17  2  5.74
19  17  2  35.87
20  17  2  45.15
21  17  2  8.12
22  17  2  24.55
23  17  2  16.79
24  17  2  28.98
25  17  2  28.66
1  18  2  27.19
2  18  2  23.61
3  18  2  49.75
4  18  2  36.64
5  18  2  11.78
6  18  2  9.25
7  18  2  9.48
8  18  2  9.60
9  18  2  15.43
10  18  2  12.87
11  18  2  10.09
12  18  2  47.12
13  18  2  22.13
14  18  2  47.50
15  18  2  7.71
16  18  2  22.11
17  18  2  13.29
18  18  2  31.36
19  18  2  28.13
20  18  2  8.02
21  18  2  18.85
22  18  2  3.61
23  18  2  15.79
24  18  2  8.70
25  18  2  25.76
1  19  2  25.89
2  19  2  9.72
3  19  2  22.10
4  19  2  16.51
5  19  2  10.81
6  19  2  34.41
7  19  2  7.33
8  19  2  33.94
9  19  2  14.84
10  19  2  8.26
11  19  2  14.82
12  19  2  27.01
13  19  2  8.95
14  19  2  11.78
15  19  2  45.25
16  19  2  28.70
17  19  2  26.24
18  19  2  9.19
19  19  2  41.15
20  19  2  43.41
21  19  2  6.35
22  19  2  18.19
23  19  2  69.16
24  19  2  13.92
25  19  2  18.65
1  20  2  20.89
2  20  2  21.39
3  20  2  6.06
4  20  2  42.27
5  20  2  14.13
6  20  2  5.81
7  20  2  35.45
8  20  2  41.36
9  20  2  12.88
10  20  2  24.36
11  20  2  6.93
12  20  2  54.51
13  20  2  3.40
14  20  2  54.45
15  20  2  45.94
16  20  2  31.46
17  20  2  12.72
18  20  2  26.97
19  20  2  22.79
20  20  2  23.97
21  20  2  34.55
22  20  2  7.26
23  20  2  44.23
24  20  2  31.32
25  20  2  15.95
1  21  2  17.75
2  21  2  25.99
3  21  2  5.65
4  21  2  3.78
5  21  2  20.29
6  21  2  15.18
7  21  2  53.32
8  21  2  16.32
9  21  2  63.76
10  21  2  7.80
11  21  2  10.64
12  21  2  26.90
13  21  2  14.56
14  21  2  7.24
15  21  2  5.14
16  21  2  17.83
17  21  2  20.23
18  21  2  40.97
19  21  2  29.48
20  21  2  16.47
21  21  2  58.30
22  21  2  18.28
23  21  2  13.75
24  21  2  32.87
25  21  2  34.97
1  22  2  38.36
2  22  2  31.47
3  22  2  47.29
4  22  2  33.18
5  22  2  24.02
6  22  2  53.19
7  22  2  10.94
8  22  2  20.88
9  22  2  18.10
10  22  2  16.21
11  22  2  63.73
12  22  2  4.97
13  22  2  40.22
14  22  2  47.38
15  22  2  12.38
16  22  2  25.34
17  22  2  19.58
18  22  2  16.72
19  22  2  52.81
20  22  2  24.62
21  22  2  41.02
22  22  2  37.65
23  22  2  9.15
24  22  2  7.41
25  22  2  27.84
1  23  2  29.32
2  23  2  13.01
3  23  2  23.31
4  23  2  30.41
5  23  2  30.82
6  23  2  7.47
7  23  2  26.08
8  23  2  5.18
9  23  2  4.15
10  23  2  13.41
11  23  2  11.76
12  23  2  5.99
13  23  2  35.18
14  23  2  17.44
15  23  2  39.14
16  23  2  20.53
17  23  2  27.83
18  23  2  15.89
19  23  2  56.58
20  23  2  42.21
21  23  2  27.29
22  23  2  22.57
23  23  2  37.18
24  23  2  24.85
25  23  2  49.45
1  24  2  8.70
2  24  2  29.94
3  24  2  10.16
4  24  2  43.25
5  24  2  22.52
6  24  2  30.94
7  24  2  8.77
8  24  2  5.12
9  24  2  7.46
10  24  2  50.29
11  24  2  33.74
12  24  2  9.37
13  24  2  9.27
14  24  2  52.34
15  24  2  20.14
16  24  2  28.67
17  24  2  38.99
18  24  2  23.63
19  24  2  47.84
20  24  2  7.08
21  24  2  22.40
22  24  2  10.35
23  24  2  30.92
24  24  2  32.41
25  24  2  59.76
1  25  2  17.75
2  25  2  14.81
3  25  2  15.41
4  25  2  22.84
5  25  2  23.99
6  25  2  24.74
7  25  2  24.16
8  25  2  6.63
9  25  2  21.30
10  25  2  34.63
11  25  2  15.09
12  25  2  41.87
13  25  2  29.12
14  25  2  23.40
15  25  2  32.17
16  25  2  25.55
17  25  2  39.53
18  25  2  13.83
19  25  2  31.25
20  25  2  46.35
21  25  2  53.23
22  25  2  57.28
23  25  2  30.08
24  25  2  3.98
25  25  2  21.58
1  26  2  16.79
2  26  2  44.94
3  26  2  43.46
4  26  2  11.92
5  26  2  28.02
6  26  2  24.86
7  26  2  19.52
8  26  2  34.69
9  26  2  23.92
10  26  2  32.64
11  26  2  15.54
12  26  2  11.56
13  26  2  12.13
14  26  2  6.65
15  26  2  14.09
16  26  2  36.44
17  26  2  18.79
18  26  2  40.86
19  26  2  5.15
20  26  2  28.72
21  26  2  25.27
22  26  2  22.27
23  26  2  10.36
24  26  2  43.47
25  26  2  48.57
1  27  2  14.44
2  27  2  5.96
3  27  2  39.29
4  27  2  8.95
5  27  2  12.55
6  27  2  13.18
7  27  2  24.57
8  27  2  38.15
9  27  2  31.65
10  27  2  7.21
11  27  2  18.29
12  27  2  40.29
13  27  2  20.26
14  27  2  34.60
15  27  2  7.28
16  27  2  13.46
17  27  2  35.80
18  27  2  29.42
19  27  2  34.42
20  27  2  14.87
21  27  2  40.94
22  27  2  4.77
23  27  2  32.77
24  27  2  17.70
25  27  2  8.81
1  28  2  26.66
2  28  2  20.92
3  28  2  6.68
4  28  2  19.69
5  28  2  49.53
6  28  2  26.89
7  28  2  9.83
8  28  2  26.08
9  28  2  10.63
10  28  2  2.46
11  28  2  26.34
12  28  2  32.87
13  28  2  17.44
14  28  2  37.78
15  28  2  23.38
16  28  2  22.82
17  28  2  2.72
18  28  2  11.72
19  28  2  27.07
20  28  2  10.13
21  28  2  51.96
22  28  2  42.39
23  28  2  41.52
24  28  2  3.50
25  28  2  16.77
1  29  2  65.52
2  29  2  29.12
3  29  2  21.91
4  29  2  11.29
5  29  2  13.97
6  29  2  9.68
7  29  2  20.19
8  29  2  18.37
9  29  2  17.45
10  29  2  14.75
11  29  2  47.39
12  29  2  27.02
13  29  2  9.29
14  29  2  36.00
15  29  2  55.12
16  29  2  4.68
17  29  2  32.56
18  29  2  7.93
19  29  2  11.31
20  29  2  19.78
21  29  2  14.49
22  29  2  35.54
23  29  2  14.37
24  29  2  35.45
25  29  2  27.37
1  30  2  15.37
2  30  2  57.08
3  30  2  4.57
4  30  2  28.33
5  30  2  26.26
6  30  2  10.79
7  30  2  10.31
8  30  2  24.03
9  30  2  13.58
10  30  2  16.49
11  30  2  53.18
12  30  2  11.08
13  30  2  24.00
14  30  2  13.72
15  30  2  44.42
16  30  2  35.37
17  30  2  13.00
18  30  2  7.83
19  30  2  17.33
20  30  2  31.72
21  30  2  47.44
22  30  2  37.89
23  30  2  23.43
24  30  2  23.90
25  30  2  25.65
1  31  2  39.99
2  31  2  28.04
3  31  2  52.60
4  31  2  21.50
5  31  2  16.34
6  31  2  16.35
7  31  2  30.08
8  31  2  6.74
9  31  2  10.36
10  31  2  38.15
11  31  2  26.98
12  31  2  50.63
13  31  2  30.13
14  31  2  25.76
15  31  2  52.05
16  31  2  44.08
17  31  2  22.03
18  31  2  18.73
19  31  2  18.58
20  31  2  67.23
21  31  2  44.75
22  31  2  38.60
23  31  2  51.30
24  31  2  19.27
25  31  2  59.16
1  32  2  15.45
2  32  2  54.78
3  32  2  54.74
4  32  2  6.34
5  32  2  7.15
6  32  2  41.13
7  32  2  13.92
8  32  2  24.40
9  32  2  5.12
10  32  2  32.39
11  32  2  14.13
12  32  2  28.42
13  32  2  7.98
14  32  2  16.05
15  32  2  14.53
16  32  2  5.84
17  32  2  21.45
18  32  2  31.11
19  32  2  22.11
20  32  2  20.75
21  32  2  31.45
22  32  2  6.23
23  32  2  45.41
24  32  2  21.29
25  32  2  38.42
1  33  2  6.85
2  33  2  34.15
3  33  2  39.94
4  33  2  13.93
5  33  2  17.39
6  33  2  17.62
7  33  2  33.07
8  33  2  57.70
9  33  2  34.01
10  33  2  22.58
11  33  2  44.15
12  33  2  16.15
13  33  2  7.17
14  33  2  3.81
15  33  2  17.15
16  33  2  32.28
17  33  2  11.40
18  33  2  31.14
19  33  2  29.41
20  33  2  31.43
21  33  2  37.33
22  33  2  45.09
23  33  2  38.14
24  33  2  15.79
25  33  2  10.79
1  34  2  52.83
2  34  2  36.32
3  34  2  15.33
4  34  2  48.38
5  34  2  5.53
6  34  2  47.82
7  34  2  36.46
8  34  2  13.08
9  34  2  19.70
10  34  2  30.62
11  34  2  13.75
12  34  2  28.06
13  34  2  26.07
14  34  2  41.10
15  34  2  19.71
16  34  2  15.63
17  34  2  5.45
18  34  2  7.91
19  34  2  17.67
20  34  2  8.37
21  34  2  44.45
22  34  2  10.69
23  34  2  17.54
24  34  2  37.68
25  34  2  17.88
1  35  2  12.37
2  35  2  10.74
3  35  2  37.68
4  35  2  16.65
5  35  2  31.37
6  35  2  29.95
7  35  2  33.87
8  35  2  13.49
9  35  2  64.87
10  35  2  13.50
11  35  2  15.99
12  35  2  46.54
13  35  2  28.58
14  35  2  50.59
15  35  2  23.45
16  35  2  33.25
17  35  2  6.73
18  35  2  24.21
19  35  2  22.72
20  35  2  23.94
21  35  2  8.60
22  35  2  18.17
23  35  2  15.39
24  35  2  49.91
25  35  2  17.20
1  36  2  20.98
2  36  2  2.84
3  36  2  32.88
4  36  2  12.75
5  36  2  19.04
6  36  2  6.06
7  36  2  31.63
8  36  2  18.36
9  36  2  14.05
10  36  2  58.21
11  36  2  5.06
12  36  2  4.17
13  36  2  30.94
14  36  2  13.79
15  36  2  30.25
16  36  2  44.35
17  36  2  6.76
18  36  2  10.38
19  36  2  8.02
20  36  2  41.88
21  36  2  32.84
22  36  2  30.78
23  36  2  22.89
24  36  2  13.54
25  36  2  35.33
1  37  2  7.27
2  37  2  42.14
3  37  2  36.55
4  37  2  32.96
5  37  2  14.92
6  37  2  26.57
7  37  2  25.11
8  37  2  42.88
9  37  2  19.05
10  37  2  35.38
11  37  2  11.84
12  37  2  28.33
13  37  2  18.74
14  37  2  45.24
15  37  2  37.69
16  37  2  6.45
17  37  2  10.60
18  37  2  10.06
19  37  2  7.09
20  37  2  10.04
21  37  2  10.63
22  37  2  17.41
23  37  2  17.26
24  37  2  43.87
25  37  2  20.94
1  38  2  54.37
2  38  2  10.49
3  38  2  15.54
4  38  2  31.16
5  38  2  6.64
6  38  2  19.87
7  38  2  5.46
8  38  2  8.53
9  38  2  7.19
10  38  2  46.01
11  38  2  12.86
12  38  2  38.87
13  38  2  16.65
14  38  2  17.68
15  38  2  27.59
16  38  2  42.54
17  38  2  14.85
18  38  2  47.96
19  38  2  24.53
20  38  2  11.73
21  38  2  4.36
22  38  2  39.21
23  38  2  31.68
24  38  2  13.52
25  38  2  16.39
1  39  2  5.90
2  39  2  23.71
3  39  2  15.99
4  39  2  42.06
5  39  2  24.78
6  39  2  15.57
7  39  2  5.45
8  39  2  29.68
9  39  2  5.87
10  39  2  23.34
11  39  2  42.01
12  39  2  8.67
13  39  2  21.38
14  39  2  18.70
15  39  2  23.90
16  39  2  17.79
17  39  2  30.20
18  39  2  47.90
19  39  2  27.85
20  39  2  31.28
21  39  2  16.89
22  39  2  27.11
23  39  2  50.11
24  39  2  11.85
25  39  2  34.33
1  40  2  24.35
2  40  2  25.36
3  40  2  49.79
4  40  2  29.53
5  40  2  21.04
6  40  2  20.86
7  40  2  58.16
8  40  2  12.83
9  40  2  38.90
10  40  2  57.04
11  40  2  35.45
12  40  2  48.06
13  40  2  50.45
14  40  2  12.18
15  40  2  6.76
16  40  2  23.23
17  40  2  8.26
18  40  2  15.19
19  40  2  14.54
20  40  2  6.95
21  40  2  12.60
22  40  2  35.62
23  40  2  17.07
24  40  2  27.48
25  40  2  57.36
1  41  2  14.41
2  41  2  29.93
3  41  2  43.37
4  41  2  31.02
5  41  2  8.03
6  41  2  2.78
7  41  2  11.35
8  41  2  4.60
9  41  2  32.55
10  41  2  37.70
11  41  2  31.35
12  41  2  29.68
13  41  2  46.67
14  41  2  23.53
15  41  2  12.01
16  41  2  21.89
17  41  2  21.21
18  41  2  17.47
19  41  2  5.86
20  41  2  17.11
21  41  2  17.82
22  41  2  16.30
23  41  2  20.31
24  41  2  10.04
25  41  2  26.33
1  42  2  45.41
2  42  2  21.61
3  42  2  13.11
4  42  2  4.44
5  42  2  30.40
6  42  2  27.56
7  42  2  36.93
8  42  2  16.95
9  42  2  63.16
10  42  2  61.16
11  42  2  31.58
12  42  2  21.64
13  42  2  32.62
14  42  2  53.08
15  42  2  28.08
16  42  2  44.53
17  42  2  16.33
18  42  2  70.48
19  42  2  14.17
20  42  2  9.93
21  42  2  24.94
22  42  2  19.73
23  42  2  62.32
24  42  2  25.59
25  42  2  38.50
1  43  2  9.62
2  43  2  28.04
3  43  2  7.13
4  43  2  7.08
5  43  2  34.79
6  43  2  19.06
7  43  2  32.05
8  43  2  42.83
9  43  2  62.23
10  43  2  16.20
11  43  2  18.44
12  43  2  43.87
13  43  2  24.04
14  43  2  58.28
15  43  2  18.63
16  43  2  24.45
17  43  2  37.13
18  43  2  38.70
19  43  2  4.13
20  43  2  43.68
21  43  2  17.05
22  43  2  4.41
23  43  2  11.22
24  43  2  7.19
25  43  2  8.42
1  44  2  60.61
2  44  2  7.36
3  44  2  47.61
4  44  2  17.00
5  44  2  7.30
6  44  2  18.63
7  44  2  32.02
8  44  2  12.73
9  44  2  10.77
10  44  2  39.52
11  44  2  17.51
12  44  2  14.51
13  44  2  29.02
14  44  2  7.87
15  44  2  7.05
16  44  2  7.20
17  44  2  24.41
18  44  2  20.13
19  44  2  40.55
20  44  2  9.78
21  44  2  68.89
22  44  2  49.66
23  44  2  32.25
24  44  2  6.55
25  44  2  16.25
1  45  2  32.08
2  45  2  24.14
3  45  2  20.57
4  45  2  56.28
5  45  2  23.04
6  45  2  50.23
7  45  2  32.80
8  45  2  26.46
9  45  2  49.34
10  45  2  15.16
11  45  2  19.92
12  45  2  21.02
13  45  2  51.09
14  45  2  62.14
15  45  2  43.00
16  45  2  47.18
17  45  2  47.43
18  45  2  7.69
19  45  2  35.35
20  45  2  25.35
21  45  2  25.81
22  45  2  9.47
23  45  2  17.50
24  45  2  64.14
25  45  2  22.61
1  46  2  43.32
2  46  2  45.78
3  46  2  3.99
4  46  2  39.53
5  46  2  14.97
6  46  2  24.10
7  46  2  10.82
8  46  2  36.53
9  46  2  23.11
10  46  2  15.67
11  46  2  18.32
12  46  2  16.91
13  46  2  30.76
14  46  2  20.22
15  46  2  31.15
16  46  2  20.95
17  46  2  7.74
18  46  2  32.79
19  46  2  40.58
20  46  2  10.92
21  46  2  23.16
22  46  2  35.19
23  46  2  4.64
24  46  2  14.34
25  46  2  56.18
1  47  2  15.32
2  47  2  43.78
3  47  2  48.80
4  47  2  42.69
5  47  2  27.88
6  47  2  10.38
7  47  2  55.63
8  47  2  11.85
9  47  2  54.90
10  47  2  11.32
11  47  2  57.28
12  47  2  28.79
13  47  2  11.59
14  47  2  8.98
15  47  2  7.27
16  47  2  52.15
17  47  2  6.40
18  47  2  43.95
19  47  2  16.52
20  47  2  32.66
21  47  2  30.56
22  47  2  9.77
23  47  2  7.84
24  47  2  55.08
25  47  2  28.57
1  48  2  7.08
2  48  2  57.66
3  48  2  36.27
4  48  2  24.58
5  48  2  42.36
6  48  2  6.13
7  48  2  13.42
8  48  2  6.01
9  48  2  44.01
10  48  2  28.48
11  48  2  17.40
12  48  2  11.26
13  48  2  49.77
14  48  2  39.25
15  48  2  15.42
16  48  2  12.99
17  48  2  46.02
18  48  2  54.86
19  48  2  6.10
20  48  2  7.30
21  48  2  26.01
22  48  2  8.32
23  48  2  37.67
24  48  2  27.45
25  48  2  12.78
1  49  2  19.74
2  49  2  62.88
3  49  2  13.09
4  49  2  24.75
5  49  2  56.56
6  49  2  14.68
7  49  2  3.82
8  49  2  12.52
9  49  2  31.13
10  49  2  6.81
11  49  2  40.09
12  49  2  17.65
13  49  2  22.55
14  49  2  3.59
15  49  2  14.99
16  49  2  7.19
17  49  2  18.34
18  49  2  7.50
19  49  2  32.85
20  49  2  26.43
21  49  2  14.67
22  49  2  6.07
23  49  2  32.96
24  49  2  58.16
25  49  2  42.81
1  50  2  6.16
2  50  2  40.44
3  50  2  22.01
4  50  2  30.35
5  50  2  37.01
6  50  2  22.79
7  50  2  26.11
8  50  2  51.45
9  50  2  26.29
10  50  2  7.72
11  50  2  21.37
12  50  2  46.00
13  50  2  18.53
14  50  2  52.60
15  50  2  12.81
16  50  2  13.62
17  50  2  7.16
18  50  2  23.42
19  50  2  32.56
20  50  2  16.05
21  50  2  16.80
22  50  2  21.69
23  50  2  10.67
24  50  2  10.92
25  50  2  38.94
;

