param com_measure1 := 0.61118;

param com_measure2 := 0.96518;

param kappa_max := 632.4525;

param U_tau := 505.5621;

param nT := 2;

param nS := 200;

param nL := 15;

param B := 566.27;

param w :=
1  2
2  1
3  1
4  3
5  1
6  1
7  3
8  2
9  1
10  3
11  2
12  2
13  1
14  3
15  1
;

param h :=
1  1  0
1  2  0
1  3  0
1  4  0
1  5  0
1  6  0
1  7  0
1  8  0
1  9  0
1  10  0
1  11  0
1  12  0
1  13  0
1  14  0
1  15  0
2  1  70.95
2  2  74.85
2  3  75.27
2  4  75.06
2  5  74.54
2  6  76.19
2  7  72.68
2  8  77.51
2  9  76.42
2  10  75.94
2  11  73.83
2  12  74.46
2  13  78.21
2  14  80.64
2  15  76.01
;

param xi :=
1  1  1  43
2  1  1  11
3  1  1  54
4  1  1  47
5  1  1  64
6  1  1  43
7  1  1  65
8  1  1  42
9  1  1  71
10  1  1  51
11  1  1  77
12  1  1  76
13  1  1  73
14  1  1  51
15  1  1  79
1  2  1  86
2  2  1  62
3  2  1  40
4  2  1  59
5  2  1  41
6  2  1  69
7  2  1  23
8  2  1  85
9  2  1  85
10  2  1  69
11  2  1  39
12  2  1  34
13  2  1  71
14  2  1  27
15  2  1  59
1  3  1  66
2  3  1  73
3  3  1  15
4  3  1  10
5  3  1  72
6  3  1  62
7  3  1  39
8  3  1  90
9  3  1  45
10  3  1  87
11  3  1  16
12  3  1  83
13  3  1  53
14  3  1  47
15  3  1  59
1  4  1  73
2  4  1  18
3  4  1  41
4  4  1  22
5  4  1  47
6  4  1  90
7  4  1  52
8  4  1  27
9  4  1  54
10  4  1  37
11  4  1  84
12  4  1  70
13  4  1  30
14  4  1  78
15  4  1  13
1  5  1  41
2  5  1  24
3  5  1  84
4  5  1  60
5  5  1  37
6  5  1  77
7  5  1  67
8  5  1  43
9  5  1  53
10  5  1  56
11  5  1  26
12  5  1  16
13  5  1  48
14  5  1  18
15  5  1  77
1  6  1  33
2  6  1  85
3  6  1  17
4  6  1  23
5  6  1  86
6  6  1  83
7  6  1  59
8  6  1  60
9  6  1  45
10  6  1  85
11  6  1  25
12  6  1  52
13  6  1  15
14  6  1  59
15  6  1  76
1  7  1  79
2  7  1  86
3  7  1  29
4  7  1  75
5  7  1  32
6  7  1  54
7  7  1  65
8  7  1  36
9  7  1  14
10  7  1  22
11  7  1  85
12  7  1  81
13  7  1  40
14  7  1  77
15  7  1  88
1  8  1  20
2  8  1  46
3  8  1  73
4  8  1  13
5  8  1  34
6  8  1  14
7  8  1  12
8  8  1  84
9  8  1  53
10  8  1  39
11  8  1  45
12  8  1  78
13  8  1  27
14  8  1  27
15  8  1  67
1  9  1  33
2  9  1  68
3  9  1  10
4  9  1  22
5  9  1  41
6  9  1  36
7  9  1  23
8  9  1  76
9  9  1  18
10  9  1  45
11  9  1  58
12  9  1  22
13  9  1  38
14  9  1  51
15  9  1  31
1  10  1  60
2  10  1  42
3  10  1  26
4  10  1  46
5  10  1  24
6  10  1  74
7  10  1  48
8  10  1  88
9  10  1  80
10  10  1  75
11  10  1  50
12  10  1  37
13  10  1  26
14  10  1  40
15  10  1  40
1  11  1  52
2  11  1  46
3  11  1  63
4  11  1  43
5  11  1  40
6  11  1  59
7  11  1  33
8  11  1  58
9  11  1  40
10  11  1  21
11  11  1  52
12  11  1  39
13  11  1  49
14  11  1  62
15  11  1  70
1  12  1  78
2  12  1  84
3  12  1  16
4  12  1  60
5  12  1  43
6  12  1  67
7  12  1  88
8  12  1  52
9  12  1  33
10  12  1  26
11  12  1  38
12  12  1  80
13  12  1  82
14  12  1  25
15  12  1  45
1  13  1  11
2  13  1  17
3  13  1  85
4  13  1  71
5  13  1  44
6  13  1  34
7  13  1  15
8  13  1  46
9  13  1  70
10  13  1  28
11  13  1  10
12  13  1  54
13  13  1  82
14  13  1  72
15  13  1  87
1  14  1  13
2  14  1  18
3  14  1  15
4  14  1  71
5  14  1  71
6  14  1  85
7  14  1  60
8  14  1  61
9  14  1  28
10  14  1  58
11  14  1  78
12  14  1  15
13  14  1  84
14  14  1  13
15  14  1  71
1  15  1  35
2  15  1  33
3  15  1  79
4  15  1  61
5  15  1  28
6  15  1  50
7  15  1  12
8  15  1  62
9  15  1  31
10  15  1  79
11  15  1  83
12  15  1  12
13  15  1  62
14  15  1  51
15  15  1  64
1  16  1  74
2  16  1  10
3  16  1  21
4  16  1  73
5  16  1  20
6  16  1  64
7  16  1  66
8  16  1  65
9  16  1  46
10  16  1  65
11  16  1  80
12  16  1  52
13  16  1  87
14  16  1  19
15  16  1  24
1  17  1  22
2  17  1  78
3  17  1  32
4  17  1  15
5  17  1  18
6  17  1  55
7  17  1  23
8  17  1  15
9  17  1  58
10  17  1  34
11  17  1  71
12  17  1  55
13  17  1  90
14  17  1  85
15  17  1  58
1  18  1  37
2  18  1  45
3  18  1  79
4  18  1  84
5  18  1  63
6  18  1  67
7  18  1  72
8  18  1  78
9  18  1  52
10  18  1  73
11  18  1  73
12  18  1  78
13  18  1  83
14  18  1  33
15  18  1  24
1  19  1  40
2  19  1  63
3  19  1  21
4  19  1  22
5  19  1  63
6  19  1  50
7  19  1  87
8  19  1  19
9  19  1  11
10  19  1  61
11  19  1  48
12  19  1  62
13  19  1  60
14  19  1  86
15  19  1  81
1  20  1  43
2  20  1  73
3  20  1  87
4  20  1  37
5  20  1  29
6  20  1  59
7  20  1  76
8  20  1  15
9  20  1  30
10  20  1  70
11  20  1  78
12  20  1  69
13  20  1  24
14  20  1  23
15  20  1  20
1  21  1  39
2  21  1  79
3  21  1  56
4  21  1  62
5  21  1  88
6  21  1  39
7  21  1  52
8  21  1  34
9  21  1  65
10  21  1  56
11  21  1  88
12  21  1  51
13  21  1  79
14  21  1  13
15  21  1  22
1  22  1  23
2  22  1  40
3  22  1  47
4  22  1  60
5  22  1  50
6  22  1  69
7  22  1  33
8  22  1  46
9  22  1  27
10  22  1  16
11  22  1  85
12  22  1  50
13  22  1  14
14  22  1  73
15  22  1  68
1  23  1  77
2  23  1  14
3  23  1  44
4  23  1  10
5  23  1  25
6  23  1  35
7  23  1  39
8  23  1  10
9  23  1  31
10  23  1  78
11  23  1  39
12  23  1  53
13  23  1  50
14  23  1  62
15  23  1  21
1  24  1  31
2  24  1  70
3  24  1  20
4  24  1  35
5  24  1  39
6  24  1  30
7  24  1  64
8  24  1  10
9  24  1  85
10  24  1  11
11  24  1  33
12  24  1  25
13  24  1  88
14  24  1  73
15  24  1  79
1  25  1  42
2  25  1  55
3  25  1  27
4  25  1  24
5  25  1  51
6  25  1  66
7  25  1  86
8  25  1  35
9  25  1  79
10  25  1  84
11  25  1  22
12  25  1  72
13  25  1  52
14  25  1  56
15  25  1  87
1  26  1  23
2  26  1  66
3  26  1  44
4  26  1  50
5  26  1  18
6  26  1  17
7  26  1  49
8  26  1  46
9  26  1  43
10  26  1  70
11  26  1  79
12  26  1  68
13  26  1  54
14  26  1  69
15  26  1  47
1  27  1  39
2  27  1  31
3  27  1  54
4  27  1  40
5  27  1  16
6  27  1  65
7  27  1  46
8  27  1  47
9  27  1  87
10  27  1  31
11  27  1  34
12  27  1  78
13  27  1  15
14  27  1  69
15  27  1  62
1  28  1  11
2  28  1  32
3  28  1  87
4  28  1  70
5  28  1  45
6  28  1  86
7  28  1  25
8  28  1  21
9  28  1  19
10  28  1  38
11  28  1  50
12  28  1  49
13  28  1  52
14  28  1  86
15  28  1  34
1  29  1  33
2  29  1  59
3  29  1  79
4  29  1  11
5  29  1  43
6  29  1  46
7  29  1  58
8  29  1  42
9  29  1  26
10  29  1  81
11  29  1  32
12  29  1  26
13  29  1  51
14  29  1  60
15  29  1  34
1  30  1  53
2  30  1  80
3  30  1  66
4  30  1  22
5  30  1  75
6  30  1  39
7  30  1  71
8  30  1  83
9  30  1  53
10  30  1  72
11  30  1  29
12  30  1  46
13  30  1  63
14  30  1  72
15  30  1  35
1  31  1  58
2  31  1  51
3  31  1  79
4  31  1  66
5  31  1  82
6  31  1  79
7  31  1  63
8  31  1  39
9  31  1  28
10  31  1  46
11  31  1  58
12  31  1  82
13  31  1  78
14  31  1  60
15  31  1  22
1  32  1  64
2  32  1  50
3  32  1  36
4  32  1  11
5  32  1  14
6  32  1  41
7  32  1  77
8  32  1  36
9  32  1  27
10  32  1  55
11  32  1  62
12  32  1  63
13  32  1  66
14  32  1  90
15  32  1  79
1  33  1  77
2  33  1  29
3  33  1  28
4  33  1  12
5  33  1  52
6  33  1  38
7  33  1  64
8  33  1  28
9  33  1  83
10  33  1  40
11  33  1  42
12  33  1  59
13  33  1  78
14  33  1  74
15  33  1  33
1  34  1  56
2  34  1  70
3  34  1  44
4  34  1  73
5  34  1  26
6  34  1  12
7  34  1  75
8  34  1  42
9  34  1  41
10  34  1  43
11  34  1  22
12  34  1  55
13  34  1  16
14  34  1  84
15  34  1  85
1  35  1  69
2  35  1  85
3  35  1  21
4  35  1  59
5  35  1  82
6  35  1  75
7  35  1  12
8  35  1  25
9  35  1  67
10  35  1  69
11  35  1  86
12  35  1  22
13  35  1  30
14  35  1  63
15  35  1  56
1  36  1  77
2  36  1  72
3  36  1  20
4  36  1  57
5  36  1  16
6  36  1  47
7  36  1  71
8  36  1  66
9  36  1  27
10  36  1  81
11  36  1  18
12  36  1  15
13  36  1  50
14  36  1  63
15  36  1  33
1  37  1  63
2  37  1  64
3  37  1  85
4  37  1  25
5  37  1  45
6  37  1  55
7  37  1  27
8  37  1  71
9  37  1  70
10  37  1  78
11  37  1  73
12  37  1  39
13  37  1  25
14  37  1  11
15  37  1  48
1  38  1  84
2  38  1  82
3  38  1  16
4  38  1  47
5  38  1  59
6  38  1  51
7  38  1  18
8  38  1  81
9  38  1  22
10  38  1  86
11  38  1  17
12  38  1  63
13  38  1  71
14  38  1  51
15  38  1  45
1  39  1  62
2  39  1  61
3  39  1  51
4  39  1  22
5  39  1  46
6  39  1  45
7  39  1  76
8  39  1  81
9  39  1  34
10  39  1  50
11  39  1  30
12  39  1  42
13  39  1  39
14  39  1  62
15  39  1  75
1  40  1  84
2  40  1  82
3  40  1  79
4  40  1  29
5  40  1  18
6  40  1  28
7  40  1  74
8  40  1  38
9  40  1  53
10  40  1  74
11  40  1  70
12  40  1  10
13  40  1  65
14  40  1  30
15  40  1  43
1  41  1  21
2  41  1  31
3  41  1  14
4  41  1  29
5  41  1  25
6  41  1  44
7  41  1  60
8  41  1  33
9  41  1  82
10  41  1  26
11  41  1  48
12  41  1  80
13  41  1  35
14  41  1  54
15  41  1  38
1  42  1  82
2  42  1  85
3  42  1  43
4  42  1  66
5  42  1  51
6  42  1  77
7  42  1  25
8  42  1  29
9  42  1  18
10  42  1  38
11  42  1  17
12  42  1  43
13  42  1  81
14  42  1  74
15  42  1  74
1  43  1  78
2  43  1  18
3  43  1  75
4  43  1  20
5  43  1  67
6  43  1  17
7  43  1  66
8  43  1  62
9  43  1  43
10  43  1  53
11  43  1  28
12  43  1  17
13  43  1  57
14  43  1  82
15  43  1  84
1  44  1  20
2  44  1  41
3  44  1  55
4  44  1  15
5  44  1  32
6  44  1  18
7  44  1  39
8  44  1  69
9  44  1  50
10  44  1  83
11  44  1  14
12  44  1  30
13  44  1  50
14  44  1  54
15  44  1  79
1  45  1  47
2  45  1  33
3  45  1  25
4  45  1  37
5  45  1  74
6  45  1  27
7  45  1  49
8  45  1  47
9  45  1  56
10  45  1  26
11  45  1  21
12  45  1  13
13  45  1  54
14  45  1  54
15  45  1  74
1  46  1  72
2  46  1  81
3  46  1  22
4  46  1  32
5  46  1  79
6  46  1  16
7  46  1  43
8  46  1  11
9  46  1  46
10  46  1  25
11  46  1  25
12  46  1  26
13  46  1  81
14  46  1  69
15  46  1  35
1  47  1  81
2  47  1  34
3  47  1  27
4  47  1  61
5  47  1  63
6  47  1  10
7  47  1  64
8  47  1  86
9  47  1  10
10  47  1  70
11  47  1  32
12  47  1  69
13  47  1  73
14  47  1  20
15  47  1  51
1  48  1  83
2  48  1  70
3  48  1  49
4  48  1  89
5  48  1  83
6  48  1  63
7  48  1  38
8  48  1  16
9  48  1  35
10  48  1  16
11  48  1  12
12  48  1  52
13  48  1  46
14  48  1  42
15  48  1  34
1  49  1  21
2  49  1  27
3  49  1  62
4  49  1  66
5  49  1  60
6  49  1  44
7  49  1  37
8  49  1  74
9  49  1  67
10  49  1  84
11  49  1  37
12  49  1  73
13  49  1  85
14  49  1  75
15  49  1  47
1  50  1  83
2  50  1  49
3  50  1  10
4  50  1  85
5  50  1  17
6  50  1  74
7  50  1  47
8  50  1  66
9  50  1  38
10  50  1  40
11  50  1  37
12  50  1  76
13  50  1  52
14  50  1  48
15  50  1  69
1  51  1  42
2  51  1  20
3  51  1  13
4  51  1  50
5  51  1  50
6  51  1  83
7  51  1  60
8  51  1  19
9  51  1  58
10  51  1  14
11  51  1  56
12  51  1  15
13  51  1  40
14  51  1  25
15  51  1  71
1  52  1  13
2  52  1  41
3  52  1  56
4  52  1  39
5  52  1  81
6  52  1  31
7  52  1  71
8  52  1  67
9  52  1  88
10  52  1  20
11  52  1  23
12  52  1  38
13  52  1  89
14  52  1  14
15  52  1  31
1  53  1  16
2  53  1  51
3  53  1  16
4  53  1  42
5  53  1  90
6  53  1  66
7  53  1  40
8  53  1  42
9  53  1  86
10  53  1  47
11  53  1  70
12  53  1  19
13  53  1  63
14  53  1  19
15  53  1  73
1  54  1  27
2  54  1  88
3  54  1  17
4  54  1  39
5  54  1  47
6  54  1  76
7  54  1  52
8  54  1  80
9  54  1  80
10  54  1  29
11  54  1  86
12  54  1  60
13  54  1  67
14  54  1  51
15  54  1  25
1  55  1  82
2  55  1  41
3  55  1  36
4  55  1  29
5  55  1  42
6  55  1  37
7  55  1  14
8  55  1  81
9  55  1  10
10  55  1  29
11  55  1  21
12  55  1  56
13  55  1  16
14  55  1  71
15  55  1  82
1  56  1  15
2  56  1  90
3  56  1  86
4  56  1  68
5  56  1  49
6  56  1  18
7  56  1  63
8  56  1  61
9  56  1  41
10  56  1  32
11  56  1  33
12  56  1  48
13  56  1  81
14  56  1  53
15  56  1  79
1  57  1  73
2  57  1  36
3  57  1  79
4  57  1  50
5  57  1  59
6  57  1  41
7  57  1  53
8  57  1  75
9  57  1  44
10  57  1  61
11  57  1  68
12  57  1  90
13  57  1  79
14  57  1  53
15  57  1  37
1  58  1  72
2  58  1  44
3  58  1  90
4  58  1  82
5  58  1  15
6  58  1  31
7  58  1  50
8  58  1  49
9  58  1  36
10  58  1  69
11  58  1  41
12  58  1  66
13  58  1  10
14  58  1  64
15  58  1  61
1  59  1  43
2  59  1  31
3  59  1  62
4  59  1  67
5  59  1  89
6  59  1  76
7  59  1  85
8  59  1  83
9  59  1  12
10  59  1  86
11  59  1  82
12  59  1  83
13  59  1  70
14  59  1  61
15  59  1  32
1  60  1  52
2  60  1  12
3  60  1  69
4  60  1  64
5  60  1  90
6  60  1  28
7  60  1  67
8  60  1  78
9  60  1  70
10  60  1  11
11  60  1  53
12  60  1  50
13  60  1  18
14  60  1  49
15  60  1  42
1  61  1  50
2  61  1  23
3  61  1  55
4  61  1  30
5  61  1  12
6  61  1  35
7  61  1  48
8  61  1  82
9  61  1  86
10  61  1  57
11  61  1  57
12  61  1  13
13  61  1  24
14  61  1  57
15  61  1  16
1  62  1  66
2  62  1  32
3  62  1  51
4  62  1  10
5  62  1  83
6  62  1  31
7  62  1  39
8  62  1  52
9  62  1  78
10  62  1  70
11  62  1  44
12  62  1  48
13  62  1  66
14  62  1  76
15  62  1  69
1  63  1  36
2  63  1  78
3  63  1  34
4  63  1  57
5  63  1  71
6  63  1  72
7  63  1  70
8  63  1  80
9  63  1  14
10  63  1  77
11  63  1  35
12  63  1  75
13  63  1  62
14  63  1  79
15  63  1  84
1  64  1  48
2  64  1  48
3  64  1  29
4  64  1  27
5  64  1  15
6  64  1  74
7  64  1  60
8  64  1  53
9  64  1  13
10  64  1  66
11  64  1  33
12  64  1  27
13  64  1  69
14  64  1  84
15  64  1  13
1  65  1  38
2  65  1  47
3  65  1  14
4  65  1  53
5  65  1  80
6  65  1  37
7  65  1  12
8  65  1  48
9  65  1  16
10  65  1  42
11  65  1  46
12  65  1  20
13  65  1  55
14  65  1  13
15  65  1  40
1  66  1  21
2  66  1  69
3  66  1  35
4  66  1  17
5  66  1  74
6  66  1  54
7  66  1  14
8  66  1  11
9  66  1  60
10  66  1  45
11  66  1  58
12  66  1  77
13  66  1  73
14  66  1  76
15  66  1  79
1  67  1  14
2  67  1  31
3  67  1  45
4  67  1  46
5  67  1  89
6  67  1  20
7  67  1  26
8  67  1  82
9  67  1  43
10  67  1  74
11  67  1  35
12  67  1  14
13  67  1  87
14  67  1  49
15  67  1  31
1  68  1  71
2  68  1  16
3  68  1  27
4  68  1  56
5  68  1  20
6  68  1  25
7  68  1  63
8  68  1  25
9  68  1  50
10  68  1  31
11  68  1  76
12  68  1  23
13  68  1  74
14  68  1  72
15  68  1  24
1  69  1  90
2  69  1  89
3  69  1  67
4  69  1  80
5  69  1  16
6  69  1  24
7  69  1  48
8  69  1  37
9  69  1  29
10  69  1  89
11  69  1  26
12  69  1  80
13  69  1  23
14  69  1  76
15  69  1  68
1  70  1  85
2  70  1  44
3  70  1  70
4  70  1  71
5  70  1  59
6  70  1  73
7  70  1  66
8  70  1  14
9  70  1  13
10  70  1  69
11  70  1  52
12  70  1  44
13  70  1  68
14  70  1  32
15  70  1  70
1  71  1  23
2  71  1  44
3  71  1  22
4  71  1  57
5  71  1  69
6  71  1  62
7  71  1  47
8  71  1  55
9  71  1  69
10  71  1  32
11  71  1  41
12  71  1  42
13  71  1  85
14  71  1  81
15  71  1  61
1  72  1  26
2  72  1  19
3  72  1  49
4  72  1  22
5  72  1  48
6  72  1  30
7  72  1  23
8  72  1  76
9  72  1  20
10  72  1  20
11  72  1  27
12  72  1  87
13  72  1  61
14  72  1  80
15  72  1  40
1  73  1  60
2  73  1  11
3  73  1  39
4  73  1  59
5  73  1  84
6  73  1  60
7  73  1  45
8  73  1  23
9  73  1  61
10  73  1  66
11  73  1  17
12  73  1  76
13  73  1  14
14  73  1  37
15  73  1  66
1  74  1  13
2  74  1  78
3  74  1  82
4  74  1  72
5  74  1  39
6  74  1  48
7  74  1  18
8  74  1  15
9  74  1  14
10  74  1  76
11  74  1  90
12  74  1  81
13  74  1  63
14  74  1  65
15  74  1  51
1  75  1  33
2  75  1  82
3  75  1  78
4  75  1  74
5  75  1  38
6  75  1  24
7  75  1  52
8  75  1  12
9  75  1  84
10  75  1  64
11  75  1  42
12  75  1  81
13  75  1  71
14  75  1  27
15  75  1  73
1  76  1  30
2  76  1  65
3  76  1  34
4  76  1  46
5  76  1  86
6  76  1  89
7  76  1  24
8  76  1  46
9  76  1  85
10  76  1  27
11  76  1  26
12  76  1  85
13  76  1  23
14  76  1  78
15  76  1  87
1  77  1  50
2  77  1  54
3  77  1  28
4  77  1  87
5  77  1  17
6  77  1  56
7  77  1  26
8  77  1  10
9  77  1  57
10  77  1  87
11  77  1  10
12  77  1  87
13  77  1  15
14  77  1  15
15  77  1  81
1  78  1  60
2  78  1  54
3  78  1  58
4  78  1  30
5  78  1  79
6  78  1  87
7  78  1  63
8  78  1  74
9  78  1  31
10  78  1  36
11  78  1  11
12  78  1  64
13  78  1  27
14  78  1  70
15  78  1  88
1  79  1  90
2  79  1  90
3  79  1  50
4  79  1  27
5  79  1  58
6  79  1  18
7  79  1  32
8  79  1  48
9  79  1  31
10  79  1  39
11  79  1  44
12  79  1  17
13  79  1  11
14  79  1  14
15  79  1  19
1  80  1  85
2  80  1  80
3  80  1  71
4  80  1  18
5  80  1  89
6  80  1  17
7  80  1  36
8  80  1  10
9  80  1  21
10  80  1  49
11  80  1  49
12  80  1  17
13  80  1  63
14  80  1  67
15  80  1  64
1  81  1  53
2  81  1  87
3  81  1  32
4  81  1  72
5  81  1  28
6  81  1  46
7  81  1  39
8  81  1  72
9  81  1  56
10  81  1  45
11  81  1  76
12  81  1  53
13  81  1  19
14  81  1  41
15  81  1  16
1  82  1  23
2  82  1  90
3  82  1  49
4  82  1  33
5  82  1  18
6  82  1  83
7  82  1  35
8  82  1  35
9  82  1  73
10  82  1  27
11  82  1  78
12  82  1  15
13  82  1  17
14  82  1  17
15  82  1  66
1  83  1  73
2  83  1  10
3  83  1  67
4  83  1  86
5  83  1  56
6  83  1  52
7  83  1  71
8  83  1  78
9  83  1  51
10  83  1  88
11  83  1  48
12  83  1  26
13  83  1  29
14  83  1  25
15  83  1  44
1  84  1  27
2  84  1  31
3  84  1  60
4  84  1  83
5  84  1  28
6  84  1  35
7  84  1  15
8  84  1  23
9  84  1  79
10  84  1  12
11  84  1  74
12  84  1  86
13  84  1  43
14  84  1  84
15  84  1  79
1  85  1  35
2  85  1  16
3  85  1  29
4  85  1  53
5  85  1  75
6  85  1  37
7  85  1  79
8  85  1  35
9  85  1  71
10  85  1  86
11  85  1  76
12  85  1  70
13  85  1  21
14  85  1  86
15  85  1  22
1  86  1  82
2  86  1  79
3  86  1  79
4  86  1  90
5  86  1  24
6  86  1  12
7  86  1  81
8  86  1  34
9  86  1  82
10  86  1  24
11  86  1  81
12  86  1  81
13  86  1  86
14  86  1  65
15  86  1  63
1  87  1  32
2  87  1  89
3  87  1  53
4  87  1  31
5  87  1  64
6  87  1  36
7  87  1  45
8  87  1  68
9  87  1  21
10  87  1  28
11  87  1  76
12  87  1  12
13  87  1  29
14  87  1  66
15  87  1  34
1  88  1  66
2  88  1  70
3  88  1  52
4  88  1  28
5  88  1  78
6  88  1  49
7  88  1  39
8  88  1  40
9  88  1  65
10  88  1  54
11  88  1  43
12  88  1  29
13  88  1  30
14  88  1  10
15  88  1  28
1  89  1  79
2  89  1  89
3  89  1  42
4  89  1  57
5  89  1  78
6  89  1  16
7  89  1  56
8  89  1  14
9  89  1  59
10  89  1  57
11  89  1  24
12  89  1  16
13  89  1  46
14  89  1  46
15  89  1  53
1  90  1  35
2  90  1  17
3  90  1  61
4  90  1  80
5  90  1  30
6  90  1  77
7  90  1  53
8  90  1  63
9  90  1  19
10  90  1  62
11  90  1  72
12  90  1  69
13  90  1  56
14  90  1  62
15  90  1  32
1  91  1  90
2  91  1  83
3  91  1  13
4  91  1  64
5  91  1  17
6  91  1  35
7  91  1  51
8  91  1  40
9  91  1  58
10  91  1  58
11  91  1  47
12  91  1  88
13  91  1  31
14  91  1  90
15  91  1  47
1  92  1  12
2  92  1  33
3  92  1  24
4  92  1  87
5  92  1  61
6  92  1  38
7  92  1  47
8  92  1  15
9  92  1  79
10  92  1  20
11  92  1  46
12  92  1  22
13  92  1  64
14  92  1  68
15  92  1  28
1  93  1  38
2  93  1  25
3  93  1  34
4  93  1  52
5  93  1  74
6  93  1  72
7  93  1  28
8  93  1  46
9  93  1  58
10  93  1  40
11  93  1  50
12  93  1  59
13  93  1  44
14  93  1  73
15  93  1  46
1  94  1  30
2  94  1  68
3  94  1  69
4  94  1  61
5  94  1  59
6  94  1  81
7  94  1  54
8  94  1  70
9  94  1  74
10  94  1  61
11  94  1  38
12  94  1  37
13  94  1  70
14  94  1  59
15  94  1  26
1  95  1  37
2  95  1  85
3  95  1  40
4  95  1  58
5  95  1  26
6  95  1  77
7  95  1  73
8  95  1  89
9  95  1  65
10  95  1  43
11  95  1  41
12  95  1  44
13  95  1  61
14  95  1  54
15  95  1  41
1  96  1  83
2  96  1  66
3  96  1  48
4  96  1  61
5  96  1  70
6  96  1  75
7  96  1  24
8  96  1  87
9  96  1  12
10  96  1  50
11  96  1  85
12  96  1  31
13  96  1  18
14  96  1  43
15  96  1  17
1  97  1  59
2  97  1  75
3  97  1  66
4  97  1  35
5  97  1  14
6  97  1  70
7  97  1  67
8  97  1  74
9  97  1  39
10  97  1  90
11  97  1  53
12  97  1  53
13  97  1  82
14  97  1  54
15  97  1  43
1  98  1  74
2  98  1  81
3  98  1  67
4  98  1  17
5  98  1  86
6  98  1  77
7  98  1  64
8  98  1  59
9  98  1  27
10  98  1  69
11  98  1  26
12  98  1  63
13  98  1  49
14  98  1  38
15  98  1  30
1  99  1  33
2  99  1  22
3  99  1  60
4  99  1  35
5  99  1  14
6  99  1  29
7  99  1  29
8  99  1  75
9  99  1  53
10  99  1  76
11  99  1  61
12  99  1  44
13  99  1  85
14  99  1  58
15  99  1  35
1  100  1  86
2  100  1  14
3  100  1  11
4  100  1  76
5  100  1  22
6  100  1  37
7  100  1  49
8  100  1  64
9  100  1  88
10  100  1  42
11  100  1  72
12  100  1  36
13  100  1  87
14  100  1  88
15  100  1  69
1  101  1  82
2  101  1  29
3  101  1  82
4  101  1  27
5  101  1  27
6  101  1  87
7  101  1  14
8  101  1  75
9  101  1  46
10  101  1  56
11  101  1  79
12  101  1  65
13  101  1  27
14  101  1  64
15  101  1  68
1  102  1  85
2  102  1  70
3  102  1  65
4  102  1  25
5  102  1  60
6  102  1  40
7  102  1  42
8  102  1  52
9  102  1  86
10  102  1  85
11  102  1  86
12  102  1  83
13  102  1  67
14  102  1  74
15  102  1  64
1  103  1  43
2  103  1  30
3  103  1  25
4  103  1  45
5  103  1  83
6  103  1  45
7  103  1  44
8  103  1  29
9  103  1  14
10  103  1  46
11  103  1  10
12  103  1  57
13  103  1  14
14  103  1  49
15  103  1  32
1  104  1  18
2  104  1  36
3  104  1  50
4  104  1  56
5  104  1  70
6  104  1  66
7  104  1  29
8  104  1  36
9  104  1  35
10  104  1  60
11  104  1  59
12  104  1  67
13  104  1  80
14  104  1  83
15  104  1  41
1  105  1  25
2  105  1  71
3  105  1  73
4  105  1  44
5  105  1  23
6  105  1  70
7  105  1  28
8  105  1  65
9  105  1  55
10  105  1  85
11  105  1  29
12  105  1  65
13  105  1  39
14  105  1  30
15  105  1  53
1  106  1  61
2  106  1  41
3  106  1  27
4  106  1  14
5  106  1  36
6  106  1  20
7  106  1  78
8  106  1  30
9  106  1  29
10  106  1  45
11  106  1  19
12  106  1  58
13  106  1  66
14  106  1  20
15  106  1  81
1  107  1  36
2  107  1  87
3  107  1  33
4  107  1  50
5  107  1  51
6  107  1  42
7  107  1  34
8  107  1  80
9  107  1  43
10  107  1  77
11  107  1  22
12  107  1  72
13  107  1  66
14  107  1  22
15  107  1  83
1  108  1  74
2  108  1  12
3  108  1  79
4  108  1  89
5  108  1  63
6  108  1  10
7  108  1  28
8  108  1  71
9  108  1  57
10  108  1  18
11  108  1  86
12  108  1  15
13  108  1  61
14  108  1  68
15  108  1  19
1  109  1  90
2  109  1  85
3  109  1  82
4  109  1  71
5  109  1  52
6  109  1  33
7  109  1  19
8  109  1  41
9  109  1  32
10  109  1  88
11  109  1  64
12  109  1  66
13  109  1  30
14  109  1  51
15  109  1  19
1  110  1  36
2  110  1  26
3  110  1  78
4  110  1  79
5  110  1  10
6  110  1  70
7  110  1  27
8  110  1  70
9  110  1  45
10  110  1  41
11  110  1  48
12  110  1  27
13  110  1  73
14  110  1  27
15  110  1  67
1  111  1  86
2  111  1  58
3  111  1  59
4  111  1  50
5  111  1  73
6  111  1  87
7  111  1  62
8  111  1  66
9  111  1  42
10  111  1  87
11  111  1  71
12  111  1  43
13  111  1  26
14  111  1  66
15  111  1  33
1  112  1  25
2  112  1  34
3  112  1  73
4  112  1  14
5  112  1  88
6  112  1  83
7  112  1  11
8  112  1  81
9  112  1  75
10  112  1  62
11  112  1  74
12  112  1  14
13  112  1  81
14  112  1  58
15  112  1  16
1  113  1  23
2  113  1  12
3  113  1  63
4  113  1  75
5  113  1  33
6  113  1  69
7  113  1  74
8  113  1  40
9  113  1  32
10  113  1  15
11  113  1  18
12  113  1  67
13  113  1  13
14  113  1  89
15  113  1  28
1  114  1  79
2  114  1  90
3  114  1  90
4  114  1  68
5  114  1  54
6  114  1  25
7  114  1  16
8  114  1  65
9  114  1  56
10  114  1  47
11  114  1  30
12  114  1  26
13  114  1  13
14  114  1  16
15  114  1  48
1  115  1  50
2  115  1  72
3  115  1  80
4  115  1  47
5  115  1  51
6  115  1  43
7  115  1  13
8  115  1  56
9  115  1  85
10  115  1  11
11  115  1  84
12  115  1  15
13  115  1  32
14  115  1  11
15  115  1  63
1  116  1  35
2  116  1  17
3  116  1  76
4  116  1  77
5  116  1  21
6  116  1  36
7  116  1  16
8  116  1  84
9  116  1  59
10  116  1  15
11  116  1  82
12  116  1  23
13  116  1  12
14  116  1  73
15  116  1  52
1  117  1  50
2  117  1  28
3  117  1  54
4  117  1  40
5  117  1  24
6  117  1  67
7  117  1  41
8  117  1  87
9  117  1  12
10  117  1  87
11  117  1  78
12  117  1  54
13  117  1  65
14  117  1  17
15  117  1  48
1  118  1  39
2  118  1  50
3  118  1  38
4  118  1  61
5  118  1  32
6  118  1  81
7  118  1  66
8  118  1  17
9  118  1  31
10  118  1  24
11  118  1  69
12  118  1  88
13  118  1  49
14  118  1  47
15  118  1  39
1  119  1  33
2  119  1  90
3  119  1  24
4  119  1  41
5  119  1  57
6  119  1  10
7  119  1  60
8  119  1  48
9  119  1  56
10  119  1  25
11  119  1  26
12  119  1  32
13  119  1  34
14  119  1  61
15  119  1  50
1  120  1  40
2  120  1  44
3  120  1  90
4  120  1  61
5  120  1  82
6  120  1  90
7  120  1  42
8  120  1  29
9  120  1  78
10  120  1  38
11  120  1  73
12  120  1  87
13  120  1  79
14  120  1  72
15  120  1  71
1  121  1  67
2  121  1  16
3  121  1  43
4  121  1  24
5  121  1  43
6  121  1  30
7  121  1  18
8  121  1  44
9  121  1  61
10  121  1  33
11  121  1  48
12  121  1  69
13  121  1  49
14  121  1  89
15  121  1  60
1  122  1  32
2  122  1  35
3  122  1  64
4  122  1  83
5  122  1  70
6  122  1  58
7  122  1  68
8  122  1  82
9  122  1  85
10  122  1  76
11  122  1  17
12  122  1  59
13  122  1  13
14  122  1  77
15  122  1  69
1  123  1  42
2  123  1  33
3  123  1  16
4  123  1  11
5  123  1  14
6  123  1  71
7  123  1  35
8  123  1  12
9  123  1  42
10  123  1  28
11  123  1  68
12  123  1  78
13  123  1  77
14  123  1  24
15  123  1  19
1  124  1  12
2  124  1  33
3  124  1  54
4  124  1  36
5  124  1  30
6  124  1  34
7  124  1  22
8  124  1  10
9  124  1  35
10  124  1  81
11  124  1  60
12  124  1  72
13  124  1  25
14  124  1  10
15  124  1  12
1  125  1  41
2  125  1  77
3  125  1  63
4  125  1  60
5  125  1  38
6  125  1  61
7  125  1  82
8  125  1  52
9  125  1  18
10  125  1  39
11  125  1  64
12  125  1  17
13  125  1  63
14  125  1  72
15  125  1  36
1  126  1  42
2  126  1  41
3  126  1  64
4  126  1  80
5  126  1  85
6  126  1  31
7  126  1  51
8  126  1  64
9  126  1  30
10  126  1  50
11  126  1  57
12  126  1  79
13  126  1  21
14  126  1  17
15  126  1  26
1  127  1  57
2  127  1  57
3  127  1  39
4  127  1  59
5  127  1  63
6  127  1  21
7  127  1  17
8  127  1  18
9  127  1  25
10  127  1  63
11  127  1  24
12  127  1  46
13  127  1  39
14  127  1  72
15  127  1  14
1  128  1  36
2  128  1  85
3  128  1  80
4  128  1  79
5  128  1  81
6  128  1  57
7  128  1  26
8  128  1  12
9  128  1  90
10  128  1  20
11  128  1  37
12  128  1  55
13  128  1  82
14  128  1  14
15  128  1  40
1  129  1  23
2  129  1  88
3  129  1  59
4  129  1  48
5  129  1  30
6  129  1  11
7  129  1  50
8  129  1  27
9  129  1  88
10  129  1  62
11  129  1  84
12  129  1  35
13  129  1  48
14  129  1  49
15  129  1  62
1  130  1  17
2  130  1  15
3  130  1  10
4  130  1  44
5  130  1  58
6  130  1  75
7  130  1  90
8  130  1  12
9  130  1  76
10  130  1  68
11  130  1  65
12  130  1  26
13  130  1  32
14  130  1  32
15  130  1  86
1  131  1  74
2  131  1  21
3  131  1  86
4  131  1  60
5  131  1  14
6  131  1  46
7  131  1  16
8  131  1  27
9  131  1  85
10  131  1  31
11  131  1  48
12  131  1  39
13  131  1  35
14  131  1  57
15  131  1  60
1  132  1  31
2  132  1  10
3  132  1  60
4  132  1  25
5  132  1  82
6  132  1  66
7  132  1  58
8  132  1  13
9  132  1  43
10  132  1  78
11  132  1  28
12  132  1  11
13  132  1  34
14  132  1  77
15  132  1  15
1  133  1  57
2  133  1  88
3  133  1  89
4  133  1  52
5  133  1  85
6  133  1  42
7  133  1  31
8  133  1  72
9  133  1  78
10  133  1  12
11  133  1  20
12  133  1  63
13  133  1  43
14  133  1  63
15  133  1  44
1  134  1  23
2  134  1  21
3  134  1  75
4  134  1  35
5  134  1  70
6  134  1  17
7  134  1  12
8  134  1  63
9  134  1  51
10  134  1  33
11  134  1  55
12  134  1  12
13  134  1  31
14  134  1  83
15  134  1  52
1  135  1  73
2  135  1  90
3  135  1  48
4  135  1  60
5  135  1  68
6  135  1  80
7  135  1  20
8  135  1  21
9  135  1  64
10  135  1  51
11  135  1  89
12  135  1  36
13  135  1  14
14  135  1  41
15  135  1  53
1  136  1  64
2  136  1  75
3  136  1  71
4  136  1  29
5  136  1  72
6  136  1  56
7  136  1  65
8  136  1  41
9  136  1  58
10  136  1  68
11  136  1  37
12  136  1  70
13  136  1  35
14  136  1  25
15  136  1  18
1  137  1  31
2  137  1  83
3  137  1  75
4  137  1  42
5  137  1  60
6  137  1  71
7  137  1  57
8  137  1  13
9  137  1  78
10  137  1  84
11  137  1  81
12  137  1  18
13  137  1  20
14  137  1  27
15  137  1  25
1  138  1  36
2  138  1  35
3  138  1  20
4  138  1  76
5  138  1  11
6  138  1  44
7  138  1  65
8  138  1  42
9  138  1  38
10  138  1  79
11  138  1  41
12  138  1  86
13  138  1  18
14  138  1  56
15  138  1  62
1  139  1  84
2  139  1  47
3  139  1  84
4  139  1  52
5  139  1  32
6  139  1  88
7  139  1  30
8  139  1  19
9  139  1  17
10  139  1  88
11  139  1  26
12  139  1  46
13  139  1  60
14  139  1  82
15  139  1  21
1  140  1  11
2  140  1  30
3  140  1  68
4  140  1  50
5  140  1  10
6  140  1  35
7  140  1  49
8  140  1  25
9  140  1  48
10  140  1  73
11  140  1  17
12  140  1  29
13  140  1  15
14  140  1  59
15  140  1  80
1  141  1  67
2  141  1  82
3  141  1  33
4  141  1  71
5  141  1  40
6  141  1  69
7  141  1  76
8  141  1  36
9  141  1  68
10  141  1  30
11  141  1  10
12  141  1  66
13  141  1  64
14  141  1  86
15  141  1  45
1  142  1  59
2  142  1  26
3  142  1  53
4  142  1  54
5  142  1  25
6  142  1  81
7  142  1  60
8  142  1  62
9  142  1  65
10  142  1  60
11  142  1  10
12  142  1  40
13  142  1  80
14  142  1  76
15  142  1  42
1  143  1  38
2  143  1  18
3  143  1  66
4  143  1  34
5  143  1  27
6  143  1  60
7  143  1  63
8  143  1  18
9  143  1  16
10  143  1  82
11  143  1  73
12  143  1  52
13  143  1  37
14  143  1  19
15  143  1  75
1  144  1  11
2  144  1  61
3  144  1  52
4  144  1  49
5  144  1  11
6  144  1  84
7  144  1  27
8  144  1  20
9  144  1  21
10  144  1  19
11  144  1  71
12  144  1  82
13  144  1  60
14  144  1  29
15  144  1  64
1  145  1  12
2  145  1  72
3  145  1  81
4  145  1  66
5  145  1  26
6  145  1  45
7  145  1  76
8  145  1  48
9  145  1  60
10  145  1  65
11  145  1  80
12  145  1  27
13  145  1  47
14  145  1  35
15  145  1  83
1  146  1  27
2  146  1  32
3  146  1  57
4  146  1  65
5  146  1  88
6  146  1  33
7  146  1  19
8  146  1  10
9  146  1  11
10  146  1  28
11  146  1  23
12  146  1  12
13  146  1  55
14  146  1  80
15  146  1  13
1  147  1  16
2  147  1  37
3  147  1  78
4  147  1  48
5  147  1  59
6  147  1  59
7  147  1  38
8  147  1  32
9  147  1  16
10  147  1  32
11  147  1  72
12  147  1  19
13  147  1  10
14  147  1  22
15  147  1  47
1  148  1  73
2  148  1  21
3  148  1  59
4  148  1  39
5  148  1  50
6  148  1  24
7  148  1  33
8  148  1  67
9  148  1  77
10  148  1  58
11  148  1  49
12  148  1  64
13  148  1  73
14  148  1  79
15  148  1  83
1  149  1  26
2  149  1  77
3  149  1  49
4  149  1  57
5  149  1  72
6  149  1  10
7  149  1  59
8  149  1  89
9  149  1  13
10  149  1  36
11  149  1  23
12  149  1  17
13  149  1  37
14  149  1  67
15  149  1  52
1  150  1  85
2  150  1  15
3  150  1  29
4  150  1  75
5  150  1  43
6  150  1  89
7  150  1  22
8  150  1  77
9  150  1  38
10  150  1  84
11  150  1  87
12  150  1  17
13  150  1  88
14  150  1  50
15  150  1  60
1  151  1  40
2  151  1  53
3  151  1  77
4  151  1  34
5  151  1  87
6  151  1  61
7  151  1  62
8  151  1  39
9  151  1  26
10  151  1  46
11  151  1  44
12  151  1  11
13  151  1  35
14  151  1  57
15  151  1  27
1  152  1  63
2  152  1  29
3  152  1  51
4  152  1  74
5  152  1  74
6  152  1  14
7  152  1  54
8  152  1  58
9  152  1  85
10  152  1  38
11  152  1  61
12  152  1  67
13  152  1  42
14  152  1  44
15  152  1  66
1  153  1  26
2  153  1  13
3  153  1  78
4  153  1  74
5  153  1  85
6  153  1  71
7  153  1  46
8  153  1  68
9  153  1  53
10  153  1  75
11  153  1  78
12  153  1  38
13  153  1  82
14  153  1  36
15  153  1  75
1  154  1  59
2  154  1  12
3  154  1  76
4  154  1  68
5  154  1  90
6  154  1  80
7  154  1  77
8  154  1  77
9  154  1  43
10  154  1  78
11  154  1  50
12  154  1  87
13  154  1  86
14  154  1  15
15  154  1  49
1  155  1  27
2  155  1  84
3  155  1  55
4  155  1  81
5  155  1  83
6  155  1  84
7  155  1  30
8  155  1  37
9  155  1  75
10  155  1  10
11  155  1  48
12  155  1  46
13  155  1  69
14  155  1  58
15  155  1  76
1  156  1  58
2  156  1  85
3  156  1  17
4  156  1  70
5  156  1  84
6  156  1  57
7  156  1  77
8  156  1  44
9  156  1  54
10  156  1  63
11  156  1  32
12  156  1  53
13  156  1  19
14  156  1  55
15  156  1  40
1  157  1  75
2  157  1  80
3  157  1  61
4  157  1  11
5  157  1  17
6  157  1  65
7  157  1  62
8  157  1  31
9  157  1  54
10  157  1  15
11  157  1  19
12  157  1  83
13  157  1  83
14  157  1  15
15  157  1  74
1  158  1  26
2  158  1  20
3  158  1  57
4  158  1  77
5  158  1  50
6  158  1  54
7  158  1  69
8  158  1  31
9  158  1  67
10  158  1  87
11  158  1  57
12  158  1  71
13  158  1  37
14  158  1  59
15  158  1  38
1  159  1  61
2  159  1  68
3  159  1  88
4  159  1  11
5  159  1  20
6  159  1  39
7  159  1  43
8  159  1  48
9  159  1  16
10  159  1  16
11  159  1  72
12  159  1  54
13  159  1  73
14  159  1  16
15  159  1  54
1  160  1  12
2  160  1  57
3  160  1  45
4  160  1  80
5  160  1  83
6  160  1  84
7  160  1  67
8  160  1  39
9  160  1  24
10  160  1  31
11  160  1  90
12  160  1  48
13  160  1  81
14  160  1  13
15  160  1  22
1  161  1  70
2  161  1  33
3  161  1  68
4  161  1  34
5  161  1  41
6  161  1  90
7  161  1  73
8  161  1  20
9  161  1  73
10  161  1  57
11  161  1  35
12  161  1  71
13  161  1  48
14  161  1  43
15  161  1  32
1  162  1  84
2  162  1  10
3  162  1  85
4  162  1  72
5  162  1  38
6  162  1  17
7  162  1  51
8  162  1  85
9  162  1  35
10  162  1  14
11  162  1  12
12  162  1  38
13  162  1  86
14  162  1  76
15  162  1  64
1  163  1  22
2  163  1  78
3  163  1  64
4  163  1  80
5  163  1  88
6  163  1  67
7  163  1  79
8  163  1  21
9  163  1  71
10  163  1  71
11  163  1  62
12  163  1  47
13  163  1  55
14  163  1  67
15  163  1  56
1  164  1  61
2  164  1  23
3  164  1  16
4  164  1  35
5  164  1  32
6  164  1  80
7  164  1  20
8  164  1  82
9  164  1  16
10  164  1  61
11  164  1  46
12  164  1  85
13  164  1  54
14  164  1  64
15  164  1  69
1  165  1  22
2  165  1  37
3  165  1  42
4  165  1  38
5  165  1  82
6  165  1  71
7  165  1  54
8  165  1  85
9  165  1  73
10  165  1  71
11  165  1  90
12  165  1  35
13  165  1  60
14  165  1  19
15  165  1  30
1  166  1  78
2  166  1  22
3  166  1  55
4  166  1  24
5  166  1  12
6  166  1  80
7  166  1  67
8  166  1  70
9  166  1  88
10  166  1  17
11  166  1  56
12  166  1  89
13  166  1  42
14  166  1  11
15  166  1  55
1  167  1  82
2  167  1  74
3  167  1  68
4  167  1  57
5  167  1  31
6  167  1  76
7  167  1  41
8  167  1  53
9  167  1  17
10  167  1  40
11  167  1  83
12  167  1  50
13  167  1  72
14  167  1  34
15  167  1  44
1  168  1  89
2  168  1  69
3  168  1  63
4  168  1  83
5  168  1  49
6  168  1  66
7  168  1  20
8  168  1  43
9  168  1  34
10  168  1  18
11  168  1  81
12  168  1  26
13  168  1  15
14  168  1  19
15  168  1  33
1  169  1  32
2  169  1  27
3  169  1  15
4  169  1  62
5  169  1  85
6  169  1  83
7  169  1  83
8  169  1  22
9  169  1  31
10  169  1  42
11  169  1  44
12  169  1  17
13  169  1  27
14  169  1  22
15  169  1  71
1  170  1  69
2  170  1  46
3  170  1  82
4  170  1  73
5  170  1  27
6  170  1  58
7  170  1  31
8  170  1  27
9  170  1  69
10  170  1  88
11  170  1  89
12  170  1  17
13  170  1  87
14  170  1  88
15  170  1  85
1  171  1  44
2  171  1  53
3  171  1  29
4  171  1  16
5  171  1  81
6  171  1  46
7  171  1  35
8  171  1  15
9  171  1  39
10  171  1  44
11  171  1  51
12  171  1  45
13  171  1  56
14  171  1  79
15  171  1  32
1  172  1  59
2  172  1  50
3  172  1  25
4  172  1  35
5  172  1  21
6  172  1  46
7  172  1  75
8  172  1  26
9  172  1  10
10  172  1  62
11  172  1  62
12  172  1  26
13  172  1  77
14  172  1  35
15  172  1  90
1  173  1  49
2  173  1  85
3  173  1  69
4  173  1  19
5  173  1  30
6  173  1  75
7  173  1  34
8  173  1  67
9  173  1  48
10  173  1  90
11  173  1  15
12  173  1  10
13  173  1  70
14  173  1  44
15  173  1  17
1  174  1  64
2  174  1  78
3  174  1  87
4  174  1  19
5  174  1  82
6  174  1  43
7  174  1  88
8  174  1  69
9  174  1  89
10  174  1  65
11  174  1  32
12  174  1  48
13  174  1  50
14  174  1  46
15  174  1  75
1  175  1  47
2  175  1  33
3  175  1  50
4  175  1  24
5  175  1  10
6  175  1  85
7  175  1  56
8  175  1  54
9  175  1  58
10  175  1  82
11  175  1  51
12  175  1  71
13  175  1  88
14  175  1  72
15  175  1  59
1  176  1  79
2  176  1  19
3  176  1  21
4  176  1  27
5  176  1  64
6  176  1  41
7  176  1  86
8  176  1  71
9  176  1  76
10  176  1  16
11  176  1  58
12  176  1  60
13  176  1  16
14  176  1  84
15  176  1  52
1  177  1  20
2  177  1  57
3  177  1  55
4  177  1  47
5  177  1  34
6  177  1  41
7  177  1  18
8  177  1  65
9  177  1  49
10  177  1  33
11  177  1  76
12  177  1  11
13  177  1  55
14  177  1  16
15  177  1  44
1  178  1  71
2  178  1  26
3  178  1  39
4  178  1  71
5  178  1  73
6  178  1  35
7  178  1  89
8  178  1  74
9  178  1  49
10  178  1  11
11  178  1  77
12  178  1  74
13  178  1  15
14  178  1  53
15  178  1  17
1  179  1  43
2  179  1  31
3  179  1  84
4  179  1  64
5  179  1  23
6  179  1  75
7  179  1  41
8  179  1  22
9  179  1  90
10  179  1  88
11  179  1  14
12  179  1  55
13  179  1  26
14  179  1  88
15  179  1  44
1  180  1  78
2  180  1  33
3  180  1  22
4  180  1  82
5  180  1  72
6  180  1  28
7  180  1  48
8  180  1  44
9  180  1  87
10  180  1  10
11  180  1  14
12  180  1  67
13  180  1  21
14  180  1  14
15  180  1  24
1  181  1  30
2  181  1  28
3  181  1  14
4  181  1  84
5  181  1  63
6  181  1  26
7  181  1  71
8  181  1  52
9  181  1  85
10  181  1  16
11  181  1  86
12  181  1  53
13  181  1  30
14  181  1  36
15  181  1  84
1  182  1  87
2  182  1  58
3  182  1  58
4  182  1  62
5  182  1  70
6  182  1  77
7  182  1  90
8  182  1  52
9  182  1  67
10  182  1  74
11  182  1  84
12  182  1  67
13  182  1  50
14  182  1  89
15  182  1  22
1  183  1  69
2  183  1  18
3  183  1  29
4  183  1  26
5  183  1  48
6  183  1  74
7  183  1  20
8  183  1  11
9  183  1  25
10  183  1  38
11  183  1  19
12  183  1  70
13  183  1  78
14  183  1  83
15  183  1  78
1  184  1  61
2  184  1  25
3  184  1  26
4  184  1  32
5  184  1  25
6  184  1  57
7  184  1  56
8  184  1  28
9  184  1  12
10  184  1  19
11  184  1  23
12  184  1  88
13  184  1  31
14  184  1  87
15  184  1  33
1  185  1  67
2  185  1  62
3  185  1  66
4  185  1  75
5  185  1  25
6  185  1  64
7  185  1  78
8  185  1  40
9  185  1  19
10  185  1  56
11  185  1  75
12  185  1  71
13  185  1  66
14  185  1  19
15  185  1  31
1  186  1  17
2  186  1  38
3  186  1  74
4  186  1  13
5  186  1  65
6  186  1  64
7  186  1  17
8  186  1  84
9  186  1  32
10  186  1  23
11  186  1  51
12  186  1  90
13  186  1  62
14  186  1  41
15  186  1  30
1  187  1  70
2  187  1  28
3  187  1  15
4  187  1  56
5  187  1  63
6  187  1  75
7  187  1  87
8  187  1  58
9  187  1  25
10  187  1  48
11  187  1  83
12  187  1  38
13  187  1  71
14  187  1  27
15  187  1  62
1  188  1  80
2  188  1  62
3  188  1  67
4  188  1  62
5  188  1  49
6  188  1  30
7  188  1  61
8  188  1  88
9  188  1  67
10  188  1  60
11  188  1  33
12  188  1  50
13  188  1  66
14  188  1  85
15  188  1  32
1  189  1  21
2  189  1  84
3  189  1  22
4  189  1  19
5  189  1  87
6  189  1  72
7  189  1  36
8  189  1  30
9  189  1  20
10  189  1  34
11  189  1  39
12  189  1  89
13  189  1  70
14  189  1  23
15  189  1  15
1  190  1  44
2  190  1  42
3  190  1  31
4  190  1  67
5  190  1  50
6  190  1  39
7  190  1  87
8  190  1  81
9  190  1  76
10  190  1  13
11  190  1  25
12  190  1  70
13  190  1  24
14  190  1  66
15  190  1  75
1  191  1  49
2  191  1  26
3  191  1  24
4  191  1  62
5  191  1  67
6  191  1  76
7  191  1  36
8  191  1  44
9  191  1  23
10  191  1  43
11  191  1  39
12  191  1  38
13  191  1  68
14  191  1  41
15  191  1  83
1  192  1  35
2  192  1  86
3  192  1  51
4  192  1  86
5  192  1  40
6  192  1  41
7  192  1  89
8  192  1  50
9  192  1  64
10  192  1  90
11  192  1  85
12  192  1  26
13  192  1  27
14  192  1  12
15  192  1  88
1  193  1  85
2  193  1  49
3  193  1  48
4  193  1  15
5  193  1  70
6  193  1  24
7  193  1  24
8  193  1  41
9  193  1  15
10  193  1  14
11  193  1  61
12  193  1  26
13  193  1  21
14  193  1  12
15  193  1  67
1  194  1  71
2  194  1  37
3  194  1  21
4  194  1  44
5  194  1  19
6  194  1  20
7  194  1  25
8  194  1  86
9  194  1  66
10  194  1  83
11  194  1  48
12  194  1  51
13  194  1  56
14  194  1  84
15  194  1  33
1  195  1  10
2  195  1  33
3  195  1  12
4  195  1  34
5  195  1  41
6  195  1  74
7  195  1  37
8  195  1  56
9  195  1  45
10  195  1  45
11  195  1  41
12  195  1  26
13  195  1  25
14  195  1  21
15  195  1  60
1  196  1  70
2  196  1  56
3  196  1  46
4  196  1  68
5  196  1  75
6  196  1  82
7  196  1  57
8  196  1  15
9  196  1  64
10  196  1  53
11  196  1  28
12  196  1  15
13  196  1  58
14  196  1  50
15  196  1  73
1  197  1  63
2  197  1  25
3  197  1  56
4  197  1  36
5  197  1  83
6  197  1  80
7  197  1  81
8  197  1  21
9  197  1  76
10  197  1  57
11  197  1  77
12  197  1  41
13  197  1  35
14  197  1  20
15  197  1  36
1  198  1  62
2  198  1  75
3  198  1  37
4  198  1  28
5  198  1  19
6  198  1  32
7  198  1  74
8  198  1  80
9  198  1  50
10  198  1  50
11  198  1  65
12  198  1  80
13  198  1  41
14  198  1  73
15  198  1  13
1  199  1  45
2  199  1  28
3  199  1  14
4  199  1  71
5  199  1  29
6  199  1  35
7  199  1  90
8  199  1  83
9  199  1  79
10  199  1  37
11  199  1  30
12  199  1  51
13  199  1  55
14  199  1  57
15  199  1  74
1  200  1  65
2  200  1  75
3  200  1  47
4  200  1  76
5  200  1  46
6  200  1  70
7  200  1  60
8  200  1  45
9  200  1  87
10  200  1  87
11  200  1  86
12  200  1  27
13  200  1  37
14  200  1  48
15  200  1  29
1  1  2  33.08
2  1  2  2.41
3  1  2  33.11
4  1  2  24.52
5  1  2  21.66
6  1  2  32.29
7  1  2  33.83
8  1  2  20.06
9  1  2  48.20
10  1  2  37.79
11  1  2  45.52
12  1  2  46.67
13  1  2  50.62
14  1  2  27.56
15  1  2  57.43
1  2  2  53.52
2  2  2  19.63
3  2  2  15.34
4  2  2  19.23
5  2  2  9.43
6  2  2  39.17
7  2  2  8.56
8  2  2  30.45
9  2  2  33.87
10  2  2  43.37
11  2  2  21.11
12  2  2  27.14
13  2  2  54.23
14  2  2  16.44
15  2  2  33.25
1  3  2  35.53
2  3  2  21.00
3  3  2  10.28
4  3  2  3.04
5  3  2  35.69
6  3  2  40.01
7  3  2  14.22
8  3  2  51.72
9  3  2  34.71
10  3  2  61.06
11  3  2  6.44
12  3  2  26.59
13  3  2  20.00
14  3  2  19.74
15  3  2  35.52
1  4  2  18.25
2  4  2  5.66
3  4  2  27.92
4  4  2  15.12
5  4  2  26.60
6  4  2  67.21
7  4  2  33.35
8  4  2  11.73
9  4  2  42.61
10  4  2  12.16
11  4  2  27.48
12  4  2  19.89
13  4  2  7.37
14  4  2  42.40
15  4  2  8.68
1  5  2  14.98
2  5  2  16.08
3  5  2  60.03
4  5  2  21.60
5  5  2  17.41
6  5  2  32.57
7  5  2  33.08
8  5  2  10.50
9  5  2  29.41
10  5  2  14.18
11  5  2  8.75
12  5  2  6.92
13  5  2  16.04
14  5  2  10.69
15  5  2  37.08
1  6  2  16.84
2  6  2  27.03
3  6  2  11.45
4  6  2  12.81
5  6  2  21.00
6  6  2  40.18
7  6  2  34.76
8  6  2  20.83
9  6  2  9.35
10  6  2  52.46
11  6  2  10.01
12  6  2  19.89
13  6  2  8.90
14  6  2  43.32
15  6  2  56.70
1  7  2  56.96
2  7  2  23.80
3  7  2  21.46
4  7  2  35.43
5  7  2  15.59
6  7  2  21.70
7  7  2  26.10
8  7  2  17.30
9  7  2  4.26
10  7  2  8.34
11  7  2  53.58
12  7  2  64.05
13  7  2  9.93
14  7  2  32.52
15  7  2  19.44
1  8  2  11.83
2  8  2  13.37
3  8  2  16.69
4  8  2  3.49
5  8  2  8.83
6  8  2  6.28
7  8  2  4.33
8  8  2  18.53
9  8  2  11.83
10  8  2  8.87
11  8  2  28.26
12  8  2  17.66
13  8  2  10.54
14  8  2  19.28
15  8  2  28.85
1  9  2  10.20
2  9  2  38.36
3  9  2  6.18
4  9  2  5.72
5  9  2  25.73
6  9  2  10.07
7  9  2  11.51
8  9  2  31.47
9  9  2  6.68
10  9  2  31.61
11  9  2  43.92
12  9  2  5.13
13  9  2  9.77
14  9  2  26.30
15  9  2  14.46
1  10  2  35.97
2  10  2  27.06
3  10  2  15.82
4  10  2  17.80
5  10  2  10.03
6  10  2  16.77
7  10  2  10.03
8  10  2  25.97
9  10  2  17.13
10  10  2  49.19
11  10  2  19.08
12  10  2  10.06
13  10  2  7.89
14  10  2  14.50
15  10  2  23.47
1  11  2  18.77
2  11  2  32.40
3  11  2  41.60
4  11  2  26.15
5  11  2  17.25
6  11  2  13.28
7  11  2  20.20
8  11  2  33.64
9  11  2  13.73
10  11  2  12.27
11  11  2  21.93
12  11  2  11.45
13  11  2  36.98
14  11  2  23.68
15  11  2  22.06
1  12  2  48.06
2  12  2  36.35
3  12  2  4.19
4  12  2  31.71
5  12  2  15.32
6  12  2  28.78
7  12  2  67.03
8  12  2  38.05
9  12  2  6.64
10  12  2  18.83
11  12  2  16.04
12  12  2  27.04
13  12  2  35.12
14  12  2  13.48
15  12  2  10.91
1  13  2  3.49
2  13  2  3.45
3  13  2  58.33
4  13  2  30.87
5  13  2  16.51
6  13  2  9.16
7  13  2  6.33
8  13  2  17.27
9  13  2  48.65
10  13  2  11.75
11  13  2  6.50
12  13  2  30.12
13  13  2  49.93
14  13  2  21.22
15  13  2  65.69
1  14  2  5.29
2  14  2  10.03
3  14  2  11.54
4  14  2  51.29
5  14  2  38.36
6  14  2  27.10
7  14  2  37.84
8  14  2  31.09
9  14  2  7.09
10  14  2  27.77
11  14  2  38.75
12  14  2  9.64
13  14  2  51.20
14  14  2  8.76
15  14  2  54.48
1  15  2  16.75
2  15  2  22.90
3  15  2  29.73
4  15  2  23.93
5  15  2  19.15
6  15  2  21.61
7  15  2  3.51
8  15  2  13.13
9  15  2  24.07
10  15  2  36.20
11  15  2  29.34
12  15  2  8.75
13  15  2  45.98
14  15  2  33.48
15  15  2  41.60
1  16  2  56.21
2  16  2  6.94
3  16  2  5.33
4  16  2  50.53
5  16  2  11.30
6  16  2  41.20
7  16  2  36.32
8  16  2  26.90
9  16  2  34.16
10  16  2  50.40
11  16  2  44.86
12  16  2  33.73
13  16  2  69.04
14  16  2  11.03
15  16  2  11.62
1  17  2  7.14
2  17  2  55.02
3  17  2  15.45
4  17  2  5.53
5  17  2  10.56
6  17  2  28.66
7  17  2  10.80
8  17  2  7.08
9  17  2  19.31
10  17  2  16.43
11  17  2  42.26
12  17  2  33.22
13  17  2  66.61
14  17  2  20.48
15  17  2  22.40
1  18  2  17.26
2  18  2  29.57
3  18  2  19.98
4  18  2  19.83
5  18  2  46.84
6  18  2  36.35
7  18  2  20.90
8  18  2  18.05
9  18  2  21.96
10  18  2  46.09
11  18  2  37.59
12  18  2  40.39
13  18  2  39.43
14  18  2  20.13
15  18  2  4.84
1  19  2  26.02
2  19  2  20.68
3  19  2  7.80
4  19  2  6.48
5  19  2  35.84
6  19  2  23.30
7  19  2  58.76
8  19  2  4.23
9  19  2  8.59
10  19  2  48.03
11  19  2  20.56
12  19  2  24.16
13  19  2  12.35
14  19  2  35.68
15  19  2  63.39
1  20  2  16.53
2  20  2  40.42
3  20  2  55.45
4  20  2  15.90
5  20  2  14.68
6  20  2  14.20
7  20  2  38.10
8  20  2  9.61
9  20  2  19.62
10  20  2  47.31
11  20  2  57.16
12  20  2  48.02
13  20  2  10.50
14  20  2  6.52
15  20  2  7.76
1  21  2  8.86
2  21  2  43.02
3  21  2  30.29
4  21  2  39.38
5  21  2  43.50
6  21  2  19.37
7  21  2  39.53
8  21  2  20.92
9  21  2  47.73
10  21  2  30.02
11  21  2  45.93
12  21  2  36.75
13  21  2  18.17
14  21  2  10.07
15  21  2  4.95
1  22  2  18.28
2  22  2  27.50
3  22  2  25.93
4  22  2  45.90
5  22  2  34.90
6  22  2  22.13
7  22  2  26.06
8  22  2  34.03
9  22  2  6.29
10  22  2  11.52
11  22  2  48.62
12  22  2  19.14
13  22  2  5.36
14  22  2  19.43
15  22  2  23.55
1  23  2  34.57
2  23  2  4.98
3  23  2  17.89
4  23  2  2.82
5  23  2  12.04
6  23  2  7.19
7  23  2  20.72
8  23  2  3.87
9  23  2  14.41
10  23  2  19.24
11  23  2  28.17
12  23  2  17.75
13  23  2  19.56
14  23  2  34.16
15  23  2  10.78
1  24  2  14.03
2  24  2  37.19
3  24  2  9.06
4  24  2  26.35
5  24  2  23.76
6  24  2  18.53
7  24  2  50.76
8  24  2  7.15
9  24  2  44.22
10  24  2  5.12
11  24  2  16.95
12  24  2  8.71
13  24  2  26.55
14  24  2  17.19
15  24  2  38.16
1  25  2  11.69
2  25  2  16.91
3  25  2  17.52
4  25  2  5.41
5  25  2  17.15
6  25  2  37.42
7  25  2  35.77
8  25  2  9.86
9  25  2  48.78
10  25  2  46.45
11  25  2  6.59
12  25  2  24.90
13  25  2  14.52
14  25  2  42.94
15  25  2  40.21
1  26  2  4.63
2  26  2  13.66
3  26  2  22.98
4  26  2  34.74
5  26  2  9.30
6  26  2  7.73
7  26  2  18.62
8  26  2  26.13
9  26  2  15.27
10  26  2  22.03
11  26  2  33.45
12  26  2  23.02
13  26  2  35.53
14  26  2  54.66
15  26  2  26.70
1  27  2  21.47
2  27  2  9.26
3  27  2  27.07
4  27  2  13.24
5  27  2  7.99
6  27  2  28.15
7  27  2  10.30
8  27  2  27.80
9  27  2  18.04
10  27  2  7.24
11  27  2  11.72
12  27  2  27.40
13  27  2  6.38
14  27  2  25.69
15  27  2  22.58
1  28  2  5.67
2  28  2  21.85
3  28  2  56.35
4  28  2  49.18
5  28  2  12.54
6  28  2  59.24
7  28  2  10.66
8  28  2  10.62
9  28  2  5.83
10  28  2  24.47
11  28  2  33.99
12  28  2  35.38
13  28  2  26.24
14  28  2  19.90
15  28  2  15.55
1  29  2  26.18
2  29  2  46.70
3  29  2  46.74
4  29  2  2.25
5  29  2  20.01
6  29  2  27.72
7  29  2  15.45
8  29  2  10.92
9  29  2  12.49
10  29  2  51.21
11  29  2  20.45
12  29  2  16.28
13  29  2  17.62
14  29  2  17.33
15  29  2  14.99
1  30  2  37.72
2  30  2  63.24
3  30  2  32.80
4  30  2  7.06
5  30  2  53.18
6  30  2  15.43
7  30  2  39.12
8  30  2  20.96
9  30  2  25.80
10  30  2  32.62
11  30  2  16.42
12  30  2  22.83
13  30  2  46.72
14  30  2  36.84
15  30  2  7.48
1  31  2  37.84
2  31  2  11.68
3  31  2  47.67
4  31  2  40.84
5  31  2  60.78
6  31  2  58.85
7  31  2  26.26
8  31  2  21.99
9  31  2  20.31
10  31  2  25.24
11  31  2  41.37
12  31  2  55.26
13  31  2  59.96
14  31  2  40.07
15  31  2  12.98
1  32  2  15.49
2  32  2  12.69
3  32  2  25.51
4  32  2  4.77
5  32  2  8.43
6  32  2  14.10
7  32  2  19.36
8  32  2  20.31
9  32  2  17.83
10  32  2  29.42
11  32  2  31.11
12  32  2  14.82
13  32  2  43.83
14  32  2  25.25
15  32  2  39.28
1  33  2  41.51
2  33  2  15.74
3  33  2  9.92
4  33  2  6.56
5  33  2  34.94
6  33  2  21.26
7  33  2  33.81
8  33  2  18.77
9  33  2  37.16
10  33  2  16.84
11  33  2  22.25
12  33  2  23.39
13  33  2  25.70
14  33  2  19.56
15  33  2  25.10
1  34  2  28.59
2  34  2  36.20
3  34  2  32.39
4  34  2  48.05
5  34  2  13.30
6  34  2  8.71
7  34  2  36.53
8  34  2  29.55
9  34  2  9.49
10  34  2  26.43
11  34  2  9.21
12  34  2  39.91
13  34  2  12.01
14  34  2  26.50
15  34  2  23.94
1  35  2  41.63
2  35  2  25.12
3  35  2  11.52
4  35  2  28.21
5  35  2  64.88
6  35  2  49.43
7  35  2  6.82
8  35  2  5.25
9  35  2  32.47
10  35  2  29.83
11  35  2  36.91
12  35  2  12.94
13  35  2  11.82
14  35  2  26.18
15  35  2  20.74
1  36  2  55.56
2  36  2  56.48
3  36  2  10.55
4  36  2  23.59
5  36  2  5.33
6  36  2  10.69
7  36  2  22.38
8  36  2  28.79
9  36  2  17.41
10  36  2  43.34
11  36  2  8.62
12  36  2  4.87
13  36  2  34.04
14  36  2  28.83
15  36  2  16.02
1  37  2  20.35
2  37  2  50.21
3  37  2  30.09
4  37  2  6.11
5  37  2  14.05
6  37  2  31.05
7  37  2  6.13
8  37  2  55.37
9  37  2  22.99
10  37  2  39.95
11  37  2  40.43
12  37  2  21.36
13  37  2  15.04
14  37  2  7.73
15  37  2  34.42
1  38  2  34.37
2  38  2  25.69
3  38  2  10.00
4  38  2  22.58
5  38  2  18.58
6  38  2  38.28
7  38  2  13.07
8  38  2  19.54
9  38  2  13.49
10  38  2  39.26
11  38  2  8.70
12  38  2  36.26
13  38  2  24.60
14  38  2  19.50
15  38  2  21.26
1  39  2  20.70
2  39  2  48.21
3  39  2  21.63
4  39  2  12.61
5  39  2  35.75
6  39  2  32.87
7  39  2  28.36
8  39  2  49.52
9  39  2  18.52
10  39  2  31.24
11  39  2  13.10
12  39  2  27.42
13  39  2  24.62
14  39  2  23.75
15  39  2  39.45
1  40  2  44.97
2  40  2  32.36
3  40  2  45.08
4  40  2  20.96
5  40  2  13.40
6  40  2  20.82
7  40  2  34.78
8  40  2  11.93
9  40  2  12.74
10  40  2  17.59
11  40  2  14.72
12  40  2  2.63
13  40  2  42.69
14  40  2  13.21
15  40  2  24.45
1  41  2  10.37
2  41  2  24.71
3  41  2  4.23
4  41  2  18.68
5  41  2  15.71
6  41  2  18.53
7  41  2  33.94
8  41  2  18.41
9  41  2  39.24
10  41  2  15.18
11  41  2  29.29
12  41  2  25.13
13  41  2  27.36
14  41  2  20.54
15  41  2  21.40
1  42  2  59.10
2  42  2  67.47
3  42  2  11.56
4  42  2  39.42
5  42  2  24.89
6  42  2  29.61
7  42  2  9.82
8  42  2  19.80
9  42  2  11.59
10  42  2  26.55
11  42  2  4.51
12  42  2  12.00
13  42  2  48.48
14  42  2  42.79
15  42  2  32.36
1  43  2  61.81
2  43  2  10.83
3  43  2  45.21
4  43  2  8.09
5  43  2  40.33
6  43  2  12.05
7  43  2  30.78
8  43  2  34.62
9  43  2  23.11
10  43  2  25.25
11  43  2  19.54
12  43  2  6.92
13  43  2  23.98
14  43  2  59.20
15  43  2  64.19
1  44  2  8.14
2  44  2  19.81
3  44  2  36.04
4  44  2  6.38
5  44  2  18.03
6  44  2  4.44
7  44  2  17.45
8  44  2  35.82
9  44  2  27.06
10  44  2  41.97
11  44  2  6.25
12  44  2  9.99
13  44  2  37.47
14  44  2  12.22
15  44  2  17.38
1  45  2  15.73
2  45  2  26.05
3  45  2  7.49
4  45  2  18.19
5  45  2  47.57
6  45  2  17.52
7  45  2  35.38
8  45  2  36.92
9  45  2  41.69
10  45  2  9.28
11  45  2  11.12
12  45  2  9.78
13  45  2  24.71
14  45  2  40.27
15  45  2  42.13
1  46  2  47.73
2  46  2  24.41
3  46  2  6.92
4  46  2  12.93
5  46  2  49.52
6  46  2  12.03
7  46  2  11.56
8  46  2  3.12
9  46  2  20.06
10  46  2  13.30
11  46  2  9.03
12  46  2  14.31
13  46  2  45.57
14  46  2  41.47
15  46  2  17.38
1  47  2  61.58
2  47  2  24.06
3  47  2  15.22
4  47  2  42.79
5  47  2  14.34
6  47  2  5.34
7  47  2  39.62
8  47  2  49.70
9  47  2  5.17
10  47  2  20.72
11  47  2  23.84
12  47  2  54.48
13  47  2  49.03
14  47  2  12.46
15  47  2  25.95
1  48  2  61.64
2  48  2  34.55
3  48  2  24.46
4  48  2  42.01
5  48  2  61.28
6  48  2  38.34
7  48  2  10.09
8  48  2  7.04
9  48  2  8.89
10  48  2  6.75
11  48  2  6.10
12  48  2  33.60
13  48  2  17.53
14  48  2  29.70
15  48  2  6.98
1  49  2  13.94
2  49  2  16.19
3  49  2  29.70
4  49  2  15.06
5  49  2  23.53
6  49  2  26.88
7  49  2  22.31
8  49  2  34.74
9  49  2  43.63
10  49  2  17.56
11  49  2  12.78
12  49  2  20.40
13  49  2  49.37
14  49  2  19.77
15  49  2  14.30
1  50  2  57.38
2  50  2  36.96
3  50  2  5.98
4  50  2  59.93
5  50  2  3.89
6  50  2  42.63
7  50  2  24.25
8  50  2  32.93
9  50  2  10.66
10  50  2  21.25
11  50  2  19.02
12  50  2  53.87
13  50  2  27.01
14  50  2  21.75
15  50  2  14.98
1  51  2  9.52
2  51  2  12.72
3  51  2  3.47
4  51  2  33.66
5  51  2  25.45
6  51  2  25.12
7  51  2  36.93
8  51  2  10.63
9  51  2  14.54
10  51  2  6.17
11  51  2  16.96
12  51  2  8.89
13  51  2  27.16
14  51  2  5.01
15  51  2  32.13
1  52  2  9.74
2  52  2  15.92
3  52  2  32.12
4  52  2  19.95
5  52  2  38.06
6  52  2  14.16
7  52  2  35.67
8  52  2  36.66
9  52  2  58.60
10  52  2  8.78
11  52  2  12.68
12  52  2  28.87
13  52  2  36.53
14  52  2  4.08
15  52  2  23.20
1  53  2  5.58
2  53  2  38.60
3  53  2  3.70
4  53  2  24.52
5  53  2  28.71
6  53  2  33.25
7  53  2  18.12
8  53  2  15.43
9  53  2  47.00
10  53  2  10.76
11  53  2  52.09
12  53  2  8.24
13  53  2  21.13
14  53  2  12.97
15  53  2  31.08
1  54  2  7.72
2  54  2  49.64
3  54  2  5.96
4  54  2  10.34
5  54  2  25.64
6  54  2  31.75
7  54  2  21.49
8  54  2  23.01
9  54  2  47.74
10  54  2  15.64
11  54  2  52.04
12  54  2  43.91
13  54  2  24.31
14  54  2  39.21
15  54  2  8.44
1  55  2  17.37
2  55  2  8.40
3  55  2  26.22
4  55  2  7.95
5  55  2  30.42
6  55  2  9.69
7  55  2  6.31
8  55  2  43.56
9  55  2  5.05
10  55  2  21.02
11  55  2  15.67
12  55  2  38.91
13  55  2  5.58
14  55  2  40.24
15  55  2  64.91
1  56  2  5.61
2  56  2  47.59
3  56  2  41.50
4  56  2  36.49
5  56  2  25.70
6  56  2  7.43
7  56  2  26.73
8  56  2  43.27
9  56  2  30.69
10  56  2  24.06
11  56  2  18.73
12  56  2  24.47
13  56  2  30.25
14  56  2  22.40
15  56  2  40.64
1  57  2  54.30
2  57  2  17.97
3  57  2  33.55
4  57  2  23.88
5  57  2  24.16
6  57  2  29.47
7  57  2  28.68
8  57  2  39.73
9  57  2  15.50
10  57  2  19.74
11  57  2  53.26
12  57  2  20.47
13  57  2  62.21
14  57  2  24.22
15  57  2  28.38
1  58  2  17.02
2  58  2  33.09
3  58  2  38.64
4  58  2  51.07
5  58  2  6.21
6  58  2  7.63
7  58  2  23.63
8  58  2  29.39
9  58  2  11.60
10  58  2  35.00
11  58  2  25.70
12  58  2  22.27
13  58  2  7.88
14  58  2  43.76
15  58  2  30.74
1  59  2  15.90
2  59  2  23.95
3  59  2  12.52
4  59  2  42.55
5  59  2  25.58
6  59  2  20.56
7  59  2  60.63
8  59  2  18.74
9  59  2  4.77
10  59  2  29.79
11  59  2  53.75
12  59  2  25.25
13  59  2  41.44
14  59  2  27.29
15  59  2  9.15
1  60  2  12.40
2  60  2  3.02
3  60  2  36.01
4  60  2  32.58
5  60  2  49.38
6  60  2  8.13
7  60  2  23.23
8  60  2  22.63
9  60  2  29.87
10  60  2  7.66
11  60  2  13.57
12  60  2  15.50
13  60  2  11.40
14  60  2  25.94
15  60  2  30.85
1  61  2  13.52
2  61  2  7.80
3  61  2  23.86
4  61  2  18.61
5  61  2  4.78
6  61  2  8.08
7  61  2  30.61
8  61  2  16.99
9  61  2  42.88
10  61  2  24.92
11  61  2  34.91
12  61  2  5.25
13  61  2  10.57
14  61  2  28.38
15  61  2  9.33
1  62  2  25.11
2  62  2  25.28
3  62  2  28.29
4  62  2  5.67
5  62  2  56.59
6  62  2  7.70
7  62  2  25.19
8  62  2  27.98
9  62  2  25.16
10  62  2  40.60
11  62  2  16.80
12  62  2  22.23
13  62  2  13.39
14  62  2  34.96
15  62  2  54.37
1  63  2  23.66
2  63  2  31.13
3  63  2  24.63
4  63  2  37.50
5  63  2  14.79
6  63  2  26.50
7  63  2  38.66
8  63  2  35.45
9  63  2  5.72
10  63  2  27.65
11  63  2  13.24
12  63  2  25.87
13  63  2  43.04
14  63  2  32.62
15  63  2  22.81
1  64  2  26.00
2  64  2  15.93
3  64  2  12.82
4  64  2  20.07
5  64  2  6.50
6  64  2  50.23
7  64  2  29.62
8  64  2  14.94
9  64  2  7.28
10  64  2  44.64
11  64  2  18.72
12  64  2  10.30
13  64  2  17.48
14  64  2  38.58
15  64  2  9.07
1  65  2  9.80
2  65  2  26.07
3  65  2  2.86
4  65  2  18.89
5  65  2  60.51
6  65  2  23.02
7  65  2  3.71
8  65  2  16.16
9  65  2  8.57
10  65  2  14.06
11  65  2  26.16
12  65  2  8.88
13  65  2  43.73
14  65  2  6.23
15  65  2  10.11
1  66  2  6.44
2  66  2  55.10
3  66  2  24.28
4  66  2  10.96
5  66  2  48.01
6  66  2  37.54
7  66  2  4.10
8  66  2  4.11
9  66  2  21.79
10  66  2  28.61
11  66  2  38.62
12  66  2  58.97
13  66  2  50.32
14  66  2  29.46
15  66  2  19.37
1  67  2  10.72
2  67  2  24.69
3  67  2  16.87
4  67  2  28.06
5  67  2  56.14
6  67  2  7.66
7  67  2  13.65
8  67  2  57.50
9  67  2  21.54
10  67  2  37.55
11  67  2  17.58
12  67  2  3.20
13  67  2  20.23
14  67  2  21.74
15  67  2  22.30
1  68  2  42.68
2  68  2  4.95
3  68  2  17.22
4  68  2  24.89
5  68  2  15.37
6  68  2  7.23
7  68  2  46.18
8  68  2  18.17
9  68  2  17.12
10  68  2  18.00
11  68  2  26.27
12  68  2  12.46
13  68  2  33.66
14  68  2  50.97
15  68  2  11.69
1  69  2  66.43
2  69  2  32.66
3  69  2  51.29
4  69  2  20.93
5  69  2  10.28
6  69  2  9.36
7  69  2  18.91
8  69  2  25.91
9  69  2  14.80
10  69  2  62.38
11  69  2  6.88
12  69  2  45.20
13  69  2  4.88
14  69  2  20.71
15  69  2  16.85
1  70  2  59.54
2  70  2  33.74
3  70  2  41.71
4  70  2  20.86
5  70  2  25.86
6  70  2  37.63
7  70  2  19.95
8  70  2  4.04
9  70  2  9.25
10  70  2  15.42
11  70  2  39.12
12  70  2  28.48
13  70  2  26.02
14  70  2  24.41
15  70  2  16.34
1  71  2  14.64
2  71  2  30.34
3  71  2  10.66
4  71  2  20.68
5  71  2  37.83
6  71  2  39.50
7  71  2  9.56
8  71  2  30.94
9  71  2  52.22
10  71  2  23.13
11  71  2  12.41
12  71  2  30.20
13  71  2  20.02
14  71  2  49.55
15  71  2  13.54
1  72  2  16.01
2  72  2  14.76
3  72  2  18.28
4  72  2  7.17
5  72  2  17.56
6  72  2  16.68
7  72  2  5.69
8  72  2  32.12
9  72  2  10.22
10  72  2  4.51
11  72  2  12.74
12  72  2  30.73
13  72  2  36.75
14  72  2  16.59
15  72  2  29.37
1  73  2  38.54
2  73  2  2.97
3  73  2  19.73
4  73  2  26.26
5  73  2  51.44
6  73  2  30.05
7  73  2  14.43
8  73  2  14.93
9  73  2  45.31
10  73  2  17.17
11  73  2  10.51
12  73  2  32.43
13  73  2  10.53
14  73  2  17.45
15  73  2  47.57
1  74  2  5.46
2  74  2  35.97
3  74  2  34.75
4  74  2  37.45
5  74  2  29.33
6  74  2  30.67
7  74  2  5.90
8  74  2  9.91
9  74  2  4.87
10  74  2  24.69
11  74  2  33.41
12  74  2  42.31
13  74  2  15.26
14  74  2  29.79
15  74  2  20.59
1  75  2  21.27
2  75  2  31.75
3  75  2  34.21
4  75  2  31.63
5  75  2  24.13
6  75  2  14.42
7  75  2  37.25
8  75  2  8.72
9  75  2  37.30
10  75  2  40.80
11  75  2  18.17
12  75  2  29.59
13  75  2  15.91
14  75  2  20.31
15  75  2  39.53
1  76  2  10.75
2  76  2  13.97
3  76  2  11.51
4  76  2  17.03
5  76  2  54.22
6  76  2  67.08
7  76  2  18.39
8  76  2  35.95
9  76  2  66.76
10  76  2  7.96
11  76  2  10.11
12  76  2  48.94
13  76  2  12.51
14  76  2  30.48
15  76  2  39.26
1  77  2  39.74
2  77  2  27.83
3  77  2  6.93
4  77  2  66.58
5  77  2  7.21
6  77  2  23.08
7  77  2  15.63
8  77  2  2.86
9  77  2  43.89
10  77  2  25.39
11  77  2  5.77
12  77  2  40.83
13  77  2  9.90
14  77  2  6.14
15  77  2  51.61
1  78  2  17.03
2  78  2  43.18
3  78  2  15.75
4  78  2  9.54
5  78  2  21.20
6  78  2  30.46
7  78  2  43.80
8  78  2  51.68
9  78  2  23.64
10  78  2  21.50
11  78  2  7.95
12  78  2  37.40
13  78  2  11.04
14  78  2  39.70
15  78  2  24.32
1  79  2  23.51
2  79  2  43.79
3  79  2  31.94
4  79  2  9.21
5  79  2  43.24
6  79  2  7.96
7  79  2  8.35
8  79  2  10.40
9  79  2  21.26
10  79  2  9.23
11  79  2  23.53
12  79  2  7.05
13  79  2  6.73
14  79  2  5.05
15  79  2  6.43
1  80  2  50.87
2  80  2  21.09
3  80  2  48.95
4  80  2  12.07
5  80  2  51.97
6  80  2  3.41
7  80  2  13.88
8  80  2  6.93
9  80  2  9.44
10  80  2  28.09
11  80  2  23.24
12  80  2  6.26
13  80  2  21.03
14  80  2  39.54
15  80  2  45.57
1  81  2  37.50
2  81  2  32.03
3  81  2  23.62
4  81  2  26.16
5  81  2  7.20
6  81  2  12.18
7  81  2  15.27
8  81  2  17.47
9  81  2  16.25
10  81  2  29.53
11  81  2  54.26
12  81  2  33.11
13  81  2  3.89
14  81  2  19.40
15  81  2  8.56
1  82  2  10.19
2  82  2  18.39
3  82  2  16.46
4  82  2  12.36
5  82  2  4.63
6  82  2  63.75
7  82  2  22.71
8  82  2  13.04
9  82  2  22.83
10  82  2  15.17
11  82  2  27.08
12  82  2  11.87
13  82  2  5.48
14  82  2  8.97
15  82  2  29.26
1  83  2  52.98
2  83  2  4.81
3  83  2  30.34
4  83  2  33.50
5  83  2  14.15
6  83  2  17.17
7  83  2  53.49
8  83  2  42.31
9  83  2  25.21
10  83  2  34.81
11  83  2  29.76
12  83  2  18.55
13  83  2  20.48
14  83  2  10.85
15  83  2  24.70
1  84  2  12.45
2  84  2  20.64
3  84  2  28.49
4  84  2  63.83
5  84  2  16.76
6  84  2  10.37
7  84  2  9.72
8  84  2  14.35
9  84  2  47.92
10  84  2  3.71
11  84  2  37.30
12  84  2  63.18
13  84  2  31.09
14  84  2  28.06
15  84  2  47.03
1  85  2  21.43
2  85  2  4.27
3  85  2  17.35
4  85  2  28.50
5  85  2  47.05
6  85  2  14.86
7  85  2  51.63
8  85  2  8.99
9  85  2  15.33
10  85  2  35.39
11  85  2  27.24
12  85  2  36.35
13  85  2  5.04
14  85  2  51.14
15  85  2  15.63
1  86  2  37.01
2  86  2  38.14
3  86  2  59.92
4  86  2  45.05
5  86  2  17.83
6  86  2  2.42
7  86  2  42.34
8  86  2  17.31
9  86  2  63.09
10  86  2  6.58
11  86  2  37.48
12  86  2  52.81
13  86  2  59.48
14  86  2  15.84
15  86  2  47.48
1  87  2  7.30
2  87  2  21.08
3  87  2  39.57
4  87  2  18.12
5  87  2  37.98
6  87  2  18.45
7  87  2  12.47
8  87  2  41.86
9  87  2  15.62
10  87  2  22.16
11  87  2  41.30
12  87  2  3.53
13  87  2  13.13
14  87  2  52.76
15  87  2  8.76
1  88  2  35.01
2  88  2  15.13
3  88  2  17.65
4  88  2  18.45
5  88  2  51.30
6  88  2  21.19
7  88  2  18.96
8  88  2  27.83
9  88  2  33.85
10  88  2  33.33
11  88  2  9.75
12  88  2  10.96
13  88  2  17.87
14  88  2  5.75
15  88  2  15.49
1  89  2  19.59
2  89  2  44.45
3  89  2  20.27
4  89  2  21.31
5  89  2  54.98
6  89  2  6.57
7  89  2  13.20
8  89  2  5.53
9  89  2  34.48
10  89  2  32.26
11  89  2  17.57
12  89  2  6.46
13  89  2  16.95
14  89  2  16.30
15  89  2  33.07
1  90  2  13.64
2  90  2  6.62
3  90  2  26.98
4  90  2  51.70
5  90  2  20.32
6  90  2  50.60
7  90  2  21.78
8  90  2  22.58
9  90  2  6.76
10  90  2  28.12
11  90  2  17.56
12  90  2  27.72
13  90  2  17.87
14  90  2  27.76
15  90  2  17.07
1  91  2  60.19
2  91  2  17.96
3  91  2  7.43
4  91  2  13.92
5  91  2  6.47
6  91  2  11.91
7  91  2  32.08
8  91  2  27.91
9  91  2  34.57
10  91  2  23.39
11  91  2  12.58
12  91  2  35.21
13  91  2  22.41
14  91  2  62.53
15  91  2  26.55
1  92  2  4.57
2  92  2  25.59
3  92  2  9.21
4  92  2  32.97
5  92  2  15.23
6  92  2  18.66
7  92  2  22.65
8  92  2  10.27
9  92  2  45.89
10  92  2  14.31
11  92  2  13.81
12  92  2  9.25
13  92  2  47.26
14  92  2  35.98
15  92  2  11.54
1  93  2  20.88
2  93  2  13.44
3  93  2  12.98
4  93  2  35.64
5  93  2  33.93
6  93  2  42.49
7  93  2  20.78
8  93  2  24.64
9  93  2  12.43
10  93  2  30.52
11  93  2  19.32
12  93  2  24.91
13  93  2  33.35
14  93  2  18.06
15  93  2  27.39
1  94  2  12.22
2  94  2  40.36
3  94  2  27.61
4  94  2  17.03
5  94  2  14.78
6  94  2  41.68
7  94  2  17.74
8  94  2  26.22
9  94  2  27.54
10  94  2  33.64
11  94  2  20.41
12  94  2  11.86
13  94  2  52.88
14  94  2  14.41
15  94  2  15.57
1  95  2  7.49
2  95  2  58.28
3  95  2  16.46
4  95  2  31.21
5  95  2  8.42
6  95  2  21.86
7  95  2  33.21
8  95  2  34.36
9  95  2  23.81
10  95  2  24.65
11  95  2  19.51
12  95  2  8.95
13  95  2  25.02
14  95  2  42.24
15  95  2  25.10
1  96  2  63.62
2  96  2  34.01
3  96  2  24.41
4  96  2  18.63
5  96  2  40.75
6  96  2  23.02
7  96  2  14.62
8  96  2  21.48
9  96  2  9.22
10  96  2  29.14
11  96  2  18.10
12  96  2  12.51
13  96  2  10.75
14  96  2  22.89
15  96  2  13.43
1  97  2  30.43
2  97  2  33.14
3  97  2  27.32
4  97  2  25.51
5  97  2  6.57
6  97  2  52.37
7  97  2  48.08
8  97  2  48.36
9  97  2  19.84
10  97  2  66.21
11  97  2  41.83
12  97  2  41.35
13  97  2  27.04
14  97  2  14.96
15  97  2  13.84
1  98  2  21.25
2  98  2  26.80
3  98  2  30.61
4  98  2  7.82
5  98  2  35.80
6  98  2  57.42
7  98  2  41.47
8  98  2  41.66
9  98  2  16.55
10  98  2  15.94
11  98  2  11.05
12  98  2  19.67
13  98  2  21.25
14  98  2  15.22
15  98  2  7.31
1  99  2  17.76
2  99  2  14.32
3  99  2  17.54
4  99  2  7.63
5  99  2  8.53
6  99  2  13.27
7  99  2  15.70
8  99  2  40.77
9  99  2  38.08
10  99  2  39.87
11  99  2  39.54
12  99  2  14.48
13  99  2  35.70
14  99  2  17.83
15  99  2  22.96
1  100  2  48.54
2  100  2  7.11
3  100  2  5.25
4  100  2  32.02
5  100  2  15.13
6  100  2  23.73
7  100  2  31.29
8  100  2  30.07
9  100  2  61.44
10  100  2  12.77
11  100  2  36.51
12  100  2  10.46
13  100  2  21.18
14  100  2  23.18
15  100  2  23.57
1  101  2  27.60
2  101  2  14.94
3  101  2  25.72
4  101  2  7.74
5  101  2  13.01
6  101  2  56.97
7  101  2  9.74
8  101  2  52.42
9  101  2  14.85
10  101  2  38.07
11  101  2  59.03
12  101  2  47.58
13  101  2  11.71
14  101  2  46.30
15  101  2  28.30
1  102  2  20.85
2  102  2  54.70
3  102  2  22.79
4  102  2  17.34
5  102  2  41.41
6  102  2  13.02
7  102  2  23.48
8  102  2  35.75
9  102  2  34.16
10  102  2  56.45
11  102  2  62.70
12  102  2  35.95
13  102  2  50.45
14  102  2  54.95
15  102  2  13.98
1  103  2  25.35
2  103  2  9.31
3  103  2  13.97
4  103  2  12.47
5  103  2  49.43
6  103  2  18.83
7  103  2  12.38
8  103  2  19.99
9  103  2  9.18
10  103  2  25.68
11  103  2  3.79
12  103  2  31.14
13  103  2  5.26
14  103  2  20.52
15  103  2  17.54
1  104  2  10.64
2  104  2  23.83
3  104  2  10.82
4  104  2  38.01
5  104  2  33.67
6  104  2  50.93
7  104  2  18.75
8  104  2  19.53
9  104  2  14.45
10  104  2  22.68
11  104  2  14.42
12  104  2  22.62
13  104  2  57.05
14  104  2  33.97
15  104  2  31.35
1  105  2  15.76
2  105  2  33.84
3  105  2  40.93
4  105  2  27.70
5  105  2  17.39
6  105  2  43.19
7  105  2  7.60
8  105  2  36.61
9  105  2  20.77
10  105  2  33.41
11  105  2  21.66
12  105  2  23.04
13  105  2  30.04
14  105  2  20.31
15  105  2  18.04
1  106  2  31.05
2  106  2  10.66
3  106  2  6.10
4  106  2  5.80
5  106  2  16.93
6  106  2  8.46
7  106  2  50.92
8  106  2  10.08
9  106  2  21.63
10  106  2  35.42
11  106  2  10.10
12  106  2  40.84
13  106  2  32.73
14  106  2  11.80
15  106  2  43.49
1  107  2  21.94
2  107  2  45.75
3  107  2  25.85
4  107  2  27.47
5  107  2  29.60
6  107  2  13.76
7  107  2  19.65
8  107  2  21.55
9  107  2  9.56
10  107  2  21.19
11  107  2  6.36
12  107  2  26.64
13  107  2  13.63
14  107  2  10.79
15  107  2  22.60
1  108  2  48.50
2  108  2  6.21
3  108  2  16.57
4  108  2  69.17
5  108  2  26.90
6  108  2  6.01
7  108  2  16.04
8  108  2  49.93
9  108  2  32.67
10  108  2  3.77
11  108  2  66.34
12  108  2  11.31
13  108  2  23.48
14  108  2  50.78
15  108  2  7.30
1  109  2  56.97
2  109  2  59.65
3  109  2  54.74
4  109  2  23.67
5  109  2  10.69
6  109  2  10.50
7  109  2  11.89
8  109  2  18.57
9  109  2  16.13
10  109  2  59.97
11  109  2  46.99
12  109  2  30.17
13  109  2  16.28
14  109  2  15.30
15  109  2  14.06
1  110  2  16.32
2  110  2  17.61
3  110  2  60.73
4  110  2  47.93
5  110  2  2.86
6  110  2  44.05
7  110  2  19.79
8  110  2  23.71
9  110  2  17.53
10  110  2  32.67
11  110  2  33.19
12  110  2  12.09
13  110  2  19.12
14  110  2  18.15
15  110  2  36.56
1  111  2  40.28
2  111  2  30.78
3  111  2  12.64
4  111  2  13.05
5  111  2  55.80
6  111  2  26.84
7  111  2  15.36
8  111  2  26.83
9  111  2  20.06
10  111  2  45.93
11  111  2  55.08
12  111  2  22.52
13  111  2  8.70
14  111  2  45.65
15  111  2  24.65
1  112  2  8.25
2  112  2  21.96
3  112  2  58.16
4  112  2  4.98
5  112  2  45.90
6  112  2  56.37
7  112  2  4.64
8  112  2  31.36
9  112  2  18.68
10  112  2  26.26
11  112  2  40.41
12  112  2  3.67
13  112  2  53.07
14  112  2  30.94
15  112  2  11.87
1  113  2  5.80
2  113  2  3.90
3  113  2  40.68
4  113  2  37.59
5  113  2  12.07
6  113  2  39.97
7  113  2  36.08
8  113  2  9.63
9  113  2  14.29
10  113  2  11.72
11  113  2  10.81
12  113  2  45.97
13  113  2  3.62
14  113  2  32.33
15  113  2  12.17
1  114  2  44.64
2  114  2  57.80
3  114  2  39.09
4  114  2  22.91
5  114  2  42.27
6  114  2  13.38
7  114  2  3.30
8  114  2  39.87
9  114  2  29.66
10  114  2  17.24
11  114  2  21.56
12  114  2  19.11
13  114  2  8.40
14  114  2  5.51
15  114  2  16.40
1  115  2  15.86
2  115  2  50.49
3  115  2  46.47
4  115  2  36.42
5  115  2  35.44
6  115  2  22.01
7  115  2  3.71
8  115  2  26.35
9  115  2  44.62
10  115  2  3.99
11  115  2  45.18
12  115  2  11.43
13  115  2  22.03
14  115  2  5.38
15  115  2  16.53
1  116  2  27.60
2  116  2  6.08
3  116  2  23.84
4  116  2  44.62
5  116  2  9.11
6  116  2  18.27
7  116  2  10.32
8  116  2  39.83
9  116  2  23.61
10  116  2  3.21
11  116  2  50.32
12  116  2  10.39
13  116  2  6.27
14  116  2  33.43
15  116  2  21.95
1  117  2  28.10
2  117  2  12.12
3  117  2  29.68
4  117  2  21.81
5  117  2  13.23
6  117  2  43.31
7  117  2  21.69
8  117  2  48.85
9  117  2  5.47
10  117  2  53.45
11  117  2  45.88
12  117  2  36.67
13  117  2  51.27
14  117  2  13.25
15  117  2  23.64
1  118  2  15.40
2  118  2  10.31
3  118  2  9.31
4  118  2  37.07
5  118  2  18.52
6  118  2  29.53
7  118  2  41.78
8  118  2  7.88
9  118  2  20.36
10  118  2  13.43
11  118  2  49.95
12  118  2  46.26
13  118  2  17.33
14  118  2  17.20
15  118  2  27.53
1  119  2  25.74
2  119  2  39.86
3  119  2  17.87
4  119  2  27.95
5  119  2  38.53
6  119  2  7.20
7  119  2  15.27
8  119  2  34.72
9  119  2  24.52
10  119  2  15.16
11  119  2  9.94
12  119  2  19.52
13  119  2  6.80
14  119  2  41.17
15  119  2  22.37
1  120  2  18.22
2  120  2  12.68
3  120  2  53.59
4  120  2  17.30
5  120  2  28.09
6  120  2  62.50
7  120  2  24.06
8  120  2  14.36
9  120  2  19.73
10  120  2  18.92
11  120  2  43.28
12  120  2  49.24
13  120  2  44.83
14  120  2  50.08
15  120  2  48.25
1  121  2  47.29
2  121  2  8.93
3  121  2  30.01
4  121  2  9.59
5  121  2  9.74
6  121  2  9.43
7  121  2  11.82
8  121  2  19.51
9  121  2  14.84
10  121  2  20.15
11  121  2  37.53
12  121  2  49.27
13  121  2  18.09
14  121  2  31.67
15  121  2  45.26
1  122  2  11.45
2  122  2  8.98
3  122  2  50.66
4  122  2  52.12
5  122  2  41.36
6  122  2  26.66
7  122  2  48.40
8  122  2  49.67
9  122  2  48.88
10  122  2  58.05
11  122  2  5.17
12  122  2  13.01
13  122  2  6.70
14  122  2  37.96
15  122  2  40.23
1  123  2  32.29
2  123  2  11.37
3  123  2  8.55
4  123  2  2.79
5  123  2  6.06
6  123  2  55.42
7  123  2  21.77
8  123  2  2.69
9  123  2  19.30
10  123  2  14.07
11  123  2  45.83
12  123  2  27.12
13  123  2  54.94
14  123  2  7.10
15  123  2  14.47
1  124  2  6.15
2  124  2  13.83
3  124  2  21.19
4  124  2  20.27
5  124  2  18.75
6  124  2  27.06
7  124  2  6.79
8  124  2  7.85
9  124  2  13.50
10  124  2  46.81
11  124  2  37.85
12  124  2  54.86
13  124  2  18.72
14  124  2  2.22
15  124  2  7.62
1  125  2  19.47
2  125  2  15.97
3  125  2  33.75
4  125  2  41.62
5  125  2  30.04
6  125  2  30.85
7  125  2  28.60
8  125  2  28.26
9  125  2  6.46
10  125  2  22.48
11  125  2  29.58
12  125  2  8.30
13  125  2  28.65
14  125  2  46.51
15  125  2  15.24
1  126  2  16.24
2  126  2  10.70
3  126  2  29.80
4  126  2  53.43
5  126  2  17.54
6  126  2  10.90
7  126  2  30.98
8  126  2  48.14
9  126  2  10.48
10  126  2  18.01
11  126  2  30.50
12  126  2  18.16
13  126  2  13.45
14  126  2  11.08
15  126  2  14.88
1  127  2  41.37
2  127  2  35.58
3  127  2  9.77
4  127  2  24.15
5  127  2  47.19
6  127  2  11.90
7  127  2  10.12
8  127  2  9.89
9  127  2  16.98
10  127  2  20.60
11  127  2  11.09
12  127  2  30.05
13  127  2  23.86
14  127  2  43.72
15  127  2  11.09
1  128  2  14.52
2  128  2  31.38
3  128  2  25.47
4  128  2  32.80
5  128  2  28.74
6  128  2  33.88
7  128  2  5.99
8  128  2  4.32
9  128  2  54.45
10  128  2  5.78
11  128  2  22.45
12  128  2  20.67
13  128  2  19.95
14  128  2  3.07
15  128  2  28.80
1  129  2  13.02
2  129  2  24.75
3  129  2  13.81
4  129  2  20.17
5  129  2  10.30
6  129  2  7.05
7  129  2  22.93
8  129  2  13.50
9  129  2  48.75
10  129  2  13.98
11  129  2  18.73
12  129  2  12.77
13  129  2  27.76
14  129  2  35.54
15  129  2  39.40
1  130  2  5.30
2  130  2  8.24
3  130  2  3.44
4  130  2  12.52
5  130  2  19.20
6  130  2  27.89
7  130  2  51.08
8  130  2  4.96
9  130  2  58.27
10  130  2  54.19
11  130  2  18.98
12  130  2  16.75
13  130  2  9.29
14  130  2  15.76
15  130  2  29.18
1  131  2  53.09
2  131  2  13.82
3  131  2  52.81
4  131  2  34.51
5  131  2  6.80
6  131  2  29.86
7  131  2  4.89
8  131  2  9.82
9  131  2  18.15
10  131  2  11.45
11  131  2  24.15
12  131  2  9.90
13  131  2  24.82
14  131  2  19.40
15  131  2  13.58
1  132  2  9.69
2  132  2  4.63
3  132  2  34.41
4  132  2  5.59
5  132  2  37.46
6  132  2  39.33
7  132  2  45.24
8  132  2  7.67
9  132  2  27.19
10  132  2  20.14
11  132  2  12.86
12  132  2  3.87
13  132  2  13.84
14  132  2  35.99
15  132  2  7.41
1  133  2  45.14
2  133  2  22.33
3  133  2  42.81
4  133  2  38.37
5  133  2  30.74
6  133  2  26.93
7  133  2  22.68
8  133  2  56.60
9  133  2  53.50
10  133  2  8.94
11  133  2  9.47
12  133  2  21.10
13  133  2  10.13
14  133  2  37.39
15  133  2  25.70
1  134  2  14.53
2  134  2  15.61
3  134  2  48.80
4  134  2  13.22
5  134  2  55.39
6  134  2  4.22
7  134  2  8.19
8  134  2  41.40
9  134  2  20.37
10  134  2  13.32
11  134  2  33.17
12  134  2  2.94
13  134  2  13.21
14  134  2  22.91
15  134  2  35.35
1  135  2  23.41
2  135  2  51.59
3  135  2  36.85
4  135  2  25.72
5  135  2  50.83
6  135  2  39.71
7  135  2  14.42
8  135  2  14.90
9  135  2  27.32
10  135  2  15.02
11  135  2  35.22
12  135  2  22.08
13  135  2  5.27
14  135  2  14.01
15  135  2  42.23
1  136  2  16.68
2  136  2  28.84
3  136  2  45.01
4  136  2  22.07
5  136  2  45.10
6  136  2  33.67
7  136  2  41.93
8  136  2  29.51
9  136  2  12.29
10  136  2  23.03
11  136  2  20.68
12  136  2  26.37
13  136  2  13.77
14  136  2  6.22
15  136  2  9.68
1  137  2  7.37
2  137  2  18.87
3  137  2  42.88
4  137  2  27.91
5  137  2  27.74
6  137  2  55.77
7  137  2  38.76
8  137  2  5.68
9  137  2  51.39
10  137  2  52.11
11  137  2  40.99
12  137  2  12.09
13  137  2  9.59
14  137  2  16.70
15  137  2  12.30
1  138  2  7.45
2  138  2  15.62
3  138  2  6.20
4  138  2  49.22
5  138  2  3.25
6  138  2  25.72
7  138  2  32.50
8  138  2  15.02
9  138  2  25.14
10  138  2  16.70
11  138  2  21.78
12  138  2  55.26
13  138  2  12.85
14  138  2  40.02
15  138  2  37.77
1  139  2  21.61
2  139  2  25.75
3  139  2  44.25
4  139  2  14.39
5  139  2  21.24
6  139  2  57.39
7  139  2  8.06
8  139  2  7.16
9  139  2  13.56
10  139  2  53.11
11  139  2  14.11
12  139  2  13.38
13  139  2  22.21
14  139  2  16.41
15  139  2  5.76
1  140  2  7.26
2  140  2  13.60
3  140  2  27.85
4  140  2  15.87
5  140  2  3.27
6  140  2  17.35
7  140  2  33.66
8  140  2  10.78
9  140  2  36.95
10  140  2  52.61
11  140  2  4.41
12  140  2  10.93
13  140  2  3.33
14  140  2  15.52
15  140  2  56.68
1  141  2  23.55
2  141  2  37.61
3  141  2  19.74
4  141  2  49.43
5  141  2  19.98
6  141  2  25.83
7  141  2  57.20
8  141  2  23.20
9  141  2  53.92
10  141  2  19.93
11  141  2  7.81
12  141  2  36.50
13  141  2  17.10
14  141  2  67.23
15  141  2  13.22
1  142  2  43.37
2  142  2  14.67
3  142  2  24.82
4  142  2  36.51
5  142  2  19.55
6  142  2  54.17
7  142  2  12.44
8  142  2  16.09
9  142  2  19.22
10  142  2  42.23
11  142  2  5.44
12  142  2  9.23
13  142  2  26.26
14  142  2  60.18
15  142  2  17.11
1  143  2  22.35
2  143  2  7.37
3  143  2  25.68
4  143  2  19.33
5  143  2  18.80
6  143  2  38.94
7  143  2  32.92
8  143  2  13.92
9  143  2  7.40
10  143  2  57.89
11  143  2  36.22
12  143  2  40.84
13  143  2  22.83
14  143  2  10.09
15  143  2  21.80
1  144  2  6.17
2  144  2  24.53
3  144  2  10.52
4  144  2  24.28
5  144  2  5.42
6  144  2  20.23
7  144  2  18.41
8  144  2  8.20
9  144  2  13.73
10  144  2  12.80
11  144  2  32.28
12  144  2  57.25
13  144  2  30.34
14  144  2  22.28
15  144  2  18.76
1  145  2  3.89
2  145  2  15.80
3  145  2  48.17
4  145  2  48.88
5  145  2  19.22
6  145  2  22.02
7  145  2  50.70
8  145  2  13.66
9  145  2  39.74
10  145  2  15.83
11  145  2  22.92
12  145  2  15.83
13  145  2  35.86
14  145  2  7.45
15  145  2  65.30
1  146  2  16.37
2  146  2  24.34
3  146  2  21.87
4  146  2  37.38
5  146  2  25.27
6  146  2  23.15
7  146  2  6.59
8  146  2  6.57
9  146  2  2.29
10  146  2  17.16
11  146  2  12.49
12  146  2  8.13
13  146  2  23.35
14  146  2  38.01
15  146  2  9.61
1  147  2  3.69
2  147  2  26.42
3  147  2  46.65
4  147  2  14.17
5  147  2  27.95
6  147  2  26.54
7  147  2  24.10
8  147  2  23.75
9  147  2  4.18
10  147  2  24.27
11  147  2  48.56
12  147  2  9.83
13  147  2  7.82
14  147  2  10.33
15  147  2  30.06
1  148  2  53.93
2  148  2  7.95
3  148  2  20.32
4  148  2  27.34
5  148  2  32.78
6  148  2  10.04
7  148  2  18.31
8  148  2  30.52
9  148  2  43.84
10  148  2  13.92
11  148  2  38.51
12  148  2  20.26
13  148  2  17.77
14  148  2  51.39
15  148  2  29.30
1  149  2  20.80
2  149  2  57.42
3  149  2  23.86
4  149  2  35.65
5  149  2  53.37
6  149  2  7.56
7  149  2  14.78
8  149  2  56.20
9  149  2  5.39
10  149  2  9.77
11  149  2  5.15
12  149  2  9.66
13  149  2  9.49
14  149  2  41.50
15  149  2  37.06
1  150  2  60.30
2  150  2  3.88
3  150  2  21.62
4  150  2  40.33
5  150  2  23.90
6  150  2  55.26
7  150  2  8.45
8  150  2  25.62
9  150  2  9.57
10  150  2  32.06
11  150  2  18.93
12  150  2  11.06
13  150  2  22.99
14  150  2  28.53
15  150  2  24.92
1  151  2  24.16
2  151  2  36.57
3  151  2  44.44
4  151  2  9.04
5  151  2  36.49
6  151  2  20.09
7  151  2  32.64
8  151  2  11.12
9  151  2  6.35
10  151  2  31.90
11  151  2  28.54
12  151  2  6.04
13  151  2  26.87
14  151  2  31.25
15  151  2  15.07
1  152  2  46.56
2  152  2  16.33
3  152  2  19.74
4  152  2  24.55
5  152  2  59.06
6  152  2  4.13
7  152  2  37.18
8  152  2  30.40
9  152  2  38.05
10  152  2  28.84
11  152  2  28.45
12  152  2  32.13
13  152  2  24.30
14  152  2  35.04
15  152  2  51.65
1  153  2  7.85
2  153  2  2.72
3  153  2  33.96
4  153  2  52.26
5  153  2  26.37
6  153  2  35.19
7  153  2  34.88
8  153  2  41.86
9  153  2  36.18
10  153  2  23.74
11  153  2  50.74
12  153  2  8.72
13  153  2  21.31
14  153  2  23.92
15  153  2  46.28
1  154  2  22.05
2  154  2  3.99
3  154  2  49.88
4  154  2  29.82
5  154  2  40.70
6  154  2  30.94
7  154  2  20.32
8  154  2  19.61
9  154  2  25.58
10  154  2  27.01
11  154  2  36.52
12  154  2  47.72
13  154  2  49.39
14  154  2  10.69
15  154  2  35.25
1  155  2  21.39
2  155  2  61.69
3  155  2  28.41
4  155  2  61.44
5  155  2  20.40
6  155  2  65.31
7  155  2  13.86
8  155  2  16.35
9  155  2  20.50
10  155  2  3.97
11  155  2  20.95
12  155  2  26.17
13  155  2  19.26
14  155  2  43.73
15  155  2  48.35
1  156  2  37.19
2  156  2  38.57
3  156  2  7.35
4  156  2  34.83
5  156  2  25.26
6  156  2  43.45
7  156  2  53.89
8  156  2  13.05
9  156  2  23.06
10  156  2  19.86
11  156  2  11.17
12  156  2  20.61
13  156  2  6.12
14  156  2  22.70
15  156  2  17.19
1  157  2  38.10
2  157  2  53.35
3  157  2  31.42
4  157  2  3.63
5  157  2  4.35
6  157  2  39.09
7  157  2  28.54
8  157  2  9.54
9  157  2  20.49
10  157  2  11.91
11  157  2  4.67
12  157  2  36.70
13  157  2  19.64
14  157  2  10.93
15  157  2  21.94
1  158  2  18.22
2  158  2  8.40
3  158  2  17.05
4  158  2  46.13
5  158  2  28.11
6  158  2  23.29
7  158  2  30.13
8  158  2  21.86
9  158  2  17.63
10  158  2  43.63
11  158  2  25.79
12  158  2  24.70
13  158  2  28.20
14  158  2  23.04
15  158  2  25.87
1  159  2  36.39
2  159  2  40.33
3  159  2  66.46
4  159  2  5.38
5  159  2  15.75
6  159  2  29.18
7  159  2  20.56
8  159  2  13.50
9  159  2  8.37
10  159  2  10.49
11  159  2  29.80
12  159  2  42.39
13  159  2  44.67
14  159  2  11.49
15  159  2  38.81
1  160  2  5.42
2  160  2  23.43
3  160  2  15.65
4  160  2  49.34
5  160  2  51.60
6  160  2  38.76
7  160  2  42.83
8  160  2  30.92
9  160  2  15.59
10  160  2  12.54
11  160  2  71.81
12  160  2  29.16
13  160  2  64.35
14  160  2  9.46
15  160  2  7.83
1  161  2  53.64
2  161  2  24.18
3  161  2  40.63
4  161  2  8.82
5  161  2  12.47
6  161  2  38.09
7  161  2  32.46
8  161  2  6.18
9  161  2  47.68
10  161  2  36.00
11  161  2  18.23
12  161  2  33.02
13  161  2  10.13
14  161  2  29.85
15  161  2  7.54
1  162  2  37.99
2  162  2  4.18
3  162  2  22.11
4  162  2  31.46
5  162  2  23.99
6  162  2  10.89
7  162  2  19.18
8  162  2  42.43
9  162  2  9.87
10  162  2  7.95
11  162  2  7.68
12  162  2  13.83
13  162  2  34.09
14  162  2  44.78
15  162  2  33.09
1  163  2  16.63
2  163  2  22.93
3  163  2  40.29
4  163  2  23.45
5  163  2  48.16
6  163  2  31.36
7  163  2  59.86
8  163  2  10.47
9  163  2  54.23
10  163  2  41.67
11  163  2  18.61
12  163  2  35.98
13  163  2  19.79
14  163  2  24.39
15  163  2  37.74
1  164  2  13.01
2  164  2  12.43
3  164  2  8.41
4  164  2  14.73
5  164  2  14.47
6  164  2  51.27
7  164  2  15.42
8  164  2  33.03
9  164  2  9.18
10  164  2  45.23
11  164  2  24.29
12  164  2  61.31
13  164  2  38.45
14  164  2  21.45
15  164  2  48.68
1  165  2  10.43
2  165  2  21.32
3  165  2  27.73
4  165  2  13.94
5  165  2  33.13
6  165  2  54.48
7  165  2  32.40
8  165  2  26.03
9  165  2  16.63
10  165  2  45.67
11  165  2  43.44
12  165  2  24.42
13  165  2  14.04
14  165  2  3.98
15  165  2  10.13
1  166  2  46.24
2  166  2  17.27
3  166  2  24.42
4  166  2  19.05
5  166  2  6.12
6  166  2  16.42
7  166  2  42.55
8  166  2  32.32
9  166  2  23.34
10  166  2  11.73
11  166  2  41.76
12  166  2  46.24
13  166  2  21.73
14  166  2  3.18
15  166  2  17.22
1  167  2  54.93
2  167  2  47.09
3  167  2  41.89
4  167  2  11.55
5  167  2  21.48
6  167  2  30.84
7  167  2  11.13
8  167  2  35.93
9  167  2  6.02
10  167  2  27.12
11  167  2  29.61
12  167  2  39.56
13  167  2  26.44
14  167  2  25.70
15  167  2  25.94
1  168  2  59.39
2  168  2  40.34
3  168  2  26.17
4  168  2  28.63
5  168  2  23.00
6  168  2  37.84
7  168  2  11.46
8  168  2  15.98
9  168  2  11.45
10  168  2  11.89
11  168  2  27.70
12  168  2  8.24
13  168  2  6.36
14  168  2  12.26
15  168  2  8.36
1  169  2  23.92
2  169  2  15.37
3  169  2  9.70
4  169  2  29.15
5  169  2  60.58
6  169  2  55.31
7  169  2  24.87
8  169  2  9.24
9  169  2  16.18
10  169  2  30.52
11  169  2  32.42
12  169  2  4.38
13  169  2  16.16
14  169  2  9.70
15  169  2  30.20
1  170  2  46.25
2  170  2  32.68
3  170  2  47.25
4  170  2  33.55
5  170  2  8.60
6  170  2  44.08
7  170  2  15.47
8  170  2  5.51
9  170  2  28.29
10  170  2  24.82
11  170  2  52.58
12  170  2  9.66
13  170  2  45.06
14  170  2  50.67
15  170  2  37.04
1  171  2  10.83
2  171  2  32.32
3  171  2  21.94
4  171  2  9.59
5  171  2  29.35
6  171  2  36.64
7  171  2  18.44
8  171  2  3.83
9  171  2  13.37
10  171  2  27.07
11  171  2  25.96
12  171  2  10.15
13  171  2  27.82
14  171  2  23.21
15  171  2  12.43
1  172  2  42.29
2  172  2  36.73
3  172  2  10.34
4  172  2  25.56
5  172  2  16.45
6  172  2  11.66
7  172  2  40.07
8  172  2  9.90
9  172  2  2.92
10  172  2  43.18
11  172  2  21.14
12  172  2  10.35
13  172  2  35.75
14  172  2  17.81
15  172  2  56.87
1  173  2  28.34
2  173  2  53.99
3  173  2  29.81
4  173  2  5.25
5  173  2  16.64
6  173  2  54.31
7  173  2  8.59
8  173  2  31.04
9  173  2  18.12
10  173  2  62.49
11  173  2  3.56
12  173  2  7.79
13  173  2  28.38
14  173  2  29.39
15  173  2  7.04
1  174  2  40.75
2  174  2  54.86
3  174  2  21.96
4  174  2  4.52
5  174  2  51.53
6  174  2  19.40
7  174  2  70.06
8  174  2  15.14
9  174  2  47.32
10  174  2  13.59
11  174  2  9.58
12  174  2  33.60
13  174  2  28.29
14  174  2  23.47
15  174  2  15.16
1  175  2  26.54
2  175  2  15.07
3  175  2  16.28
4  175  2  15.53
5  175  2  8.00
6  175  2  59.60
7  175  2  18.44
8  175  2  33.10
9  175  2  17.85
10  175  2  43.95
11  175  2  32.65
12  175  2  42.00
13  175  2  26.21
14  175  2  17.23
15  175  2  41.61
1  176  2  42.00
2  176  2  12.34
3  176  2  10.45
4  176  2  6.77
5  176  2  33.89
6  176  2  32.13
7  176  2  28.72
8  176  2  27.83
9  176  2  23.90
10  176  2  8.83
11  176  2  36.17
12  176  2  42.06
13  176  2  8.90
14  176  2  39.63
15  176  2  23.04
1  177  2  11.85
2  177  2  18.86
3  177  2  20.51
4  177  2  11.45
5  177  2  21.25
6  177  2  8.68
7  177  2  10.27
8  177  2  45.45
9  177  2  20.75
10  177  2  14.88
11  177  2  15.22
12  177  2  6.12
13  177  2  28.87
14  177  2  3.78
15  177  2  25.07
1  178  2  27.11
2  178  2  19.44
3  178  2  9.40
4  178  2  25.78
5  178  2  20.57
6  178  2  14.05
7  178  2  41.99
8  178  2  24.16
9  178  2  38.98
10  178  2  7.71
11  178  2  46.01
12  178  2  49.05
13  178  2  10.65
14  178  2  24.15
15  178  2  7.87
1  179  2  9.57
2  179  2  22.82
3  179  2  22.64
4  179  2  31.71
5  179  2  11.73
6  179  2  17.37
7  179  2  15.65
8  179  2  13.52
9  179  2  49.97
10  179  2  66.21
11  179  2  5.73
12  179  2  37.22
13  179  2  9.68
14  179  2  19.04
15  179  2  8.87
1  180  2  38.77
2  180  2  15.02
3  180  2  7.71
4  180  2  22.12
5  180  2  33.01
6  180  2  21.74
7  180  2  25.49
8  180  2  9.20
9  180  2  20.40
10  180  2  6.78
11  180  2  7.38
12  180  2  50.73
13  180  2  11.96
14  180  2  4.90
15  180  2  7.79
1  181  2  11.73
2  181  2  13.02
3  181  2  9.01
4  181  2  39.61
5  181  2  14.97
6  181  2  19.59
7  181  2  25.95
8  181  2  15.27
9  181  2  67.70
10  181  2  6.43
11  181  2  35.62
12  181  2  23.82
13  181  2  20.11
14  181  2  27.24
15  181  2  50.81
1  182  2  28.93
2  182  2  24.62
3  182  2  25.45
4  182  2  41.35
5  182  2  32.27
6  182  2  40.24
7  182  2  23.56
8  182  2  25.48
9  182  2  32.02
10  182  2  19.92
11  182  2  48.12
12  182  2  42.46
13  182  2  13.63
14  182  2  23.09
15  182  2  12.10
1  183  2  32.02
2  183  2  3.80
3  183  2  7.47
4  183  2  20.36
5  183  2  37.61
6  183  2  44.96
7  183  2  14.41
8  183  2  2.66
9  183  2  15.27
10  183  2  14.89
11  183  2  13.83
12  183  2  46.87
13  183  2  29.13
14  183  2  40.23
15  183  2  19.08
1  184  2  46.84
2  184  2  17.31
3  184  2  14.30
4  184  2  7.70
5  184  2  11.19
6  184  2  37.44
7  184  2  27.39
8  184  2  7.60
9  184  2  6.02
10  184  2  5.25
11  184  2  17.68
12  184  2  54.61
13  184  2  9.86
14  184  2  18.66
15  184  2  19.93
1  185  2  28.60
2  185  2  43.92
3  185  2  39.55
4  185  2  16.95
5  185  2  14.20
6  185  2  44.08
7  185  2  40.88
8  185  2  15.92
9  185  2  8.33
10  185  2  28.65
11  185  2  55.94
12  185  2  39.39
13  185  2  14.23
14  185  2  9.89
15  185  2  14.34
1  186  2  13.14
2  186  2  26.91
3  186  2  36.72
4  186  2  3.64
5  186  2  21.94
6  186  2  22.51
7  186  2  10.12
8  186  2  66.40
9  186  2  20.51
10  186  2  9.91
11  186  2  20.34
12  186  2  19.68
13  186  2  27.24
14  186  2  16.13
15  186  2  11.80
1  187  2  55.89
2  187  2  14.21
3  187  2  3.94
4  187  2  44.45
5  187  2  34.96
6  187  2  27.98
7  187  2  40.82
8  187  2  21.84
9  187  2  7.43
10  187  2  35.25
11  187  2  40.58
12  187  2  14.15
13  187  2  25.30
14  187  2  17.16
15  187  2  41.07
1  188  2  21.35
2  188  2  41.65
3  188  2  30.70
4  188  2  49.46
5  188  2  33.70
6  188  2  18.74
7  188  2  38.52
8  188  2  18.04
9  188  2  45.35
10  188  2  35.56
11  188  2  11.67
12  188  2  14.63
13  188  2  21.83
14  188  2  53.61
15  188  2  17.89
1  189  2  16.48
2  189  2  40.50
3  189  2  12.16
4  189  2  13.10
5  189  2  39.52
6  189  2  47.19
7  189  2  17.11
8  189  2  18.15
9  189  2  6.53
10  189  2  17.05
11  189  2  29.80
12  189  2  63.66
13  189  2  44.42
14  189  2  8.34
15  189  2  10.16
1  190  2  21.84
2  190  2  12.89
3  190  2  24.37
4  190  2  21.30
5  190  2  11.32
6  190  2  11.26
7  190  2  40.33
8  190  2  59.52
9  190  2  51.07
10  190  2  4.41
11  190  2  14.26
12  190  2  29.52
13  190  2  19.01
14  190  2  35.72
15  190  2  16.73
1  191  2  22.00
2  191  2  16.32
3  191  2  14.79
4  191  2  30.30
5  191  2  27.97
6  191  2  20.48
7  191  2  13.16
8  191  2  13.71
9  191  2  17.53
10  191  2  25.64
11  191  2  27.97
12  191  2  23.03
13  191  2  51.18
14  191  2  14.86
15  191  2  61.04
1  192  2  19.93
2  192  2  61.22
3  192  2  28.23
4  192  2  41.52
5  192  2  30.23
6  192  2  22.59
7  192  2  54.55
8  192  2  19.34
9  192  2  16.50
10  192  2  50.33
11  192  2  19.58
12  192  2  11.52
13  192  2  12.77
14  192  2  7.64
15  192  2  34.60
1  193  2  65.68
2  193  2  22.37
3  193  2  28.99
4  193  2  6.29
5  193  2  27.36
6  193  2  8.05
7  193  2  18.78
8  193  2  22.66
9  193  2  11.83
10  193  2  9.02
11  193  2  40.37
12  193  2  14.66
13  193  2  16.07
14  193  2  4.35
15  193  2  26.57
1  194  2  54.02
2  194  2  7.58
3  194  2  13.70
4  194  2  17.06
5  194  2  8.06
6  194  2  11.33
7  194  2  6.60
8  194  2  36.34
9  194  2  29.40
10  194  2  28.43
11  194  2  34.15
12  194  2  39.86
13  194  2  21.47
14  194  2  23.64
15  194  2  16.63
1  195  2  4.72
2  195  2  15.23
3  195  2  5.55
4  195  2  9.05
5  195  2  11.02
6  195  2  55.39
7  195  2  28.53
8  195  2  39.19
9  195  2  33.89
10  195  2  34.79
11  195  2  15.08
12  195  2  10.70
13  195  2  15.33
14  195  2  7.55
15  195  2  39.49
1  196  2  35.89
2  196  2  21.19
3  196  2  24.68
4  196  2  49.20
5  196  2  33.25
6  196  2  40.02
7  196  2  15.80
8  196  2  4.95
9  196  2  17.19
10  196  2  15.61
11  196  2  7.10
12  196  2  3.03
13  196  2  33.98
14  196  2  26.28
15  196  2  46.17
1  197  2  46.75
2  197  2  19.12
3  197  2  43.05
4  197  2  12.75
5  197  2  19.36
6  197  2  23.87
7  197  2  38.30
8  197  2  7.94
9  197  2  15.97
10  197  2  34.45
11  197  2  46.28
12  197  2  24.65
13  197  2  24.34
14  197  2  9.39
15  197  2  12.30
1  198  2  49.54
2  198  2  26.14
3  198  2  8.19
4  198  2  12.97
5  198  2  12.86
6  198  2  19.80
7  198  2  36.49
8  198  2  42.21
9  198  2  34.66
10  198  2  14.06
11  198  2  24.65
12  198  2  22.89
13  198  2  18.88
14  198  2  33.64
15  198  2  7.51
1  199  2  19.86
2  199  2  13.63
3  199  2  3.19
4  199  2  19.33
5  199  2  17.40
6  199  2  24.49
7  199  2  36.00
8  199  2  25.80
9  199  2  39.33
10  199  2  29.42
11  199  2  8.37
12  199  2  20.36
13  199  2  32.12
14  199  2  27.19
15  199  2  21.63
1  200  2  20.48
2  200  2  38.45
3  200  2  35.63
4  200  2  48.53
5  200  2  23.26
6  200  2  37.79
7  200  2  37.25
8  200  2  15.79
9  200  2  29.54
10  200  2  43.50
11  200  2  29.46
12  200  2  6.37
13  200  2  21.25
14  200  2  21.61
15  200  2  8.48
;

