param com_measure1 := 0.61385;

param com_measure2 := 0.96585;

param kappa_max := 850.6952;

param U_tau := 614.0575;

param nT := 2;

param nS := 100;

param nL := 20;

param B := 993.91;

param w :=
1  2
2  2
3  3
4  1
5  3
6  1
7  1
8  2
9  2
10  3
11  3
12  3
13  2
14  2
15  2
16  2
17  3
18  1
19  1
20  2
;

param h :=
1  1  0
1  2  0
1  3  0
1  4  0
1  5  0
1  6  0
1  7  0
1  8  0
1  9  0
1  10  0
1  11  0
1  12  0
1  13  0
1  14  0
1  15  0
1  16  0
1  17  0
1  18  0
1  19  0
1  20  0
2  1  92.17
2  2  96.61
2  3  94.90
2  4  105.65
2  5  97.95
2  6  94.10
2  7  103.34
2  8  96.45
2  9  93.18
2  10  107.09
2  11  102.86
2  12  101.32
2  13  102.09
2  14  106.22
2  15  91.59
2  16  103.45
2  17  97.05
2  18  105.27
2  19  102.63
2  20  93.90
;

param xi :=
1  1  1  31
2  1  1  45
3  1  1  41
4  1  1  43
5  1  1  11
6  1  1  68
7  1  1  16
8  1  1  43
9  1  1  33
10  1  1  40
11  1  1  10
12  1  1  67
13  1  1  80
14  1  1  86
15  1  1  78
16  1  1  81
17  1  1  17
18  1  1  49
19  1  1  28
20  1  1  59
1  2  1  65
2  2  1  84
3  2  1  71
4  2  1  51
5  2  1  10
6  2  1  67
7  2  1  47
8  2  1  41
9  2  1  59
10  2  1  44
11  2  1  78
12  2  1  68
13  2  1  12
14  2  1  90
15  2  1  68
16  2  1  67
17  2  1  29
18  2  1  77
19  2  1  48
20  2  1  37
1  3  1  63
2  3  1  44
3  3  1  14
4  3  1  34
5  3  1  21
6  3  1  10
7  3  1  79
8  3  1  70
9  3  1  56
10  3  1  62
11  3  1  79
12  3  1  14
13  3  1  50
14  3  1  73
15  3  1  20
16  3  1  88
17  3  1  10
18  3  1  44
19  3  1  78
20  3  1  18
1  4  1  85
2  4  1  73
3  4  1  80
4  4  1  61
5  4  1  69
6  4  1  71
7  4  1  43
8  4  1  49
9  4  1  13
10  4  1  88
11  4  1  36
12  4  1  89
13  4  1  50
14  4  1  76
15  4  1  34
16  4  1  74
17  4  1  35
18  4  1  48
19  4  1  20
20  4  1  76
1  5  1  47
2  5  1  12
3  5  1  68
4  5  1  67
5  5  1  25
6  5  1  76
7  5  1  32
8  5  1  33
9  5  1  48
10  5  1  67
11  5  1  54
12  5  1  69
13  5  1  17
14  5  1  60
15  5  1  16
16  5  1  79
17  5  1  88
18  5  1  72
19  5  1  73
20  5  1  74
1  6  1  82
2  6  1  59
3  6  1  59
4  6  1  78
5  6  1  82
6  6  1  53
7  6  1  75
8  6  1  54
9  6  1  23
10  6  1  35
11  6  1  32
12  6  1  62
13  6  1  27
14  6  1  16
15  6  1  20
16  6  1  76
17  6  1  46
18  6  1  53
19  6  1  50
20  6  1  29
1  7  1  80
2  7  1  82
3  7  1  15
4  7  1  86
5  7  1  13
6  7  1  53
7  7  1  25
8  7  1  19
9  7  1  80
10  7  1  73
11  7  1  33
12  7  1  26
13  7  1  88
14  7  1  88
15  7  1  78
16  7  1  31
17  7  1  25
18  7  1  29
19  7  1  75
20  7  1  10
1  8  1  78
2  8  1  50
3  8  1  75
4  8  1  37
5  8  1  37
6  8  1  80
7  8  1  75
8  8  1  77
9  8  1  89
10  8  1  68
11  8  1  87
12  8  1  77
13  8  1  52
14  8  1  39
15  8  1  36
16  8  1  32
17  8  1  47
18  8  1  58
19  8  1  88
20  8  1  72
1  9  1  44
2  9  1  32
3  9  1  75
4  9  1  45
5  9  1  35
6  9  1  55
7  9  1  79
8  9  1  31
9  9  1  18
10  9  1  37
11  9  1  21
12  9  1  58
13  9  1  14
14  9  1  10
15  9  1  90
16  9  1  82
17  9  1  84
18  9  1  27
19  9  1  31
20  9  1  35
1  10  1  90
2  10  1  75
3  10  1  37
4  10  1  71
5  10  1  18
6  10  1  10
7  10  1  49
8  10  1  31
9  10  1  45
10  10  1  24
11  10  1  65
12  10  1  10
13  10  1  82
14  10  1  70
15  10  1  32
16  10  1  26
17  10  1  38
18  10  1  67
19  10  1  33
20  10  1  37
1  11  1  27
2  11  1  65
3  11  1  33
4  11  1  81
5  11  1  18
6  11  1  57
7  11  1  47
8  11  1  66
9  11  1  49
10  11  1  51
11  11  1  49
12  11  1  54
13  11  1  51
14  11  1  54
15  11  1  13
16  11  1  71
17  11  1  79
18  11  1  66
19  11  1  33
20  11  1  49
1  12  1  68
2  12  1  51
3  12  1  38
4  12  1  74
5  12  1  71
6  12  1  30
7  12  1  46
8  12  1  38
9  12  1  52
10  12  1  79
11  12  1  88
12  12  1  51
13  12  1  51
14  12  1  15
15  12  1  72
16  12  1  74
17  12  1  58
18  12  1  73
19  12  1  87
20  12  1  38
1  13  1  83
2  13  1  73
3  13  1  61
4  13  1  86
5  13  1  71
6  13  1  65
7  13  1  30
8  13  1  23
9  13  1  49
10  13  1  68
11  13  1  73
12  13  1  71
13  13  1  80
14  13  1  77
15  13  1  78
16  13  1  16
17  13  1  53
18  13  1  27
19  13  1  35
20  13  1  58
1  14  1  32
2  14  1  46
3  14  1  43
4  14  1  38
5  14  1  43
6  14  1  89
7  14  1  79
8  14  1  34
9  14  1  40
10  14  1  85
11  14  1  75
12  14  1  63
13  14  1  51
14  14  1  42
15  14  1  34
16  14  1  59
17  14  1  46
18  14  1  40
19  14  1  53
20  14  1  35
1  15  1  55
2  15  1  23
3  15  1  20
4  15  1  39
5  15  1  56
6  15  1  39
7  15  1  53
8  15  1  37
9  15  1  41
10  15  1  74
11  15  1  70
12  15  1  85
13  15  1  18
14  15  1  16
15  15  1  45
16  15  1  24
17  15  1  19
18  15  1  80
19  15  1  27
20  15  1  32
1  16  1  12
2  16  1  35
3  16  1  10
4  16  1  59
5  16  1  67
6  16  1  27
7  16  1  60
8  16  1  79
9  16  1  90
10  16  1  65
11  16  1  19
12  16  1  57
13  16  1  58
14  16  1  74
15  16  1  49
16  16  1  77
17  16  1  40
18  16  1  26
19  16  1  23
20  16  1  11
1  17  1  76
2  17  1  30
3  17  1  39
4  17  1  88
5  17  1  35
6  17  1  81
7  17  1  49
8  17  1  47
9  17  1  13
10  17  1  12
11  17  1  67
12  17  1  75
13  17  1  37
14  17  1  40
15  17  1  74
16  17  1  25
17  17  1  17
18  17  1  21
19  17  1  37
20  17  1  47
1  18  1  16
2  18  1  77
3  18  1  74
4  18  1  66
5  18  1  64
6  18  1  48
7  18  1  41
8  18  1  14
9  18  1  51
10  18  1  49
11  18  1  77
12  18  1  57
13  18  1  21
14  18  1  89
15  18  1  56
16  18  1  46
17  18  1  47
18  18  1  84
19  18  1  60
20  18  1  78
1  19  1  50
2  19  1  86
3  19  1  59
4  19  1  18
5  19  1  65
6  19  1  42
7  19  1  35
8  19  1  46
9  19  1  85
10  19  1  65
11  19  1  18
12  19  1  51
13  19  1  51
14  19  1  80
15  19  1  12
16  19  1  83
17  19  1  30
18  19  1  79
19  19  1  84
20  19  1  18
1  20  1  70
2  20  1  34
3  20  1  85
4  20  1  70
5  20  1  10
6  20  1  69
7  20  1  70
8  20  1  49
9  20  1  72
10  20  1  73
11  20  1  21
12  20  1  35
13  20  1  67
14  20  1  31
15  20  1  11
16  20  1  63
17  20  1  74
18  20  1  83
19  20  1  43
20  20  1  84
1  21  1  77
2  21  1  59
3  21  1  85
4  21  1  32
5  21  1  80
6  21  1  57
7  21  1  84
8  21  1  38
9  21  1  21
10  21  1  19
11  21  1  14
12  21  1  19
13  21  1  73
14  21  1  14
15  21  1  83
16  21  1  39
17  21  1  37
18  21  1  84
19  21  1  12
20  21  1  15
1  22  1  16
2  22  1  63
3  22  1  57
4  22  1  42
5  22  1  45
6  22  1  63
7  22  1  36
8  22  1  75
9  22  1  29
10  22  1  26
11  22  1  85
12  22  1  28
13  22  1  62
14  22  1  65
15  22  1  48
16  22  1  20
17  22  1  14
18  22  1  85
19  22  1  43
20  22  1  76
1  23  1  89
2  23  1  10
3  23  1  11
4  23  1  35
5  23  1  47
6  23  1  58
7  23  1  43
8  23  1  42
9  23  1  21
10  23  1  60
11  23  1  86
12  23  1  14
13  23  1  46
14  23  1  52
15  23  1  36
16  23  1  26
17  23  1  82
18  23  1  21
19  23  1  79
20  23  1  11
1  24  1  18
2  24  1  40
3  24  1  52
4  24  1  34
5  24  1  45
6  24  1  68
7  24  1  37
8  24  1  11
9  24  1  73
10  24  1  14
11  24  1  27
12  24  1  64
13  24  1  40
14  24  1  81
15  24  1  83
16  24  1  17
17  24  1  90
18  24  1  11
19  24  1  17
20  24  1  68
1  25  1  77
2  25  1  34
3  25  1  46
4  25  1  38
5  25  1  87
6  25  1  82
7  25  1  35
8  25  1  75
9  25  1  30
10  25  1  44
11  25  1  80
12  25  1  53
13  25  1  34
14  25  1  79
15  25  1  30
16  25  1  30
17  25  1  76
18  25  1  12
19  25  1  80
20  25  1  42
1  26  1  77
2  26  1  84
3  26  1  36
4  26  1  39
5  26  1  57
6  26  1  33
7  26  1  77
8  26  1  13
9  26  1  40
10  26  1  38
11  26  1  32
12  26  1  15
13  26  1  31
14  26  1  46
15  26  1  19
16  26  1  36
17  26  1  60
18  26  1  18
19  26  1  65
20  26  1  37
1  27  1  29
2  27  1  84
3  27  1  17
4  27  1  81
5  27  1  64
6  27  1  51
7  27  1  13
8  27  1  19
9  27  1  25
10  27  1  12
11  27  1  34
12  27  1  25
13  27  1  90
14  27  1  55
15  27  1  86
16  27  1  12
17  27  1  61
18  27  1  10
19  27  1  29
20  27  1  41
1  28  1  62
2  28  1  44
3  28  1  52
4  28  1  60
5  28  1  62
6  28  1  79
7  28  1  50
8  28  1  21
9  28  1  24
10  28  1  46
11  28  1  10
12  28  1  43
13  28  1  56
14  28  1  23
15  28  1  74
16  28  1  78
17  28  1  28
18  28  1  10
19  28  1  47
20  28  1  11
1  29  1  39
2  29  1  19
3  29  1  83
4  29  1  26
5  29  1  65
6  29  1  51
7  29  1  13
8  29  1  18
9  29  1  71
10  29  1  71
11  29  1  51
12  29  1  65
13  29  1  55
14  29  1  41
15  29  1  67
16  29  1  22
17  29  1  88
18  29  1  60
19  29  1  74
20  29  1  44
1  30  1  43
2  30  1  63
3  30  1  80
4  30  1  64
5  30  1  63
6  30  1  90
7  30  1  41
8  30  1  28
9  30  1  52
10  30  1  54
11  30  1  50
12  30  1  25
13  30  1  87
14  30  1  42
15  30  1  41
16  30  1  84
17  30  1  79
18  30  1  24
19  30  1  30
20  30  1  73
1  31  1  67
2  31  1  26
3  31  1  51
4  31  1  14
5  31  1  26
6  31  1  77
7  31  1  89
8  31  1  40
9  31  1  30
10  31  1  37
11  31  1  82
12  31  1  72
13  31  1  64
14  31  1  39
15  31  1  48
16  31  1  67
17  31  1  75
18  31  1  28
19  31  1  43
20  31  1  73
1  32  1  41
2  32  1  76
3  32  1  29
4  32  1  77
5  32  1  51
6  32  1  62
7  32  1  61
8  32  1  62
9  32  1  42
10  32  1  80
11  32  1  10
12  32  1  30
13  32  1  24
14  32  1  12
15  32  1  52
16  32  1  49
17  32  1  36
18  32  1  15
19  32  1  86
20  32  1  80
1  33  1  36
2  33  1  11
3  33  1  34
4  33  1  84
5  33  1  56
6  33  1  53
7  33  1  47
8  33  1  18
9  33  1  31
10  33  1  17
11  33  1  68
12  33  1  39
13  33  1  43
14  33  1  72
15  33  1  30
16  33  1  11
17  33  1  45
18  33  1  46
19  33  1  35
20  33  1  28
1  34  1  25
2  34  1  58
3  34  1  42
4  34  1  83
5  34  1  73
6  34  1  89
7  34  1  73
8  34  1  23
9  34  1  22
10  34  1  45
11  34  1  13
12  34  1  80
13  34  1  62
14  34  1  86
15  34  1  59
16  34  1  85
17  34  1  72
18  34  1  34
19  34  1  10
20  34  1  53
1  35  1  21
2  35  1  59
3  35  1  19
4  35  1  63
5  35  1  61
6  35  1  71
7  35  1  38
8  35  1  16
9  35  1  15
10  35  1  62
11  35  1  49
12  35  1  86
13  35  1  67
14  35  1  87
15  35  1  85
16  35  1  29
17  35  1  63
18  35  1  45
19  35  1  50
20  35  1  78
1  36  1  24
2  36  1  34
3  36  1  28
4  36  1  32
5  36  1  88
6  36  1  46
7  36  1  54
8  36  1  75
9  36  1  50
10  36  1  16
11  36  1  73
12  36  1  29
13  36  1  10
14  36  1  58
15  36  1  59
16  36  1  50
17  36  1  54
18  36  1  37
19  36  1  51
20  36  1  23
1  37  1  17
2  37  1  42
3  37  1  16
4  37  1  78
5  37  1  48
6  37  1  32
7  37  1  23
8  37  1  45
9  37  1  33
10  37  1  49
11  37  1  80
12  37  1  76
13  37  1  71
14  37  1  35
15  37  1  81
16  37  1  40
17  37  1  80
18  37  1  45
19  37  1  40
20  37  1  11
1  38  1  36
2  38  1  79
3  38  1  90
4  38  1  28
5  38  1  30
6  38  1  16
7  38  1  35
8  38  1  24
9  38  1  30
10  38  1  42
11  38  1  41
12  38  1  51
13  38  1  50
14  38  1  86
15  38  1  73
16  38  1  47
17  38  1  25
18  38  1  83
19  38  1  60
20  38  1  62
1  39  1  19
2  39  1  39
3  39  1  57
4  39  1  83
5  39  1  72
6  39  1  79
7  39  1  79
8  39  1  62
9  39  1  37
10  39  1  88
11  39  1  70
12  39  1  47
13  39  1  80
14  39  1  63
15  39  1  49
16  39  1  34
17  39  1  90
18  39  1  80
19  39  1  73
20  39  1  45
1  40  1  80
2  40  1  19
3  40  1  61
4  40  1  42
5  40  1  36
6  40  1  19
7  40  1  12
8  40  1  19
9  40  1  87
10  40  1  53
11  40  1  20
12  40  1  41
13  40  1  14
14  40  1  74
15  40  1  28
16  40  1  84
17  40  1  75
18  40  1  86
19  40  1  31
20  40  1  43
1  41  1  11
2  41  1  51
3  41  1  26
4  41  1  29
5  41  1  37
6  41  1  22
7  41  1  25
8  41  1  73
9  41  1  44
10  41  1  22
11  41  1  54
12  41  1  67
13  41  1  64
14  41  1  35
15  41  1  47
16  41  1  74
17  41  1  33
18  41  1  48
19  41  1  40
20  41  1  55
1  42  1  31
2  42  1  21
3  42  1  23
4  42  1  25
5  42  1  82
6  42  1  72
7  42  1  61
8  42  1  66
9  42  1  23
10  42  1  88
11  42  1  73
12  42  1  26
13  42  1  16
14  42  1  58
15  42  1  52
16  42  1  64
17  42  1  67
18  42  1  42
19  42  1  46
20  42  1  21
1  43  1  86
2  43  1  59
3  43  1  46
4  43  1  31
5  43  1  12
6  43  1  37
7  43  1  58
8  43  1  72
9  43  1  67
10  43  1  48
11  43  1  61
12  43  1  60
13  43  1  27
14  43  1  20
15  43  1  30
16  43  1  30
17  43  1  33
18  43  1  39
19  43  1  29
20  43  1  25
1  44  1  51
2  44  1  13
3  44  1  42
4  44  1  83
5  44  1  66
6  44  1  62
7  44  1  32
8  44  1  32
9  44  1  11
10  44  1  56
11  44  1  84
12  44  1  72
13  44  1  40
14  44  1  48
15  44  1  12
16  44  1  87
17  44  1  77
18  44  1  28
19  44  1  76
20  44  1  28
1  45  1  70
2  45  1  41
3  45  1  18
4  45  1  66
5  45  1  42
6  45  1  88
7  45  1  78
8  45  1  41
9  45  1  14
10  45  1  77
11  45  1  57
12  45  1  43
13  45  1  54
14  45  1  80
15  45  1  57
16  45  1  43
17  45  1  31
18  45  1  90
19  45  1  80
20  45  1  75
1  46  1  14
2  46  1  43
3  46  1  23
4  46  1  82
5  46  1  49
6  46  1  71
7  46  1  55
8  46  1  12
9  46  1  80
10  46  1  50
11  46  1  81
12  46  1  20
13  46  1  18
14  46  1  12
15  46  1  52
16  46  1  51
17  46  1  14
18  46  1  22
19  46  1  61
20  46  1  42
1  47  1  40
2  47  1  58
3  47  1  59
4  47  1  40
5  47  1  38
6  47  1  33
7  47  1  26
8  47  1  49
9  47  1  26
10  47  1  75
11  47  1  12
12  47  1  57
13  47  1  57
14  47  1  31
15  47  1  80
16  47  1  26
17  47  1  53
18  47  1  33
19  47  1  81
20  47  1  45
1  48  1  68
2  48  1  63
3  48  1  50
4  48  1  19
5  48  1  51
6  48  1  52
7  48  1  47
8  48  1  44
9  48  1  28
10  48  1  26
11  48  1  40
12  48  1  56
13  48  1  75
14  48  1  65
15  48  1  47
16  48  1  65
17  48  1  22
18  48  1  57
19  48  1  64
20  48  1  74
1  49  1  62
2  49  1  31
3  49  1  31
4  49  1  48
5  49  1  83
6  49  1  42
7  49  1  29
8  49  1  55
9  49  1  19
10  49  1  88
11  49  1  77
12  49  1  40
13  49  1  64
14  49  1  37
15  49  1  17
16  49  1  76
17  49  1  24
18  49  1  69
19  49  1  45
20  49  1  43
1  50  1  23
2  50  1  76
3  50  1  34
4  50  1  20
5  50  1  62
6  50  1  47
7  50  1  67
8  50  1  43
9  50  1  76
10  50  1  67
11  50  1  10
12  50  1  35
13  50  1  68
14  50  1  81
15  50  1  34
16  50  1  80
17  50  1  39
18  50  1  37
19  50  1  42
20  50  1  59
1  51  1  16
2  51  1  43
3  51  1  10
4  51  1  41
5  51  1  37
6  51  1  77
7  51  1  68
8  51  1  57
9  51  1  89
10  51  1  84
11  51  1  88
12  51  1  27
13  51  1  31
14  51  1  15
15  51  1  52
16  51  1  62
17  51  1  46
18  51  1  43
19  51  1  53
20  51  1  59
1  52  1  74
2  52  1  10
3  52  1  10
4  52  1  44
5  52  1  84
6  52  1  63
7  52  1  52
8  52  1  37
9  52  1  27
10  52  1  79
11  52  1  78
12  52  1  79
13  52  1  77
14  52  1  42
15  52  1  77
16  52  1  22
17  52  1  16
18  52  1  40
19  52  1  59
20  52  1  87
1  53  1  41
2  53  1  16
3  53  1  52
4  53  1  90
5  53  1  81
6  53  1  42
7  53  1  89
8  53  1  43
9  53  1  82
10  53  1  15
11  53  1  46
12  53  1  17
13  53  1  45
14  53  1  21
15  53  1  28
16  53  1  65
17  53  1  57
18  53  1  32
19  53  1  58
20  53  1  35
1  54  1  17
2  54  1  64
3  54  1  29
4  54  1  18
5  54  1  10
6  54  1  39
7  54  1  38
8  54  1  34
9  54  1  23
10  54  1  37
11  54  1  32
12  54  1  62
13  54  1  24
14  54  1  74
15  54  1  63
16  54  1  89
17  54  1  35
18  54  1  54
19  54  1  33
20  54  1  12
1  55  1  90
2  55  1  38
3  55  1  17
4  55  1  13
5  55  1  80
6  55  1  53
7  55  1  59
8  55  1  84
9  55  1  76
10  55  1  69
11  55  1  31
12  55  1  25
13  55  1  61
14  55  1  45
15  55  1  64
16  55  1  57
17  55  1  13
18  55  1  28
19  55  1  15
20  55  1  78
1  56  1  46
2  56  1  28
3  56  1  61
4  56  1  88
5  56  1  39
6  56  1  73
7  56  1  12
8  56  1  86
9  56  1  30
10  56  1  18
11  56  1  43
12  56  1  70
13  56  1  29
14  56  1  36
15  56  1  32
16  56  1  89
17  56  1  61
18  56  1  65
19  56  1  20
20  56  1  33
1  57  1  20
2  57  1  57
3  57  1  75
4  57  1  27
5  57  1  84
6  57  1  43
7  57  1  69
8  57  1  81
9  57  1  68
10  57  1  85
11  57  1  35
12  57  1  50
13  57  1  48
14  57  1  30
15  57  1  64
16  57  1  24
17  57  1  29
18  57  1  16
19  57  1  48
20  57  1  42
1  58  1  21
2  58  1  31
3  58  1  10
4  58  1  12
5  58  1  56
6  58  1  88
7  58  1  78
8  58  1  35
9  58  1  20
10  58  1  14
11  58  1  77
12  58  1  11
13  58  1  59
14  58  1  23
15  58  1  60
16  58  1  68
17  58  1  24
18  58  1  36
19  58  1  55
20  58  1  13
1  59  1  44
2  59  1  40
3  59  1  73
4  59  1  48
5  59  1  70
6  59  1  86
7  59  1  61
8  59  1  86
9  59  1  44
10  59  1  37
11  59  1  23
12  59  1  17
13  59  1  25
14  59  1  35
15  59  1  27
16  59  1  62
17  59  1  47
18  59  1  65
19  59  1  27
20  59  1  59
1  60  1  29
2  60  1  35
3  60  1  42
4  60  1  30
5  60  1  90
6  60  1  28
7  60  1  35
8  60  1  50
9  60  1  51
10  60  1  26
11  60  1  13
12  60  1  74
13  60  1  83
14  60  1  41
15  60  1  10
16  60  1  43
17  60  1  11
18  60  1  29
19  60  1  41
20  60  1  74
1  61  1  43
2  61  1  84
3  61  1  66
4  61  1  24
5  61  1  49
6  61  1  24
7  61  1  63
8  61  1  35
9  61  1  24
10  61  1  51
11  61  1  90
12  61  1  37
13  61  1  35
14  61  1  33
15  61  1  51
16  61  1  32
17  61  1  13
18  61  1  83
19  61  1  81
20  61  1  41
1  62  1  46
2  62  1  39
3  62  1  16
4  62  1  13
5  62  1  16
6  62  1  13
7  62  1  77
8  62  1  72
9  62  1  20
10  62  1  15
11  62  1  20
12  62  1  35
13  62  1  86
14  62  1  77
15  62  1  69
16  62  1  68
17  62  1  13
18  62  1  22
19  62  1  66
20  62  1  10
1  63  1  82
2  63  1  79
3  63  1  34
4  63  1  59
5  63  1  28
6  63  1  51
7  63  1  33
8  63  1  70
9  63  1  49
10  63  1  42
11  63  1  73
12  63  1  63
13  63  1  83
14  63  1  76
15  63  1  76
16  63  1  19
17  63  1  90
18  63  1  41
19  63  1  43
20  63  1  59
1  64  1  39
2  64  1  53
3  64  1  30
4  64  1  33
5  64  1  70
6  64  1  19
7  64  1  49
8  64  1  11
9  64  1  49
10  64  1  82
11  64  1  82
12  64  1  41
13  64  1  39
14  64  1  73
15  64  1  87
16  64  1  89
17  64  1  21
18  64  1  49
19  64  1  29
20  64  1  66
1  65  1  13
2  65  1  52
3  65  1  25
4  65  1  13
5  65  1  13
6  65  1  44
7  65  1  73
8  65  1  76
9  65  1  65
10  65  1  76
11  65  1  48
12  65  1  53
13  65  1  30
14  65  1  72
15  65  1  72
16  65  1  41
17  65  1  18
18  65  1  18
19  65  1  86
20  65  1  72
1  66  1  76
2  66  1  12
3  66  1  77
4  66  1  21
5  66  1  61
6  66  1  28
7  66  1  46
8  66  1  71
9  66  1  84
10  66  1  68
11  66  1  50
12  66  1  40
13  66  1  10
14  66  1  36
15  66  1  32
16  66  1  48
17  66  1  85
18  66  1  50
19  66  1  47
20  66  1  49
1  67  1  58
2  67  1  44
3  67  1  36
4  67  1  58
5  67  1  81
6  67  1  75
7  67  1  53
8  67  1  33
9  67  1  37
10  67  1  82
11  67  1  25
12  67  1  56
13  67  1  31
14  67  1  55
15  67  1  47
16  67  1  64
17  67  1  24
18  67  1  51
19  67  1  56
20  67  1  20
1  68  1  15
2  68  1  68
3  68  1  12
4  68  1  47
5  68  1  22
6  68  1  41
7  68  1  67
8  68  1  13
9  68  1  49
10  68  1  51
11  68  1  33
12  68  1  69
13  68  1  52
14  68  1  53
15  68  1  44
16  68  1  79
17  68  1  36
18  68  1  52
19  68  1  61
20  68  1  24
1  69  1  20
2  69  1  55
3  69  1  28
4  69  1  73
5  69  1  70
6  69  1  23
7  69  1  47
8  69  1  68
9  69  1  78
10  69  1  27
11  69  1  62
12  69  1  28
13  69  1  11
14  69  1  33
15  69  1  84
16  69  1  88
17  69  1  60
18  69  1  22
19  69  1  33
20  69  1  27
1  70  1  53
2  70  1  76
3  70  1  78
4  70  1  70
5  70  1  70
6  70  1  30
7  70  1  79
8  70  1  74
9  70  1  34
10  70  1  30
11  70  1  71
12  70  1  20
13  70  1  10
14  70  1  36
15  70  1  71
16  70  1  53
17  70  1  32
18  70  1  28
19  70  1  77
20  70  1  67
1  71  1  66
2  71  1  22
3  71  1  77
4  71  1  73
5  71  1  82
6  71  1  44
7  71  1  14
8  71  1  87
9  71  1  84
10  71  1  50
11  71  1  45
12  71  1  14
13  71  1  35
14  71  1  42
15  71  1  10
16  71  1  77
17  71  1  86
18  71  1  60
19  71  1  23
20  71  1  80
1  72  1  26
2  72  1  70
3  72  1  64
4  72  1  21
5  72  1  64
6  72  1  70
7  72  1  36
8  72  1  73
9  72  1  72
10  72  1  68
11  72  1  60
12  72  1  81
13  72  1  23
14  72  1  38
15  72  1  29
16  72  1  80
17  72  1  24
18  72  1  35
19  72  1  52
20  72  1  18
1  73  1  42
2  73  1  66
3  73  1  37
4  73  1  63
5  73  1  65
6  73  1  29
7  73  1  44
8  73  1  18
9  73  1  12
10  73  1  32
11  73  1  78
12  73  1  48
13  73  1  44
14  73  1  10
15  73  1  63
16  73  1  81
17  73  1  12
18  73  1  27
19  73  1  85
20  73  1  36
1  74  1  67
2  74  1  24
3  74  1  11
4  74  1  87
5  74  1  14
6  74  1  77
7  74  1  58
8  74  1  50
9  74  1  26
10  74  1  21
11  74  1  73
12  74  1  89
13  74  1  86
14  74  1  80
15  74  1  53
16  74  1  80
17  74  1  63
18  74  1  32
19  74  1  66
20  74  1  80
1  75  1  88
2  75  1  35
3  75  1  65
4  75  1  59
5  75  1  30
6  75  1  77
7  75  1  74
8  75  1  67
9  75  1  75
10  75  1  80
11  75  1  88
12  75  1  14
13  75  1  64
14  75  1  52
15  75  1  14
16  75  1  23
17  75  1  18
18  75  1  54
19  75  1  90
20  75  1  18
1  76  1  46
2  76  1  81
3  76  1  33
4  76  1  56
5  76  1  58
6  76  1  46
7  76  1  77
8  76  1  72
9  76  1  21
10  76  1  56
11  76  1  33
12  76  1  45
13  76  1  29
14  76  1  50
15  76  1  43
16  76  1  65
17  76  1  73
18  76  1  68
19  76  1  33
20  76  1  58
1  77  1  37
2  77  1  71
3  77  1  59
4  77  1  88
5  77  1  15
6  77  1  27
7  77  1  89
8  77  1  38
9  77  1  15
10  77  1  52
11  77  1  37
12  77  1  55
13  77  1  87
14  77  1  43
15  77  1  19
16  77  1  64
17  77  1  80
18  77  1  13
19  77  1  67
20  77  1  34
1  78  1  18
2  78  1  50
3  78  1  61
4  78  1  60
5  78  1  58
6  78  1  80
7  78  1  64
8  78  1  70
9  78  1  19
10  78  1  43
11  78  1  35
12  78  1  25
13  78  1  58
14  78  1  67
15  78  1  66
16  78  1  40
17  78  1  61
18  78  1  62
19  78  1  29
20  78  1  50
1  79  1  72
2  79  1  34
3  79  1  87
4  79  1  30
5  79  1  30
6  79  1  50
7  79  1  31
8  79  1  81
9  79  1  90
10  79  1  40
11  79  1  24
12  79  1  81
13  79  1  67
14  79  1  48
15  79  1  12
16  79  1  71
17  79  1  90
18  79  1  74
19  79  1  56
20  79  1  33
1  80  1  30
2  80  1  79
3  80  1  85
4  80  1  45
5  80  1  82
6  80  1  23
7  80  1  18
8  80  1  49
9  80  1  70
10  80  1  87
11  80  1  25
12  80  1  68
13  80  1  51
14  80  1  48
15  80  1  62
16  80  1  56
17  80  1  70
18  80  1  82
19  80  1  70
20  80  1  51
1  81  1  70
2  81  1  26
3  81  1  31
4  81  1  89
5  81  1  24
6  81  1  72
7  81  1  69
8  81  1  21
9  81  1  54
10  81  1  87
11  81  1  22
12  81  1  37
13  81  1  58
14  81  1  64
15  81  1  17
16  81  1  27
17  81  1  27
18  81  1  43
19  81  1  25
20  81  1  72
1  82  1  59
2  82  1  45
3  82  1  44
4  82  1  84
5  82  1  30
6  82  1  69
7  82  1  63
8  82  1  11
9  82  1  31
10  82  1  39
11  82  1  78
12  82  1  18
13  82  1  29
14  82  1  48
15  82  1  12
16  82  1  28
17  82  1  39
18  82  1  59
19  82  1  63
20  82  1  30
1  83  1  79
2  83  1  90
3  83  1  89
4  83  1  80
5  83  1  47
6  83  1  10
7  83  1  46
8  83  1  43
9  83  1  18
10  83  1  66
11  83  1  66
12  83  1  45
13  83  1  38
14  83  1  54
15  83  1  37
16  83  1  65
17  83  1  69
18  83  1  79
19  83  1  22
20  83  1  90
1  84  1  31
2  84  1  83
3  84  1  25
4  84  1  18
5  84  1  26
6  84  1  60
7  84  1  22
8  84  1  51
9  84  1  72
10  84  1  47
11  84  1  66
12  84  1  62
13  84  1  42
14  84  1  65
15  84  1  35
16  84  1  88
17  84  1  30
18  84  1  61
19  84  1  78
20  84  1  65
1  85  1  74
2  85  1  56
3  85  1  69
4  85  1  36
5  85  1  48
6  85  1  16
7  85  1  88
8  85  1  39
9  85  1  62
10  85  1  53
11  85  1  12
12  85  1  82
13  85  1  67
14  85  1  36
15  85  1  69
16  85  1  60
17  85  1  63
18  85  1  47
19  85  1  81
20  85  1  53
1  86  1  32
2  86  1  72
3  86  1  11
4  86  1  86
5  86  1  77
6  86  1  58
7  86  1  74
8  86  1  68
9  86  1  50
10  86  1  49
11  86  1  60
12  86  1  58
13  86  1  33
14  86  1  69
15  86  1  12
16  86  1  67
17  86  1  70
18  86  1  25
19  86  1  54
20  86  1  41
1  87  1  82
2  87  1  71
3  87  1  13
4  87  1  14
5  87  1  15
6  87  1  21
7  87  1  45
8  87  1  15
9  87  1  80
10  87  1  78
11  87  1  84
12  87  1  30
13  87  1  59
14  87  1  46
15  87  1  37
16  87  1  23
17  87  1  46
18  87  1  34
19  87  1  68
20  87  1  74
1  88  1  43
2  88  1  55
3  88  1  58
4  88  1  88
5  88  1  19
6  88  1  39
7  88  1  51
8  88  1  64
9  88  1  62
10  88  1  89
11  88  1  43
12  88  1  87
13  88  1  60
14  88  1  60
15  88  1  19
16  88  1  67
17  88  1  31
18  88  1  54
19  88  1  52
20  88  1  77
1  89  1  16
2  89  1  66
3  89  1  19
4  89  1  46
5  89  1  57
6  89  1  20
7  89  1  10
8  89  1  53
9  89  1  45
10  89  1  64
11  89  1  18
12  89  1  24
13  89  1  33
14  89  1  71
15  89  1  74
16  89  1  37
17  89  1  40
18  89  1  26
19  89  1  77
20  89  1  83
1  90  1  36
2  90  1  49
3  90  1  23
4  90  1  68
5  90  1  36
6  90  1  86
7  90  1  21
8  90  1  45
9  90  1  60
10  90  1  30
11  90  1  29
12  90  1  67
13  90  1  12
14  90  1  59
15  90  1  75
16  90  1  49
17  90  1  58
18  90  1  38
19  90  1  32
20  90  1  14
1  91  1  34
2  91  1  48
3  91  1  71
4  91  1  58
5  91  1  26
6  91  1  34
7  91  1  65
8  91  1  50
9  91  1  35
10  91  1  63
11  91  1  24
12  91  1  29
13  91  1  89
14  91  1  50
15  91  1  90
16  91  1  66
17  91  1  54
18  91  1  67
19  91  1  79
20  91  1  34
1  92  1  18
2  92  1  69
3  92  1  75
4  92  1  32
5  92  1  20
6  92  1  42
7  92  1  22
8  92  1  24
9  92  1  12
10  92  1  53
11  92  1  28
12  92  1  48
13  92  1  85
14  92  1  43
15  92  1  20
16  92  1  33
17  92  1  18
18  92  1  86
19  92  1  63
20  92  1  72
1  93  1  88
2  93  1  70
3  93  1  34
4  93  1  47
5  93  1  76
6  93  1  11
7  93  1  67
8  93  1  12
9  93  1  40
10  93  1  48
11  93  1  54
12  93  1  74
13  93  1  27
14  93  1  71
15  93  1  35
16  93  1  78
17  93  1  29
18  93  1  76
19  93  1  46
20  93  1  47
1  94  1  25
2  94  1  26
3  94  1  40
4  94  1  15
5  94  1  89
6  94  1  55
7  94  1  51
8  94  1  47
9  94  1  58
10  94  1  25
11  94  1  86
12  94  1  89
13  94  1  70
14  94  1  32
15  94  1  39
16  94  1  18
17  94  1  68
18  94  1  54
19  94  1  52
20  94  1  30
1  95  1  44
2  95  1  16
3  95  1  59
4  95  1  27
5  95  1  68
6  95  1  51
7  95  1  18
8  95  1  24
9  95  1  41
10  95  1  69
11  95  1  89
12  95  1  63
13  95  1  78
14  95  1  37
15  95  1  90
16  95  1  54
17  95  1  76
18  95  1  85
19  95  1  81
20  95  1  64
1  96  1  53
2  96  1  67
3  96  1  67
4  96  1  74
5  96  1  46
6  96  1  82
7  96  1  55
8  96  1  57
9  96  1  22
10  96  1  26
11  96  1  12
12  96  1  77
13  96  1  17
14  96  1  88
15  96  1  76
16  96  1  27
17  96  1  20
18  96  1  77
19  96  1  29
20  96  1  49
1  97  1  39
2  97  1  46
3  97  1  47
4  97  1  56
5  97  1  62
6  97  1  85
7  97  1  30
8  97  1  72
9  97  1  16
10  97  1  62
11  97  1  21
12  97  1  57
13  97  1  85
14  97  1  22
15  97  1  69
16  97  1  24
17  97  1  71
18  97  1  61
19  97  1  82
20  97  1  23
1  98  1  57
2  98  1  38
3  98  1  39
4  98  1  31
5  98  1  13
6  98  1  53
7  98  1  71
8  98  1  33
9  98  1  10
10  98  1  52
11  98  1  44
12  98  1  30
13  98  1  21
14  98  1  11
15  98  1  88
16  98  1  61
17  98  1  77
18  98  1  71
19  98  1  42
20  98  1  44
1  99  1  88
2  99  1  54
3  99  1  90
4  99  1  74
5  99  1  23
6  99  1  66
7  99  1  76
8  99  1  78
9  99  1  66
10  99  1  81
11  99  1  16
12  99  1  46
13  99  1  39
14  99  1  78
15  99  1  57
16  99  1  26
17  99  1  21
18  99  1  74
19  99  1  12
20  99  1  81
1  100  1  62
2  100  1  85
3  100  1  37
4  100  1  37
5  100  1  35
6  100  1  78
7  100  1  27
8  100  1  56
9  100  1  72
10  100  1  80
11  100  1  16
12  100  1  49
13  100  1  77
14  100  1  68
15  100  1  65
16  100  1  12
17  100  1  21
18  100  1  77
19  100  1  12
20  100  1  43
1  1  2  7.22
2  1  2  31.08
3  1  2  11.50
4  1  2  21.05
5  1  2  6.99
6  1  2  50.46
7  1  2  6.08
8  1  2  11.12
9  1  2  7.10
10  1  2  24.12
11  1  2  2.95
12  1  2  33.97
13  1  2  16.42
14  1  2  35.79
15  1  2  53.16
16  1  2  48.85
17  1  2  13.47
18  1  2  25.85
19  1  2  10.20
20  1  2  24.86
1  2  2  15.28
2  2  2  61.49
3  2  2  29.57
4  2  2  24.58
5  2  2  7.66
6  2  2  47.31
7  2  2  10.43
8  2  2  32.10
9  2  2  46.39
10  2  2  10.97
11  2  2  32.92
12  2  2  14.69
13  2  2  8.91
14  2  2  64.90
15  2  2  49.60
16  2  2  26.15
17  2  2  7.85
18  2  2  30.21
19  2  2  29.25
20  2  2  11.60
1  3  2  39.71
2  3  2  23.97
3  3  2  6.64
4  3  2  22.13
5  3  2  14.68
6  3  2  4.79
7  3  2  28.61
8  3  2  55.98
9  3  2  29.43
10  3  2  37.71
11  3  2  32.10
12  3  2  4.94
13  3  2  15.81
14  3  2  46.17
15  3  2  14.05
16  3  2  63.96
17  3  2  5.20
18  3  2  14.48
19  3  2  59.03
20  3  2  12.75
1  4  2  61.68
2  4  2  21.29
3  4  2  24.15
4  4  2  39.99
5  4  2  16.78
6  4  2  47.82
7  4  2  11.56
8  4  2  21.72
9  4  2  8.68
10  4  2  17.75
11  4  2  23.20
12  4  2  35.74
13  4  2  29.60
14  4  2  53.50
15  4  2  19.96
16  4  2  38.26
17  4  2  19.15
18  4  2  13.71
19  4  2  6.43
20  4  2  22.42
1  5  2  33.82
2  5  2  7.35
3  5  2  28.82
4  5  2  30.86
5  5  2  5.32
6  5  2  29.13
7  5  2  7.46
8  5  2  16.34
9  5  2  21.23
10  5  2  50.18
11  5  2  38.55
12  5  2  54.70
13  5  2  10.17
14  5  2  20.84
15  5  2  6.71
16  5  2  52.56
17  5  2  52.97
18  5  2  25.04
19  5  2  34.62
20  5  2  54.76
1  6  2  32.90
2  6  2  35.82
3  6  2  40.12
4  6  2  27.65
5  6  2  64.29
6  6  2  36.19
7  6  2  34.98
8  6  2  31.52
9  6  2  15.66
10  6  2  27.14
11  6  2  12.20
12  6  2  36.61
13  6  2  9.82
14  6  2  7.44
15  6  2  13.01
16  6  2  40.20
17  6  2  30.05
18  6  2  18.34
19  6  2  36.39
20  6  2  21.67
1  7  2  47.37
2  7  2  42.64
3  7  2  4.57
4  7  2  31.93
5  7  2  6.14
6  7  2  18.68
7  7  2  7.53
8  7  2  7.65
9  7  2  32.27
10  7  2  23.79
11  7  2  11.44
12  7  2  8.45
13  7  2  68.10
14  7  2  30.20
15  7  2  24.61
16  7  2  17.64
17  7  2  11.76
18  7  2  15.03
19  7  2  18.38
20  7  2  6.92
1  8  2  22.98
2  8  2  38.56
3  8  2  42.29
4  8  2  18.43
5  8  2  18.52
6  8  2  62.03
7  8  2  35.22
8  8  2  28.37
9  8  2  42.63
10  8  2  34.74
11  8  2  25.65
12  8  2  52.49
13  8  2  39.05
14  8  2  8.33
15  8  2  26.69
16  8  2  25.28
17  8  2  24.83
18  8  2  31.78
19  8  2  55.84
20  8  2  44.58
1  9  2  27.27
2  9  2  24.58
3  9  2  35.29
4  9  2  27.58
5  9  2  15.33
6  9  2  24.07
7  9  2  20.55
8  9  2  17.68
9  9  2  9.22
10  9  2  21.76
11  9  2  4.83
12  9  2  34.51
13  9  2  5.32
14  9  2  5.07
15  9  2  38.83
16  9  2  35.47
17  9  2  38.23
18  9  2  7.94
19  9  2  14.06
20  9  2  19.11
1  10  2  29.23
2  10  2  30.10
3  10  2  29.47
4  10  2  37.16
5  10  2  5.43
6  10  2  5.91
7  10  2  26.59
8  10  2  14.08
9  10  2  30.94
10  10  2  15.22
11  10  2  45.82
12  10  2  7.60
13  10  2  63.68
14  10  2  23.17
15  10  2  25.05
16  10  2  15.64
17  10  2  21.11
18  10  2  23.57
19  10  2  9.28
20  10  2  9.52
1  11  2  10.10
2  11  2  46.70
3  11  2  8.41
4  11  2  56.20
5  11  2  12.05
6  11  2  36.25
7  11  2  25.90
8  11  2  23.40
9  11  2  37.88
10  11  2  30.41
11  11  2  11.39
12  11  2  23.49
13  11  2  16.30
14  11  2  18.46
15  11  2  6.82
16  11  2  44.24
17  11  2  49.41
18  11  2  30.47
19  11  2  8.76
20  11  2  38.47
1  12  2  37.48
2  12  2  29.54
3  12  2  29.74
4  12  2  38.08
5  12  2  28.78
6  12  2  20.79
7  12  2  25.44
8  12  2  22.01
9  12  2  11.78
10  12  2  44.31
11  12  2  65.39
12  12  2  20.48
13  12  2  15.92
14  12  2  4.00
15  12  2  23.47
16  12  2  57.47
17  12  2  20.64
18  12  2  38.96
19  12  2  67.42
20  12  2  20.29
1  13  2  40.33
2  13  2  34.83
3  13  2  15.14
4  13  2  65.72
5  13  2  37.46
6  13  2  37.92
7  13  2  18.89
8  13  2  5.85
9  13  2  15.32
10  13  2  25.64
11  13  2  24.14
12  13  2  30.83
13  13  2  34.06
14  13  2  19.91
15  13  2  56.00
16  13  2  10.03
17  13  2  20.23
18  13  2  12.47
19  13  2  17.81
20  13  2  36.15
1  14  2  7.91
2  14  2  17.81
3  14  2  30.60
4  14  2  10.62
5  14  2  22.94
6  14  2  71.12
7  14  2  20.78
8  14  2  23.95
9  14  2  18.30
10  14  2  38.48
11  14  2  45.40
12  14  2  34.16
13  14  2  27.93
14  14  2  10.42
15  14  2  23.70
16  14  2  33.76
17  14  2  31.61
18  14  2  14.98
19  14  2  16.95
20  14  2  12.84
1  15  2  35.24
2  15  2  4.62
3  15  2  9.26
4  15  2  14.47
5  15  2  18.08
6  15  2  20.08
7  15  2  21.45
8  15  2  7.98
9  15  2  21.00
10  15  2  24.27
11  15  2  54.13
12  15  2  22.01
13  15  2  6.90
14  15  2  6.59
15  15  2  29.91
16  15  2  11.11
17  15  2  9.80
18  15  2  43.27
19  15  2  5.82
20  15  2  8.98
1  16  2  9.30
2  16  2  23.15
3  16  2  6.95
4  16  2  13.56
5  16  2  37.25
6  16  2  8.66
7  16  2  31.02
8  16  2  47.88
9  16  2  61.86
10  16  2  13.29
11  16  2  8.22
12  16  2  42.26
13  16  2  46.32
14  16  2  35.13
15  16  2  13.22
16  16  2  43.14
17  16  2  13.64
18  16  2  20.12
19  16  2  7.63
20  16  2  8.30
1  17  2  39.90
2  17  2  18.97
3  17  2  14.24
4  17  2  36.12
5  17  2  26.53
6  17  2  56.00
7  17  2  27.95
8  17  2  12.57
9  17  2  2.74
10  17  2  7.96
11  17  2  16.56
12  17  2  34.31
13  17  2  10.45
14  17  2  9.27
15  17  2  52.19
16  17  2  18.88
17  17  2  10.04
18  17  2  9.13
19  17  2  13.10
20  17  2  21.26
1  18  2  5.63
2  18  2  57.85
3  18  2  27.73
4  18  2  20.73
5  18  2  14.75
6  18  2  13.11
7  18  2  14.17
8  18  2  5.33
9  18  2  19.48
10  18  2  33.90
11  18  2  47.89
12  18  2  38.62
13  18  2  13.03
14  18  2  70.54
15  18  2  38.26
16  18  2  18.93
17  18  2  19.18
18  18  2  38.96
19  18  2  42.91
20  18  2  50.25
1  19  2  38.35
2  19  2  57.92
3  19  2  24.44
4  19  2  7.50
5  19  2  36.98
6  19  2  18.78
7  19  2  14.31
8  19  2  17.61
9  19  2  30.81
10  19  2  30.89
11  19  2  3.83
12  19  2  21.69
13  19  2  35.82
14  19  2  62.56
15  19  2  5.24
16  19  2  36.07
17  19  2  18.80
18  19  2  21.14
19  19  2  62.88
20  19  2  5.39
1  20  2  24.78
2  20  2  13.36
3  20  2  29.58
4  20  2  20.84
5  20  2  3.78
6  20  2  52.13
7  20  2  33.60
8  20  2  23.39
9  20  2  27.70
10  20  2  35.82
11  20  2  15.42
12  20  2  17.34
13  20  2  17.18
14  20  2  11.64
15  20  2  6.31
16  20  2  29.54
17  20  2  48.65
18  20  2  33.75
19  20  2  22.71
20  20  2  38.95
1  21  2  22.97
2  21  2  42.27
3  21  2  26.59
4  21  2  10.95
5  21  2  31.88
6  21  2  32.57
7  21  2  54.26
8  21  2  24.69
9  21  2  5.93
10  21  2  13.51
11  21  2  9.35
12  21  2  9.31
13  21  2  47.02
14  21  2  9.78
15  21  2  61.92
16  21  2  9.11
17  21  2  12.47
18  21  2  53.83
19  21  2  9.57
20  21  2  6.16
1  22  2  9.04
2  22  2  50.35
3  22  2  20.87
4  22  2  16.83
5  22  2  34.86
6  22  2  48.23
7  22  2  14.67
8  22  2  41.06
9  22  2  18.68
10  22  2  14.16
11  22  2  23.85
12  22  2  6.76
13  22  2  37.75
14  22  2  32.84
15  22  2  22.39
16  22  2  10.42
17  22  2  4.56
18  22  2  67.26
19  22  2  26.87
20  22  2  51.11
1  23  2  68.58
2  23  2  4.35
3  23  2  2.51
4  23  2  18.25
5  23  2  9.88
6  23  2  28.61
7  23  2  20.03
8  23  2  21.86
9  23  2  8.34
10  23  2  28.18
11  23  2  33.54
12  23  2  7.01
13  23  2  33.84
14  23  2  40.06
15  23  2  22.18
16  23  2  17.69
17  23  2  42.54
18  23  2  16.14
19  23  2  52.67
20  23  2  8.38
1  24  2  7.95
2  24  2  22.10
3  24  2  34.02
4  24  2  18.08
5  24  2  26.56
6  24  2  27.82
7  24  2  19.99
8  24  2  5.53
9  24  2  47.26
10  24  2  6.42
11  24  2  16.75
12  24  2  44.36
13  24  2  18.45
14  24  2  19.26
15  24  2  58.95
16  24  2  3.60
17  24  2  34.21
18  24  2  7.95
19  24  2  3.98
20  24  2  32.91
1  25  2  20.81
2  25  2  25.05
3  25  2  25.45
4  25  2  9.11
5  25  2  41.54
6  25  2  35.07
7  25  2  25.19
8  25  2  53.68
9  25  2  17.57
10  25  2  15.67
11  25  2  47.31
12  25  2  11.33
13  25  2  9.40
14  25  2  55.19
15  25  2  13.49
16  25  2  17.74
17  25  2  27.31
18  25  2  6.16
19  25  2  21.82
20  25  2  13.92
1  26  2  54.01
2  26  2  23.72
3  26  2  8.91
4  26  2  23.34
5  26  2  21.71
6  26  2  19.11
7  26  2  60.93
8  26  2  5.31
9  26  2  17.13
10  26  2  29.48
11  26  2  9.14
12  26  2  7.03
13  26  2  7.91
14  26  2  13.68
15  26  2  9.26
16  26  2  9.00
17  26  2  31.85
18  26  2  5.85
19  26  2  18.45
20  26  2  16.27
1  27  2  17.49
2  27  2  25.05
3  27  2  8.33
4  27  2  35.09
5  27  2  22.24
6  27  2  26.45
7  27  2  9.39
8  27  2  8.87
9  27  2  5.08
10  27  2  8.91
11  27  2  25.69
12  27  2  12.58
13  27  2  32.33
14  27  2  30.04
15  27  2  67.43
16  27  2  6.56
17  27  2  47.10
18  27  2  5.13
19  27  2  12.52
20  27  2  14.81
1  28  2  24.64
2  28  2  27.20
3  28  2  31.93
4  28  2  21.63
5  28  2  14.80
6  28  2  61.73
7  28  2  26.42
8  28  2  12.72
9  28  2  8.97
10  28  2  12.91
11  28  2  6.42
12  28  2  17.80
13  28  2  34.25
14  28  2  8.77
15  28  2  48.47
16  28  2  41.23
17  28  2  15.80
18  28  2  3.60
19  28  2  29.76
20  28  2  3.90
1  29  2  26.79
2  29  2  12.62
3  29  2  31.89
4  29  2  18.33
5  29  2  25.19
6  29  2  21.42
7  29  2  9.26
8  29  2  5.31
9  29  2  16.42
10  29  2  16.09
11  29  2  36.49
12  29  2  17.96
13  29  2  11.36
14  29  2  24.13
15  29  2  16.38
16  29  2  10.36
17  29  2  60.26
18  29  2  12.87
19  29  2  28.60
20  29  2  9.88
1  30  2  21.77
2  30  2  19.33
3  30  2  40.05
4  30  2  42.44
5  30  2  27.78
6  30  2  55.59
7  30  2  9.19
8  30  2  14.63
9  30  2  14.18
10  30  2  12.17
11  30  2  10.16
12  30  2  16.66
13  30  2  64.53
14  30  2  25.09
15  30  2  31.05
16  30  2  38.37
17  30  2  41.24
18  30  2  6.81
19  30  2  23.55
20  30  2  17.88
1  31  2  24.49
2  31  2  15.53
3  31  2  28.88
4  31  2  10.03
5  31  2  7.29
6  31  2  40.42
7  31  2  31.31
8  31  2  28.46
9  31  2  15.88
10  31  2  16.91
11  31  2  16.77
12  31  2  43.31
13  31  2  24.71
14  31  2  22.97
15  31  2  30.86
16  31  2  29.02
17  31  2  34.27
18  31  2  17.72
19  31  2  20.44
20  31  2  54.19
1  32  2  27.08
2  32  2  36.38
3  32  2  14.53
4  32  2  18.10
5  32  2  34.63
6  32  2  20.35
7  32  2  47.16
8  32  2  13.95
9  32  2  24.96
10  32  2  24.25
11  32  2  4.09
12  32  2  15.53
13  32  2  14.09
14  32  2  6.69
15  32  2  27.90
16  32  2  33.49
17  32  2  12.95
18  32  2  5.63
19  32  2  49.04
20  32  2  46.23
1  33  2  27.11
2  33  2  5.23
3  33  2  22.46
4  33  2  39.87
5  33  2  40.91
6  33  2  25.84
7  33  2  17.93
8  33  2  11.56
9  33  2  16.03
10  33  2  7.89
11  33  2  16.50
12  33  2  19.24
13  33  2  17.08
14  33  2  27.22
15  33  2  22.38
16  33  2  2.48
17  33  2  11.41
18  33  2  34.54
19  33  2  15.87
20  33  2  9.88
1  34  2  5.59
2  34  2  32.00
3  34  2  32.95
4  34  2  38.21
5  34  2  57.94
6  34  2  67.17
7  34  2  50.59
8  34  2  18.26
9  34  2  6.83
10  34  2  22.84
11  34  2  5.48
12  34  2  56.73
13  34  2  20.52
14  34  2  60.99
15  34  2  17.11
16  34  2  49.57
17  34  2  45.20
18  34  2  22.98
19  34  2  3.37
20  34  2  41.25
1  35  2  8.70
2  35  2  38.88
3  35  2  12.23
4  35  2  45.51
5  35  2  13.04
6  35  2  48.95
7  35  2  20.50
8  35  2  7.82
9  35  2  8.00
10  35  2  41.23
11  35  2  22.17
12  35  2  18.61
13  35  2  42.18
14  35  2  41.91
15  35  2  24.57
16  35  2  19.94
17  35  2  25.77
18  35  2  13.00
19  35  2  34.85
20  35  2  35.30
1  36  2  14.20
2  36  2  21.06
3  36  2  10.09
4  36  2  11.51
5  36  2  52.20
6  36  2  27.09
7  36  2  12.96
8  36  2  17.19
9  36  2  17.20
10  36  2  9.47
11  36  2  29.63
12  36  2  12.84
13  36  2  4.12
14  36  2  41.68
15  36  2  21.62
16  36  2  28.74
17  36  2  19.88
18  36  2  19.47
19  36  2  34.72
20  36  2  17.33
1  37  2  5.02
2  37  2  24.55
3  37  2  5.62
4  37  2  29.40
5  37  2  34.18
6  37  2  25.58
7  37  2  9.63
8  37  2  34.85
9  37  2  18.24
10  37  2  19.39
11  37  2  28.35
12  37  2  41.43
13  37  2  33.17
14  37  2  27.56
15  37  2  37.32
16  37  2  20.33
17  37  2  26.17
18  37  2  12.92
19  37  2  21.94
20  37  2  4.93
1  38  2  9.15
2  38  2  31.63
3  38  2  60.30
4  38  2  9.78
5  38  2  23.54
6  38  2  11.63
7  38  2  19.85
8  38  2  14.29
9  38  2  23.68
10  38  2  15.30
11  38  2  31.98
12  38  2  13.82
13  38  2  34.58
14  38  2  60.18
15  38  2  36.66
16  38  2  33.48
17  38  2  5.36
18  38  2  36.27
19  38  2  25.08
20  38  2  28.34
1  39  2  6.49
2  39  2  28.04
3  39  2  40.12
4  39  2  38.62
5  39  2  48.46
6  39  2  47.71
7  39  2  21.89
8  39  2  43.14
9  39  2  16.00
10  39  2  42.29
11  39  2  23.85
12  39  2  16.46
13  39  2  26.00
14  39  2  14.95
15  39  2  38.25
16  39  2  24.45
17  39  2  46.08
18  39  2  21.24
19  39  2  37.39
20  39  2  34.37
1  40  2  50.56
2  40  2  7.42
3  40  2  40.28
4  40  2  17.04
5  40  2  20.24
6  40  2  11.62
7  40  2  4.27
8  40  2  11.59
9  40  2  29.86
10  40  2  36.87
11  40  2  10.74
12  40  2  9.88
13  40  2  2.97
14  40  2  42.30
15  40  2  13.66
16  40  2  27.06
17  40  2  37.38
18  40  2  56.66
19  40  2  8.38
20  40  2  25.53
1  41  2  3.91
2  41  2  35.58
3  41  2  10.92
4  41  2  15.12
5  41  2  8.58
6  41  2  9.54
7  41  2  14.54
8  41  2  19.54
9  41  2  21.63
10  41  2  6.34
11  41  2  14.01
12  41  2  20.60
13  41  2  38.60
14  41  2  11.92
15  41  2  33.11
16  41  2  54.91
17  41  2  19.89
18  41  2  28.44
19  41  2  8.87
20  41  2  33.35
1  42  2  23.73
2  42  2  8.72
3  42  2  11.72
4  42  2  11.26
5  42  2  59.22
6  42  2  34.83
7  42  2  34.40
8  42  2  28.45
9  42  2  13.53
10  42  2  35.48
11  42  2  21.38
12  42  2  13.71
13  42  2  11.19
14  42  2  33.47
15  42  2  40.05
16  42  2  24.14
17  42  2  42.34
18  42  2  33.01
19  42  2  21.07
20  42  2  5.95
1  43  2  66.64
2  43  2  15.22
3  43  2  21.54
4  43  2  18.53
5  43  2  5.78
6  43  2  17.91
7  43  2  17.42
8  43  2  35.06
9  43  2  26.33
10  43  2  21.25
11  43  2  23.04
12  43  2  33.70
13  43  2  14.40
14  43  2  15.29
15  43  2  9.83
16  43  2  8.70
17  43  2  19.11
18  43  2  21.24
19  43  2  17.36
20  43  2  15.67
1  44  2  15.90
2  44  2  8.33
3  44  2  9.63
4  44  2  26.87
5  44  2  36.08
6  44  2  15.20
7  44  2  17.02
8  44  2  17.46
9  44  2  6.82
10  44  2  27.06
11  44  2  57.87
12  44  2  41.86
13  44  2  17.78
14  44  2  15.43
15  44  2  7.40
16  44  2  17.95
17  44  2  47.56
18  44  2  13.93
19  44  2  54.38
20  44  2  7.65
1  45  2  21.03
2  45  2  13.54
3  45  2  3.61
4  45  2  15.60
5  45  2  11.64
6  45  2  39.49
7  45  2  41.43
8  45  2  11.27
9  45  2  7.51
10  45  2  52.43
11  45  2  29.61
12  45  2  21.23
13  45  2  26.59
14  45  2  17.49
15  45  2  25.13
16  45  2  10.32
17  45  2  22.31
18  45  2  51.14
19  45  2  22.59
20  45  2  27.91
1  46  2  3.56
2  46  2  22.72
3  46  2  17.39
4  46  2  63.24
5  46  2  20.28
6  46  2  24.71
7  46  2  29.48
8  46  2  5.01
9  46  2  46.64
10  46  2  37.64
11  46  2  37.55
12  46  2  11.14
13  46  2  13.10
14  46  2  6.51
15  46  2  16.48
16  46  2  31.81
17  46  2  11.15
18  46  2  6.09
19  46  2  30.33
20  46  2  9.69
1  47  2  24.50
2  47  2  19.36
3  47  2  21.29
4  47  2  11.47
5  47  2  9.35
6  47  2  6.70
7  47  2  15.89
8  47  2  35.51
9  47  2  15.39
10  47  2  29.12
11  47  2  2.54
12  47  2  29.53
13  47  2  25.32
14  47  2  9.70
15  47  2  20.07
16  47  2  14.62
17  47  2  33.05
18  47  2  13.85
19  47  2  21.85
20  47  2  18.62
1  48  2  53.08
2  48  2  43.51
3  48  2  21.06
4  48  2  10.95
5  48  2  13.49
6  48  2  13.06
7  48  2  17.32
8  48  2  29.53
9  48  2  7.84
10  48  2  19.59
11  48  2  26.05
12  48  2  35.29
13  48  2  44.68
14  48  2  46.87
15  48  2  36.99
16  48  2  29.05
17  48  2  8.57
18  48  2  34.49
19  48  2  43.28
20  48  2  47.17
1  49  2  37.85
2  49  2  17.66
3  49  2  17.55
4  49  2  32.73
5  49  2  63.55
6  49  2  15.24
7  49  2  19.88
8  49  2  13.15
9  49  2  12.07
10  49  2  68.08
11  49  2  34.50
12  49  2  12.07
13  49  2  33.18
14  49  2  8.90
15  49  2  12.13
16  49  2  44.73
17  49  2  8.21
18  49  2  20.10
19  49  2  23.95
20  49  2  27.44
1  50  2  17.99
2  50  2  40.02
3  50  2  26.70
4  50  2  4.99
5  50  2  21.02
6  50  2  16.88
7  50  2  17.26
8  50  2  34.09
9  50  2  18.39
10  50  2  50.30
11  50  2  7.96
12  50  2  7.23
13  50  2  19.06
14  50  2  40.43
15  50  2  22.77
16  50  2  60.86
17  50  2  8.63
18  50  2  25.35
19  50  2  17.93
20  50  2  36.02
1  51  2  6.34
2  51  2  20.58
3  51  2  5.47
4  51  2  12.91
5  51  2  22.87
6  51  2  15.77
7  51  2  18.20
8  51  2  21.22
9  51  2  36.55
10  51  2  58.31
11  51  2  45.74
12  51  2  8.77
13  51  2  6.39
14  51  2  3.01
15  51  2  19.21
16  51  2  18.13
17  51  2  29.86
18  51  2  32.45
19  51  2  19.27
20  51  2  42.69
1  52  2  40.73
2  52  2  3.85
3  52  2  5.27
4  52  2  31.52
5  52  2  65.46
6  52  2  41.68
7  52  2  17.95
8  52  2  11.67
9  52  2  9.82
10  52  2  40.91
11  52  2  31.34
12  52  2  28.39
13  52  2  34.27
14  52  2  18.13
15  52  2  18.60
16  52  2  10.16
17  52  2  11.54
18  52  2  14.89
19  52  2  37.97
20  52  2  29.67
1  53  2  13.06
2  53  2  12.27
3  53  2  25.04
4  53  2  57.94
5  53  2  37.22
6  53  2  23.15
7  53  2  44.94
8  53  2  16.99
9  53  2  29.37
10  53  2  5.17
11  53  2  21.26
12  53  2  5.55
13  53  2  33.64
14  53  2  14.95
15  53  2  17.43
16  53  2  40.76
17  53  2  35.24
18  53  2  15.73
19  53  2  13.85
20  53  2  22.02
1  54  2  12.67
2  54  2  30.43
3  54  2  15.69
4  54  2  6.00
5  54  2  7.42
6  54  2  17.58
7  54  2  26.19
8  54  2  13.44
9  54  2  9.28
10  54  2  8.72
11  54  2  21.53
12  54  2  32.02
13  54  2  5.05
14  54  2  47.28
15  54  2  37.80
16  54  2  29.33
17  54  2  8.54
18  54  2  18.79
19  54  2  25.80
20  54  2  7.17
1  55  2  44.59
2  55  2  11.08
3  55  2  11.53
4  55  2  3.81
5  55  2  55.92
6  55  2  31.97
7  55  2  37.52
8  55  2  22.61
9  55  2  44.33
10  55  2  49.83
11  55  2  8.64
12  55  2  7.04
13  55  2  28.56
14  55  2  28.90
15  55  2  44.66
16  55  2  24.72
17  55  2  5.22
18  55  2  11.75
19  55  2  5.86
20  55  2  18.18
1  56  2  10.31
2  56  2  15.82
3  56  2  21.76
4  56  2  18.22
5  56  2  27.68
6  56  2  39.95
7  56  2  6.80
8  56  2  46.75
9  56  2  8.67
10  56  2  9.87
11  56  2  34.23
12  56  2  20.38
13  56  2  8.43
14  56  2  23.45
15  56  2  23.75
16  56  2  68.64
17  56  2  12.25
18  56  2  39.71
19  56  2  10.50
20  56  2  15.68
1  57  2  6.48
2  57  2  27.14
3  57  2  45.85
4  57  2  16.56
5  57  2  39.97
6  57  2  25.38
7  57  2  14.58
8  57  2  61.30
9  57  2  43.10
10  57  2  34.99
11  57  2  17.62
12  57  2  26.18
13  57  2  21.84
14  57  2  14.01
15  57  2  47.63
16  57  2  8.90
17  57  2  15.52
18  57  2  11.75
19  57  2  35.36
20  57  2  18.06
1  58  2  5.85
2  58  2  15.47
3  58  2  3.80
4  58  2  4.65
5  58  2  33.52
6  58  2  35.05
7  58  2  30.41
8  58  2  27.35
9  58  2  9.71
10  58  2  2.83
11  58  2  41.14
12  58  2  6.47
13  58  2  20.88
14  58  2  15.67
15  58  2  31.54
16  58  2  31.79
17  58  2  12.28
18  58  2  23.98
19  58  2  15.34
20  58  2  5.99
1  59  2  21.66
2  59  2  18.45
3  59  2  45.24
4  59  2  29.91
5  59  2  42.02
6  59  2  53.41
7  59  2  30.67
8  59  2  42.90
9  59  2  11.03
10  59  2  27.62
11  59  2  14.87
12  59  2  7.88
13  59  2  12.83
14  59  2  23.20
15  59  2  7.93
16  59  2  23.93
17  59  2  14.85
18  59  2  29.93
19  59  2  12.53
20  59  2  36.32
1  60  2  7.09
2  60  2  12.65
3  60  2  14.29
4  60  2  14.97
5  60  2  24.08
6  60  2  18.81
7  60  2  15.47
8  60  2  25.41
9  60  2  27.32
10  60  2  19.38
11  60  2  9.40
12  60  2  53.05
13  60  2  22.37
14  60  2  27.36
15  60  2  7.61
16  60  2  17.97
17  60  2  7.81
18  60  2  17.32
19  60  2  31.03
20  60  2  51.24
1  61  2  12.46
2  61  2  48.52
3  61  2  51.27
4  61  2  12.34
5  61  2  26.39
6  61  2  16.99
7  61  2  30.07
8  61  2  20.67
9  61  2  5.89
10  61  2  13.27
11  61  2  71.12
12  61  2  17.37
13  61  2  23.74
14  61  2  8.68
15  61  2  24.81
16  61  2  13.68
17  61  2  4.78
18  61  2  45.01
19  61  2  18.97
20  61  2  14.95
1  62  2  15.62
2  62  2  27.77
3  62  2  9.95
4  62  2  8.67
5  62  2  4.92
6  62  2  6.72
7  62  2  43.30
8  62  2  34.00
9  62  2  11.19
10  62  2  7.20
11  62  2  7.27
12  62  2  8.40
13  62  2  19.70
14  62  2  25.35
15  62  2  18.31
16  62  2  32.30
17  62  2  7.35
18  62  2  9.03
19  62  2  19.84
20  62  2  5.85
1  63  2  48.03
2  63  2  19.82
3  63  2  10.55
4  63  2  41.53
5  63  2  17.14
6  63  2  35.94
7  63  2  11.05
8  63  2  23.54
9  63  2  11.59
10  63  2  20.26
11  63  2  15.52
12  63  2  19.55
13  63  2  36.66
14  63  2  19.10
15  63  2  27.81
16  63  2  13.10
17  63  2  29.74
18  63  2  16.07
19  63  2  12.77
20  63  2  24.23
1  64  2  12.35
2  64  2  34.45
3  64  2  23.56
4  64  2  16.23
5  64  2  28.45
6  64  2  14.96
7  64  2  24.97
8  64  2  7.42
9  64  2  22.31
10  64  2  27.34
11  64  2  39.46
12  64  2  12.52
13  64  2  15.73
14  64  2  46.25
15  64  2  38.17
16  64  2  28.69
17  64  2  4.62
18  64  2  35.53
19  64  2  8.02
20  64  2  26.85
1  65  2  8.28
2  65  2  34.21
3  65  2  19.10
4  65  2  10.32
5  65  2  7.18
6  65  2  26.32
7  65  2  55.73
8  65  2  16.09
9  65  2  21.46
10  65  2  58.11
11  65  2  37.94
12  65  2  35.55
13  65  2  18.11
14  65  2  48.91
15  65  2  40.43
16  65  2  29.45
17  65  2  5.42
18  65  2  13.70
19  65  2  67.06
20  65  2  29.91
1  66  2  40.62
2  66  2  8.55
3  66  2  56.35
4  66  2  12.99
5  66  2  14.66
6  66  2  10.63
7  66  2  28.90
8  66  2  27.71
9  66  2  30.85
10  66  2  38.34
11  66  2  17.25
12  66  2  31.27
13  66  2  3.74
14  66  2  10.79
15  66  2  21.09
16  66  2  24.68
17  66  2  56.68
18  66  2  39.13
19  66  2  18.95
20  66  2  17.31
1  67  2  22.80
2  67  2  28.54
3  67  2  10.57
4  67  2  18.23
5  67  2  52.56
6  67  2  56.84
7  67  2  23.48
8  67  2  9.72
9  67  2  22.06
10  67  2  33.97
11  67  2  16.45
12  67  2  35.03
13  67  2  22.22
14  67  2  29.14
15  67  2  36.79
16  67  2  45.09
17  67  2  16.46
18  67  2  26.47
19  67  2  33.92
20  67  2  6.32
1  68  2  8.59
2  68  2  46.24
3  68  2  5.68
4  68  2  33.46
5  68  2  4.73
6  68  2  17.56
7  68  2  51.65
8  68  2  8.44
9  68  2  31.30
10  68  2  28.83
11  68  2  7.85
12  68  2  29.72
13  68  2  10.41
14  68  2  25.81
15  68  2  28.56
16  68  2  48.57
17  68  2  19.30
18  68  2  37.80
19  68  2  33.23
20  68  2  16.49
1  69  2  12.98
2  69  2  35.97
3  69  2  11.44
4  69  2  21.87
5  69  2  36.31
6  69  2  16.22
7  69  2  31.01
8  69  2  23.87
9  69  2  48.62
10  69  2  5.93
11  69  2  32.75
12  69  2  15.41
13  69  2  6.13
14  69  2  24.01
15  69  2  36.71
16  69  2  43.25
17  69  2  17.04
18  69  2  7.69
19  69  2  18.73
20  69  2  12.43
1  70  2  34.23
2  70  2  20.74
3  70  2  29.66
4  70  2  40.18
5  70  2  41.94
6  70  2  9.71
7  70  2  38.24
8  70  2  45.68
9  70  2  15.24
10  70  2  14.72
11  70  2  29.49
12  70  2  6.08
13  70  2  7.01
14  70  2  14.96
15  70  2  52.90
16  70  2  15.51
17  70  2  14.92
18  70  2  14.52
19  70  2  30.08
20  70  2  45.45
1  71  2  15.70
2  71  2  11.37
3  71  2  17.46
4  71  2  55.82
5  71  2  61.08
6  71  2  26.09
7  71  2  7.39
8  71  2  29.01
9  71  2  43.54
10  71  2  11.57
11  71  2  22.26
12  71  2  3.49
13  71  2  21.36
14  71  2  9.01
15  71  2  7.53
16  71  2  55.82
17  71  2  24.59
18  71  2  45.60
19  71  2  9.56
20  71  2  58.15
1  72  2  15.38
2  72  2  42.23
3  72  2  30.70
4  72  2  13.07
5  72  2  15.85
6  72  2  55.29
7  72  2  10.99
8  72  2  39.24
9  72  2  52.60
10  72  2  43.28
11  72  2  36.46
12  72  2  62.28
13  72  2  8.28
14  72  2  28.70
15  72  2  6.17
16  72  2  59.12
17  72  2  15.42
18  72  2  16.20
19  72  2  35.41
20  72  2  7.30
1  73  2  26.14
2  73  2  52.66
3  73  2  11.35
4  73  2  28.93
5  73  2  19.29
6  73  2  21.92
7  73  2  12.50
8  73  2  3.92
9  73  2  8.03
10  73  2  16.33
11  73  2  32.91
12  73  2  17.64
13  73  2  25.22
14  73  2  7.89
15  73  2  26.90
16  73  2  57.84
17  73  2  5.03
18  73  2  5.70
19  73  2  43.21
20  73  2  26.83
1  74  2  42.61
2  74  2  16.72
3  74  2  5.66
4  74  2  28.75
5  74  2  9.60
6  74  2  55.95
7  74  2  38.63
8  74  2  37.72
9  74  2  17.85
10  74  2  11.78
11  74  2  24.22
12  74  2  22.98
13  74  2  51.86
14  74  2  39.05
15  74  2  35.62
16  74  2  51.24
17  74  2  20.15
18  74  2  22.85
19  74  2  41.55
20  74  2  22.46
1  75  2  64.91
2  75  2  22.18
3  75  2  40.86
4  75  2  17.82
5  75  2  6.62
6  75  2  54.89
7  75  2  47.00
8  75  2  49.80
9  75  2  34.74
10  75  2  42.24
11  75  2  46.78
12  75  2  9.06
13  75  2  16.87
14  75  2  21.10
15  75  2  6.18
16  75  2  12.91
17  75  2  7.45
18  75  2  26.38
19  75  2  50.23
20  75  2  11.24
1  76  2  30.66
2  76  2  24.81
3  76  2  13.72
4  76  2  34.92
5  76  2  34.32
6  76  2  20.87
7  76  2  58.39
8  76  2  37.64
9  76  2  14.48
10  76  2  34.52
11  76  2  16.70
12  76  2  24.56
13  76  2  6.75
14  76  2  15.81
15  76  2  31.10
16  76  2  22.11
17  76  2  52.23
18  76  2  37.03
19  76  2  22.63
20  76  2  31.35
1  77  2  19.33
2  77  2  56.78
3  77  2  22.57
4  77  2  49.09
5  77  2  5.05
6  77  2  12.51
7  77  2  65.80
8  77  2  9.29
9  77  2  5.17
10  77  2  32.30
11  77  2  16.18
12  77  2  13.25
13  77  2  44.95
14  77  2  10.44
15  77  2  10.79
16  77  2  26.21
17  77  2  18.23
18  77  2  5.54
19  77  2  41.55
20  77  2  26.63
1  78  2  9.16
2  78  2  31.26
3  78  2  45.94
4  78  2  31.43
5  78  2  12.19
6  78  2  39.24
7  78  2  43.62
8  78  2  16.28
9  78  2  12.90
10  78  2  17.79
11  78  2  11.36
12  78  2  7.16
13  78  2  30.71
14  78  2  15.40
15  78  2  30.38
16  78  2  8.71
17  78  2  38.64
18  78  2  30.00
19  78  2  7.99
20  78  2  10.87
1  79  2  56.75
2  79  2  10.98
3  79  2  17.64
4  79  2  6.59
5  79  2  18.75
6  79  2  10.46
7  79  2  6.67
8  79  2  39.76
9  79  2  50.98
10  79  2  14.91
11  79  2  8.10
12  79  2  35.18
13  79  2  20.53
14  79  2  30.51
15  79  2  7.29
16  79  2  39.18
17  79  2  23.01
18  79  2  19.12
19  79  2  26.47
20  79  2  18.95
1  80  2  11.69
2  80  2  17.02
3  80  2  53.04
4  80  2  27.97
5  80  2  39.07
6  80  2  16.70
7  80  2  7.06
8  80  2  13.14
9  80  2  38.38
10  80  2  65.66
11  80  2  13.39
12  80  2  50.17
13  80  2  17.20
14  80  2  16.12
15  80  2  47.23
16  80  2  12.28
17  80  2  54.98
18  80  2  28.86
19  80  2  19.19
20  80  2  23.33
1  81  2  46.14
2  81  2  7.08
3  81  2  16.03
4  81  2  57.97
5  81  2  15.92
6  81  2  44.75
7  81  2  53.65
8  81  2  9.43
9  81  2  28.74
10  81  2  44.21
11  81  2  12.97
12  81  2  26.22
13  81  2  19.64
14  81  2  47.63
15  81  2  12.72
16  81  2  12.30
17  81  2  15.53
18  81  2  28.49
19  81  2  19.55
20  81  2  34.56
1  82  2  24.62
2  82  2  35.11
3  82  2  10.02
4  82  2  53.80
5  82  2  11.29
6  82  2  22.87
7  82  2  30.78
8  82  2  3.12
9  82  2  12.79
10  82  2  22.37
11  82  2  19.27
12  82  2  5.69
13  82  2  20.16
14  82  2  10.05
15  82  2  3.46
16  82  2  22.13
17  82  2  25.30
18  82  2  19.87
19  82  2  40.95
20  82  2  13.82
1  83  2  52.51
2  83  2  18.14
3  83  2  32.31
4  83  2  17.75
5  83  2  29.17
6  83  2  5.84
7  83  2  36.55
8  83  2  32.94
9  83  2  11.44
10  83  2  20.99
11  83  2  43.16
12  83  2  28.16
13  83  2  18.94
14  83  2  39.92
15  83  2  25.93
16  83  2  43.72
17  83  2  35.50
18  83  2  33.61
19  83  2  13.52
20  83  2  40.98
1  84  2  21.78
2  84  2  55.91
3  84  2  5.23
4  84  2  12.68
5  84  2  17.19
6  84  2  43.94
7  84  2  4.86
8  84  2  15.72
9  84  2  53.05
10  84  2  21.73
11  84  2  31.15
12  84  2  38.76
13  84  2  8.72
14  84  2  32.52
15  84  2  24.85
16  84  2  45.44
17  84  2  17.56
18  84  2  13.08
19  84  2  23.94
20  84  2  30.06
1  85  2  56.26
2  85  2  25.59
3  85  2  18.33
4  85  2  25.51
5  85  2  26.30
6  85  2  8.92
7  85  2  55.70
8  85  2  27.17
9  85  2  47.07
10  85  2  36.82
11  85  2  9.54
12  85  2  31.62
13  85  2  46.66
14  85  2  12.05
15  85  2  54.57
16  85  2  26.92
17  85  2  45.01
18  85  2  16.48
19  85  2  40.77
20  85  2  29.79
1  86  2  23.31
2  86  2  43.94
3  86  2  5.23
4  86  2  56.93
5  86  2  40.99
6  86  2  42.89
7  86  2  17.60
8  86  2  48.82
9  86  2  33.92
10  86  2  22.15
11  86  2  32.37
12  86  2  28.07
13  86  2  10.30
14  86  2  36.76
15  86  2  8.25
16  86  2  51.43
17  86  2  21.63
18  86  2  8.81
19  86  2  27.49
20  86  2  14.58
1  87  2  31.75
2  87  2  36.64
3  87  2  8.83
4  87  2  4.99
5  87  2  8.30
6  87  2  16.48
7  87  2  29.24
8  87  2  5.92
9  87  2  42.96
10  87  2  30.03
11  87  2  42.15
12  87  2  12.37
13  87  2  21.01
14  87  2  13.23
15  87  2  18.83
16  87  2  7.77
17  87  2  11.04
18  87  2  21.42
19  87  2  25.22
20  87  2  29.17
1  88  2  25.50
2  88  2  16.74
3  88  2  45.66
4  88  2  37.44
5  88  2  10.29
6  88  2  13.50
7  88  2  23.57
8  88  2  12.90
9  88  2  27.99
10  88  2  38.15
11  88  2  14.77
12  88  2  48.24
13  88  2  20.06
14  88  2  15.36
15  88  2  12.34
16  88  2  29.32
17  88  2  7.88
18  88  2  27.74
19  88  2  36.12
20  88  2  16.52
1  89  2  6.47
2  89  2  15.91
3  89  2  9.88
4  89  2  25.14
5  89  2  22.38
6  89  2  7.55
7  89  2  4.16
8  89  2  14.25
9  89  2  12.99
10  89  2  23.07
11  89  2  13.68
12  89  2  6.50
13  89  2  25.62
14  89  2  34.39
15  89  2  28.75
16  89  2  19.26
17  89  2  21.09
18  89  2  11.80
19  89  2  20.21
20  89  2  55.35
1  90  2  21.17
2  90  2  36.78
3  90  2  9.92
4  90  2  15.16
5  90  2  18.82
6  90  2  66.71
7  90  2  9.92
8  90  2  24.17
9  90  2  42.53
10  90  2  18.45
11  90  2  21.77
12  90  2  51.07
13  90  2  2.78
14  90  2  20.00
15  90  2  53.64
16  90  2  14.66
17  90  2  30.54
18  90  2  18.61
19  90  2  20.06
20  90  2  5.65
1  91  2  16.99
2  91  2  34.72
3  91  2  51.95
4  91  2  15.20
5  91  2  20.07
6  91  2  21.92
7  91  2  32.54
8  91  2  34.32
9  91  2  8.23
10  91  2  12.70
11  91  2  9.50
12  91  2  11.33
13  91  2  52.02
14  91  2  16.65
15  91  2  24.24
16  91  2  35.42
17  91  2  29.16
18  91  2  16.98
19  91  2  33.42
20  91  2  20.98
1  92  2  10.77
2  92  2  34.58
3  92  2  43.41
4  92  2  18.23
5  92  2  5.29
6  92  2  30.44
7  92  2  15.89
8  92  2  8.11
9  92  2  3.77
10  92  2  27.16
11  92  2  11.43
12  92  2  37.32
13  92  2  31.93
14  92  2  14.78
15  92  2  7.22
16  92  2  8.50
17  92  2  13.70
18  92  2  18.08
19  92  2  24.80
20  92  2  15.18
1  93  2  19.71
2  93  2  16.07
3  93  2  19.38
4  93  2  32.66
5  93  2  27.41
6  93  2  5.91
7  93  2  19.35
8  93  2  4.47
9  93  2  8.15
10  93  2  24.19
11  93  2  27.42
12  93  2  48.46
13  93  2  7.57
14  93  2  27.14
15  93  2  16.03
16  93  2  15.94
17  93  2  18.09
18  93  2  27.99
19  93  2  34.53
20  93  2  33.96
1  94  2  7.14
2  94  2  16.19
3  94  2  25.70
4  94  2  8.14
5  94  2  36.53
6  94  2  43.66
7  94  2  22.68
8  94  2  33.69
9  94  2  45.73
10  94  2  8.86
11  94  2  55.09
12  94  2  66.52
13  94  2  34.86
14  94  2  8.63
15  94  2  27.49
16  94  2  11.74
17  94  2  15.90
18  94  2  23.70
19  94  2  21.27
20  94  2  20.73
1  95  2  32.33
2  95  2  3.68
3  95  2  25.60
4  95  2  7.66
5  95  2  53.07
6  95  2  25.43
7  95  2  7.60
8  95  2  17.31
9  95  2  23.12
10  95  2  18.43
11  95  2  52.60
12  95  2  44.91
13  95  2  53.32
14  95  2  7.90
15  95  2  66.85
16  95  2  28.95
17  95  2  45.96
18  95  2  18.19
19  95  2  42.35
20  95  2  38.65
1  96  2  39.15
2  96  2  18.34
3  96  2  16.64
4  96  2  47.43
5  96  2  20.51
6  96  2  44.20
7  96  2  28.83
8  96  2  24.21
9  96  2  14.64
10  96  2  19.70
11  96  2  5.90
12  96  2  32.33
13  96  2  6.17
14  96  2  42.78
15  96  2  16.42
16  96  2  12.31
17  96  2  8.27
18  96  2  20.51
19  96  2  15.39
20  96  2  14.92
1  97  2  25.62
2  97  2  32.18
3  97  2  14.58
4  97  2  34.71
5  97  2  46.79
6  97  2  48.88
7  97  2  7.01
8  97  2  41.38
9  97  2  5.21
10  97  2  16.05
11  97  2  8.86
12  97  2  34.21
13  97  2  55.54
14  97  2  4.85
15  97  2  32.34
16  97  2  12.73
17  97  2  42.43
18  97  2  16.39
19  97  2  60.66
20  97  2  16.33
1  98  2  32.14
2  98  2  16.55
3  98  2  17.72
4  98  2  24.52
5  98  2  7.87
6  98  2  15.81
7  98  2  17.13
8  98  2  21.72
9  98  2  6.08
10  98  2  35.99
11  98  2  29.10
12  98  2  22.58
13  98  2  11.54
14  98  2  6.06
15  98  2  20.71
16  98  2  31.00
17  98  2  23.85
18  98  2  36.76
19  98  2  15.05
20  98  2  32.48
1  99  2  70.16
2  99  2  26.11
3  99  2  48.37
4  99  2  15.81
5  99  2  12.40
6  99  2  13.56
7  99  2  42.43
8  99  2  40.77
9  99  2  31.10
10  99  2  43.56
11  99  2  4.15
12  99  2  13.16
13  99  2  18.41
14  99  2  58.18
15  99  2  26.64
16  99  2  7.24
17  99  2  14.42
18  99  2  31.37
19  99  2  3.24
20  99  2  56.35
1  100  2  35.97
2  100  2  59.83
3  100  2  9.74
4  100  2  26.12
5  100  2  15.92
6  100  2  20.94
7  100  2  17.30
8  100  2  11.21
9  100  2  25.95
10  100  2  59.63
11  100  2  11.66
12  100  2  16.18
13  100  2  61.03
14  100  2  36.35
15  100  2  37.33
16  100  2  4.97
17  100  2  13.48
18  100  2  43.89
19  100  2  2.97
20  100  2  26.46
;

