param com_measure1 := 1;

param com_measure2 := 1;

param kappa_max := 618.39;

param U_tau := 429.2637;

param nT := 2;

param nS := 100;

param nL := 15;

param B := 549.34;

param w :=
1  3
2  1
3  1
4  1
5  3
6  1
7  3
8  1
9  3
10  2
11  2
12  3
13  1
14  3
15  1
;

param h :=
1  1  0
1  2  0
1  3  0
1  4  0
1  5  0
1  6  0
1  7  0
1  8  0
1  9  0
1  10  0
1  11  0
1  12  0
1  13  0
1  14  0
1  15  0
2  1  70.98
2  2  71.44
2  3  63.00
2  4  71.09
2  5  70.82
2  6  81.36
2  7  68.24
2  8  77.76
2  9  72.01
2  10  69.54
2  11  70.49
2  12  78.67
2  13  71.62
2  14  82.41
2  15  79.23
;

param xi :=
1  1  1  25
2  1  1  13
3  1  1  28
4  1  1  54
5  1  1  62
6  1  1  17
7  1  1  90
8  1  1  74
9  1  1  66
10  1  1  77
11  1  1  34
12  1  1  42
13  1  1  62
14  1  1  29
15  1  1  71
1  2  1  16
2  2  1  63
3  2  1  61
4  2  1  21
5  2  1  34
6  2  1  80
7  2  1  68
8  2  1  20
9  2  1  55
10  2  1  19
11  2  1  73
12  2  1  79
13  2  1  70
14  2  1  31
15  2  1  20
1  3  1  26
2  3  1  10
3  3  1  29
4  3  1  21
5  3  1  66
6  3  1  81
7  3  1  83
8  3  1  90
9  3  1  73
10  3  1  45
11  3  1  28
12  3  1  64
13  3  1  15
14  3  1  88
15  3  1  34
1  4  1  45
2  4  1  72
3  4  1  90
4  4  1  69
5  4  1  50
6  4  1  39
7  4  1  48
8  4  1  62
9  4  1  23
10  4  1  82
11  4  1  84
12  4  1  26
13  4  1  40
14  4  1  49
15  4  1  81
1  5  1  68
2  5  1  49
3  5  1  17
4  5  1  60
5  5  1  54
6  5  1  49
7  5  1  42
8  5  1  31
9  5  1  21
10  5  1  53
11  5  1  75
12  5  1  66
13  5  1  81
14  5  1  16
15  5  1  51
1  6  1  52
2  6  1  43
3  6  1  57
4  6  1  59
5  6  1  38
6  6  1  41
7  6  1  22
8  6  1  25
9  6  1  50
10  6  1  77
11  6  1  48
12  6  1  52
13  6  1  33
14  6  1  43
15  6  1  23
1  7  1  87
2  7  1  40
3  7  1  52
4  7  1  20
5  7  1  13
6  7  1  41
7  7  1  34
8  7  1  36
9  7  1  74
10  7  1  72
11  7  1  81
12  7  1  81
13  7  1  48
14  7  1  34
15  7  1  25
1  8  1  18
2  8  1  64
3  8  1  32
4  8  1  10
5  8  1  29
6  8  1  53
7  8  1  22
8  8  1  24
9  8  1  25
10  8  1  47
11  8  1  65
12  8  1  30
13  8  1  89
14  8  1  69
15  8  1  41
1  9  1  82
2  9  1  27
3  9  1  71
4  9  1  87
5  9  1  42
6  9  1  87
7  9  1  84
8  9  1  38
9  9  1  53
10  9  1  27
11  9  1  51
12  9  1  36
13  9  1  67
14  9  1  56
15  9  1  20
1  10  1  51
2  10  1  21
3  10  1  49
4  10  1  45
5  10  1  33
6  10  1  21
7  10  1  12
8  10  1  15
9  10  1  71
10  10  1  62
11  10  1  22
12  10  1  70
13  10  1  19
14  10  1  51
15  10  1  85
1  11  1  45
2  11  1  43
3  11  1  12
4  11  1  89
5  11  1  16
6  11  1  64
7  11  1  27
8  11  1  41
9  11  1  21
10  11  1  80
11  11  1  63
12  11  1  31
13  11  1  85
14  11  1  53
15  11  1  87
1  12  1  26
2  12  1  37
3  12  1  22
4  12  1  28
5  12  1  75
6  12  1  10
7  12  1  62
8  12  1  87
9  12  1  45
10  12  1  86
11  12  1  52
12  12  1  73
13  12  1  88
14  12  1  41
15  12  1  29
1  13  1  81
2  13  1  22
3  13  1  64
4  13  1  17
5  13  1  54
6  13  1  16
7  13  1  29
8  13  1  75
9  13  1  51
10  13  1  90
11  13  1  16
12  13  1  28
13  13  1  12
14  13  1  78
15  13  1  35
1  14  1  89
2  14  1  26
3  14  1  22
4  14  1  47
5  14  1  42
6  14  1  70
7  14  1  50
8  14  1  53
9  14  1  88
10  14  1  22
11  14  1  57
12  14  1  19
13  14  1  88
14  14  1  26
15  14  1  89
1  15  1  81
2  15  1  52
3  15  1  40
4  15  1  88
5  15  1  31
6  15  1  32
7  15  1  44
8  15  1  63
9  15  1  62
10  15  1  19
11  15  1  71
12  15  1  41
13  15  1  72
14  15  1  43
15  15  1  30
1  16  1  78
2  16  1  25
3  16  1  51
4  16  1  29
5  16  1  44
6  16  1  90
7  16  1  87
8  16  1  16
9  16  1  87
10  16  1  69
11  16  1  26
12  16  1  10
13  16  1  40
14  16  1  30
15  16  1  78
1  17  1  38
2  17  1  23
3  17  1  86
4  17  1  49
5  17  1  73
6  17  1  18
7  17  1  22
8  17  1  52
9  17  1  63
10  17  1  87
11  17  1  55
12  17  1  67
13  17  1  24
14  17  1  53
15  17  1  63
1  18  1  86
2  18  1  88
3  18  1  68
4  18  1  25
5  18  1  64
6  18  1  14
7  18  1  24
8  18  1  44
9  18  1  26
10  18  1  60
11  18  1  77
12  18  1  66
13  18  1  53
14  18  1  72
15  18  1  12
1  19  1  64
2  19  1  81
3  19  1  69
4  19  1  65
5  19  1  90
6  19  1  36
7  19  1  52
8  19  1  60
9  19  1  77
10  19  1  11
11  19  1  88
12  19  1  20
13  19  1  58
14  19  1  31
15  19  1  23
1  20  1  79
2  20  1  41
3  20  1  29
4  20  1  54
5  20  1  60
6  20  1  14
7  20  1  14
8  20  1  19
9  20  1  24
10  20  1  79
11  20  1  47
12  20  1  38
13  20  1  36
14  20  1  34
15  20  1  60
1  21  1  29
2  21  1  74
3  21  1  30
4  21  1  18
5  21  1  61
6  21  1  24
7  21  1  72
8  21  1  44
9  21  1  39
10  21  1  56
11  21  1  85
12  21  1  22
13  21  1  79
14  21  1  84
15  21  1  27
1  22  1  15
2  22  1  44
3  22  1  46
4  22  1  50
5  22  1  57
6  22  1  74
7  22  1  68
8  22  1  28
9  22  1  11
10  22  1  78
11  22  1  34
12  22  1  20
13  22  1  81
14  22  1  37
15  22  1  60
1  23  1  28
2  23  1  72
3  23  1  56
4  23  1  74
5  23  1  86
6  23  1  24
7  23  1  77
8  23  1  63
9  23  1  79
10  23  1  51
11  23  1  81
12  23  1  16
13  23  1  60
14  23  1  53
15  23  1  49
1  24  1  80
2  24  1  75
3  24  1  65
4  24  1  68
5  24  1  33
6  24  1  42
7  24  1  21
8  24  1  45
9  24  1  46
10  24  1  73
11  24  1  56
12  24  1  72
13  24  1  35
14  24  1  82
15  24  1  44
1  25  1  24
2  25  1  53
3  25  1  61
4  25  1  53
5  25  1  73
6  25  1  33
7  25  1  49
8  25  1  78
9  25  1  37
10  25  1  12
11  25  1  56
12  25  1  31
13  25  1  29
14  25  1  47
15  25  1  25
1  26  1  10
2  26  1  58
3  26  1  30
4  26  1  35
5  26  1  39
6  26  1  80
7  26  1  41
8  26  1  25
9  26  1  78
10  26  1  11
11  26  1  37
12  26  1  45
13  26  1  77
14  26  1  27
15  26  1  20
1  27  1  64
2  27  1  56
3  27  1  10
4  27  1  89
5  27  1  73
6  27  1  60
7  27  1  88
8  27  1  30
9  27  1  39
10  27  1  80
11  27  1  89
12  27  1  17
13  27  1  61
14  27  1  40
15  27  1  68
1  28  1  19
2  28  1  63
3  28  1  40
4  28  1  16
5  28  1  45
6  28  1  87
7  28  1  20
8  28  1  19
9  28  1  35
10  28  1  61
11  28  1  82
12  28  1  21
13  28  1  59
14  28  1  52
15  28  1  66
1  29  1  66
2  29  1  36
3  29  1  31
4  29  1  45
5  29  1  58
6  29  1  21
7  29  1  28
8  29  1  24
9  29  1  59
10  29  1  47
11  29  1  33
12  29  1  28
13  29  1  70
14  29  1  72
15  29  1  83
1  30  1  20
2  30  1  50
3  30  1  17
4  30  1  23
5  30  1  60
6  30  1  33
7  30  1  69
8  30  1  45
9  30  1  62
10  30  1  79
11  30  1  86
12  30  1  20
13  30  1  44
14  30  1  24
15  30  1  22
1  31  1  87
2  31  1  38
3  31  1  61
4  31  1  15
5  31  1  30
6  31  1  18
7  31  1  33
8  31  1  65
9  31  1  52
10  31  1  14
11  31  1  84
12  31  1  38
13  31  1  41
14  31  1  75
15  31  1  12
1  32  1  52
2  32  1  40
3  32  1  54
4  32  1  55
5  32  1  58
6  32  1  68
7  32  1  21
8  32  1  16
9  32  1  55
10  32  1  52
11  32  1  84
12  32  1  69
13  32  1  59
14  32  1  16
15  32  1  88
1  33  1  67
2  33  1  23
3  33  1  33
4  33  1  26
5  33  1  26
6  33  1  56
7  33  1  23
8  33  1  14
9  33  1  30
10  33  1  36
11  33  1  25
12  33  1  65
13  33  1  50
14  33  1  65
15  33  1  24
1  34  1  14
2  34  1  28
3  34  1  36
4  34  1  72
5  34  1  49
6  34  1  29
7  34  1  48
8  34  1  74
9  34  1  73
10  34  1  15
11  34  1  79
12  34  1  40
13  34  1  55
14  34  1  83
15  34  1  65
1  35  1  11
2  35  1  16
3  35  1  10
4  35  1  36
5  35  1  38
6  35  1  10
7  35  1  28
8  35  1  66
9  35  1  81
10  35  1  16
11  35  1  58
12  35  1  13
13  35  1  29
14  35  1  23
15  35  1  87
1  36  1  41
2  36  1  29
3  36  1  30
4  36  1  63
5  36  1  88
6  36  1  22
7  36  1  19
8  36  1  11
9  36  1  81
10  36  1  20
11  36  1  64
12  36  1  56
13  36  1  79
14  36  1  89
15  36  1  74
1  37  1  40
2  37  1  26
3  37  1  83
4  37  1  86
5  37  1  88
6  37  1  73
7  37  1  41
8  37  1  90
9  37  1  67
10  37  1  48
11  37  1  18
12  37  1  15
13  37  1  84
14  37  1  43
15  37  1  73
1  38  1  12
2  38  1  24
3  38  1  88
4  38  1  44
5  38  1  11
6  38  1  24
7  38  1  42
8  38  1  43
9  38  1  16
10  38  1  11
11  38  1  90
12  38  1  25
13  38  1  74
14  38  1  33
15  38  1  39
1  39  1  88
2  39  1  79
3  39  1  25
4  39  1  70
5  39  1  66
6  39  1  21
7  39  1  20
8  39  1  58
9  39  1  21
10  39  1  66
11  39  1  28
12  39  1  38
13  39  1  40
14  39  1  71
15  39  1  51
1  40  1  78
2  40  1  28
3  40  1  27
4  40  1  65
5  40  1  70
6  40  1  20
7  40  1  61
8  40  1  28
9  40  1  25
10  40  1  49
11  40  1  38
12  40  1  90
13  40  1  49
14  40  1  46
15  40  1  25
1  41  1  24
2  41  1  53
3  41  1  62
4  41  1  71
5  41  1  90
6  41  1  55
7  41  1  12
8  41  1  29
9  41  1  34
10  41  1  43
11  41  1  27
12  41  1  70
13  41  1  74
14  41  1  59
15  41  1  40
1  42  1  67
2  42  1  25
3  42  1  82
4  42  1  23
5  42  1  10
6  42  1  66
7  42  1  42
8  42  1  36
9  42  1  12
10  42  1  76
11  42  1  38
12  42  1  35
13  42  1  29
14  42  1  20
15  42  1  27
1  43  1  50
2  43  1  88
3  43  1  38
4  43  1  46
5  43  1  30
6  43  1  14
7  43  1  61
8  43  1  11
9  43  1  56
10  43  1  38
11  43  1  82
12  43  1  90
13  43  1  19
14  43  1  47
15  43  1  31
1  44  1  38
2  44  1  20
3  44  1  46
4  44  1  18
5  44  1  13
6  44  1  76
7  44  1  56
8  44  1  75
9  44  1  27
10  44  1  37
11  44  1  47
12  44  1  40
13  44  1  75
14  44  1  89
15  44  1  79
1  45  1  39
2  45  1  18
3  45  1  27
4  45  1  64
5  45  1  73
6  45  1  48
7  45  1  18
8  45  1  10
9  45  1  33
10  45  1  42
11  45  1  17
12  45  1  69
13  45  1  63
14  45  1  90
15  45  1  16
1  46  1  73
2  46  1  68
3  46  1  80
4  46  1  67
5  46  1  65
6  46  1  41
7  46  1  77
8  46  1  58
9  46  1  19
10  46  1  24
11  46  1  29
12  46  1  34
13  46  1  27
14  46  1  66
15  46  1  30
1  47  1  23
2  47  1  31
3  47  1  83
4  47  1  79
5  47  1  19
6  47  1  15
7  47  1  59
8  47  1  25
9  47  1  19
10  47  1  84
11  47  1  53
12  47  1  11
13  47  1  90
14  47  1  62
15  47  1  40
1  48  1  44
2  48  1  62
3  48  1  74
4  48  1  43
5  48  1  51
6  48  1  40
7  48  1  17
8  48  1  77
9  48  1  15
10  48  1  89
11  48  1  47
12  48  1  27
13  48  1  40
14  48  1  69
15  48  1  45
1  49  1  61
2  49  1  57
3  49  1  81
4  49  1  36
5  49  1  86
6  49  1  45
7  49  1  81
8  49  1  35
9  49  1  63
10  49  1  63
11  49  1  28
12  49  1  32
13  49  1  14
14  49  1  41
15  49  1  51
1  50  1  50
2  50  1  70
3  50  1  11
4  50  1  34
5  50  1  59
6  50  1  76
7  50  1  69
8  50  1  68
9  50  1  63
10  50  1  19
11  50  1  53
12  50  1  28
13  50  1  48
14  50  1  78
15  50  1  63
1  51  1  42
2  51  1  17
3  51  1  13
4  51  1  27
5  51  1  88
6  51  1  34
7  51  1  23
8  51  1  68
9  51  1  13
10  51  1  64
11  51  1  10
12  51  1  74
13  51  1  69
14  51  1  10
15  51  1  29
1  52  1  31
2  52  1  62
3  52  1  53
4  52  1  46
5  52  1  86
6  52  1  15
7  52  1  83
8  52  1  27
9  52  1  23
10  52  1  63
11  52  1  66
12  52  1  41
13  52  1  64
14  52  1  42
15  52  1  21
1  53  1  17
2  53  1  45
3  53  1  50
4  53  1  21
5  53  1  75
6  53  1  71
7  53  1  43
8  53  1  67
9  53  1  34
10  53  1  61
11  53  1  75
12  53  1  46
13  53  1  70
14  53  1  60
15  53  1  12
1  54  1  62
2  54  1  32
3  54  1  14
4  54  1  38
5  54  1  66
6  54  1  34
7  54  1  36
8  54  1  71
9  54  1  33
10  54  1  25
11  54  1  10
12  54  1  64
13  54  1  52
14  54  1  22
15  54  1  32
1  55  1  31
2  55  1  15
3  55  1  21
4  55  1  52
5  55  1  90
6  55  1  22
7  55  1  82
8  55  1  45
9  55  1  29
10  55  1  46
11  55  1  33
12  55  1  29
13  55  1  47
14  55  1  28
15  55  1  57
1  56  1  87
2  56  1  51
3  56  1  78
4  56  1  21
5  56  1  13
6  56  1  57
7  56  1  17
8  56  1  73
9  56  1  64
10  56  1  23
11  56  1  52
12  56  1  60
13  56  1  37
14  56  1  53
15  56  1  70
1  57  1  45
2  57  1  43
3  57  1  69
4  57  1  16
5  57  1  77
6  57  1  43
7  57  1  44
8  57  1  27
9  57  1  52
10  57  1  79
11  57  1  54
12  57  1  30
13  57  1  37
14  57  1  76
15  57  1  14
1  58  1  69
2  58  1  37
3  58  1  27
4  58  1  53
5  58  1  52
6  58  1  90
7  58  1  13
8  58  1  19
9  58  1  37
10  58  1  40
11  58  1  44
12  58  1  63
13  58  1  45
14  58  1  82
15  58  1  18
1  59  1  83
2  59  1  53
3  59  1  87
4  59  1  60
5  59  1  29
6  59  1  49
7  59  1  25
8  59  1  78
9  59  1  46
10  59  1  82
11  59  1  12
12  59  1  22
13  59  1  57
14  59  1  76
15  59  1  40
1  60  1  15
2  60  1  45
3  60  1  82
4  60  1  70
5  60  1  86
6  60  1  26
7  60  1  66
8  60  1  57
9  60  1  58
10  60  1  82
11  60  1  37
12  60  1  50
13  60  1  29
14  60  1  17
15  60  1  12
1  61  1  69
2  61  1  23
3  61  1  25
4  61  1  22
5  61  1  57
6  61  1  50
7  61  1  47
8  61  1  15
9  61  1  14
10  61  1  22
11  61  1  16
12  61  1  17
13  61  1  73
14  61  1  85
15  61  1  41
1  62  1  20
2  62  1  10
3  62  1  34
4  62  1  75
5  62  1  45
6  62  1  69
7  62  1  24
8  62  1  67
9  62  1  30
10  62  1  64
11  62  1  59
12  62  1  53
13  62  1  39
14  62  1  65
15  62  1  37
1  63  1  14
2  63  1  73
3  63  1  50
4  63  1  83
5  63  1  64
6  63  1  64
7  63  1  10
8  63  1  86
9  63  1  25
10  63  1  67
11  63  1  13
12  63  1  53
13  63  1  65
14  63  1  78
15  63  1  47
1  64  1  83
2  64  1  86
3  64  1  34
4  64  1  90
5  64  1  36
6  64  1  85
7  64  1  75
8  64  1  28
9  64  1  52
10  64  1  24
11  64  1  44
12  64  1  85
13  64  1  15
14  64  1  27
15  64  1  54
1  65  1  53
2  65  1  60
3  65  1  66
4  65  1  38
5  65  1  11
6  65  1  78
7  65  1  17
8  65  1  64
9  65  1  63
10  65  1  11
11  65  1  20
12  65  1  11
13  65  1  86
14  65  1  27
15  65  1  66
1  66  1  34
2  66  1  65
3  66  1  14
4  66  1  50
5  66  1  20
6  66  1  76
7  66  1  36
8  66  1  53
9  66  1  75
10  66  1  73
11  66  1  52
12  66  1  87
13  66  1  56
14  66  1  82
15  66  1  24
1  67  1  43
2  67  1  35
3  67  1  77
4  67  1  31
5  67  1  59
6  67  1  61
7  67  1  26
8  67  1  49
9  67  1  27
10  67  1  72
11  67  1  27
12  67  1  75
13  67  1  34
14  67  1  39
15  67  1  82
1  68  1  26
2  68  1  90
3  68  1  83
4  68  1  34
5  68  1  30
6  68  1  89
7  68  1  16
8  68  1  70
9  68  1  27
10  68  1  17
11  68  1  24
12  68  1  67
13  68  1  46
14  68  1  28
15  68  1  49
1  69  1  41
2  69  1  30
3  69  1  13
4  69  1  65
5  69  1  49
6  69  1  49
7  69  1  66
8  69  1  12
9  69  1  60
10  69  1  14
11  69  1  69
12  69  1  79
13  69  1  56
14  69  1  51
15  69  1  83
1  70  1  10
2  70  1  76
3  70  1  83
4  70  1  29
5  70  1  82
6  70  1  71
7  70  1  44
8  70  1  61
9  70  1  15
10  70  1  18
11  70  1  52
12  70  1  65
13  70  1  55
14  70  1  32
15  70  1  45
1  71  1  64
2  71  1  70
3  71  1  19
4  71  1  81
5  71  1  24
6  71  1  69
7  71  1  90
8  71  1  10
9  71  1  50
10  71  1  29
11  71  1  55
12  71  1  32
13  71  1  76
14  71  1  43
15  71  1  90
1  72  1  88
2  72  1  59
3  72  1  16
4  72  1  22
5  72  1  86
6  72  1  60
7  72  1  50
8  72  1  31
9  72  1  17
10  72  1  56
11  72  1  10
12  72  1  43
13  72  1  56
14  72  1  22
15  72  1  46
1  73  1  32
2  73  1  43
3  73  1  72
4  73  1  56
5  73  1  28
6  73  1  25
7  73  1  11
8  73  1  53
9  73  1  23
10  73  1  12
11  73  1  52
12  73  1  35
13  73  1  67
14  73  1  39
15  73  1  24
1  74  1  35
2  74  1  90
3  74  1  24
4  74  1  30
5  74  1  18
6  74  1  57
7  74  1  27
8  74  1  30
9  74  1  25
10  74  1  44
11  74  1  46
12  74  1  23
13  74  1  50
14  74  1  77
15  74  1  30
1  75  1  78
2  75  1  68
3  75  1  43
4  75  1  64
5  75  1  31
6  75  1  56
7  75  1  49
8  75  1  62
9  75  1  66
10  75  1  23
11  75  1  59
12  75  1  36
13  75  1  32
14  75  1  87
15  75  1  19
1  76  1  55
2  76  1  75
3  76  1  88
4  76  1  75
5  76  1  60
6  76  1  24
7  76  1  17
8  76  1  24
9  76  1  62
10  76  1  55
11  76  1  17
12  76  1  31
13  76  1  60
14  76  1  87
15  76  1  28
1  77  1  36
2  77  1  85
3  77  1  32
4  77  1  16
5  77  1  89
6  77  1  41
7  77  1  27
8  77  1  66
9  77  1  29
10  77  1  73
11  77  1  42
12  77  1  56
13  77  1  69
14  77  1  39
15  77  1  30
1  78  1  75
2  78  1  33
3  78  1  25
4  78  1  83
5  78  1  78
6  78  1  74
7  78  1  65
8  78  1  49
9  78  1  85
10  78  1  12
11  78  1  18
12  78  1  75
13  78  1  62
14  78  1  50
15  78  1  14
1  79  1  44
2  79  1  54
3  79  1  36
4  79  1  76
5  79  1  46
6  79  1  48
7  79  1  79
8  79  1  60
9  79  1  51
10  79  1  47
11  79  1  63
12  79  1  27
13  79  1  37
14  79  1  70
15  79  1  74
1  80  1  72
2  80  1  49
3  80  1  45
4  80  1  33
5  80  1  79
6  80  1  72
7  80  1  36
8  80  1  53
9  80  1  19
10  80  1  13
11  80  1  15
12  80  1  73
13  80  1  10
14  80  1  40
15  80  1  49
1  81  1  30
2  81  1  82
3  81  1  17
4  81  1  29
5  81  1  33
6  81  1  27
7  81  1  74
8  81  1  64
9  81  1  85
10  81  1  24
11  81  1  30
12  81  1  46
13  81  1  53
14  81  1  56
15  81  1  74
1  82  1  87
2  82  1  90
3  82  1  10
4  82  1  82
5  82  1  29
6  82  1  70
7  82  1  66
8  82  1  21
9  82  1  61
10  82  1  10
11  82  1  15
12  82  1  42
13  82  1  25
14  82  1  79
15  82  1  74
1  83  1  68
2  83  1  18
3  83  1  10
4  83  1  74
5  83  1  80
6  83  1  44
7  83  1  38
8  83  1  40
9  83  1  45
10  83  1  84
11  83  1  81
12  83  1  57
13  83  1  20
14  83  1  33
15  83  1  39
1  84  1  16
2  84  1  34
3  84  1  78
4  84  1  23
5  84  1  16
6  84  1  10
7  84  1  52
8  84  1  58
9  84  1  53
10  84  1  81
11  84  1  44
12  84  1  68
13  84  1  72
14  84  1  39
15  84  1  66
1  85  1  19
2  85  1  87
3  85  1  77
4  85  1  65
5  85  1  69
6  85  1  56
7  85  1  65
8  85  1  16
9  85  1  68
10  85  1  21
11  85  1  84
12  85  1  82
13  85  1  41
14  85  1  38
15  85  1  75
1  86  1  38
2  86  1  88
3  86  1  76
4  86  1  30
5  86  1  68
6  86  1  32
7  86  1  39
8  86  1  76
9  86  1  24
10  86  1  31
11  86  1  58
12  86  1  64
13  86  1  38
14  86  1  52
15  86  1  43
1  87  1  59
2  87  1  35
3  87  1  58
4  87  1  82
5  87  1  12
6  87  1  14
7  87  1  42
8  87  1  83
9  87  1  30
10  87  1  72
11  87  1  16
12  87  1  48
13  87  1  25
14  87  1  72
15  87  1  67
1  88  1  83
2  88  1  37
3  88  1  74
4  88  1  75
5  88  1  38
6  88  1  77
7  88  1  16
8  88  1  60
9  88  1  76
10  88  1  22
11  88  1  74
12  88  1  42
13  88  1  37
14  88  1  24
15  88  1  76
1  89  1  33
2  89  1  39
3  89  1  81
4  89  1  74
5  89  1  32
6  89  1  57
7  89  1  72
8  89  1  75
9  89  1  54
10  89  1  45
11  89  1  80
12  89  1  44
13  89  1  21
14  89  1  53
15  89  1  77
1  90  1  12
2  90  1  66
3  90  1  79
4  90  1  36
5  90  1  76
6  90  1  12
7  90  1  69
8  90  1  32
9  90  1  44
10  90  1  28
11  90  1  49
12  90  1  71
13  90  1  79
14  90  1  64
15  90  1  49
1  91  1  34
2  91  1  42
3  91  1  21
4  91  1  36
5  91  1  69
6  91  1  63
7  91  1  31
8  91  1  10
9  91  1  72
10  91  1  51
11  91  1  19
12  91  1  42
13  91  1  70
14  91  1  39
15  91  1  83
1  92  1  32
2  92  1  81
3  92  1  65
4  92  1  88
5  92  1  81
6  92  1  23
7  92  1  43
8  92  1  85
9  92  1  35
10  92  1  16
11  92  1  17
12  92  1  35
13  92  1  77
14  92  1  35
15  92  1  67
1  93  1  31
2  93  1  67
3  93  1  80
4  93  1  32
5  93  1  71
6  93  1  83
7  93  1  15
8  93  1  68
9  93  1  35
10  93  1  89
11  93  1  75
12  93  1  50
13  93  1  90
14  93  1  87
15  93  1  70
1  94  1  14
2  94  1  14
3  94  1  19
4  94  1  35
5  94  1  86
6  94  1  12
7  94  1  15
8  94  1  50
9  94  1  75
10  94  1  36
11  94  1  52
12  94  1  81
13  94  1  58
14  94  1  62
15  94  1  49
1  95  1  77
2  95  1  17
3  95  1  57
4  95  1  19
5  95  1  15
6  95  1  83
7  95  1  86
8  95  1  83
9  95  1  30
10  95  1  52
11  95  1  46
12  95  1  62
13  95  1  13
14  95  1  21
15  95  1  88
1  96  1  32
2  96  1  39
3  96  1  54
4  96  1  35
5  96  1  45
6  96  1  33
7  96  1  63
8  96  1  26
9  96  1  61
10  96  1  89
11  96  1  79
12  96  1  49
13  96  1  22
14  96  1  13
15  96  1  88
1  97  1  45
2  97  1  35
3  97  1  31
4  97  1  78
5  97  1  45
6  97  1  58
7  97  1  18
8  97  1  47
9  97  1  36
10  97  1  64
11  97  1  67
12  97  1  86
13  97  1  60
14  97  1  79
15  97  1  79
1  98  1  35
2  98  1  78
3  98  1  48
4  98  1  82
5  98  1  54
6  98  1  14
7  98  1  88
8  98  1  49
9  98  1  32
10  98  1  71
11  98  1  26
12  98  1  48
13  98  1  84
14  98  1  87
15  98  1  89
1  99  1  69
2  99  1  81
3  99  1  29
4  99  1  22
5  99  1  72
6  99  1  21
7  99  1  33
8  99  1  27
9  99  1  61
10  99  1  25
11  99  1  39
12  99  1  45
13  99  1  26
14  99  1  55
15  99  1  85
1  100  1  13
2  100  1  12
3  100  1  70
4  100  1  62
5  100  1  26
6  100  1  60
7  100  1  14
8  100  1  53
9  100  1  53
10  100  1  53
11  100  1  57
12  100  1  88
13  100  1  14
14  100  1  51
15  100  1  27
1  1  2  12.5
2  1  2  6.63
3  1  2  15.68
4  1  2  28.08
5  1  2  34.1
6  1  2  7.14
7  1  2  44.1
8  1  2  33.3
9  1  2  31.68
10  1  2  40.04
11  1  2  17.68
12  1  2  18.9
13  1  2  33.48
14  1  2  13.63
15  1  2  33.37
1  2  2  8
2  2  2  32.13
3  2  2  34.16
4  2  2  10.92
5  2  2  18.7
6  2  2  33.6
7  2  2  33.32
8  2  2  9
9  2  2  26.4
10  2  2  9.88
11  2  2  37.96
12  2  2  35.55
13  2  2  37.8
14  2  2  14.57
15  2  2  9.4
1  3  2  13
2  3  2  5.1
3  3  2  16.24
4  3  2  10.92
5  3  2  36.3
6  3  2  34.02
7  3  2  40.67
8  3  2  40.5
9  3  2  35.04
10  3  2  23.4
11  3  2  14.56
12  3  2  28.8
13  3  2  8.1
14  3  2  41.36
15  3  2  15.98
1  4  2  22.5
2  4  2  36.72
3  4  2  50.4
4  4  2  35.88
5  4  2  27.5
6  4  2  16.38
7  4  2  23.52
8  4  2  27.9
9  4  2  11.04
10  4  2  42.64
11  4  2  43.68
12  4  2  11.7
13  4  2  21.6
14  4  2  23.03
15  4  2  38.07
1  5  2  34
2  5  2  24.99
3  5  2  9.52
4  5  2  31.2
5  5  2  29.7
6  5  2  20.58
7  5  2  20.58
8  5  2  13.95
9  5  2  10.08
10  5  2  27.56
11  5  2  39
12  5  2  29.7
13  5  2  43.74
14  5  2  7.52
15  5  2  23.97
1  6  2  26
2  6  2  21.93
3  6  2  31.92
4  6  2  30.68
5  6  2  20.9
6  6  2  17.22
7  6  2  10.78
8  6  2  11.25
9  6  2  24
10  6  2  40.04
11  6  2  24.96
12  6  2  23.4
13  6  2  17.82
14  6  2  20.21
15  6  2  10.81
1  7  2  43.5
2  7  2  20.4
3  7  2  29.12
4  7  2  10.4
5  7  2  7.15
6  7  2  17.22
7  7  2  16.66
8  7  2  16.2
9  7  2  35.52
10  7  2  37.44
11  7  2  42.12
12  7  2  36.45
13  7  2  25.92
14  7  2  15.98
15  7  2  11.75
1  8  2  9
2  8  2  32.64
3  8  2  17.92
4  8  2  5.2
5  8  2  15.95
6  8  2  22.26
7  8  2  10.78
8  8  2  10.8
9  8  2  12
10  8  2  24.44
11  8  2  33.8
12  8  2  13.5
13  8  2  48.06
14  8  2  32.43
15  8  2  19.27
1  9  2  41
2  9  2  13.77
3  9  2  39.76
4  9  2  45.24
5  9  2  23.1
6  9  2  36.54
7  9  2  41.16
8  9  2  17.1
9  9  2  25.44
10  9  2  14.04
11  9  2  26.52
12  9  2  16.2
13  9  2  36.18
14  9  2  26.32
15  9  2  9.4
1  10  2  25.5
2  10  2  10.71
3  10  2  27.44
4  10  2  23.4
5  10  2  18.15
6  10  2  8.82
7  10  2  5.88
8  10  2  6.75
9  10  2  34.08
10  10  2  32.24
11  10  2  11.44
12  10  2  31.5
13  10  2  10.26
14  10  2  23.97
15  10  2  39.95
1  11  2  22.5
2  11  2  21.93
3  11  2  6.72
4  11  2  46.28
5  11  2  8.8
6  11  2  26.88
7  11  2  13.23
8  11  2  18.45
9  11  2  10.08
10  11  2  41.6
11  11  2  32.76
12  11  2  13.95
13  11  2  45.9
14  11  2  24.91
15  11  2  40.89
1  12  2  13
2  12  2  18.87
3  12  2  12.32
4  12  2  14.56
5  12  2  41.25
6  12  2  4.2
7  12  2  30.38
8  12  2  39.15
9  12  2  21.6
10  12  2  44.72
11  12  2  27.04
12  12  2  32.85
13  12  2  47.52
14  12  2  19.27
15  12  2  13.63
1  13  2  40.5
2  13  2  11.22
3  13  2  35.84
4  13  2  8.84
5  13  2  29.7
6  13  2  6.72
7  13  2  14.21
8  13  2  33.75
9  13  2  24.48
10  13  2  46.8
11  13  2  8.32
12  13  2  12.6
13  13  2  6.48
14  13  2  36.66
15  13  2  16.45
1  14  2  44.5
2  14  2  13.26
3  14  2  12.32
4  14  2  24.44
5  14  2  23.1
6  14  2  29.4
7  14  2  24.5
8  14  2  23.85
9  14  2  42.24
10  14  2  11.44
11  14  2  29.64
12  14  2  8.55
13  14  2  47.52
14  14  2  12.22
15  14  2  41.83
1  15  2  40.5
2  15  2  26.52
3  15  2  22.4
4  15  2  45.76
5  15  2  17.05
6  15  2  13.44
7  15  2  21.56
8  15  2  28.35
9  15  2  29.76
10  15  2  9.88
11  15  2  36.92
12  15  2  18.45
13  15  2  38.88
14  15  2  20.21
15  15  2  14.1
1  16  2  39
2  16  2  12.75
3  16  2  28.56
4  16  2  15.08
5  16  2  24.2
6  16  2  37.8
7  16  2  42.63
8  16  2  7.2
9  16  2  41.76
10  16  2  35.88
11  16  2  13.52
12  16  2  4.5
13  16  2  21.6
14  16  2  14.1
15  16  2  36.66
1  17  2  19
2  17  2  11.73
3  17  2  48.16
4  17  2  25.48
5  17  2  40.15
6  17  2  7.56
7  17  2  10.78
8  17  2  23.4
9  17  2  30.24
10  17  2  45.24
11  17  2  28.6
12  17  2  30.15
13  17  2  12.96
14  17  2  24.91
15  17  2  29.61
1  18  2  43
2  18  2  44.88
3  18  2  38.08
4  18  2  13
5  18  2  35.2
6  18  2  5.88
7  18  2  11.76
8  18  2  19.8
9  18  2  12.48
10  18  2  31.2
11  18  2  40.04
12  18  2  29.7
13  18  2  28.62
14  18  2  33.84
15  18  2  5.64
1  19  2  32
2  19  2  41.31
3  19  2  38.64
4  19  2  33.8
5  19  2  49.5
6  19  2  15.12
7  19  2  25.48
8  19  2  27
9  19  2  36.96
10  19  2  5.72
11  19  2  45.76
12  19  2  9
13  19  2  31.32
14  19  2  14.57
15  19  2  10.81
1  20  2  39.5
2  20  2  20.91
3  20  2  16.24
4  20  2  28.08
5  20  2  33
6  20  2  5.88
7  20  2  6.86
8  20  2  8.55
9  20  2  11.52
10  20  2  41.08
11  20  2  24.44
12  20  2  17.1
13  20  2  19.44
14  20  2  15.98
15  20  2  28.2
1  21  2  14.5
2  21  2  37.74
3  21  2  16.8
4  21  2  9.36
5  21  2  33.55
6  21  2  10.08
7  21  2  35.28
8  21  2  19.8
9  21  2  18.72
10  21  2  29.12
11  21  2  44.2
12  21  2  9.9
13  21  2  42.66
14  21  2  39.48
15  21  2  12.69
1  22  2  7.5
2  22  2  22.44
3  22  2  25.76
4  22  2  26
5  22  2  31.35
6  22  2  31.08
7  22  2  33.32
8  22  2  12.6
9  22  2  5.28
10  22  2  40.56
11  22  2  17.68
12  22  2  9
13  22  2  43.74
14  22  2  17.39
15  22  2  28.2
1  23  2  14
2  23  2  36.72
3  23  2  31.36
4  23  2  38.48
5  23  2  47.3
6  23  2  10.08
7  23  2  37.73
8  23  2  28.35
9  23  2  37.92
10  23  2  26.52
11  23  2  42.12
12  23  2  7.2
13  23  2  32.4
14  23  2  24.91
15  23  2  23.03
1  24  2  40
2  24  2  38.25
3  24  2  36.4
4  24  2  35.36
5  24  2  18.15
6  24  2  17.64
7  24  2  10.29
8  24  2  20.25
9  24  2  22.08
10  24  2  37.96
11  24  2  29.12
12  24  2  32.4
13  24  2  18.9
14  24  2  38.54
15  24  2  20.68
1  25  2  12
2  25  2  27.03
3  25  2  34.16
4  25  2  27.56
5  25  2  40.15
6  25  2  13.86
7  25  2  24.01
8  25  2  35.1
9  25  2  17.76
10  25  2  6.24
11  25  2  29.12
12  25  2  13.95
13  25  2  15.66
14  25  2  22.09
15  25  2  11.75
1  26  2  5
2  26  2  29.58
3  26  2  16.8
4  26  2  18.2
5  26  2  21.45
6  26  2  33.6
7  26  2  20.09
8  26  2  11.25
9  26  2  37.44
10  26  2  5.72
11  26  2  19.24
12  26  2  20.25
13  26  2  41.58
14  26  2  12.69
15  26  2  9.4
1  27  2  32
2  27  2  28.56
3  27  2  5.6
4  27  2  46.28
5  27  2  40.15
6  27  2  25.2
7  27  2  43.12
8  27  2  13.5
9  27  2  18.72
10  27  2  41.6
11  27  2  46.28
12  27  2  7.65
13  27  2  32.94
14  27  2  18.8
15  27  2  31.96
1  28  2  9.5
2  28  2  32.13
3  28  2  22.4
4  28  2  8.32
5  28  2  24.75
6  28  2  36.54
7  28  2  9.8
8  28  2  8.55
9  28  2  16.8
10  28  2  31.72
11  28  2  42.64
12  28  2  9.45
13  28  2  31.86
14  28  2  24.44
15  28  2  31.02
1  29  2  33
2  29  2  18.36
3  29  2  17.36
4  29  2  23.4
5  29  2  31.9
6  29  2  8.82
7  29  2  13.72
8  29  2  10.8
9  29  2  28.32
10  29  2  24.44
11  29  2  17.16
12  29  2  12.6
13  29  2  37.8
14  29  2  33.84
15  29  2  39.01
1  30  2  10
2  30  2  25.5
3  30  2  9.52
4  30  2  11.96
5  30  2  33
6  30  2  13.86
7  30  2  33.81
8  30  2  20.25
9  30  2  29.76
10  30  2  41.08
11  30  2  44.72
12  30  2  9
13  30  2  23.76
14  30  2  11.28
15  30  2  10.34
1  31  2  43.5
2  31  2  19.38
3  31  2  34.16
4  31  2  7.8
5  31  2  16.5
6  31  2  7.56
7  31  2  16.17
8  31  2  29.25
9  31  2  24.96
10  31  2  7.28
11  31  2  43.68
12  31  2  17.1
13  31  2  22.14
14  31  2  35.25
15  31  2  5.64
1  32  2  26
2  32  2  20.4
3  32  2  30.24
4  32  2  28.6
5  32  2  31.9
6  32  2  28.56
7  32  2  10.29
8  32  2  7.2
9  32  2  26.4
10  32  2  27.04
11  32  2  43.68
12  32  2  31.05
13  32  2  31.86
14  32  2  7.52
15  32  2  41.36
1  33  2  33.5
2  33  2  11.73
3  33  2  18.48
4  33  2  13.52
5  33  2  14.3
6  33  2  23.52
7  33  2  11.27
8  33  2  6.3
9  33  2  14.4
10  33  2  18.72
11  33  2  13
12  33  2  29.25
13  33  2  27
14  33  2  30.55
15  33  2  11.28
1  34  2  7
2  34  2  14.28
3  34  2  20.16
4  34  2  37.44
5  34  2  26.95
6  34  2  12.18
7  34  2  23.52
8  34  2  33.3
9  34  2  35.04
10  34  2  7.8
11  34  2  41.08
12  34  2  18
13  34  2  29.7
14  34  2  39.01
15  34  2  30.55
1  35  2  5.5
2  35  2  8.16
3  35  2  5.6
4  35  2  18.72
5  35  2  20.9
6  35  2  4.2
7  35  2  13.72
8  35  2  29.7
9  35  2  38.88
10  35  2  8.32
11  35  2  30.16
12  35  2  5.85
13  35  2  15.66
14  35  2  10.81
15  35  2  40.89
1  36  2  20.5
2  36  2  14.79
3  36  2  16.8
4  36  2  32.76
5  36  2  48.4
6  36  2  9.24
7  36  2  9.31
8  36  2  4.95
9  36  2  38.88
10  36  2  10.4
11  36  2  33.28
12  36  2  25.2
13  36  2  42.66
14  36  2  41.83
15  36  2  34.78
1  37  2  20
2  37  2  13.26
3  37  2  46.48
4  37  2  44.72
5  37  2  48.4
6  37  2  30.66
7  37  2  20.09
8  37  2  40.5
9  37  2  32.16
10  37  2  24.96
11  37  2  9.36
12  37  2  6.75
13  37  2  45.36
14  37  2  20.21
15  37  2  34.31
1  38  2  6
2  38  2  12.24
3  38  2  49.28
4  38  2  22.88
5  38  2  6.05
6  38  2  10.08
7  38  2  20.58
8  38  2  19.35
9  38  2  7.68
10  38  2  5.72
11  38  2  46.8
12  38  2  11.25
13  38  2  39.96
14  38  2  15.51
15  38  2  18.33
1  39  2  44
2  39  2  40.29
3  39  2  14
4  39  2  36.4
5  39  2  36.3
6  39  2  8.82
7  39  2  9.8
8  39  2  26.1
9  39  2  10.08
10  39  2  34.32
11  39  2  14.56
12  39  2  17.1
13  39  2  21.6
14  39  2  33.37
15  39  2  23.97
1  40  2  39
2  40  2  14.28
3  40  2  15.12
4  40  2  33.8
5  40  2  38.5
6  40  2  8.4
7  40  2  29.89
8  40  2  12.6
9  40  2  12
10  40  2  25.48
11  40  2  19.76
12  40  2  40.5
13  40  2  26.46
14  40  2  21.62
15  40  2  11.75
1  41  2  12
2  41  2  27.03
3  41  2  34.72
4  41  2  36.92
5  41  2  49.5
6  41  2  23.1
7  41  2  5.88
8  41  2  13.05
9  41  2  16.32
10  41  2  22.36
11  41  2  14.04
12  41  2  31.5
13  41  2  39.96
14  41  2  27.73
15  41  2  18.8
1  42  2  33.5
2  42  2  12.75
3  42  2  45.92
4  42  2  11.96
5  42  2  5.5
6  42  2  27.72
7  42  2  20.58
8  42  2  16.2
9  42  2  5.76
10  42  2  39.52
11  42  2  19.76
12  42  2  15.75
13  42  2  15.66
14  42  2  9.4
15  42  2  12.69
1  43  2  25
2  43  2  44.88
3  43  2  21.28
4  43  2  23.92
5  43  2  16.5
6  43  2  5.88
7  43  2  29.89
8  43  2  4.95
9  43  2  26.88
10  43  2  19.76
11  43  2  42.64
12  43  2  40.5
13  43  2  10.26
14  43  2  22.09
15  43  2  14.57
1  44  2  19
2  44  2  10.2
3  44  2  25.76
4  44  2  9.36
5  44  2  7.15
6  44  2  31.92
7  44  2  27.44
8  44  2  33.75
9  44  2  12.96
10  44  2  19.24
11  44  2  24.44
12  44  2  18
13  44  2  40.5
14  44  2  41.83
15  44  2  37.13
1  45  2  19.5
2  45  2  9.18
3  45  2  15.12
4  45  2  33.28
5  45  2  40.15
6  45  2  20.16
7  45  2  8.82
8  45  2  4.5
9  45  2  15.84
10  45  2  21.84
11  45  2  8.84
12  45  2  31.05
13  45  2  34.02
14  45  2  42.3
15  45  2  7.52
1  46  2  36.5
2  46  2  34.68
3  46  2  44.8
4  46  2  34.84
5  46  2  35.75
6  46  2  17.22
7  46  2  37.73
8  46  2  26.1
9  46  2  9.12
10  46  2  12.48
11  46  2  15.08
12  46  2  15.3
13  46  2  14.58
14  46  2  31.02
15  46  2  14.1
1  47  2  11.5
2  47  2  15.81
3  47  2  46.48
4  47  2  41.08
5  47  2  10.45
6  47  2  6.3
7  47  2  28.91
8  47  2  11.25
9  47  2  9.12
10  47  2  43.68
11  47  2  27.56
12  47  2  4.95
13  47  2  48.6
14  47  2  29.14
15  47  2  18.8
1  48  2  22
2  48  2  31.62
3  48  2  41.44
4  48  2  22.36
5  48  2  28.05
6  48  2  16.8
7  48  2  8.33
8  48  2  34.65
9  48  2  7.2
10  48  2  46.28
11  48  2  24.44
12  48  2  12.15
13  48  2  21.6
14  48  2  32.43
15  48  2  21.15
1  49  2  30.5
2  49  2  29.07
3  49  2  45.36
4  49  2  18.72
5  49  2  47.3
6  49  2  18.9
7  49  2  39.69
8  49  2  15.75
9  49  2  30.24
10  49  2  32.76
11  49  2  14.56
12  49  2  14.4
13  49  2  7.56
14  49  2  19.27
15  49  2  23.97
1  50  2  25
2  50  2  35.7
3  50  2  6.16
4  50  2  17.68
5  50  2  32.45
6  50  2  31.92
7  50  2  33.81
8  50  2  30.6
9  50  2  30.24
10  50  2  9.88
11  50  2  27.56
12  50  2  12.6
13  50  2  25.92
14  50  2  36.66
15  50  2  29.61
1  51  2  21
2  51  2  8.67
3  51  2  7.28
4  51  2  14.04
5  51  2  48.4
6  51  2  14.28
7  51  2  11.27
8  51  2  30.6
9  51  2  6.24
10  51  2  33.28
11  51  2  5.2
12  51  2  33.3
13  51  2  37.26
14  51  2  4.7
15  51  2  13.63
1  52  2  15.5
2  52  2  31.62
3  52  2  29.68
4  52  2  23.92
5  52  2  47.3
6  52  2  6.3
7  52  2  40.67
8  52  2  12.15
9  52  2  11.04
10  52  2  32.76
11  52  2  34.32
12  52  2  18.45
13  52  2  34.56
14  52  2  19.74
15  52  2  9.87
1  53  2  8.5
2  53  2  22.95
3  53  2  28
4  53  2  10.92
5  53  2  41.25
6  53  2  29.82
7  53  2  21.07
8  53  2  30.15
9  53  2  16.32
10  53  2  31.72
11  53  2  39
12  53  2  20.7
13  53  2  37.8
14  53  2  28.2
15  53  2  5.64
1  54  2  31
2  54  2  16.32
3  54  2  7.84
4  54  2  19.76
5  54  2  36.3
6  54  2  14.28
7  54  2  17.64
8  54  2  31.95
9  54  2  15.84
10  54  2  13
11  54  2  5.2
12  54  2  28.8
13  54  2  28.08
14  54  2  10.34
15  54  2  15.04
1  55  2  15.5
2  55  2  7.65
3  55  2  11.76
4  55  2  27.04
5  55  2  49.5
6  55  2  9.24
7  55  2  40.18
8  55  2  20.25
9  55  2  13.92
10  55  2  23.92
11  55  2  17.16
12  55  2  13.05
13  55  2  25.38
14  55  2  13.16
15  55  2  26.79
1  56  2  43.5
2  56  2  26.01
3  56  2  43.68
4  56  2  10.92
5  56  2  7.15
6  56  2  23.94
7  56  2  8.33
8  56  2  32.85
9  56  2  30.72
10  56  2  11.96
11  56  2  27.04
12  56  2  27
13  56  2  19.98
14  56  2  24.91
15  56  2  32.9
1  57  2  22.5
2  57  2  21.93
3  57  2  38.64
4  57  2  8.32
5  57  2  42.35
6  57  2  18.06
7  57  2  21.56
8  57  2  12.15
9  57  2  24.96
10  57  2  41.08
11  57  2  28.08
12  57  2  13.5
13  57  2  19.98
14  57  2  35.72
15  57  2  6.58
1  58  2  34.5
2  58  2  18.87
3  58  2  15.12
4  58  2  27.56
5  58  2  28.6
6  58  2  37.8
7  58  2  6.37
8  58  2  8.55
9  58  2  17.76
10  58  2  20.8
11  58  2  22.88
12  58  2  28.35
13  58  2  24.3
14  58  2  38.54
15  58  2  8.46
1  59  2  41.5
2  59  2  27.03
3  59  2  48.72
4  59  2  31.2
5  59  2  15.95
6  59  2  20.58
7  59  2  12.25
8  59  2  35.1
9  59  2  22.08
10  59  2  42.64
11  59  2  6.24
12  59  2  9.9
13  59  2  30.78
14  59  2  35.72
15  59  2  18.8
1  60  2  7.5
2  60  2  22.95
3  60  2  45.92
4  60  2  36.4
5  60  2  47.3
6  60  2  10.92
7  60  2  32.34
8  60  2  25.65
9  60  2  27.84
10  60  2  42.64
11  60  2  19.24
12  60  2  22.5
13  60  2  15.66
14  60  2  7.99
15  60  2  5.64
1  61  2  34.5
2  61  2  11.73
3  61  2  14
4  61  2  11.44
5  61  2  31.35
6  61  2  21
7  61  2  23.03
8  61  2  6.75
9  61  2  6.72
10  61  2  11.44
11  61  2  8.32
12  61  2  7.65
13  61  2  39.42
14  61  2  39.95
15  61  2  19.27
1  62  2  10
2  62  2  5.1
3  62  2  19.04
4  62  2  39
5  62  2  24.75
6  62  2  28.98
7  62  2  11.76
8  62  2  30.15
9  62  2  14.4
10  62  2  33.28
11  62  2  30.68
12  62  2  23.85
13  62  2  21.06
14  62  2  30.55
15  62  2  17.39
1  63  2  7
2  63  2  37.23
3  63  2  28
4  63  2  43.16
5  63  2  35.2
6  63  2  26.88
7  63  2  4.9
8  63  2  38.7
9  63  2  12
10  63  2  34.84
11  63  2  6.76
12  63  2  23.85
13  63  2  35.1
14  63  2  36.66
15  63  2  22.09
1  64  2  41.5
2  64  2  43.86
3  64  2  19.04
4  64  2  46.8
5  64  2  19.8
6  64  2  35.7
7  64  2  36.75
8  64  2  12.6
9  64  2  24.96
10  64  2  12.48
11  64  2  22.88
12  64  2  38.25
13  64  2  8.1
14  64  2  12.69
15  64  2  25.38
1  65  2  26.5
2  65  2  30.6
3  65  2  36.96
4  65  2  19.76
5  65  2  6.05
6  65  2  32.76
7  65  2  8.33
8  65  2  28.8
9  65  2  30.24
10  65  2  5.72
11  65  2  10.4
12  65  2  4.95
13  65  2  46.44
14  65  2  12.69
15  65  2  31.02
1  66  2  17
2  66  2  33.15
3  66  2  7.84
4  66  2  26
5  66  2  11
6  66  2  31.92
7  66  2  17.64
8  66  2  23.85
9  66  2  36
10  66  2  37.96
11  66  2  27.04
12  66  2  39.15
13  66  2  30.24
14  66  2  38.54
15  66  2  11.28
1  67  2  21.5
2  67  2  17.85
3  67  2  43.12
4  67  2  16.12
5  67  2  32.45
6  67  2  25.62
7  67  2  12.74
8  67  2  22.05
9  67  2  12.96
10  67  2  37.44
11  67  2  14.04
12  67  2  33.75
13  67  2  18.36
14  67  2  18.33
15  67  2  38.54
1  68  2  13
2  68  2  45.9
3  68  2  46.48
4  68  2  17.68
5  68  2  16.5
6  68  2  37.38
7  68  2  7.84
8  68  2  31.5
9  68  2  12.96
10  68  2  8.84
11  68  2  12.48
12  68  2  30.15
13  68  2  24.84
14  68  2  13.16
15  68  2  23.03
1  69  2  20.5
2  69  2  15.3
3  69  2  7.28
4  69  2  33.8
5  69  2  26.95
6  69  2  20.58
7  69  2  32.34
8  69  2  5.4
9  69  2  28.8
10  69  2  7.28
11  69  2  35.88
12  69  2  35.55
13  69  2  30.24
14  69  2  23.97
15  69  2  39.01
1  70  2  5
2  70  2  38.76
3  70  2  46.48
4  70  2  15.08
5  70  2  45.1
6  70  2  29.82
7  70  2  21.56
8  70  2  27.45
9  70  2  7.2
10  70  2  9.36
11  70  2  27.04
12  70  2  29.25
13  70  2  29.7
14  70  2  15.04
15  70  2  21.15
1  71  2  32
2  71  2  35.7
3  71  2  10.64
4  71  2  42.12
5  71  2  13.2
6  71  2  28.98
7  71  2  44.1
8  71  2  4.5
9  71  2  24
10  71  2  15.08
11  71  2  28.6
12  71  2  14.4
13  71  2  41.04
14  71  2  20.21
15  71  2  42.3
1  72  2  44
2  72  2  30.09
3  72  2  8.96
4  72  2  11.44
5  72  2  47.3
6  72  2  25.2
7  72  2  24.5
8  72  2  13.95
9  72  2  8.16
10  72  2  29.12
11  72  2  5.2
12  72  2  19.35
13  72  2  30.24
14  72  2  10.34
15  72  2  21.62
1  73  2  16
2  73  2  21.93
3  73  2  40.32
4  73  2  29.12
5  73  2  15.4
6  73  2  10.5
7  73  2  5.39
8  73  2  23.85
9  73  2  11.04
10  73  2  6.24
11  73  2  27.04
12  73  2  15.75
13  73  2  36.18
14  73  2  18.33
15  73  2  11.28
1  74  2  17.5
2  74  2  45.9
3  74  2  13.44
4  74  2  15.6
5  74  2  9.9
6  74  2  23.94
7  74  2  13.23
8  74  2  13.5
9  74  2  12
10  74  2  22.88
11  74  2  23.92
12  74  2  10.35
13  74  2  27
14  74  2  36.19
15  74  2  14.1
1  75  2  39
2  75  2  34.68
3  75  2  24.08
4  75  2  33.28
5  75  2  17.05
6  75  2  23.52
7  75  2  24.01
8  75  2  27.9
9  75  2  31.68
10  75  2  11.96
11  75  2  30.68
12  75  2  16.2
13  75  2  17.28
14  75  2  40.89
15  75  2  8.93
1  76  2  27.5
2  76  2  38.25
3  76  2  49.28
4  76  2  39
5  76  2  33
6  76  2  10.08
7  76  2  8.33
8  76  2  10.8
9  76  2  29.76
10  76  2  28.6
11  76  2  8.84
12  76  2  13.95
13  76  2  32.4
14  76  2  40.89
15  76  2  13.16
1  77  2  18
2  77  2  43.35
3  77  2  17.92
4  77  2  8.32
5  77  2  48.95
6  77  2  17.22
7  77  2  13.23
8  77  2  29.7
9  77  2  13.92
10  77  2  37.96
11  77  2  21.84
12  77  2  25.2
13  77  2  37.26
14  77  2  18.33
15  77  2  14.1
1  78  2  37.5
2  78  2  16.83
3  78  2  14
4  78  2  43.16
5  78  2  42.9
6  78  2  31.08
7  78  2  31.85
8  78  2  22.05
9  78  2  40.8
10  78  2  6.24
11  78  2  9.36
12  78  2  33.75
13  78  2  33.48
14  78  2  23.5
15  78  2  6.58
1  79  2  22
2  79  2  27.54
3  79  2  20.16
4  79  2  39.52
5  79  2  25.3
6  79  2  20.16
7  79  2  38.71
8  79  2  27
9  79  2  24.48
10  79  2  24.44
11  79  2  32.76
12  79  2  12.15
13  79  2  19.98
14  79  2  32.9
15  79  2  34.78
1  80  2  36
2  80  2  24.99
3  80  2  25.2
4  80  2  17.16
5  80  2  43.45
6  80  2  30.24
7  80  2  17.64
8  80  2  23.85
9  80  2  9.12
10  80  2  6.76
11  80  2  7.8
12  80  2  32.85
13  80  2  5.4
14  80  2  18.8
15  80  2  23.03
1  81  2  15
2  81  2  41.82
3  81  2  9.52
4  81  2  15.08
5  81  2  18.15
6  81  2  11.34
7  81  2  36.26
8  81  2  28.8
9  81  2  40.8
10  81  2  12.48
11  81  2  15.6
12  81  2  20.7
13  81  2  28.62
14  81  2  26.32
15  81  2  34.78
1  82  2  43.5
2  82  2  45.9
3  82  2  5.6
4  82  2  42.64
5  82  2  15.95
6  82  2  29.4
7  82  2  32.34
8  82  2  9.45
9  82  2  29.28
10  82  2  5.2
11  82  2  7.8
12  82  2  18.9
13  82  2  13.5
14  82  2  37.13
15  82  2  34.78
1  83  2  34
2  83  2  9.18
3  83  2  5.6
4  83  2  38.48
5  83  2  44
6  83  2  18.48
7  83  2  18.62
8  83  2  18
9  83  2  21.6
10  83  2  43.68
11  83  2  42.12
12  83  2  25.65
13  83  2  10.8
14  83  2  15.51
15  83  2  18.33
1  84  2  8
2  84  2  17.34
3  84  2  43.68
4  84  2  11.96
5  84  2  8.8
6  84  2  4.2
7  84  2  25.48
8  84  2  26.1
9  84  2  25.44
10  84  2  42.12
11  84  2  22.88
12  84  2  30.6
13  84  2  38.88
14  84  2  18.33
15  84  2  31.02
1  85  2  9.5
2  85  2  44.37
3  85  2  43.12
4  85  2  33.8
5  85  2  37.95
6  85  2  23.52
7  85  2  31.85
8  85  2  7.2
9  85  2  32.64
10  85  2  10.92
11  85  2  43.68
12  85  2  36.9
13  85  2  22.14
14  85  2  17.86
15  85  2  35.25
1  86  2  19
2  86  2  44.88
3  86  2  42.56
4  86  2  15.6
5  86  2  37.4
6  86  2  13.44
7  86  2  19.11
8  86  2  34.2
9  86  2  11.52
10  86  2  16.12
11  86  2  30.16
12  86  2  28.8
13  86  2  20.52
14  86  2  24.44
15  86  2  20.21
1  87  2  29.5
2  87  2  17.85
3  87  2  32.48
4  87  2  42.64
5  87  2  6.6
6  87  2  5.88
7  87  2  20.58
8  87  2  37.35
9  87  2  14.4
10  87  2  37.44
11  87  2  8.32
12  87  2  21.6
13  87  2  13.5
14  87  2  33.84
15  87  2  31.49
1  88  2  41.5
2  88  2  18.87
3  88  2  41.44
4  88  2  39
5  88  2  20.9
6  88  2  32.34
7  88  2  7.84
8  88  2  27
9  88  2  36.48
10  88  2  11.44
11  88  2  38.48
12  88  2  18.9
13  88  2  19.98
14  88  2  11.28
15  88  2  35.72
1  89  2  16.5
2  89  2  19.89
3  89  2  45.36
4  89  2  38.48
5  89  2  17.6
6  89  2  23.94
7  89  2  35.28
8  89  2  33.75
9  89  2  25.92
10  89  2  23.4
11  89  2  41.6
12  89  2  19.8
13  89  2  11.34
14  89  2  24.91
15  89  2  36.19
1  90  2  6
2  90  2  33.66
3  90  2  44.24
4  90  2  18.72
5  90  2  41.8
6  90  2  5.04
7  90  2  33.81
8  90  2  14.4
9  90  2  21.12
10  90  2  14.56
11  90  2  25.48
12  90  2  31.95
13  90  2  42.66
14  90  2  30.08
15  90  2  23.03
1  91  2  17
2  91  2  21.42
3  91  2  11.76
4  91  2  18.72
5  91  2  37.95
6  91  2  26.46
7  91  2  15.19
8  91  2  4.5
9  91  2  34.56
10  91  2  26.52
11  91  2  9.88
12  91  2  18.9
13  91  2  37.8
14  91  2  18.33
15  91  2  39.01
1  92  2  16
2  92  2  41.31
3  92  2  36.4
4  92  2  45.76
5  92  2  44.55
6  92  2  9.66
7  92  2  21.07
8  92  2  38.25
9  92  2  16.8
10  92  2  8.32
11  92  2  8.84
12  92  2  15.75
13  92  2  41.58
14  92  2  16.45
15  92  2  31.49
1  93  2  15.5
2  93  2  34.17
3  93  2  44.8
4  93  2  16.64
5  93  2  39.05
6  93  2  34.86
7  93  2  7.35
8  93  2  30.6
9  93  2  16.8
10  93  2  46.28
11  93  2  39
12  93  2  22.5
13  93  2  48.6
14  93  2  40.89
15  93  2  32.9
1  94  2  7
2  94  2  7.14
3  94  2  10.64
4  94  2  18.2
5  94  2  47.3
6  94  2  5.04
7  94  2  7.35
8  94  2  22.5
9  94  2  36
10  94  2  18.72
11  94  2  27.04
12  94  2  36.45
13  94  2  31.32
14  94  2  29.14
15  94  2  23.03
1  95  2  38.5
2  95  2  8.67
3  95  2  31.92
4  95  2  9.88
5  95  2  8.25
6  95  2  34.86
7  95  2  42.14
8  95  2  37.35
9  95  2  14.4
10  95  2  27.04
11  95  2  23.92
12  95  2  27.9
13  95  2  7.02
14  95  2  9.87
15  95  2  41.36
1  96  2  16
2  96  2  19.89
3  96  2  30.24
4  96  2  18.2
5  96  2  24.75
6  96  2  13.86
7  96  2  30.87
8  96  2  11.7
9  96  2  29.28
10  96  2  46.28
11  96  2  41.08
12  96  2  22.05
13  96  2  11.88
14  96  2  6.11
15  96  2  41.36
1  97  2  22.5
2  97  2  17.85
3  97  2  17.36
4  97  2  40.56
5  97  2  24.75
6  97  2  24.36
7  97  2  8.82
8  97  2  21.15
9  97  2  17.28
10  97  2  33.28
11  97  2  34.84
12  97  2  38.7
13  97  2  32.4
14  97  2  37.13
15  97  2  37.13
1  98  2  17.5
2  98  2  39.78
3  98  2  26.88
4  98  2  42.64
5  98  2  29.7
6  98  2  5.88
7  98  2  43.12
8  98  2  22.05
9  98  2  15.36
10  98  2  36.92
11  98  2  13.52
12  98  2  21.6
13  98  2  45.36
14  98  2  40.89
15  98  2  41.83
1  99  2  34.5
2  99  2  41.31
3  99  2  16.24
4  99  2  11.44
5  99  2  39.6
6  99  2  8.82
7  99  2  16.17
8  99  2  12.15
9  99  2  29.28
10  99  2  13
11  99  2  20.28
12  99  2  20.25
13  99  2  14.04
14  99  2  25.85
15  99  2  39.95
1  100  2  6.5
2  100  2  6.12
3  100  2  39.2
4  100  2  32.24
5  100  2  14.3
6  100  2  25.2
7  100  2  6.86
8  100  2  23.85
9  100  2  25.44
10  100  2  27.56
11  100  2  29.64
12  100  2  39.6
13  100  2  7.56
14  100  2  23.97
15  100  2  12.69
;

param xi_base :=
1  1  25
2  1  13
3  1  28
4  1  54
5  1  62
6  1  17
7  1  90
8  1  74
9  1  66
10  1  77
11  1  34
12  1  42
13  1  62
14  1  29
15  1  71
1  2  16
2  2  63
3  2  61
4  2  21
5  2  34
6  2  80
7  2  68
8  2  20
9  2  55
10  2  19
11  2  73
12  2  79
13  2  70
14  2  31
15  2  20
1  3  26
2  3  10
3  3  29
4  3  21
5  3  66
6  3  81
7  3  83
8  3  90
9  3  73
10  3  45
11  3  28
12  3  64
13  3  15
14  3  88
15  3  34
1  4  45
2  4  72
3  4  90
4  4  69
5  4  50
6  4  39
7  4  48
8  4  62
9  4  23
10  4  82
11  4  84
12  4  26
13  4  40
14  4  49
15  4  81
1  5  68
2  5  49
3  5  17
4  5  60
5  5  54
6  5  49
7  5  42
8  5  31
9  5  21
10  5  53
11  5  75
12  5  66
13  5  81
14  5  16
15  5  51
1  6  52
2  6  43
3  6  57
4  6  59
5  6  38
6  6  41
7  6  22
8  6  25
9  6  50
10  6  77
11  6  48
12  6  52
13  6  33
14  6  43
15  6  23
1  7  87
2  7  40
3  7  52
4  7  20
5  7  13
6  7  41
7  7  34
8  7  36
9  7  74
10  7  72
11  7  81
12  7  81
13  7  48
14  7  34
15  7  25
1  8  18
2  8  64
3  8  32
4  8  10
5  8  29
6  8  53
7  8  22
8  8  24
9  8  25
10  8  47
11  8  65
12  8  30
13  8  89
14  8  69
15  8  41
1  9  82
2  9  27
3  9  71
4  9  87
5  9  42
6  9  87
7  9  84
8  9  38
9  9  53
10  9  27
11  9  51
12  9  36
13  9  67
14  9  56
15  9  20
1  10  51
2  10  21
3  10  49
4  10  45
5  10  33
6  10  21
7  10  12
8  10  15
9  10  71
10  10  62
11  10  22
12  10  70
13  10  19
14  10  51
15  10  85
1  11  45
2  11  43
3  11  12
4  11  89
5  11  16
6  11  64
7  11  27
8  11  41
9  11  21
10  11  80
11  11  63
12  11  31
13  11  85
14  11  53
15  11  87
1  12  26
2  12  37
3  12  22
4  12  28
5  12  75
6  12  10
7  12  62
8  12  87
9  12  45
10  12  86
11  12  52
12  12  73
13  12  88
14  12  41
15  12  29
1  13  81
2  13  22
3  13  64
4  13  17
5  13  54
6  13  16
7  13  29
8  13  75
9  13  51
10  13  90
11  13  16
12  13  28
13  13  12
14  13  78
15  13  35
1  14  89
2  14  26
3  14  22
4  14  47
5  14  42
6  14  70
7  14  50
8  14  53
9  14  88
10  14  22
11  14  57
12  14  19
13  14  88
14  14  26
15  14  89
1  15  81
2  15  52
3  15  40
4  15  88
5  15  31
6  15  32
7  15  44
8  15  63
9  15  62
10  15  19
11  15  71
12  15  41
13  15  72
14  15  43
15  15  30
1  16  78
2  16  25
3  16  51
4  16  29
5  16  44
6  16  90
7  16  87
8  16  16
9  16  87
10  16  69
11  16  26
12  16  10
13  16  40
14  16  30
15  16  78
1  17  38
2  17  23
3  17  86
4  17  49
5  17  73
6  17  18
7  17  22
8  17  52
9  17  63
10  17  87
11  17  55
12  17  67
13  17  24
14  17  53
15  17  63
1  18  86
2  18  88
3  18  68
4  18  25
5  18  64
6  18  14
7  18  24
8  18  44
9  18  26
10  18  60
11  18  77
12  18  66
13  18  53
14  18  72
15  18  12
1  19  64
2  19  81
3  19  69
4  19  65
5  19  90
6  19  36
7  19  52
8  19  60
9  19  77
10  19  11
11  19  88
12  19  20
13  19  58
14  19  31
15  19  23
1  20  79
2  20  41
3  20  29
4  20  54
5  20  60
6  20  14
7  20  14
8  20  19
9  20  24
10  20  79
11  20  47
12  20  38
13  20  36
14  20  34
15  20  60
1  21  29
2  21  74
3  21  30
4  21  18
5  21  61
6  21  24
7  21  72
8  21  44
9  21  39
10  21  56
11  21  85
12  21  22
13  21  79
14  21  84
15  21  27
1  22  15
2  22  44
3  22  46
4  22  50
5  22  57
6  22  74
7  22  68
8  22  28
9  22  11
10  22  78
11  22  34
12  22  20
13  22  81
14  22  37
15  22  60
1  23  28
2  23  72
3  23  56
4  23  74
5  23  86
6  23  24
7  23  77
8  23  63
9  23  79
10  23  51
11  23  81
12  23  16
13  23  60
14  23  53
15  23  49
1  24  80
2  24  75
3  24  65
4  24  68
5  24  33
6  24  42
7  24  21
8  24  45
9  24  46
10  24  73
11  24  56
12  24  72
13  24  35
14  24  82
15  24  44
1  25  24
2  25  53
3  25  61
4  25  53
5  25  73
6  25  33
7  25  49
8  25  78
9  25  37
10  25  12
11  25  56
12  25  31
13  25  29
14  25  47
15  25  25
1  26  10
2  26  58
3  26  30
4  26  35
5  26  39
6  26  80
7  26  41
8  26  25
9  26  78
10  26  11
11  26  37
12  26  45
13  26  77
14  26  27
15  26  20
1  27  64
2  27  56
3  27  10
4  27  89
5  27  73
6  27  60
7  27  88
8  27  30
9  27  39
10  27  80
11  27  89
12  27  17
13  27  61
14  27  40
15  27  68
1  28  19
2  28  63
3  28  40
4  28  16
5  28  45
6  28  87
7  28  20
8  28  19
9  28  35
10  28  61
11  28  82
12  28  21
13  28  59
14  28  52
15  28  66
1  29  66
2  29  36
3  29  31
4  29  45
5  29  58
6  29  21
7  29  28
8  29  24
9  29  59
10  29  47
11  29  33
12  29  28
13  29  70
14  29  72
15  29  83
1  30  20
2  30  50
3  30  17
4  30  23
5  30  60
6  30  33
7  30  69
8  30  45
9  30  62
10  30  79
11  30  86
12  30  20
13  30  44
14  30  24
15  30  22
1  31  87
2  31  38
3  31  61
4  31  15
5  31  30
6  31  18
7  31  33
8  31  65
9  31  52
10  31  14
11  31  84
12  31  38
13  31  41
14  31  75
15  31  12
1  32  52
2  32  40
3  32  54
4  32  55
5  32  58
6  32  68
7  32  21
8  32  16
9  32  55
10  32  52
11  32  84
12  32  69
13  32  59
14  32  16
15  32  88
1  33  67
2  33  23
3  33  33
4  33  26
5  33  26
6  33  56
7  33  23
8  33  14
9  33  30
10  33  36
11  33  25
12  33  65
13  33  50
14  33  65
15  33  24
1  34  14
2  34  28
3  34  36
4  34  72
5  34  49
6  34  29
7  34  48
8  34  74
9  34  73
10  34  15
11  34  79
12  34  40
13  34  55
14  34  83
15  34  65
1  35  11
2  35  16
3  35  10
4  35  36
5  35  38
6  35  10
7  35  28
8  35  66
9  35  81
10  35  16
11  35  58
12  35  13
13  35  29
14  35  23
15  35  87
1  36  41
2  36  29
3  36  30
4  36  63
5  36  88
6  36  22
7  36  19
8  36  11
9  36  81
10  36  20
11  36  64
12  36  56
13  36  79
14  36  89
15  36  74
1  37  40
2  37  26
3  37  83
4  37  86
5  37  88
6  37  73
7  37  41
8  37  90
9  37  67
10  37  48
11  37  18
12  37  15
13  37  84
14  37  43
15  37  73
1  38  12
2  38  24
3  38  88
4  38  44
5  38  11
6  38  24
7  38  42
8  38  43
9  38  16
10  38  11
11  38  90
12  38  25
13  38  74
14  38  33
15  38  39
1  39  88
2  39  79
3  39  25
4  39  70
5  39  66
6  39  21
7  39  20
8  39  58
9  39  21
10  39  66
11  39  28
12  39  38
13  39  40
14  39  71
15  39  51
1  40  78
2  40  28
3  40  27
4  40  65
5  40  70
6  40  20
7  40  61
8  40  28
9  40  25
10  40  49
11  40  38
12  40  90
13  40  49
14  40  46
15  40  25
1  41  24
2  41  53
3  41  62
4  41  71
5  41  90
6  41  55
7  41  12
8  41  29
9  41  34
10  41  43
11  41  27
12  41  70
13  41  74
14  41  59
15  41  40
1  42  67
2  42  25
3  42  82
4  42  23
5  42  10
6  42  66
7  42  42
8  42  36
9  42  12
10  42  76
11  42  38
12  42  35
13  42  29
14  42  20
15  42  27
1  43  50
2  43  88
3  43  38
4  43  46
5  43  30
6  43  14
7  43  61
8  43  11
9  43  56
10  43  38
11  43  82
12  43  90
13  43  19
14  43  47
15  43  31
1  44  38
2  44  20
3  44  46
4  44  18
5  44  13
6  44  76
7  44  56
8  44  75
9  44  27
10  44  37
11  44  47
12  44  40
13  44  75
14  44  89
15  44  79
1  45  39
2  45  18
3  45  27
4  45  64
5  45  73
6  45  48
7  45  18
8  45  10
9  45  33
10  45  42
11  45  17
12  45  69
13  45  63
14  45  90
15  45  16
1  46  73
2  46  68
3  46  80
4  46  67
5  46  65
6  46  41
7  46  77
8  46  58
9  46  19
10  46  24
11  46  29
12  46  34
13  46  27
14  46  66
15  46  30
1  47  23
2  47  31
3  47  83
4  47  79
5  47  19
6  47  15
7  47  59
8  47  25
9  47  19
10  47  84
11  47  53
12  47  11
13  47  90
14  47  62
15  47  40
1  48  44
2  48  62
3  48  74
4  48  43
5  48  51
6  48  40
7  48  17
8  48  77
9  48  15
10  48  89
11  48  47
12  48  27
13  48  40
14  48  69
15  48  45
1  49  61
2  49  57
3  49  81
4  49  36
5  49  86
6  49  45
7  49  81
8  49  35
9  49  63
10  49  63
11  49  28
12  49  32
13  49  14
14  49  41
15  49  51
1  50  50
2  50  70
3  50  11
4  50  34
5  50  59
6  50  76
7  50  69
8  50  68
9  50  63
10  50  19
11  50  53
12  50  28
13  50  48
14  50  78
15  50  63
1  51  42
2  51  17
3  51  13
4  51  27
5  51  88
6  51  34
7  51  23
8  51  68
9  51  13
10  51  64
11  51  10
12  51  74
13  51  69
14  51  10
15  51  29
1  52  31
2  52  62
3  52  53
4  52  46
5  52  86
6  52  15
7  52  83
8  52  27
9  52  23
10  52  63
11  52  66
12  52  41
13  52  64
14  52  42
15  52  21
1  53  17
2  53  45
3  53  50
4  53  21
5  53  75
6  53  71
7  53  43
8  53  67
9  53  34
10  53  61
11  53  75
12  53  46
13  53  70
14  53  60
15  53  12
1  54  62
2  54  32
3  54  14
4  54  38
5  54  66
6  54  34
7  54  36
8  54  71
9  54  33
10  54  25
11  54  10
12  54  64
13  54  52
14  54  22
15  54  32
1  55  31
2  55  15
3  55  21
4  55  52
5  55  90
6  55  22
7  55  82
8  55  45
9  55  29
10  55  46
11  55  33
12  55  29
13  55  47
14  55  28
15  55  57
1  56  87
2  56  51
3  56  78
4  56  21
5  56  13
6  56  57
7  56  17
8  56  73
9  56  64
10  56  23
11  56  52
12  56  60
13  56  37
14  56  53
15  56  70
1  57  45
2  57  43
3  57  69
4  57  16
5  57  77
6  57  43
7  57  44
8  57  27
9  57  52
10  57  79
11  57  54
12  57  30
13  57  37
14  57  76
15  57  14
1  58  69
2  58  37
3  58  27
4  58  53
5  58  52
6  58  90
7  58  13
8  58  19
9  58  37
10  58  40
11  58  44
12  58  63
13  58  45
14  58  82
15  58  18
1  59  83
2  59  53
3  59  87
4  59  60
5  59  29
6  59  49
7  59  25
8  59  78
9  59  46
10  59  82
11  59  12
12  59  22
13  59  57
14  59  76
15  59  40
1  60  15
2  60  45
3  60  82
4  60  70
5  60  86
6  60  26
7  60  66
8  60  57
9  60  58
10  60  82
11  60  37
12  60  50
13  60  29
14  60  17
15  60  12
1  61  69
2  61  23
3  61  25
4  61  22
5  61  57
6  61  50
7  61  47
8  61  15
9  61  14
10  61  22
11  61  16
12  61  17
13  61  73
14  61  85
15  61  41
1  62  20
2  62  10
3  62  34
4  62  75
5  62  45
6  62  69
7  62  24
8  62  67
9  62  30
10  62  64
11  62  59
12  62  53
13  62  39
14  62  65
15  62  37
1  63  14
2  63  73
3  63  50
4  63  83
5  63  64
6  63  64
7  63  10
8  63  86
9  63  25
10  63  67
11  63  13
12  63  53
13  63  65
14  63  78
15  63  47
1  64  83
2  64  86
3  64  34
4  64  90
5  64  36
6  64  85
7  64  75
8  64  28
9  64  52
10  64  24
11  64  44
12  64  85
13  64  15
14  64  27
15  64  54
1  65  53
2  65  60
3  65  66
4  65  38
5  65  11
6  65  78
7  65  17
8  65  64
9  65  63
10  65  11
11  65  20
12  65  11
13  65  86
14  65  27
15  65  66
1  66  34
2  66  65
3  66  14
4  66  50
5  66  20
6  66  76
7  66  36
8  66  53
9  66  75
10  66  73
11  66  52
12  66  87
13  66  56
14  66  82
15  66  24
1  67  43
2  67  35
3  67  77
4  67  31
5  67  59
6  67  61
7  67  26
8  67  49
9  67  27
10  67  72
11  67  27
12  67  75
13  67  34
14  67  39
15  67  82
1  68  26
2  68  90
3  68  83
4  68  34
5  68  30
6  68  89
7  68  16
8  68  70
9  68  27
10  68  17
11  68  24
12  68  67
13  68  46
14  68  28
15  68  49
1  69  41
2  69  30
3  69  13
4  69  65
5  69  49
6  69  49
7  69  66
8  69  12
9  69  60
10  69  14
11  69  69
12  69  79
13  69  56
14  69  51
15  69  83
1  70  10
2  70  76
3  70  83
4  70  29
5  70  82
6  70  71
7  70  44
8  70  61
9  70  15
10  70  18
11  70  52
12  70  65
13  70  55
14  70  32
15  70  45
1  71  64
2  71  70
3  71  19
4  71  81
5  71  24
6  71  69
7  71  90
8  71  10
9  71  50
10  71  29
11  71  55
12  71  32
13  71  76
14  71  43
15  71  90
1  72  88
2  72  59
3  72  16
4  72  22
5  72  86
6  72  60
7  72  50
8  72  31
9  72  17
10  72  56
11  72  10
12  72  43
13  72  56
14  72  22
15  72  46
1  73  32
2  73  43
3  73  72
4  73  56
5  73  28
6  73  25
7  73  11
8  73  53
9  73  23
10  73  12
11  73  52
12  73  35
13  73  67
14  73  39
15  73  24
1  74  35
2  74  90
3  74  24
4  74  30
5  74  18
6  74  57
7  74  27
8  74  30
9  74  25
10  74  44
11  74  46
12  74  23
13  74  50
14  74  77
15  74  30
1  75  78
2  75  68
3  75  43
4  75  64
5  75  31
6  75  56
7  75  49
8  75  62
9  75  66
10  75  23
11  75  59
12  75  36
13  75  32
14  75  87
15  75  19
1  76  55
2  76  75
3  76  88
4  76  75
5  76  60
6  76  24
7  76  17
8  76  24
9  76  62
10  76  55
11  76  17
12  76  31
13  76  60
14  76  87
15  76  28
1  77  36
2  77  85
3  77  32
4  77  16
5  77  89
6  77  41
7  77  27
8  77  66
9  77  29
10  77  73
11  77  42
12  77  56
13  77  69
14  77  39
15  77  30
1  78  75
2  78  33
3  78  25
4  78  83
5  78  78
6  78  74
7  78  65
8  78  49
9  78  85
10  78  12
11  78  18
12  78  75
13  78  62
14  78  50
15  78  14
1  79  44
2  79  54
3  79  36
4  79  76
5  79  46
6  79  48
7  79  79
8  79  60
9  79  51
10  79  47
11  79  63
12  79  27
13  79  37
14  79  70
15  79  74
1  80  72
2  80  49
3  80  45
4  80  33
5  80  79
6  80  72
7  80  36
8  80  53
9  80  19
10  80  13
11  80  15
12  80  73
13  80  10
14  80  40
15  80  49
1  81  30
2  81  82
3  81  17
4  81  29
5  81  33
6  81  27
7  81  74
8  81  64
9  81  85
10  81  24
11  81  30
12  81  46
13  81  53
14  81  56
15  81  74
1  82  87
2  82  90
3  82  10
4  82  82
5  82  29
6  82  70
7  82  66
8  82  21
9  82  61
10  82  10
11  82  15
12  82  42
13  82  25
14  82  79
15  82  74
1  83  68
2  83  18
3  83  10
4  83  74
5  83  80
6  83  44
7  83  38
8  83  40
9  83  45
10  83  84
11  83  81
12  83  57
13  83  20
14  83  33
15  83  39
1  84  16
2  84  34
3  84  78
4  84  23
5  84  16
6  84  10
7  84  52
8  84  58
9  84  53
10  84  81
11  84  44
12  84  68
13  84  72
14  84  39
15  84  66
1  85  19
2  85  87
3  85  77
4  85  65
5  85  69
6  85  56
7  85  65
8  85  16
9  85  68
10  85  21
11  85  84
12  85  82
13  85  41
14  85  38
15  85  75
1  86  38
2  86  88
3  86  76
4  86  30
5  86  68
6  86  32
7  86  39
8  86  76
9  86  24
10  86  31
11  86  58
12  86  64
13  86  38
14  86  52
15  86  43
1  87  59
2  87  35
3  87  58
4  87  82
5  87  12
6  87  14
7  87  42
8  87  83
9  87  30
10  87  72
11  87  16
12  87  48
13  87  25
14  87  72
15  87  67
1  88  83
2  88  37
3  88  74
4  88  75
5  88  38
6  88  77
7  88  16
8  88  60
9  88  76
10  88  22
11  88  74
12  88  42
13  88  37
14  88  24
15  88  76
1  89  33
2  89  39
3  89  81
4  89  74
5  89  32
6  89  57
7  89  72
8  89  75
9  89  54
10  89  45
11  89  80
12  89  44
13  89  21
14  89  53
15  89  77
1  90  12
2  90  66
3  90  79
4  90  36
5  90  76
6  90  12
7  90  69
8  90  32
9  90  44
10  90  28
11  90  49
12  90  71
13  90  79
14  90  64
15  90  49
1  91  34
2  91  42
3  91  21
4  91  36
5  91  69
6  91  63
7  91  31
8  91  10
9  91  72
10  91  51
11  91  19
12  91  42
13  91  70
14  91  39
15  91  83
1  92  32
2  92  81
3  92  65
4  92  88
5  92  81
6  92  23
7  92  43
8  92  85
9  92  35
10  92  16
11  92  17
12  92  35
13  92  77
14  92  35
15  92  67
1  93  31
2  93  67
3  93  80
4  93  32
5  93  71
6  93  83
7  93  15
8  93  68
9  93  35
10  93  89
11  93  75
12  93  50
13  93  90
14  93  87
15  93  70
1  94  14
2  94  14
3  94  19
4  94  35
5  94  86
6  94  12
7  94  15
8  94  50
9  94  75
10  94  36
11  94  52
12  94  81
13  94  58
14  94  62
15  94  49
1  95  77
2  95  17
3  95  57
4  95  19
5  95  15
6  95  83
7  95  86
8  95  83
9  95  30
10  95  52
11  95  46
12  95  62
13  95  13
14  95  21
15  95  88
1  96  32
2  96  39
3  96  54
4  96  35
5  96  45
6  96  33
7  96  63
8  96  26
9  96  61
10  96  89
11  96  79
12  96  49
13  96  22
14  96  13
15  96  88
1  97  45
2  97  35
3  97  31
4  97  78
5  97  45
6  97  58
7  97  18
8  97  47
9  97  36
10  97  64
11  97  67
12  97  86
13  97  60
14  97  79
15  97  79
1  98  35
2  98  78
3  98  48
4  98  82
5  98  54
6  98  14
7  98  88
8  98  49
9  98  32
10  98  71
11  98  26
12  98  48
13  98  84
14  98  87
15  98  89
1  99  69
2  99  81
3  99  29
4  99  22
5  99  72
6  99  21
7  99  33
8  99  27
9  99  61
10  99  25
11  99  39
12  99  45
13  99  26
14  99  55
15  99  85
1  100  13
2  100  12
3  100  70
4  100  62
5  100  26
6  100  60
7  100  14
8  100  53
9  100  53
10  100  53
11  100  57
12  100  88
13  100  14
14  100  51
15  100  27
;

param a :=
1  1  1
2  1  0.5
1  2  1
2  2  0.51
1  3  1
2  3  0.56
1  4  1
2  4  0.52
1  5  1
2  5  0.55
1  6  1
2  6  0.42
1  7  1
2  7  0.49
1  8  1
2  8  0.45
1  9  1
2  9  0.48
1  10  1
2  10  0.52
1  11  1
2  11  0.52
1  12  1
2  12  0.45
1  13  1
2  13  0.54
1  14  1
2  14  0.47
1  15  1
2  15  0.47
;

