param com_measure1 := 1;

param com_measure2 := 1;

param kappa_max := 1169.96;

param U_tau := 590.9197;

param nT := 2;

param nS := 50;

param nL := 30;

param B := 2306.17;

param w :=
1  1
2  1
3  3
4  3
5  2
6  2
7  3
8  2
9  1
10  1
11  3
12  1
13  2
14  1
15  2
16  2
17  2
18  1
19  3
20  2
21  1
22  2
23  1
24  1
25  2
26  3
27  3
28  3
29  1
30  2
;

param h :=
1  1  0
1  2  0
1  3  0
1  4  0
1  5  0
1  6  0
1  7  0
1  8  0
1  9  0
1  10  0
1  11  0
1  12  0
1  13  0
1  14  0
1  15  0
1  16  0
1  17  0
1  18  0
1  19  0
1  20  0
1  21  0
1  22  0
1  23  0
1  24  0
1  25  0
1  26  0
1  27  0
1  28  0
1  29  0
1  30  0
2  1  165.79
2  2  167.75
2  3  144.59
2  4  147.62
2  5  143.20
2  6  164.67
2  7  150.64
2  8  154.89
2  9  142.73
2  10  132.94
2  11  162.98
2  12  130.18
2  13  145.44
2  14  142.24
2  15  128.47
2  16  184.72
2  17  179.55
2  18  166.67
2  19  142.11
2  20  174.15
2  21  180.47
2  22  165.59
2  23  130.11
2  24  157.50
2  25  130.25
2  26  155.23
2  27  126.96
2  28  175.67
2  29  179.12
2  30  140.12
;

param xi :=
1  1  1  21
2  1  1  73
3  1  1  52
4  1  1  48
5  1  1  40
6  1  1  87
7  1  1  15
8  1  1  54
9  1  1  54
10  1  1  47
11  1  1  38
12  1  1  73
13  1  1  51
14  1  1  20
15  1  1  69
16  1  1  57
17  1  1  65
18  1  1  19
19  1  1  60
20  1  1  56
21  1  1  13
22  1  1  85
23  1  1  46
24  1  1  89
25  1  1  25
26  1  1  10
27  1  1  34
28  1  1  67
29  1  1  19
30  1  1  39
1  2  1  28
2  2  1  21
3  2  1  63
4  2  1  29
5  2  1  27
6  2  1  84
7  2  1  84
8  2  1  62
9  2  1  13
10  2  1  14
11  2  1  15
12  2  1  51
13  2  1  60
14  2  1  20
15  2  1  76
16  2  1  78
17  2  1  58
18  2  1  47
19  2  1  34
20  2  1  43
21  2  1  16
22  2  1  33
23  2  1  26
24  2  1  86
25  2  1  74
26  2  1  21
27  2  1  15
28  2  1  24
29  2  1  30
30  2  1  19
1  3  1  39
2  3  1  35
3  3  1  20
4  3  1  19
5  3  1  10
6  3  1  85
7  3  1  63
8  3  1  32
9  3  1  31
10  3  1  15
11  3  1  36
12  3  1  73
13  3  1  60
14  3  1  85
15  3  1  24
16  3  1  29
17  3  1  10
18  3  1  87
19  3  1  62
20  3  1  28
21  3  1  27
22  3  1  10
23  3  1  74
24  3  1  37
25  3  1  35
26  3  1  56
27  3  1  73
28  3  1  84
29  3  1  72
30  3  1  19
1  4  1  29
2  4  1  85
3  4  1  21
4  4  1  27
5  4  1  88
6  4  1  42
7  4  1  27
8  4  1  79
9  4  1  53
10  4  1  89
11  4  1  87
12  4  1  84
13  4  1  53
14  4  1  51
15  4  1  77
16  4  1  42
17  4  1  18
18  4  1  70
19  4  1  38
20  4  1  40
21  4  1  65
22  4  1  67
23  4  1  55
24  4  1  70
25  4  1  58
26  4  1  13
27  4  1  36
28  4  1  40
29  4  1  51
30  4  1  65
1  5  1  56
2  5  1  68
3  5  1  75
4  5  1  72
5  5  1  59
6  5  1  30
7  5  1  64
8  5  1  19
9  5  1  30
10  5  1  81
11  5  1  76
12  5  1  75
13  5  1  82
14  5  1  22
15  5  1  13
16  5  1  67
17  5  1  82
18  5  1  90
19  5  1  16
20  5  1  61
21  5  1  79
22  5  1  34
23  5  1  11
24  5  1  59
25  5  1  13
26  5  1  54
27  5  1  48
28  5  1  83
29  5  1  66
30  5  1  18
1  6  1  53
2  6  1  80
3  6  1  53
4  6  1  37
5  6  1  73
6  6  1  81
7  6  1  73
8  6  1  66
9  6  1  47
10  6  1  78
11  6  1  48
12  6  1  19
13  6  1  40
14  6  1  81
15  6  1  46
16  6  1  74
17  6  1  32
18  6  1  11
19  6  1  53
20  6  1  22
21  6  1  25
22  6  1  43
23  6  1  67
24  6  1  70
25  6  1  57
26  6  1  79
27  6  1  66
28  6  1  31
29  6  1  32
30  6  1  64
1  7  1  36
2  7  1  17
3  7  1  79
4  7  1  23
5  7  1  46
6  7  1  27
7  7  1  16
8  7  1  43
9  7  1  49
10  7  1  83
11  7  1  88
12  7  1  87
13  7  1  39
14  7  1  42
15  7  1  40
16  7  1  30
17  7  1  88
18  7  1  52
19  7  1  62
20  7  1  27
21  7  1  87
22  7  1  35
23  7  1  26
24  7  1  53
25  7  1  89
26  7  1  66
27  7  1  24
28  7  1  28
29  7  1  15
30  7  1  46
1  8  1  28
2  8  1  36
3  8  1  21
4  8  1  46
5  8  1  45
6  8  1  46
7  8  1  52
8  8  1  34
9  8  1  62
10  8  1  40
11  8  1  27
12  8  1  11
13  8  1  19
14  8  1  33
15  8  1  44
16  8  1  60
17  8  1  67
18  8  1  48
19  8  1  40
20  8  1  33
21  8  1  12
22  8  1  53
23  8  1  19
24  8  1  70
25  8  1  13
26  8  1  89
27  8  1  18
28  8  1  44
29  8  1  85
30  8  1  39
1  9  1  45
2  9  1  25
3  9  1  16
4  9  1  32
5  9  1  82
6  9  1  40
7  9  1  59
8  9  1  24
9  9  1  39
10  9  1  68
11  9  1  26
12  9  1  17
13  9  1  86
14  9  1  40
15  9  1  17
16  9  1  58
17  9  1  72
18  9  1  86
19  9  1  58
20  9  1  65
21  9  1  10
22  9  1  51
23  9  1  49
24  9  1  13
25  9  1  18
26  9  1  38
27  9  1  67
28  9  1  58
29  9  1  22
30  9  1  22
1  10  1  15
2  10  1  47
3  10  1  24
4  10  1  51
5  10  1  64
6  10  1  41
7  10  1  69
8  10  1  71
9  10  1  45
10  10  1  89
11  10  1  21
12  10  1  83
13  10  1  84
14  10  1  34
15  10  1  49
16  10  1  80
17  10  1  49
18  10  1  61
19  10  1  45
20  10  1  76
21  10  1  66
22  10  1  69
23  10  1  40
24  10  1  59
25  10  1  61
26  10  1  45
27  10  1  22
28  10  1  25
29  10  1  65
30  10  1  47
1  11  1  46
2  11  1  26
3  11  1  26
4  11  1  83
5  11  1  14
6  11  1  25
7  11  1  56
8  11  1  43
9  11  1  44
10  11  1  10
11  11  1  58
12  11  1  61
13  11  1  46
14  11  1  73
15  11  1  46
16  11  1  69
17  11  1  89
18  11  1  83
19  11  1  24
20  11  1  34
21  11  1  43
22  11  1  33
23  11  1  37
24  11  1  18
25  11  1  35
26  11  1  72
27  11  1  51
28  11  1  15
29  11  1  53
30  11  1  37
1  12  1  60
2  12  1  21
3  12  1  56
4  12  1  45
5  12  1  65
6  12  1  30
7  12  1  19
8  12  1  70
9  12  1  72
10  12  1  46
11  12  1  32
12  12  1  35
13  12  1  29
14  12  1  69
15  12  1  68
16  12  1  45
17  12  1  27
18  12  1  39
19  12  1  38
20  12  1  23
21  12  1  69
22  12  1  63
23  12  1  56
24  12  1  30
25  12  1  25
26  12  1  44
27  12  1  52
28  12  1  63
29  12  1  87
30  12  1  21
1  13  1  24
2  13  1  75
3  13  1  77
4  13  1  76
5  13  1  90
6  13  1  87
7  13  1  37
8  13  1  81
9  13  1  87
10  13  1  33
11  13  1  55
12  13  1  62
13  13  1  51
14  13  1  47
15  13  1  44
16  13  1  79
17  13  1  90
18  13  1  90
19  13  1  84
20  13  1  77
21  13  1  38
22  13  1  54
23  13  1  27
24  13  1  70
25  13  1  33
26  13  1  30
27  13  1  43
28  13  1  72
29  13  1  41
30  13  1  50
1  14  1  87
2  14  1  47
3  14  1  13
4  14  1  11
5  14  1  22
6  14  1  39
7  14  1  54
8  14  1  58
9  14  1  67
10  14  1  59
11  14  1  60
12  14  1  61
13  14  1  81
14  14  1  74
15  14  1  65
16  14  1  43
17  14  1  71
18  14  1  59
19  14  1  21
20  14  1  48
21  14  1  43
22  14  1  48
23  14  1  67
24  14  1  22
25  14  1  36
26  14  1  24
27  14  1  20
28  14  1  62
29  14  1  78
30  14  1  14
1  15  1  44
2  15  1  87
3  15  1  26
4  15  1  13
5  15  1  62
6  15  1  10
7  15  1  40
8  15  1  51
9  15  1  71
10  15  1  45
11  15  1  52
12  15  1  23
13  15  1  43
14  15  1  51
15  15  1  52
16  15  1  75
17  15  1  48
18  15  1  23
19  15  1  90
20  15  1  71
21  15  1  59
22  15  1  32
23  15  1  31
24  15  1  33
25  15  1  68
26  15  1  48
27  15  1  54
28  15  1  61
29  15  1  17
30  15  1  77
1  16  1  82
2  16  1  83
3  16  1  53
4  16  1  62
5  16  1  44
6  16  1  89
7  16  1  66
8  16  1  61
9  16  1  73
10  16  1  81
11  16  1  80
12  16  1  68
13  16  1  67
14  16  1  15
15  16  1  14
16  16  1  19
17  16  1  61
18  16  1  18
19  16  1  25
20  16  1  81
21  16  1  27
22  16  1  69
23  16  1  87
24  16  1  13
25  16  1  15
26  16  1  25
27  16  1  17
28  16  1  48
29  16  1  34
30  16  1  52
1  17  1  68
2  17  1  36
3  17  1  53
4  17  1  78
5  17  1  37
6  17  1  19
7  17  1  87
8  17  1  29
9  17  1  19
10  17  1  40
11  17  1  54
12  17  1  65
13  17  1  45
14  17  1  81
15  17  1  47
16  17  1  36
17  17  1  74
18  17  1  90
19  17  1  41
20  17  1  58
21  17  1  64
22  17  1  76
23  17  1  67
24  17  1  63
25  17  1  50
26  17  1  86
27  17  1  87
28  17  1  73
29  17  1  31
30  17  1  26
1  18  1  90
2  18  1  47
3  18  1  90
4  18  1  36
5  18  1  90
6  18  1  34
7  18  1  90
8  18  1  17
9  18  1  79
10  18  1  68
11  18  1  89
12  18  1  24
13  18  1  62
14  18  1  31
15  18  1  87
16  18  1  62
17  18  1  62
18  18  1  31
19  18  1  41
20  18  1  75
21  18  1  83
22  18  1  31
23  18  1  10
24  18  1  51
25  18  1  16
26  18  1  55
27  18  1  82
28  18  1  14
29  18  1  34
30  18  1  62
1  19  1  82
2  19  1  83
3  19  1  90
4  19  1  74
5  19  1  50
6  19  1  13
7  19  1  71
8  19  1  84
9  19  1  66
10  19  1  48
11  19  1  71
12  19  1  17
13  19  1  38
14  19  1  29
15  19  1  64
16  19  1  73
17  19  1  25
18  19  1  76
19  19  1  14
20  19  1  77
21  19  1  88
22  19  1  51
23  19  1  39
24  19  1  53
25  19  1  46
26  19  1  47
27  19  1  27
28  19  1  12
29  19  1  27
30  19  1  11
1  20  1  31
2  20  1  26
3  20  1  31
4  20  1  30
5  20  1  73
6  20  1  56
7  20  1  54
8  20  1  19
9  20  1  90
10  20  1  32
11  20  1  68
12  20  1  25
13  20  1  20
14  20  1  10
15  20  1  78
16  20  1  64
17  20  1  46
18  20  1  29
19  20  1  30
20  20  1  75
21  20  1  90
22  20  1  10
23  20  1  16
24  20  1  58
25  20  1  67
26  20  1  25
27  20  1  17
28  20  1  12
29  20  1  53
30  20  1  49
1  21  1  34
2  21  1  66
3  21  1  34
4  21  1  38
5  21  1  39
6  21  1  39
7  21  1  17
8  21  1  23
9  21  1  81
10  21  1  65
11  21  1  84
12  21  1  81
13  21  1  51
14  21  1  66
15  21  1  76
16  21  1  33
17  21  1  34
18  21  1  76
19  21  1  50
20  21  1  64
21  21  1  20
22  21  1  39
23  21  1  31
24  21  1  65
25  21  1  68
26  21  1  69
27  21  1  65
28  21  1  20
29  21  1  61
30  21  1  38
1  22  1  72
2  22  1  35
3  22  1  35
4  22  1  86
5  22  1  73
6  22  1  60
7  22  1  86
8  22  1  78
9  22  1  80
10  22  1  36
11  22  1  80
12  22  1  31
13  22  1  41
14  22  1  43
15  22  1  70
16  22  1  50
17  22  1  12
18  22  1  59
19  22  1  16
20  22  1  54
21  22  1  90
22  22  1  34
23  22  1  33
24  22  1  36
25  22  1  30
26  22  1  64
27  22  1  62
28  22  1  54
29  22  1  88
30  22  1  25
1  23  1  65
2  23  1  68
3  23  1  61
4  23  1  49
5  23  1  25
6  23  1  66
7  23  1  63
8  23  1  65
9  23  1  87
10  23  1  80
11  23  1  27
12  23  1  85
13  23  1  67
14  23  1  76
15  23  1  76
16  23  1  61
17  23  1  35
18  23  1  35
19  23  1  76
20  23  1  48
21  23  1  74
22  23  1  45
23  23  1  34
24  23  1  80
25  23  1  54
26  23  1  52
27  23  1  54
28  23  1  68
29  23  1  22
30  23  1  53
1  24  1  21
2  24  1  40
3  24  1  30
4  24  1  23
5  24  1  34
6  24  1  81
7  24  1  78
8  24  1  84
9  24  1  38
10  24  1  69
11  24  1  64
12  24  1  34
13  24  1  78
14  24  1  22
15  24  1  65
16  24  1  46
17  24  1  86
18  24  1  11
19  24  1  47
20  24  1  35
21  24  1  58
22  24  1  46
23  24  1  19
24  24  1  10
25  24  1  89
26  24  1  71
27  24  1  31
28  24  1  19
29  24  1  85
30  24  1  27
1  25  1  33
2  25  1  69
3  25  1  49
4  25  1  88
5  25  1  59
6  25  1  23
7  25  1  88
8  25  1  61
9  25  1  37
10  25  1  57
11  25  1  15
12  25  1  74
13  25  1  51
14  25  1  15
15  25  1  16
16  25  1  60
17  25  1  29
18  25  1  61
19  25  1  62
20  25  1  49
21  25  1  49
22  25  1  38
23  25  1  86
24  25  1  76
25  25  1  39
26  25  1  29
27  25  1  10
28  25  1  82
29  25  1  86
30  25  1  11
1  26  1  10
2  26  1  15
3  26  1  39
4  26  1  75
5  26  1  28
6  26  1  11
7  26  1  24
8  26  1  54
9  26  1  81
10  26  1  65
11  26  1  17
12  26  1  28
13  26  1  22
14  26  1  55
15  26  1  26
16  26  1  33
17  26  1  56
18  26  1  89
19  26  1  26
20  26  1  45
21  26  1  66
22  26  1  29
23  26  1  72
24  26  1  58
25  26  1  77
26  26  1  84
27  26  1  57
28  26  1  89
29  26  1  90
30  26  1  31
1  27  1  28
2  27  1  63
3  27  1  13
4  27  1  61
5  27  1  50
6  27  1  90
7  27  1  84
8  27  1  80
9  27  1  50
10  27  1  79
11  27  1  85
12  27  1  77
13  27  1  13
14  27  1  38
15  27  1  73
16  27  1  45
17  27  1  84
18  27  1  62
19  27  1  81
20  27  1  55
21  27  1  14
22  27  1  80
23  27  1  65
24  27  1  89
25  27  1  17
26  27  1  33
27  27  1  61
28  27  1  69
29  27  1  49
30  27  1  79
1  28  1  29
2  28  1  46
3  28  1  42
4  28  1  17
5  28  1  58
6  28  1  86
7  28  1  77
8  28  1  38
9  28  1  76
10  28  1  14
11  28  1  59
12  28  1  88
13  28  1  80
14  28  1  70
15  28  1  39
16  28  1  41
17  28  1  26
18  28  1  75
19  28  1  77
20  28  1  30
21  28  1  64
22  28  1  75
23  28  1  52
24  28  1  33
25  28  1  90
26  28  1  81
27  28  1  56
28  28  1  18
29  28  1  50
30  28  1  31
1  29  1  87
2  29  1  52
3  29  1  59
4  29  1  74
5  29  1  11
6  29  1  39
7  29  1  33
8  29  1  65
9  29  1  78
10  29  1  13
11  29  1  67
12  29  1  29
13  29  1  60
14  29  1  83
15  29  1  67
16  29  1  83
17  29  1  21
18  29  1  63
19  29  1  18
20  29  1  18
21  29  1  90
22  29  1  84
23  29  1  73
24  29  1  55
25  29  1  70
26  29  1  77
27  29  1  55
28  29  1  63
29  29  1  81
30  29  1  67
1  30  1  13
2  30  1  76
3  30  1  63
4  30  1  72
5  30  1  31
6  30  1  70
7  30  1  51
8  30  1  63
9  30  1  59
10  30  1  83
11  30  1  87
12  30  1  87
13  30  1  62
14  30  1  16
15  30  1  74
16  30  1  81
17  30  1  65
18  30  1  61
19  30  1  23
20  30  1  88
21  30  1  36
22  30  1  29
23  30  1  51
24  30  1  15
25  30  1  87
26  30  1  51
27  30  1  62
28  30  1  76
29  30  1  66
30  30  1  70
1  31  1  76
2  31  1  89
3  31  1  26
4  31  1  42
5  31  1  66
6  31  1  11
7  31  1  64
8  31  1  23
9  31  1  81
10  31  1  15
11  31  1  75
12  31  1  24
13  31  1  64
14  31  1  47
15  31  1  43
16  31  1  19
17  31  1  11
18  31  1  57
19  31  1  27
20  31  1  15
21  31  1  16
22  31  1  44
23  31  1  26
24  31  1  35
25  31  1  89
26  31  1  36
27  31  1  50
28  31  1  72
29  31  1  19
30  31  1  35
1  32  1  75
2  32  1  49
3  32  1  73
4  32  1  22
5  32  1  49
6  32  1  80
7  32  1  30
8  32  1  88
9  32  1  19
10  32  1  40
11  32  1  65
12  32  1  69
13  32  1  15
14  32  1  70
15  32  1  10
16  32  1  12
17  32  1  65
18  32  1  13
19  32  1  89
20  32  1  90
21  32  1  69
22  32  1  84
23  32  1  49
24  32  1  14
25  32  1  39
26  32  1  46
27  32  1  17
28  32  1  85
29  32  1  69
30  32  1  69
1  33  1  34
2  33  1  59
3  33  1  32
4  33  1  29
5  33  1  52
6  33  1  69
7  33  1  67
8  33  1  49
9  33  1  79
10  33  1  19
11  33  1  38
12  33  1  26
13  33  1  45
14  33  1  20
15  33  1  79
16  33  1  64
17  33  1  81
18  33  1  55
19  33  1  69
20  33  1  85
21  33  1  33
22  33  1  13
23  33  1  17
24  33  1  26
25  33  1  32
26  33  1  81
27  33  1  52
28  33  1  87
29  33  1  76
30  33  1  46
1  34  1  38
2  34  1  41
3  34  1  50
4  34  1  40
5  34  1  86
6  34  1  65
7  34  1  20
8  34  1  29
9  34  1  26
10  34  1  66
11  34  1  73
12  34  1  63
13  34  1  38
14  34  1  17
15  34  1  89
16  34  1  20
17  34  1  24
18  34  1  16
19  34  1  31
20  34  1  54
21  34  1  47
22  34  1  47
23  34  1  21
24  34  1  61
25  34  1  71
26  34  1  35
27  34  1  32
28  34  1  27
29  34  1  64
30  34  1  75
1  35  1  44
2  35  1  45
3  35  1  21
4  35  1  37
5  35  1  60
6  35  1  58
7  35  1  16
8  35  1  49
9  35  1  45
10  35  1  84
11  35  1  54
12  35  1  52
13  35  1  31
14  35  1  75
15  35  1  46
16  35  1  42
17  35  1  23
18  35  1  51
19  35  1  41
20  35  1  79
21  35  1  88
22  35  1  44
23  35  1  53
24  35  1  70
25  35  1  49
26  35  1  24
27  35  1  87
28  35  1  65
29  35  1  30
30  35  1  65
1  36  1  76
2  36  1  36
3  36  1  48
4  36  1  30
5  36  1  82
6  36  1  63
7  36  1  53
8  36  1  80
9  36  1  90
10  36  1  32
11  36  1  29
12  36  1  74
13  36  1  13
14  36  1  74
15  36  1  76
16  36  1  65
17  36  1  67
18  36  1  61
19  36  1  59
20  36  1  58
21  36  1  10
22  36  1  89
23  36  1  10
24  36  1  50
25  36  1  79
26  36  1  65
27  36  1  15
28  36  1  84
29  36  1  79
30  36  1  49
1  37  1  63
2  37  1  63
3  37  1  88
4  37  1  31
5  37  1  82
6  37  1  54
7  37  1  64
8  37  1  75
9  37  1  63
10  37  1  56
11  37  1  14
12  37  1  42
13  37  1  81
14  37  1  57
15  37  1  44
16  37  1  51
17  37  1  45
18  37  1  89
19  37  1  57
20  37  1  44
21  37  1  52
22  37  1  67
23  37  1  44
24  37  1  14
25  37  1  33
26  37  1  79
27  37  1  25
28  37  1  24
29  37  1  34
30  37  1  30
1  38  1  23
2  38  1  63
3  38  1  30
4  38  1  28
5  38  1  52
6  38  1  56
7  38  1  66
8  38  1  35
9  38  1  25
10  38  1  41
11  38  1  65
12  38  1  87
13  38  1  37
14  38  1  71
15  38  1  48
16  38  1  53
17  38  1  90
18  38  1  21
19  38  1  29
20  38  1  14
21  38  1  82
22  38  1  84
23  38  1  14
24  38  1  77
25  38  1  22
26  38  1  53
27  38  1  73
28  38  1  44
29  38  1  79
30  38  1  88
1  39  1  77
2  39  1  51
3  39  1  47
4  39  1  12
5  39  1  13
6  39  1  83
7  39  1  17
8  39  1  85
9  39  1  89
10  39  1  46
11  39  1  84
12  39  1  46
13  39  1  26
14  39  1  52
15  39  1  25
16  39  1  71
17  39  1  41
18  39  1  54
19  39  1  33
20  39  1  35
21  39  1  83
22  39  1  59
23  39  1  60
24  39  1  37
25  39  1  10
26  39  1  14
27  39  1  17
28  39  1  73
29  39  1  90
30  39  1  45
1  40  1  80
2  40  1  46
3  40  1  63
4  40  1  17
5  40  1  31
6  40  1  13
7  40  1  37
8  40  1  61
9  40  1  54
10  40  1  81
11  40  1  21
12  40  1  66
13  40  1  16
14  40  1  65
15  40  1  32
16  40  1  78
17  40  1  78
18  40  1  24
19  40  1  76
20  40  1  10
21  40  1  13
22  40  1  71
23  40  1  66
24  40  1  24
25  40  1  58
26  40  1  10
27  40  1  37
28  40  1  60
29  40  1  44
30  40  1  43
1  41  1  20
2  41  1  47
3  41  1  44
4  41  1  16
5  41  1  83
6  41  1  34
7  41  1  76
8  41  1  51
9  41  1  46
10  41  1  80
11  41  1  68
12  41  1  14
13  41  1  45
14  41  1  53
15  41  1  28
16  41  1  83
17  41  1  46
18  41  1  14
19  41  1  86
20  41  1  70
21  41  1  48
22  41  1  38
23  41  1  78
24  41  1  38
25  41  1  65
26  41  1  28
27  41  1  61
28  41  1  78
29  41  1  88
30  41  1  35
1  42  1  18
2  42  1  49
3  42  1  36
4  42  1  86
5  42  1  38
6  42  1  69
7  42  1  59
8  42  1  21
9  42  1  65
10  42  1  85
11  42  1  47
12  42  1  51
13  42  1  42
14  42  1  16
15  42  1  42
16  42  1  49
17  42  1  13
18  42  1  72
19  42  1  16
20  42  1  87
21  42  1  20
22  42  1  68
23  42  1  42
24  42  1  20
25  42  1  90
26  42  1  27
27  42  1  24
28  42  1  83
29  42  1  81
30  42  1  39
1  43  1  66
2  43  1  87
3  43  1  77
4  43  1  58
5  43  1  36
6  43  1  44
7  43  1  26
8  43  1  60
9  43  1  51
10  43  1  38
11  43  1  31
12  43  1  61
13  43  1  90
14  43  1  70
15  43  1  13
16  43  1  80
17  43  1  33
18  43  1  68
19  43  1  30
20  43  1  88
21  43  1  61
22  43  1  24
23  43  1  13
24  43  1  14
25  43  1  75
26  43  1  31
27  43  1  67
28  43  1  36
29  43  1  44
30  43  1  52
1  44  1  14
2  44  1  90
3  44  1  52
4  44  1  63
5  44  1  79
6  44  1  70
7  44  1  85
8  44  1  19
9  44  1  71
10  44  1  79
11  44  1  73
12  44  1  34
13  44  1  21
14  44  1  68
15  44  1  25
16  44  1  21
17  44  1  47
18  44  1  67
19  44  1  13
20  44  1  76
21  44  1  81
22  44  1  87
23  44  1  51
24  44  1  51
25  44  1  33
26  44  1  18
27  44  1  48
28  44  1  57
29  44  1  85
30  44  1  18
1  45  1  40
2  45  1  31
3  45  1  88
4  45  1  72
5  45  1  52
6  45  1  20
7  45  1  23
8  45  1  78
9  45  1  68
10  45  1  14
11  45  1  54
12  45  1  50
13  45  1  78
14  45  1  72
15  45  1  22
16  45  1  31
17  45  1  43
18  45  1  30
19  45  1  47
20  45  1  16
21  45  1  72
22  45  1  68
23  45  1  48
24  45  1  74
25  45  1  39
26  45  1  29
27  45  1  74
28  45  1  16
29  45  1  14
30  45  1  26
1  46  1  32
2  46  1  73
3  46  1  88
4  46  1  64
5  46  1  16
6  46  1  90
7  46  1  36
8  46  1  54
9  46  1  62
10  46  1  15
11  46  1  64
12  46  1  79
13  46  1  36
14  46  1  76
15  46  1  16
16  46  1  66
17  46  1  26
18  46  1  50
19  46  1  34
20  46  1  39
21  46  1  19
22  46  1  42
23  46  1  59
24  46  1  29
25  46  1  35
26  46  1  42
27  46  1  18
28  46  1  70
29  46  1  68
30  46  1  45
1  47  1  48
2  47  1  85
3  47  1  18
4  47  1  56
5  47  1  90
6  47  1  54
7  47  1  10
8  47  1  71
9  47  1  17
10  47  1  80
11  47  1  69
12  47  1  43
13  47  1  51
14  47  1  82
15  47  1  32
16  47  1  90
17  47  1  77
18  47  1  43
19  47  1  41
20  47  1  31
21  47  1  14
22  47  1  71
23  47  1  82
24  47  1  12
25  47  1  24
26  47  1  73
27  47  1  61
28  47  1  77
29  47  1  40
30  47  1  34
1  48  1  86
2  48  1  26
3  48  1  61
4  48  1  49
5  48  1  22
6  48  1  69
7  48  1  87
8  48  1  68
9  48  1  57
10  48  1  80
11  48  1  37
12  48  1  49
13  48  1  35
14  48  1  14
15  48  1  16
16  48  1  12
17  48  1  76
18  48  1  79
19  48  1  34
20  48  1  22
21  48  1  33
22  48  1  21
23  48  1  68
24  48  1  12
25  48  1  36
26  48  1  54
27  48  1  15
28  48  1  81
29  48  1  20
30  48  1  55
1  49  1  50
2  49  1  90
3  49  1  78
4  49  1  32
5  49  1  37
6  49  1  51
7  49  1  49
8  49  1  22
9  49  1  33
10  49  1  62
11  49  1  20
12  49  1  74
13  49  1  10
14  49  1  12
15  49  1  68
16  49  1  17
17  49  1  42
18  49  1  68
19  49  1  11
20  49  1  64
21  49  1  78
22  49  1  17
23  49  1  88
24  49  1  11
25  49  1  26
26  49  1  48
27  49  1  74
28  49  1  85
29  49  1  33
30  49  1  17
1  50  1  66
2  50  1  73
3  50  1  75
4  50  1  62
5  50  1  24
6  50  1  56
7  50  1  89
8  50  1  63
9  50  1  33
10  50  1  62
11  50  1  16
12  50  1  14
13  50  1  69
14  50  1  16
15  50  1  23
16  50  1  12
17  50  1  26
18  50  1  38
19  50  1  18
20  50  1  13
21  50  1  65
22  50  1  25
23  50  1  52
24  50  1  60
25  50  1  52
26  50  1  21
27  50  1  38
28  50  1  33
29  50  1  67
30  50  1  48
1  1  2  8.82
2  1  2  35.77
3  1  2  26.52
4  1  2  22.56
5  1  2  21.2
6  1  2  41.76
7  1  2  7.95
8  1  2  28.08
9  1  2  31.32
10  1  2  27.73
11  1  2  18.62
12  1  2  43.07
13  1  2  25.5
14  1  2  10.2
15  1  2  37.95
16  1  2  23.37
17  1  2  26.65
18  1  2  9.12
19  1  2  27.6
20  1  2  24.08
21  1  2  5.33
22  1  2  38.25
23  1  2  24.38
24  1  2  37.38
25  1  2  13.75
26  1  2  4.5
27  1  2  18.02
28  1  2  30.82
29  1  2  8.55
30  1  2  17.55
1  2  2  11.76
2  2  2  10.29
3  2  2  32.13
4  2  2  13.63
5  2  2  14.31
6  2  2  40.32
7  2  2  44.52
8  2  2  32.24
9  2  2  7.54
10  2  2  8.26
11  2  2  7.35
12  2  2  30.09
13  2  2  30
14  2  2  10.2
15  2  2  41.8
16  2  2  31.98
17  2  2  23.78
18  2  2  22.56
19  2  2  15.64
20  2  2  18.49
21  2  2  6.56
22  2  2  14.85
23  2  2  13.78
24  2  2  36.12
25  2  2  40.7
26  2  2  9.45
27  2  2  7.95
28  2  2  11.04
29  2  2  13.5
30  2  2  8.55
1  3  2  16.38
2  3  2  17.15
3  3  2  10.2
4  3  2  8.93
5  3  2  5.3
6  3  2  40.8
7  3  2  33.39
8  3  2  16.64
9  3  2  17.98
10  3  2  8.85
11  3  2  17.64
12  3  2  43.07
13  3  2  30
14  3  2  43.35
15  3  2  13.2
16  3  2  11.89
17  3  2  4.1
18  3  2  41.76
19  3  2  28.52
20  3  2  12.04
21  3  2  11.07
22  3  2  4.5
23  3  2  39.22
24  3  2  15.54
25  3  2  19.25
26  3  2  25.2
27  3  2  38.69
28  3  2  38.64
29  3  2  32.4
30  3  2  8.55
1  4  2  12.18
2  4  2  41.65
3  4  2  10.71
4  4  2  12.69
5  4  2  46.64
6  4  2  20.16
7  4  2  14.31
8  4  2  41.08
9  4  2  30.74
10  4  2  52.51
11  4  2  42.63
12  4  2  49.56
13  4  2  26.5
14  4  2  26.01
15  4  2  42.35
16  4  2  17.22
17  4  2  7.38
18  4  2  33.6
19  4  2  17.48
20  4  2  17.2
21  4  2  26.65
22  4  2  30.15
23  4  2  29.15
24  4  2  29.4
25  4  2  31.9
26  4  2  5.85
27  4  2  19.08
28  4  2  18.4
29  4  2  22.95
30  4  2  29.25
1  5  2  23.52
2  5  2  33.32
3  5  2  38.25
4  5  2  33.84
5  5  2  31.27
6  5  2  14.4
7  5  2  33.92
8  5  2  9.88
9  5  2  17.4
10  5  2  47.79
11  5  2  37.24
12  5  2  44.25
13  5  2  41
14  5  2  11.22
15  5  2  7.15
16  5  2  27.47
17  5  2  33.62
18  5  2  43.2
19  5  2  7.36
20  5  2  26.23
21  5  2  32.39
22  5  2  15.3
23  5  2  5.83
24  5  2  24.78
25  5  2  7.15
26  5  2  24.3
27  5  2  25.44
28  5  2  38.18
29  5  2  29.7
30  5  2  8.1
1  6  2  22.26
2  6  2  39.2
3  6  2  27.03
4  6  2  17.39
5  6  2  38.69
6  6  2  38.88
7  6  2  38.69
8  6  2  34.32
9  6  2  27.26
10  6  2  46.02
11  6  2  23.52
12  6  2  11.21
13  6  2  20
14  6  2  41.31
15  6  2  25.3
16  6  2  30.34
17  6  2  13.12
18  6  2  5.28
19  6  2  24.38
20  6  2  9.46
21  6  2  10.25
22  6  2  19.35
23  6  2  35.51
24  6  2  29.4
25  6  2  31.35
26  6  2  35.55
27  6  2  34.98
28  6  2  14.26
29  6  2  14.4
30  6  2  28.8
1  7  2  15.12
2  7  2  8.33
3  7  2  40.29
4  7  2  10.81
5  7  2  24.38
6  7  2  12.96
7  7  2  8.48
8  7  2  22.36
9  7  2  28.42
10  7  2  48.97
11  7  2  43.12
12  7  2  51.33
13  7  2  19.5
14  7  2  21.42
15  7  2  22
16  7  2  12.3
17  7  2  36.08
18  7  2  24.96
19  7  2  28.52
20  7  2  11.61
21  7  2  35.67
22  7  2  15.75
23  7  2  13.78
24  7  2  22.26
25  7  2  48.95
26  7  2  29.7
27  7  2  12.72
28  7  2  12.88
29  7  2  6.75
30  7  2  20.7
1  8  2  11.76
2  8  2  17.64
3  8  2  10.71
4  8  2  21.62
5  8  2  23.85
6  8  2  22.08
7  8  2  27.56
8  8  2  17.68
9  8  2  35.96
10  8  2  23.6
11  8  2  13.23
12  8  2  6.49
13  8  2  9.5
14  8  2  16.83
15  8  2  24.2
16  8  2  24.6
17  8  2  27.47
18  8  2  23.04
19  8  2  18.4
20  8  2  14.19
21  8  2  4.92
22  8  2  23.85
23  8  2  10.07
24  8  2  29.4
25  8  2  7.15
26  8  2  40.05
27  8  2  9.54
28  8  2  20.24
29  8  2  38.25
30  8  2  17.55
1  9  2  18.9
2  9  2  12.25
3  9  2  8.16
4  9  2  15.04
5  9  2  43.46
6  9  2  19.2
7  9  2  31.27
8  9  2  12.48
9  9  2  22.62
10  9  2  40.12
11  9  2  12.74
12  9  2  10.03
13  9  2  43
14  9  2  20.4
15  9  2  9.35
16  9  2  23.78
17  9  2  29.52
18  9  2  41.28
19  9  2  26.68
20  9  2  27.95
21  9  2  4.1
22  9  2  22.95
23  9  2  25.97
24  9  2  5.46
25  9  2  9.9
26  9  2  17.1
27  9  2  35.51
28  9  2  26.68
29  9  2  9.9
30  9  2  9.9
1  10  2  6.3
2  10  2  23.03
3  10  2  12.24
4  10  2  23.97
5  10  2  33.92
6  10  2  19.68
7  10  2  36.57
8  10  2  36.92
9  10  2  26.1
10  10  2  52.51
11  10  2  10.29
12  10  2  48.97
13  10  2  42
14  10  2  17.34
15  10  2  26.95
16  10  2  32.8
17  10  2  20.09
18  10  2  29.28
19  10  2  20.7
20  10  2  32.68
21  10  2  27.06
22  10  2  31.05
23  10  2  21.2
24  10  2  24.78
25  10  2  33.55
26  10  2  20.25
27  10  2  11.66
28  10  2  11.5
29  10  2  29.25
30  10  2  21.15
1  11  2  19.32
2  11  2  12.74
3  11  2  13.26
4  11  2  39.01
5  11  2  7.42
6  11  2  12
7  11  2  29.68
8  11  2  22.36
9  11  2  25.52
10  11  2  5.9
11  11  2  28.42
12  11  2  35.99
13  11  2  23
14  11  2  37.23
15  11  2  25.3
16  11  2  28.29
17  11  2  36.49
18  11  2  39.84
19  11  2  11.04
20  11  2  14.62
21  11  2  17.63
22  11  2  14.85
23  11  2  19.61
24  11  2  7.56
25  11  2  19.25
26  11  2  32.4
27  11  2  27.03
28  11  2  6.9
29  11  2  23.85
30  11  2  16.65
1  12  2  25.2
2  12  2  10.29
3  12  2  28.56
4  12  2  21.15
5  12  2  34.45
6  12  2  14.4
7  12  2  10.07
8  12  2  36.4
9  12  2  41.76
10  12  2  27.14
11  12  2  15.68
12  12  2  20.65
13  12  2  14.5
14  12  2  35.19
15  12  2  37.4
16  12  2  18.45
17  12  2  11.07
18  12  2  18.72
19  12  2  17.48
20  12  2  9.89
21  12  2  28.29
22  12  2  28.35
23  12  2  29.68
24  12  2  12.6
25  12  2  13.75
26  12  2  19.8
27  12  2  27.56
28  12  2  28.98
29  12  2  39.15
30  12  2  9.45
1  13  2  10.08
2  13  2  36.75
3  13  2  39.27
4  13  2  35.72
5  13  2  47.7
6  13  2  41.76
7  13  2  19.61
8  13  2  42.12
9  13  2  50.46
10  13  2  19.47
11  13  2  26.95
12  13  2  36.58
13  13  2  25.5
14  13  2  23.97
15  13  2  24.2
16  13  2  32.39
17  13  2  36.9
18  13  2  43.2
19  13  2  38.64
20  13  2  33.11
21  13  2  15.58
22  13  2  24.3
23  13  2  14.31
24  13  2  29.4
25  13  2  18.15
26  13  2  13.5
27  13  2  22.79
28  13  2  33.12
29  13  2  18.45
30  13  2  22.5
1  14  2  36.54
2  14  2  23.03
3  14  2  6.63
4  14  2  5.17
5  14  2  11.66
6  14  2  18.72
7  14  2  28.62
8  14  2  30.16
9  14  2  38.86
10  14  2  34.81
11  14  2  29.4
12  14  2  35.99
13  14  2  40.5
14  14  2  37.74
15  14  2  35.75
16  14  2  17.63
17  14  2  29.11
18  14  2  28.32
19  14  2  9.66
20  14  2  20.64
21  14  2  17.63
22  14  2  21.6
23  14  2  35.51
24  14  2  9.24
25  14  2  19.8
26  14  2  10.8
27  14  2  10.6
28  14  2  28.52
29  14  2  35.1
30  14  2  6.3
1  15  2  18.48
2  15  2  42.63
3  15  2  13.26
4  15  2  6.11
5  15  2  32.86
6  15  2  4.8
7  15  2  21.2
8  15  2  26.52
9  15  2  41.18
10  15  2  26.55
11  15  2  25.48
12  15  2  13.57
13  15  2  21.5
14  15  2  26.01
15  15  2  28.6
16  15  2  30.75
17  15  2  19.68
18  15  2  11.04
19  15  2  41.4
20  15  2  30.53
21  15  2  24.19
22  15  2  14.4
23  15  2  16.43
24  15  2  13.86
25  15  2  37.4
26  15  2  21.6
27  15  2  28.62
28  15  2  28.06
29  15  2  7.65
30  15  2  34.65
1  16  2  34.44
2  16  2  40.67
3  16  2  27.03
4  16  2  29.14
5  16  2  23.32
6  16  2  42.72
7  16  2  34.98
8  16  2  31.72
9  16  2  42.34
10  16  2  47.79
11  16  2  39.2
12  16  2  40.12
13  16  2  33.5
14  16  2  7.65
15  16  2  7.7
16  16  2  7.79
17  16  2  25.01
18  16  2  8.64
19  16  2  11.5
20  16  2  34.83
21  16  2  11.07
22  16  2  31.05
23  16  2  46.11
24  16  2  5.46
25  16  2  8.25
26  16  2  11.25
27  16  2  9.01
28  16  2  22.08
29  16  2  15.3
30  16  2  23.4
1  17  2  28.56
2  17  2  17.64
3  17  2  27.03
4  17  2  36.66
5  17  2  19.61
6  17  2  9.12
7  17  2  46.11
8  17  2  15.08
9  17  2  11.02
10  17  2  23.6
11  17  2  26.46
12  17  2  38.35
13  17  2  22.5
14  17  2  41.31
15  17  2  25.85
16  17  2  14.76
17  17  2  30.34
18  17  2  43.2
19  17  2  18.86
20  17  2  24.94
21  17  2  26.24
22  17  2  34.2
23  17  2  35.51
24  17  2  26.46
25  17  2  27.5
26  17  2  38.7
27  17  2  46.11
28  17  2  33.58
29  17  2  13.95
30  17  2  11.7
1  18  2  37.8
2  18  2  23.03
3  18  2  45.9
4  18  2  16.92
5  18  2  47.7
6  18  2  16.32
7  18  2  47.7
8  18  2  8.84
9  18  2  45.82
10  18  2  40.12
11  18  2  43.61
12  18  2  14.16
13  18  2  31
14  18  2  15.81
15  18  2  47.85
16  18  2  25.42
17  18  2  25.42
18  18  2  14.88
19  18  2  18.86
20  18  2  32.25
21  18  2  34.03
22  18  2  13.95
23  18  2  5.3
24  18  2  21.42
25  18  2  8.8
26  18  2  24.75
27  18  2  43.46
28  18  2  6.44
29  18  2  15.3
30  18  2  27.9
1  19  2  34.44
2  19  2  40.67
3  19  2  45.9
4  19  2  34.78
5  19  2  26.5
6  19  2  6.24
7  19  2  37.63
8  19  2  43.68
9  19  2  38.28
10  19  2  28.32
11  19  2  34.79
12  19  2  10.03
13  19  2  19
14  19  2  14.79
15  19  2  35.2
16  19  2  29.93
17  19  2  10.25
18  19  2  36.48
19  19  2  6.44
20  19  2  33.11
21  19  2  36.08
22  19  2  22.95
23  19  2  20.67
24  19  2  22.26
25  19  2  25.3
26  19  2  21.15
27  19  2  14.31
28  19  2  5.52
29  19  2  12.15
30  19  2  4.95
1  20  2  13.02
2  20  2  12.74
3  20  2  15.81
4  20  2  14.1
5  20  2  38.69
6  20  2  26.88
7  20  2  28.62
8  20  2  9.88
9  20  2  52.2
10  20  2  18.88
11  20  2  33.32
12  20  2  14.75
13  20  2  10
14  20  2  5.1
15  20  2  42.9
16  20  2  26.24
17  20  2  18.86
18  20  2  13.92
19  20  2  13.8
20  20  2  32.25
21  20  2  36.9
22  20  2  4.5
23  20  2  8.48
24  20  2  24.36
25  20  2  36.85
26  20  2  11.25
27  20  2  9.01
28  20  2  5.52
29  20  2  23.85
30  20  2  22.05
1  21  2  14.28
2  21  2  32.34
3  21  2  17.34
4  21  2  17.86
5  21  2  20.67
6  21  2  18.72
7  21  2  9.01
8  21  2  11.96
9  21  2  46.98
10  21  2  38.35
11  21  2  41.16
12  21  2  47.79
13  21  2  25.5
14  21  2  33.66
15  21  2  41.8
16  21  2  13.53
17  21  2  13.94
18  21  2  36.48
19  21  2  23
20  21  2  27.52
21  21  2  8.2
22  21  2  17.55
23  21  2  16.43
24  21  2  27.3
25  21  2  37.4
26  21  2  31.05
27  21  2  34.45
28  21  2  9.2
29  21  2  27.45
30  21  2  17.1
1  22  2  30.24
2  22  2  17.15
3  22  2  17.85
4  22  2  40.42
5  22  2  38.69
6  22  2  28.8
7  22  2  45.58
8  22  2  40.56
9  22  2  46.4
10  22  2  21.24
11  22  2  39.2
12  22  2  18.29
13  22  2  20.5
14  22  2  21.93
15  22  2  38.5
16  22  2  20.5
17  22  2  4.92
18  22  2  28.32
19  22  2  7.36
20  22  2  23.22
21  22  2  36.9
22  22  2  15.3
23  22  2  17.49
24  22  2  15.12
25  22  2  16.5
26  22  2  28.8
27  22  2  32.86
28  22  2  24.84
29  22  2  39.6
30  22  2  11.25
1  23  2  27.3
2  23  2  33.32
3  23  2  31.11
4  23  2  23.03
5  23  2  13.25
6  23  2  31.68
7  23  2  33.39
8  23  2  33.8
9  23  2  50.46
10  23  2  47.2
11  23  2  13.23
12  23  2  50.15
13  23  2  33.5
14  23  2  38.76
15  23  2  41.8
16  23  2  25.01
17  23  2  14.35
18  23  2  16.8
19  23  2  34.96
20  23  2  20.64
21  23  2  30.34
22  23  2  20.25
23  23  2  18.02
24  23  2  33.6
25  23  2  29.7
26  23  2  23.4
27  23  2  28.62
28  23  2  31.28
29  23  2  9.9
30  23  2  23.85
1  24  2  8.82
2  24  2  19.6
3  24  2  15.3
4  24  2  10.81
5  24  2  18.02
6  24  2  38.88
7  24  2  41.34
8  24  2  43.68
9  24  2  22.04
10  24  2  40.71
11  24  2  31.36
12  24  2  20.06
13  24  2  39
14  24  2  11.22
15  24  2  35.75
16  24  2  18.86
17  24  2  35.26
18  24  2  5.28
19  24  2  21.62
20  24  2  15.05
21  24  2  23.78
22  24  2  20.7
23  24  2  10.07
24  24  2  4.2
25  24  2  48.95
26  24  2  31.95
27  24  2  16.43
28  24  2  8.74
29  24  2  38.25
30  24  2  12.15
1  25  2  13.86
2  25  2  33.81
3  25  2  24.99
4  25  2  41.36
5  25  2  31.27
6  25  2  11.04
7  25  2  46.64
8  25  2  31.72
9  25  2  21.46
10  25  2  33.63
11  25  2  7.35
12  25  2  43.66
13  25  2  25.5
14  25  2  7.65
15  25  2  8.8
16  25  2  24.6
17  25  2  11.89
18  25  2  29.28
19  25  2  28.52
20  25  2  21.07
21  25  2  20.09
22  25  2  17.1
23  25  2  45.58
24  25  2  31.92
25  25  2  21.45
26  25  2  13.05
27  25  2  5.3
28  25  2  37.72
29  25  2  38.7
30  25  2  4.95
1  26  2  4.2
2  26  2  7.35
3  26  2  19.89
4  26  2  35.25
5  26  2  14.84
6  26  2  5.28
7  26  2  12.72
8  26  2  28.08
9  26  2  46.98
10  26  2  38.35
11  26  2  8.33
12  26  2  16.52
13  26  2  11
14  26  2  28.05
15  26  2  14.3
16  26  2  13.53
17  26  2  22.96
18  26  2  42.72
19  26  2  11.96
20  26  2  19.35
21  26  2  27.06
22  26  2  13.05
23  26  2  38.16
24  26  2  24.36
25  26  2  42.35
26  26  2  37.8
27  26  2  30.21
28  26  2  40.94
29  26  2  40.5
30  26  2  13.95
1  27  2  11.76
2  27  2  30.87
3  27  2  6.63
4  27  2  28.67
5  27  2  26.5
6  27  2  43.2
7  27  2  44.52
8  27  2  41.6
9  27  2  29
10  27  2  46.61
11  27  2  41.65
12  27  2  45.43
13  27  2  6.5
14  27  2  19.38
15  27  2  40.15
16  27  2  18.45
17  27  2  34.44
18  27  2  29.76
19  27  2  37.26
20  27  2  23.65
21  27  2  5.74
22  27  2  36
23  27  2  34.45
24  27  2  37.38
25  27  2  9.35
26  27  2  14.85
27  27  2  32.33
28  27  2  31.74
29  27  2  22.05
30  27  2  35.55
1  28  2  12.18
2  28  2  22.54
3  28  2  21.42
4  28  2  7.99
5  28  2  30.74
6  28  2  41.28
7  28  2  40.81
8  28  2  19.76
9  28  2  44.08
10  28  2  8.26
11  28  2  28.91
12  28  2  51.92
13  28  2  40
14  28  2  35.7
15  28  2  21.45
16  28  2  16.81
17  28  2  10.66
18  28  2  36
19  28  2  35.42
20  28  2  12.9
21  28  2  26.24
22  28  2  33.75
23  28  2  27.56
24  28  2  13.86
25  28  2  49.5
26  28  2  36.45
27  28  2  29.68
28  28  2  8.28
29  28  2  22.5
30  28  2  13.95
1  29  2  36.54
2  29  2  25.48
3  29  2  30.09
4  29  2  34.78
5  29  2  5.83
6  29  2  18.72
7  29  2  17.49
8  29  2  33.8
9  29  2  45.24
10  29  2  7.67
11  29  2  32.83
12  29  2  17.11
13  29  2  30
14  29  2  42.33
15  29  2  36.85
16  29  2  34.03
17  29  2  8.61
18  29  2  30.24
19  29  2  8.28
20  29  2  7.74
21  29  2  36.9
22  29  2  37.8
23  29  2  38.69
24  29  2  23.1
25  29  2  38.5
26  29  2  34.65
27  29  2  29.15
28  29  2  28.98
29  29  2  36.45
30  29  2  30.15
1  30  2  5.46
2  30  2  37.24
3  30  2  32.13
4  30  2  33.84
5  30  2  16.43
6  30  2  33.6
7  30  2  27.03
8  30  2  32.76
9  30  2  34.22
10  30  2  48.97
11  30  2  42.63
12  30  2  51.33
13  30  2  31
14  30  2  8.16
15  30  2  40.7
16  30  2  33.21
17  30  2  26.65
18  30  2  29.28
19  30  2  10.58
20  30  2  37.84
21  30  2  14.76
22  30  2  13.05
23  30  2  27.03
24  30  2  6.3
25  30  2  47.85
26  30  2  22.95
27  30  2  32.86
28  30  2  34.96
29  30  2  29.7
30  30  2  31.5
1  31  2  31.92
2  31  2  43.61
3  31  2  13.26
4  31  2  19.74
5  31  2  34.98
6  31  2  5.28
7  31  2  33.92
8  31  2  11.96
9  31  2  46.98
10  31  2  8.85
11  31  2  36.75
12  31  2  14.16
13  31  2  32
14  31  2  23.97
15  31  2  23.65
16  31  2  7.79
17  31  2  4.51
18  31  2  27.36
19  31  2  12.42
20  31  2  6.45
21  31  2  6.56
22  31  2  19.8
23  31  2  13.78
24  31  2  14.7
25  31  2  48.95
26  31  2  16.2
27  31  2  26.5
28  31  2  33.12
29  31  2  8.55
30  31  2  15.75
1  32  2  31.5
2  32  2  24.01
3  32  2  37.23
4  32  2  10.34
5  32  2  25.97
6  32  2  38.4
7  32  2  15.9
8  32  2  45.76
9  32  2  11.02
10  32  2  23.6
11  32  2  31.85
12  32  2  40.71
13  32  2  7.5
14  32  2  35.7
15  32  2  5.5
16  32  2  4.92
17  32  2  26.65
18  32  2  6.24
19  32  2  40.94
20  32  2  38.7
21  32  2  28.29
22  32  2  37.8
23  32  2  25.97
24  32  2  5.88
25  32  2  21.45
26  32  2  20.7
27  32  2  9.01
28  32  2  39.1
29  32  2  31.05
30  32  2  31.05
1  33  2  14.28
2  33  2  28.91
3  33  2  16.32
4  33  2  13.63
5  33  2  27.56
6  33  2  33.12
7  33  2  35.51
8  33  2  25.48
9  33  2  45.82
10  33  2  11.21
11  33  2  18.62
12  33  2  15.34
13  33  2  22.5
14  33  2  10.2
15  33  2  43.45
16  33  2  26.24
17  33  2  33.21
18  33  2  26.4
19  33  2  31.74
20  33  2  36.55
21  33  2  13.53
22  33  2  5.85
23  33  2  9.01
24  33  2  10.92
25  33  2  17.6
26  33  2  36.45
27  33  2  27.56
28  33  2  40.02
29  33  2  34.2
30  33  2  20.7
1  34  2  15.96
2  34  2  20.09
3  34  2  25.5
4  34  2  18.8
5  34  2  45.58
6  34  2  31.2
7  34  2  10.6
8  34  2  15.08
9  34  2  15.08
10  34  2  38.94
11  34  2  35.77
12  34  2  37.17
13  34  2  19
14  34  2  8.67
15  34  2  48.95
16  34  2  8.2
17  34  2  9.84
18  34  2  7.68
19  34  2  14.26
20  34  2  23.22
21  34  2  19.27
22  34  2  21.15
23  34  2  11.13
24  34  2  25.62
25  34  2  39.05
26  34  2  15.75
27  34  2  16.96
28  34  2  12.42
29  34  2  28.8
30  34  2  33.75
1  35  2  18.48
2  35  2  22.05
3  35  2  10.71
4  35  2  17.39
5  35  2  31.8
6  35  2  27.84
7  35  2  8.48
8  35  2  25.48
9  35  2  26.1
10  35  2  49.56
11  35  2  26.46
12  35  2  30.68
13  35  2  15.5
14  35  2  38.25
15  35  2  25.3
16  35  2  17.22
17  35  2  9.43
18  35  2  24.48
19  35  2  18.86
20  35  2  33.97
21  35  2  36.08
22  35  2  19.8
23  35  2  28.09
24  35  2  29.4
25  35  2  26.95
26  35  2  10.8
27  35  2  46.11
28  35  2  29.9
29  35  2  13.5
30  35  2  29.25
1  36  2  31.92
2  36  2  17.64
3  36  2  24.48
4  36  2  14.1
5  36  2  43.46
6  36  2  30.24
7  36  2  28.09
8  36  2  41.6
9  36  2  52.2
10  36  2  18.88
11  36  2  14.21
12  36  2  43.66
13  36  2  6.5
14  36  2  37.74
15  36  2  41.8
16  36  2  26.65
17  36  2  27.47
18  36  2  29.28
19  36  2  27.14
20  36  2  24.94
21  36  2  4.1
22  36  2  40.05
23  36  2  5.3
24  36  2  21
25  36  2  43.45
26  36  2  29.25
27  36  2  7.95
28  36  2  38.64
29  36  2  35.55
30  36  2  22.05
1  37  2  26.46
2  37  2  30.87
3  37  2  44.88
4  37  2  14.57
5  37  2  43.46
6  37  2  25.92
7  37  2  33.92
8  37  2  39
9  37  2  36.54
10  37  2  33.04
11  37  2  6.86
12  37  2  24.78
13  37  2  40.5
14  37  2  29.07
15  37  2  24.2
16  37  2  20.91
17  37  2  18.45
18  37  2  42.72
19  37  2  26.22
20  37  2  18.92
21  37  2  21.32
22  37  2  30.15
23  37  2  23.32
24  37  2  5.88
25  37  2  18.15
26  37  2  35.55
27  37  2  13.25
28  37  2  11.04
29  37  2  15.3
30  37  2  13.5
1  38  2  9.66
2  38  2  30.87
3  38  2  15.3
4  38  2  13.16
5  38  2  27.56
6  38  2  26.88
7  38  2  34.98
8  38  2  18.2
9  38  2  14.5
10  38  2  24.19
11  38  2  31.85
12  38  2  51.33
13  38  2  18.5
14  38  2  36.21
15  38  2  26.4
16  38  2  21.73
17  38  2  36.9
18  38  2  10.08
19  38  2  13.34
20  38  2  6.02
21  38  2  33.62
22  38  2  37.8
23  38  2  7.42
24  38  2  32.34
25  38  2  12.1
26  38  2  23.85
27  38  2  38.69
28  38  2  20.24
29  38  2  35.55
30  38  2  39.6
1  39  2  32.34
2  39  2  24.99
3  39  2  23.97
4  39  2  5.64
5  39  2  6.89
6  39  2  39.84
7  39  2  9.01
8  39  2  44.2
9  39  2  51.62
10  39  2  27.14
11  39  2  41.16
12  39  2  27.14
13  39  2  13
14  39  2  26.52
15  39  2  13.75
16  39  2  29.11
17  39  2  16.81
18  39  2  25.92
19  39  2  15.18
20  39  2  15.05
21  39  2  34.03
22  39  2  26.55
23  39  2  31.8
24  39  2  15.54
25  39  2  5.5
26  39  2  6.3
27  39  2  9.01
28  39  2  33.58
29  39  2  40.5
30  39  2  20.25
1  40  2  33.6
2  40  2  22.54
3  40  2  32.13
4  40  2  7.99
5  40  2  16.43
6  40  2  6.24
7  40  2  19.61
8  40  2  31.72
9  40  2  31.32
10  40  2  47.79
11  40  2  10.29
12  40  2  38.94
13  40  2  8
14  40  2  33.15
15  40  2  17.6
16  40  2  31.98
17  40  2  31.98
18  40  2  11.52
19  40  2  34.96
20  40  2  4.3
21  40  2  5.33
22  40  2  31.95
23  40  2  34.98
24  40  2  10.08
25  40  2  31.9
26  40  2  4.5
27  40  2  19.61
28  40  2  27.6
29  40  2  19.8
30  40  2  19.35
1  41  2  8.4
2  41  2  23.03
3  41  2  22.44
4  41  2  7.52
5  41  2  43.99
6  41  2  16.32
7  41  2  40.28
8  41  2  26.52
9  41  2  26.68
10  41  2  47.2
11  41  2  33.32
12  41  2  8.26
13  41  2  22.5
14  41  2  27.03
15  41  2  15.4
16  41  2  34.03
17  41  2  18.86
18  41  2  6.72
19  41  2  39.56
20  41  2  30.1
21  41  2  19.68
22  41  2  17.1
23  41  2  41.34
24  41  2  15.96
25  41  2  35.75
26  41  2  12.6
27  41  2  32.33
28  41  2  35.88
29  41  2  39.6
30  41  2  15.75
1  42  2  7.56
2  42  2  24.01
3  42  2  18.36
4  42  2  40.42
5  42  2  20.14
6  42  2  33.12
7  42  2  31.27
8  42  2  10.92
9  42  2  37.7
10  42  2  50.15
11  42  2  23.03
12  42  2  30.09
13  42  2  21
14  42  2  8.16
15  42  2  23.1
16  42  2  20.09
17  42  2  5.33
18  42  2  34.56
19  42  2  7.36
20  42  2  37.41
21  42  2  8.2
22  42  2  30.6
23  42  2  22.26
24  42  2  8.4
25  42  2  49.5
26  42  2  12.15
27  42  2  12.72
28  42  2  38.18
29  42  2  36.45
30  42  2  17.55
1  43  2  27.72
2  43  2  42.63
3  43  2  39.27
4  43  2  27.26
5  43  2  19.08
6  43  2  21.12
7  43  2  13.78
8  43  2  31.2
9  43  2  29.58
10  43  2  22.42
11  43  2  15.19
12  43  2  35.99
13  43  2  45
14  43  2  35.7
15  43  2  7.15
16  43  2  32.8
17  43  2  13.53
18  43  2  32.64
19  43  2  13.8
20  43  2  37.84
21  43  2  25.01
22  43  2  10.8
23  43  2  6.89
24  43  2  5.88
25  43  2  41.25
26  43  2  13.95
27  43  2  35.51
28  43  2  16.56
29  43  2  19.8
30  43  2  23.4
1  44  2  5.88
2  44  2  44.1
3  44  2  26.52
4  44  2  29.61
5  44  2  41.87
6  44  2  33.6
7  44  2  45.05
8  44  2  9.88
9  44  2  41.18
10  44  2  46.61
11  44  2  35.77
12  44  2  20.06
13  44  2  10.5
14  44  2  34.68
15  44  2  13.75
16  44  2  8.61
17  44  2  19.27
18  44  2  32.16
19  44  2  5.98
20  44  2  32.68
21  44  2  33.21
22  44  2  39.15
23  44  2  27.03
24  44  2  21.42
25  44  2  18.15
26  44  2  8.1
27  44  2  25.44
28  44  2  26.22
29  44  2  38.25
30  44  2  8.1
1  45  2  16.8
2  45  2  15.19
3  45  2  44.88
4  45  2  33.84
5  45  2  27.56
6  45  2  9.6
7  45  2  12.19
8  45  2  40.56
9  45  2  39.44
10  45  2  8.26
11  45  2  26.46
12  45  2  29.5
13  45  2  39
14  45  2  36.72
15  45  2  12.1
16  45  2  12.71
17  45  2  17.63
18  45  2  14.4
19  45  2  21.62
20  45  2  6.88
21  45  2  29.52
22  45  2  30.6
23  45  2  25.44
24  45  2  31.08
25  45  2  21.45
26  45  2  13.05
27  45  2  39.22
28  45  2  7.36
29  45  2  6.3
30  45  2  11.7
1  46  2  13.44
2  46  2  35.77
3  46  2  44.88
4  46  2  30.08
5  46  2  8.48
6  46  2  43.2
7  46  2  19.08
8  46  2  28.08
9  46  2  35.96
10  46  2  8.85
11  46  2  31.36
12  46  2  46.61
13  46  2  18
14  46  2  38.76
15  46  2  8.8
16  46  2  27.06
17  46  2  10.66
18  46  2  24
19  46  2  15.64
20  46  2  16.77
21  46  2  7.79
22  46  2  18.9
23  46  2  31.27
24  46  2  12.18
25  46  2  19.25
26  46  2  18.9
27  46  2  9.54
28  46  2  32.2
29  46  2  30.6
30  46  2  20.25
1  47  2  20.16
2  47  2  41.65
3  47  2  9.18
4  47  2  26.32
5  47  2  47.7
6  47  2  25.92
7  47  2  5.3
8  47  2  36.92
9  47  2  9.86
10  47  2  47.2
11  47  2  33.81
12  47  2  25.37
13  47  2  25.5
14  47  2  41.82
15  47  2  17.6
16  47  2  36.9
17  47  2  31.57
18  47  2  20.64
19  47  2  18.86
20  47  2  13.33
21  47  2  5.74
22  47  2  31.95
23  47  2  43.46
24  47  2  5.04
25  47  2  13.2
26  47  2  32.85
27  47  2  32.33
28  47  2  35.42
29  47  2  18
30  47  2  15.3
1  48  2  36.12
2  48  2  12.74
3  48  2  31.11
4  48  2  23.03
5  48  2  11.66
6  48  2  33.12
7  48  2  46.11
8  48  2  35.36
9  48  2  33.06
10  48  2  47.2
11  48  2  18.13
12  48  2  28.91
13  48  2  17.5
14  48  2  7.14
15  48  2  8.8
16  48  2  4.92
17  48  2  31.16
18  48  2  37.92
19  48  2  15.64
20  48  2  9.46
21  48  2  13.53
22  48  2  9.45
23  48  2  36.04
24  48  2  5.04
25  48  2  19.8
26  48  2  24.3
27  48  2  7.95
28  48  2  37.26
29  48  2  9
30  48  2  24.75
1  49  2  21
2  49  2  44.1
3  49  2  39.78
4  49  2  15.04
5  49  2  19.61
6  49  2  24.48
7  49  2  25.97
8  49  2  11.44
9  49  2  19.14
10  49  2  36.58
11  49  2  9.8
12  49  2  43.66
13  49  2  5
14  49  2  6.12
15  49  2  37.4
16  49  2  6.97
17  49  2  17.22
18  49  2  32.64
19  49  2  5.06
20  49  2  27.52
21  49  2  31.98
22  49  2  7.65
23  49  2  46.64
24  49  2  4.62
25  49  2  14.3
26  49  2  21.6
27  49  2  39.22
28  49  2  39.1
29  49  2  14.85
30  49  2  7.65
1  50  2  27.72
2  50  2  35.77
3  50  2  38.25
4  50  2  29.14
5  50  2  12.72
6  50  2  26.88
7  50  2  47.17
8  50  2  32.76
9  50  2  19.14
10  50  2  36.58
11  50  2  7.84
12  50  2  8.26
13  50  2  34.5
14  50  2  8.16
15  50  2  12.65
16  50  2  4.92
17  50  2  10.66
18  50  2  18.24
19  50  2  8.28
20  50  2  5.59
21  50  2  26.65
22  50  2  11.25
23  50  2  27.56
24  50  2  25.2
25  50  2  28.6
26  50  2  9.45
27  50  2  20.14
28  50  2  15.18
29  50  2  30.15
30  50  2  21.6
;

param xi_base :=
1  1  21
2  1  73
3  1  52
4  1  48
5  1  40
6  1  87
7  1  15
8  1  54
9  1  54
10  1  47
11  1  38
12  1  73
13  1  51
14  1  20
15  1  69
16  1  57
17  1  65
18  1  19
19  1  60
20  1  56
21  1  13
22  1  85
23  1  46
24  1  89
25  1  25
26  1  10
27  1  34
28  1  67
29  1  19
30  1  39
1  2  28
2  2  21
3  2  63
4  2  29
5  2  27
6  2  84
7  2  84
8  2  62
9  2  13
10  2  14
11  2  15
12  2  51
13  2  60
14  2  20
15  2  76
16  2  78
17  2  58
18  2  47
19  2  34
20  2  43
21  2  16
22  2  33
23  2  26
24  2  86
25  2  74
26  2  21
27  2  15
28  2  24
29  2  30
30  2  19
1  3  39
2  3  35
3  3  20
4  3  19
5  3  10
6  3  85
7  3  63
8  3  32
9  3  31
10  3  15
11  3  36
12  3  73
13  3  60
14  3  85
15  3  24
16  3  29
17  3  10
18  3  87
19  3  62
20  3  28
21  3  27
22  3  10
23  3  74
24  3  37
25  3  35
26  3  56
27  3  73
28  3  84
29  3  72
30  3  19
1  4  29
2  4  85
3  4  21
4  4  27
5  4  88
6  4  42
7  4  27
8  4  79
9  4  53
10  4  89
11  4  87
12  4  84
13  4  53
14  4  51
15  4  77
16  4  42
17  4  18
18  4  70
19  4  38
20  4  40
21  4  65
22  4  67
23  4  55
24  4  70
25  4  58
26  4  13
27  4  36
28  4  40
29  4  51
30  4  65
1  5  56
2  5  68
3  5  75
4  5  72
5  5  59
6  5  30
7  5  64
8  5  19
9  5  30
10  5  81
11  5  76
12  5  75
13  5  82
14  5  22
15  5  13
16  5  67
17  5  82
18  5  90
19  5  16
20  5  61
21  5  79
22  5  34
23  5  11
24  5  59
25  5  13
26  5  54
27  5  48
28  5  83
29  5  66
30  5  18
1  6  53
2  6  80
3  6  53
4  6  37
5  6  73
6  6  81
7  6  73
8  6  66
9  6  47
10  6  78
11  6  48
12  6  19
13  6  40
14  6  81
15  6  46
16  6  74
17  6  32
18  6  11
19  6  53
20  6  22
21  6  25
22  6  43
23  6  67
24  6  70
25  6  57
26  6  79
27  6  66
28  6  31
29  6  32
30  6  64
1  7  36
2  7  17
3  7  79
4  7  23
5  7  46
6  7  27
7  7  16
8  7  43
9  7  49
10  7  83
11  7  88
12  7  87
13  7  39
14  7  42
15  7  40
16  7  30
17  7  88
18  7  52
19  7  62
20  7  27
21  7  87
22  7  35
23  7  26
24  7  53
25  7  89
26  7  66
27  7  24
28  7  28
29  7  15
30  7  46
1  8  28
2  8  36
3  8  21
4  8  46
5  8  45
6  8  46
7  8  52
8  8  34
9  8  62
10  8  40
11  8  27
12  8  11
13  8  19
14  8  33
15  8  44
16  8  60
17  8  67
18  8  48
19  8  40
20  8  33
21  8  12
22  8  53
23  8  19
24  8  70
25  8  13
26  8  89
27  8  18
28  8  44
29  8  85
30  8  39
1  9  45
2  9  25
3  9  16
4  9  32
5  9  82
6  9  40
7  9  59
8  9  24
9  9  39
10  9  68
11  9  26
12  9  17
13  9  86
14  9  40
15  9  17
16  9  58
17  9  72
18  9  86
19  9  58
20  9  65
21  9  10
22  9  51
23  9  49
24  9  13
25  9  18
26  9  38
27  9  67
28  9  58
29  9  22
30  9  22
1  10  15
2  10  47
3  10  24
4  10  51
5  10  64
6  10  41
7  10  69
8  10  71
9  10  45
10  10  89
11  10  21
12  10  83
13  10  84
14  10  34
15  10  49
16  10  80
17  10  49
18  10  61
19  10  45
20  10  76
21  10  66
22  10  69
23  10  40
24  10  59
25  10  61
26  10  45
27  10  22
28  10  25
29  10  65
30  10  47
1  11  46
2  11  26
3  11  26
4  11  83
5  11  14
6  11  25
7  11  56
8  11  43
9  11  44
10  11  10
11  11  58
12  11  61
13  11  46
14  11  73
15  11  46
16  11  69
17  11  89
18  11  83
19  11  24
20  11  34
21  11  43
22  11  33
23  11  37
24  11  18
25  11  35
26  11  72
27  11  51
28  11  15
29  11  53
30  11  37
1  12  60
2  12  21
3  12  56
4  12  45
5  12  65
6  12  30
7  12  19
8  12  70
9  12  72
10  12  46
11  12  32
12  12  35
13  12  29
14  12  69
15  12  68
16  12  45
17  12  27
18  12  39
19  12  38
20  12  23
21  12  69
22  12  63
23  12  56
24  12  30
25  12  25
26  12  44
27  12  52
28  12  63
29  12  87
30  12  21
1  13  24
2  13  75
3  13  77
4  13  76
5  13  90
6  13  87
7  13  37
8  13  81
9  13  87
10  13  33
11  13  55
12  13  62
13  13  51
14  13  47
15  13  44
16  13  79
17  13  90
18  13  90
19  13  84
20  13  77
21  13  38
22  13  54
23  13  27
24  13  70
25  13  33
26  13  30
27  13  43
28  13  72
29  13  41
30  13  50
1  14  87
2  14  47
3  14  13
4  14  11
5  14  22
6  14  39
7  14  54
8  14  58
9  14  67
10  14  59
11  14  60
12  14  61
13  14  81
14  14  74
15  14  65
16  14  43
17  14  71
18  14  59
19  14  21
20  14  48
21  14  43
22  14  48
23  14  67
24  14  22
25  14  36
26  14  24
27  14  20
28  14  62
29  14  78
30  14  14
1  15  44
2  15  87
3  15  26
4  15  13
5  15  62
6  15  10
7  15  40
8  15  51
9  15  71
10  15  45
11  15  52
12  15  23
13  15  43
14  15  51
15  15  52
16  15  75
17  15  48
18  15  23
19  15  90
20  15  71
21  15  59
22  15  32
23  15  31
24  15  33
25  15  68
26  15  48
27  15  54
28  15  61
29  15  17
30  15  77
1  16  82
2  16  83
3  16  53
4  16  62
5  16  44
6  16  89
7  16  66
8  16  61
9  16  73
10  16  81
11  16  80
12  16  68
13  16  67
14  16  15
15  16  14
16  16  19
17  16  61
18  16  18
19  16  25
20  16  81
21  16  27
22  16  69
23  16  87
24  16  13
25  16  15
26  16  25
27  16  17
28  16  48
29  16  34
30  16  52
1  17  68
2  17  36
3  17  53
4  17  78
5  17  37
6  17  19
7  17  87
8  17  29
9  17  19
10  17  40
11  17  54
12  17  65
13  17  45
14  17  81
15  17  47
16  17  36
17  17  74
18  17  90
19  17  41
20  17  58
21  17  64
22  17  76
23  17  67
24  17  63
25  17  50
26  17  86
27  17  87
28  17  73
29  17  31
30  17  26
1  18  90
2  18  47
3  18  90
4  18  36
5  18  90
6  18  34
7  18  90
8  18  17
9  18  79
10  18  68
11  18  89
12  18  24
13  18  62
14  18  31
15  18  87
16  18  62
17  18  62
18  18  31
19  18  41
20  18  75
21  18  83
22  18  31
23  18  10
24  18  51
25  18  16
26  18  55
27  18  82
28  18  14
29  18  34
30  18  62
1  19  82
2  19  83
3  19  90
4  19  74
5  19  50
6  19  13
7  19  71
8  19  84
9  19  66
10  19  48
11  19  71
12  19  17
13  19  38
14  19  29
15  19  64
16  19  73
17  19  25
18  19  76
19  19  14
20  19  77
21  19  88
22  19  51
23  19  39
24  19  53
25  19  46
26  19  47
27  19  27
28  19  12
29  19  27
30  19  11
1  20  31
2  20  26
3  20  31
4  20  30
5  20  73
6  20  56
7  20  54
8  20  19
9  20  90
10  20  32
11  20  68
12  20  25
13  20  20
14  20  10
15  20  78
16  20  64
17  20  46
18  20  29
19  20  30
20  20  75
21  20  90
22  20  10
23  20  16
24  20  58
25  20  67
26  20  25
27  20  17
28  20  12
29  20  53
30  20  49
1  21  34
2  21  66
3  21  34
4  21  38
5  21  39
6  21  39
7  21  17
8  21  23
9  21  81
10  21  65
11  21  84
12  21  81
13  21  51
14  21  66
15  21  76
16  21  33
17  21  34
18  21  76
19  21  50
20  21  64
21  21  20
22  21  39
23  21  31
24  21  65
25  21  68
26  21  69
27  21  65
28  21  20
29  21  61
30  21  38
1  22  72
2  22  35
3  22  35
4  22  86
5  22  73
6  22  60
7  22  86
8  22  78
9  22  80
10  22  36
11  22  80
12  22  31
13  22  41
14  22  43
15  22  70
16  22  50
17  22  12
18  22  59
19  22  16
20  22  54
21  22  90
22  22  34
23  22  33
24  22  36
25  22  30
26  22  64
27  22  62
28  22  54
29  22  88
30  22  25
1  23  65
2  23  68
3  23  61
4  23  49
5  23  25
6  23  66
7  23  63
8  23  65
9  23  87
10  23  80
11  23  27
12  23  85
13  23  67
14  23  76
15  23  76
16  23  61
17  23  35
18  23  35
19  23  76
20  23  48
21  23  74
22  23  45
23  23  34
24  23  80
25  23  54
26  23  52
27  23  54
28  23  68
29  23  22
30  23  53
1  24  21
2  24  40
3  24  30
4  24  23
5  24  34
6  24  81
7  24  78
8  24  84
9  24  38
10  24  69
11  24  64
12  24  34
13  24  78
14  24  22
15  24  65
16  24  46
17  24  86
18  24  11
19  24  47
20  24  35
21  24  58
22  24  46
23  24  19
24  24  10
25  24  89
26  24  71
27  24  31
28  24  19
29  24  85
30  24  27
1  25  33
2  25  69
3  25  49
4  25  88
5  25  59
6  25  23
7  25  88
8  25  61
9  25  37
10  25  57
11  25  15
12  25  74
13  25  51
14  25  15
15  25  16
16  25  60
17  25  29
18  25  61
19  25  62
20  25  49
21  25  49
22  25  38
23  25  86
24  25  76
25  25  39
26  25  29
27  25  10
28  25  82
29  25  86
30  25  11
1  26  10
2  26  15
3  26  39
4  26  75
5  26  28
6  26  11
7  26  24
8  26  54
9  26  81
10  26  65
11  26  17
12  26  28
13  26  22
14  26  55
15  26  26
16  26  33
17  26  56
18  26  89
19  26  26
20  26  45
21  26  66
22  26  29
23  26  72
24  26  58
25  26  77
26  26  84
27  26  57
28  26  89
29  26  90
30  26  31
1  27  28
2  27  63
3  27  13
4  27  61
5  27  50
6  27  90
7  27  84
8  27  80
9  27  50
10  27  79
11  27  85
12  27  77
13  27  13
14  27  38
15  27  73
16  27  45
17  27  84
18  27  62
19  27  81
20  27  55
21  27  14
22  27  80
23  27  65
24  27  89
25  27  17
26  27  33
27  27  61
28  27  69
29  27  49
30  27  79
1  28  29
2  28  46
3  28  42
4  28  17
5  28  58
6  28  86
7  28  77
8  28  38
9  28  76
10  28  14
11  28  59
12  28  88
13  28  80
14  28  70
15  28  39
16  28  41
17  28  26
18  28  75
19  28  77
20  28  30
21  28  64
22  28  75
23  28  52
24  28  33
25  28  90
26  28  81
27  28  56
28  28  18
29  28  50
30  28  31
1  29  87
2  29  52
3  29  59
4  29  74
5  29  11
6  29  39
7  29  33
8  29  65
9  29  78
10  29  13
11  29  67
12  29  29
13  29  60
14  29  83
15  29  67
16  29  83
17  29  21
18  29  63
19  29  18
20  29  18
21  29  90
22  29  84
23  29  73
24  29  55
25  29  70
26  29  77
27  29  55
28  29  63
29  29  81
30  29  67
1  30  13
2  30  76
3  30  63
4  30  72
5  30  31
6  30  70
7  30  51
8  30  63
9  30  59
10  30  83
11  30  87
12  30  87
13  30  62
14  30  16
15  30  74
16  30  81
17  30  65
18  30  61
19  30  23
20  30  88
21  30  36
22  30  29
23  30  51
24  30  15
25  30  87
26  30  51
27  30  62
28  30  76
29  30  66
30  30  70
1  31  76
2  31  89
3  31  26
4  31  42
5  31  66
6  31  11
7  31  64
8  31  23
9  31  81
10  31  15
11  31  75
12  31  24
13  31  64
14  31  47
15  31  43
16  31  19
17  31  11
18  31  57
19  31  27
20  31  15
21  31  16
22  31  44
23  31  26
24  31  35
25  31  89
26  31  36
27  31  50
28  31  72
29  31  19
30  31  35
1  32  75
2  32  49
3  32  73
4  32  22
5  32  49
6  32  80
7  32  30
8  32  88
9  32  19
10  32  40
11  32  65
12  32  69
13  32  15
14  32  70
15  32  10
16  32  12
17  32  65
18  32  13
19  32  89
20  32  90
21  32  69
22  32  84
23  32  49
24  32  14
25  32  39
26  32  46
27  32  17
28  32  85
29  32  69
30  32  69
1  33  34
2  33  59
3  33  32
4  33  29
5  33  52
6  33  69
7  33  67
8  33  49
9  33  79
10  33  19
11  33  38
12  33  26
13  33  45
14  33  20
15  33  79
16  33  64
17  33  81
18  33  55
19  33  69
20  33  85
21  33  33
22  33  13
23  33  17
24  33  26
25  33  32
26  33  81
27  33  52
28  33  87
29  33  76
30  33  46
1  34  38
2  34  41
3  34  50
4  34  40
5  34  86
6  34  65
7  34  20
8  34  29
9  34  26
10  34  66
11  34  73
12  34  63
13  34  38
14  34  17
15  34  89
16  34  20
17  34  24
18  34  16
19  34  31
20  34  54
21  34  47
22  34  47
23  34  21
24  34  61
25  34  71
26  34  35
27  34  32
28  34  27
29  34  64
30  34  75
1  35  44
2  35  45
3  35  21
4  35  37
5  35  60
6  35  58
7  35  16
8  35  49
9  35  45
10  35  84
11  35  54
12  35  52
13  35  31
14  35  75
15  35  46
16  35  42
17  35  23
18  35  51
19  35  41
20  35  79
21  35  88
22  35  44
23  35  53
24  35  70
25  35  49
26  35  24
27  35  87
28  35  65
29  35  30
30  35  65
1  36  76
2  36  36
3  36  48
4  36  30
5  36  82
6  36  63
7  36  53
8  36  80
9  36  90
10  36  32
11  36  29
12  36  74
13  36  13
14  36  74
15  36  76
16  36  65
17  36  67
18  36  61
19  36  59
20  36  58
21  36  10
22  36  89
23  36  10
24  36  50
25  36  79
26  36  65
27  36  15
28  36  84
29  36  79
30  36  49
1  37  63
2  37  63
3  37  88
4  37  31
5  37  82
6  37  54
7  37  64
8  37  75
9  37  63
10  37  56
11  37  14
12  37  42
13  37  81
14  37  57
15  37  44
16  37  51
17  37  45
18  37  89
19  37  57
20  37  44
21  37  52
22  37  67
23  37  44
24  37  14
25  37  33
26  37  79
27  37  25
28  37  24
29  37  34
30  37  30
1  38  23
2  38  63
3  38  30
4  38  28
5  38  52
6  38  56
7  38  66
8  38  35
9  38  25
10  38  41
11  38  65
12  38  87
13  38  37
14  38  71
15  38  48
16  38  53
17  38  90
18  38  21
19  38  29
20  38  14
21  38  82
22  38  84
23  38  14
24  38  77
25  38  22
26  38  53
27  38  73
28  38  44
29  38  79
30  38  88
1  39  77
2  39  51
3  39  47
4  39  12
5  39  13
6  39  83
7  39  17
8  39  85
9  39  89
10  39  46
11  39  84
12  39  46
13  39  26
14  39  52
15  39  25
16  39  71
17  39  41
18  39  54
19  39  33
20  39  35
21  39  83
22  39  59
23  39  60
24  39  37
25  39  10
26  39  14
27  39  17
28  39  73
29  39  90
30  39  45
1  40  80
2  40  46
3  40  63
4  40  17
5  40  31
6  40  13
7  40  37
8  40  61
9  40  54
10  40  81
11  40  21
12  40  66
13  40  16
14  40  65
15  40  32
16  40  78
17  40  78
18  40  24
19  40  76
20  40  10
21  40  13
22  40  71
23  40  66
24  40  24
25  40  58
26  40  10
27  40  37
28  40  60
29  40  44
30  40  43
1  41  20
2  41  47
3  41  44
4  41  16
5  41  83
6  41  34
7  41  76
8  41  51
9  41  46
10  41  80
11  41  68
12  41  14
13  41  45
14  41  53
15  41  28
16  41  83
17  41  46
18  41  14
19  41  86
20  41  70
21  41  48
22  41  38
23  41  78
24  41  38
25  41  65
26  41  28
27  41  61
28  41  78
29  41  88
30  41  35
1  42  18
2  42  49
3  42  36
4  42  86
5  42  38
6  42  69
7  42  59
8  42  21
9  42  65
10  42  85
11  42  47
12  42  51
13  42  42
14  42  16
15  42  42
16  42  49
17  42  13
18  42  72
19  42  16
20  42  87
21  42  20
22  42  68
23  42  42
24  42  20
25  42  90
26  42  27
27  42  24
28  42  83
29  42  81
30  42  39
1  43  66
2  43  87
3  43  77
4  43  58
5  43  36
6  43  44
7  43  26
8  43  60
9  43  51
10  43  38
11  43  31
12  43  61
13  43  90
14  43  70
15  43  13
16  43  80
17  43  33
18  43  68
19  43  30
20  43  88
21  43  61
22  43  24
23  43  13
24  43  14
25  43  75
26  43  31
27  43  67
28  43  36
29  43  44
30  43  52
1  44  14
2  44  90
3  44  52
4  44  63
5  44  79
6  44  70
7  44  85
8  44  19
9  44  71
10  44  79
11  44  73
12  44  34
13  44  21
14  44  68
15  44  25
16  44  21
17  44  47
18  44  67
19  44  13
20  44  76
21  44  81
22  44  87
23  44  51
24  44  51
25  44  33
26  44  18
27  44  48
28  44  57
29  44  85
30  44  18
1  45  40
2  45  31
3  45  88
4  45  72
5  45  52
6  45  20
7  45  23
8  45  78
9  45  68
10  45  14
11  45  54
12  45  50
13  45  78
14  45  72
15  45  22
16  45  31
17  45  43
18  45  30
19  45  47
20  45  16
21  45  72
22  45  68
23  45  48
24  45  74
25  45  39
26  45  29
27  45  74
28  45  16
29  45  14
30  45  26
1  46  32
2  46  73
3  46  88
4  46  64
5  46  16
6  46  90
7  46  36
8  46  54
9  46  62
10  46  15
11  46  64
12  46  79
13  46  36
14  46  76
15  46  16
16  46  66
17  46  26
18  46  50
19  46  34
20  46  39
21  46  19
22  46  42
23  46  59
24  46  29
25  46  35
26  46  42
27  46  18
28  46  70
29  46  68
30  46  45
1  47  48
2  47  85
3  47  18
4  47  56
5  47  90
6  47  54
7  47  10
8  47  71
9  47  17
10  47  80
11  47  69
12  47  43
13  47  51
14  47  82
15  47  32
16  47  90
17  47  77
18  47  43
19  47  41
20  47  31
21  47  14
22  47  71
23  47  82
24  47  12
25  47  24
26  47  73
27  47  61
28  47  77
29  47  40
30  47  34
1  48  86
2  48  26
3  48  61
4  48  49
5  48  22
6  48  69
7  48  87
8  48  68
9  48  57
10  48  80
11  48  37
12  48  49
13  48  35
14  48  14
15  48  16
16  48  12
17  48  76
18  48  79
19  48  34
20  48  22
21  48  33
22  48  21
23  48  68
24  48  12
25  48  36
26  48  54
27  48  15
28  48  81
29  48  20
30  48  55
1  49  50
2  49  90
3  49  78
4  49  32
5  49  37
6  49  51
7  49  49
8  49  22
9  49  33
10  49  62
11  49  20
12  49  74
13  49  10
14  49  12
15  49  68
16  49  17
17  49  42
18  49  68
19  49  11
20  49  64
21  49  78
22  49  17
23  49  88
24  49  11
25  49  26
26  49  48
27  49  74
28  49  85
29  49  33
30  49  17
1  50  66
2  50  73
3  50  75
4  50  62
5  50  24
6  50  56
7  50  89
8  50  63
9  50  33
10  50  62
11  50  16
12  50  14
13  50  69
14  50  16
15  50  23
16  50  12
17  50  26
18  50  38
19  50  18
20  50  13
21  50  65
22  50  25
23  50  52
24  50  60
25  50  52
26  50  21
27  50  38
28  50  33
29  50  67
30  50  48
;

param a :=
1  1  1
2  1  0.42
1  2  1
2  2  0.49
1  3  1
2  3  0.51
1  4  1
2  4  0.47
1  5  1
2  5  0.53
1  6  1
2  6  0.48
1  7  1
2  7  0.53
1  8  1
2  8  0.52
1  9  1
2  9  0.58
1  10  1
2  10  0.59
1  11  1
2  11  0.49
1  12  1
2  12  0.59
1  13  1
2  13  0.5
1  14  1
2  14  0.51
1  15  1
2  15  0.55
1  16  1
2  16  0.41
1  17  1
2  17  0.41
1  18  1
2  18  0.48
1  19  1
2  19  0.46
1  20  1
2  20  0.43
1  21  1
2  21  0.41
1  22  1
2  22  0.45
1  23  1
2  23  0.53
1  24  1
2  24  0.42
1  25  1
2  25  0.55
1  26  1
2  26  0.45
1  27  1
2  27  0.53
1  28  1
2  28  0.46
1  29  1
2  29  0.45
1  30  1
2  30  0.45
;

