param com_measure1 := 1;

param com_measure2 := 1;

param kappa_max := 787.65;

param U_tau := 438.8201;

param nT := 2;

param nS := 100;

param nL := 20;

param B := 1018.93;

param w :=
1  1
2  1
3  1
4  1
5  3
6  1
7  1
8  1
9  3
10  2
11  1
12  3
13  3
14  2
15  2
16  2
17  1
18  1
19  1
20  3
;

param h :=
1  1  0
1  2  0
1  3  0
1  4  0
1  5  0
1  6  0
1  7  0
1  8  0
1  9  0
1  10  0
1  11  0
1  12  0
1  13  0
1  14  0
1  15  0
1  16  0
1  17  0
1  18  0
1  19  0
1  20  0
2  1  79.38
2  2  112.30
2  3  91.64
2  4  83.36
2  5  89.86
2  6  112.78
2  7  94.14
2  8  103.70
2  9  100.02
2  10  82.69
2  11  101.61
2  12  118.39
2  13  120.67
2  14  103.20
2  15  102.48
2  16  111.58
2  17  116.71
2  18  87.71
2  19  113.47
2  20  112.18
;

param xi :=
1  1  1  68
2  1  1  23
3  1  1  32
4  1  1  34
5  1  1  56
6  1  1  26
7  1  1  25
8  1  1  40
9  1  1  20
10  1  1  46
11  1  1  50
12  1  1  62
13  1  1  46
14  1  1  66
15  1  1  46
16  1  1  73
17  1  1  14
18  1  1  80
19  1  1  79
20  1  1  76
1  2  1  46
2  2  1  26
3  2  1  78
4  2  1  27
5  2  1  49
6  2  1  75
7  2  1  71
8  2  1  56
9  2  1  23
10  2  1  44
11  2  1  35
12  2  1  15
13  2  1  75
14  2  1  24
15  2  1  49
16  2  1  10
17  2  1  84
18  2  1  59
19  2  1  72
20  2  1  67
1  3  1  41
2  3  1  71
3  3  1  75
4  3  1  45
5  3  1  27
6  3  1  27
7  3  1  86
8  3  1  32
9  3  1  41
10  3  1  39
11  3  1  78
12  3  1  74
13  3  1  48
14  3  1  68
15  3  1  75
16  3  1  46
17  3  1  54
18  3  1  21
19  3  1  28
20  3  1  87
1  4  1  29
2  4  1  36
3  4  1  79
4  4  1  69
5  4  1  14
6  4  1  12
7  4  1  20
8  4  1  68
9  4  1  47
10  4  1  78
11  4  1  24
12  4  1  38
13  4  1  74
14  4  1  59
15  4  1  84
16  4  1  60
17  4  1  70
18  4  1  16
19  4  1  31
20  4  1  31
1  5  1  49
2  5  1  66
3  5  1  51
4  5  1  46
5  5  1  62
6  5  1  10
7  5  1  36
8  5  1  29
9  5  1  40
10  5  1  57
11  5  1  45
12  5  1  24
13  5  1  41
14  5  1  88
15  5  1  10
16  5  1  74
17  5  1  56
18  5  1  77
19  5  1  23
20  5  1  60
1  6  1  51
2  6  1  29
3  6  1  45
4  6  1  63
5  6  1  39
6  6  1  49
7  6  1  59
8  6  1  27
9  6  1  50
10  6  1  76
11  6  1  28
12  6  1  47
13  6  1  43
14  6  1  26
15  6  1  25
16  6  1  11
17  6  1  18
18  6  1  70
19  6  1  19
20  6  1  89
1  7  1  42
2  7  1  49
3  7  1  34
4  7  1  55
5  7  1  53
6  7  1  64
7  7  1  56
8  7  1  87
9  7  1  88
10  7  1  37
11  7  1  47
12  7  1  70
13  7  1  63
14  7  1  44
15  7  1  24
16  7  1  41
17  7  1  15
18  7  1  29
19  7  1  51
20  7  1  50
1  8  1  88
2  8  1  64
3  8  1  35
4  8  1  33
5  8  1  45
6  8  1  21
7  8  1  39
8  8  1  65
9  8  1  70
10  8  1  55
11  8  1  74
12  8  1  24
13  8  1  78
14  8  1  49
15  8  1  50
16  8  1  10
17  8  1  19
18  8  1  59
19  8  1  81
20  8  1  29
1  9  1  15
2  9  1  18
3  9  1  68
4  9  1  44
5  9  1  28
6  9  1  18
7  9  1  83
8  9  1  18
9  9  1  55
10  9  1  57
11  9  1  64
12  9  1  21
13  9  1  88
14  9  1  37
15  9  1  25
16  9  1  43
17  9  1  41
18  9  1  42
19  9  1  41
20  9  1  55
1  10  1  10
2  10  1  18
3  10  1  24
4  10  1  23
5  10  1  55
6  10  1  45
7  10  1  36
8  10  1  62
9  10  1  34
10  10  1  17
11  10  1  76
12  10  1  85
13  10  1  38
14  10  1  43
15  10  1  69
16  10  1  16
17  10  1  81
18  10  1  59
19  10  1  18
20  10  1  32
1  11  1  10
2  11  1  28
3  11  1  18
4  11  1  64
5  11  1  32
6  11  1  78
7  11  1  41
8  11  1  20
9  11  1  52
10  11  1  12
11  11  1  42
12  11  1  40
13  11  1  75
14  11  1  20
15  11  1  52
16  11  1  31
17  11  1  51
18  11  1  14
19  11  1  51
20  11  1  67
1  12  1  80
2  12  1  42
3  12  1  39
4  12  1  64
5  12  1  37
6  12  1  40
7  12  1  36
8  12  1  77
9  12  1  10
10  12  1  44
11  12  1  80
12  12  1  24
13  12  1  43
14  12  1  62
15  12  1  89
16  12  1  19
17  12  1  80
18  12  1  77
19  12  1  39
20  12  1  48
1  13  1  70
2  13  1  84
3  13  1  72
4  13  1  68
5  13  1  32
6  13  1  38
7  13  1  26
8  13  1  85
9  13  1  75
10  13  1  25
11  13  1  66
12  13  1  88
13  13  1  11
14  13  1  33
15  13  1  11
16  13  1  31
17  13  1  16
18  13  1  26
19  13  1  78
20  13  1  22
1  14  1  88
2  14  1  32
3  14  1  20
4  14  1  44
5  14  1  70
6  14  1  19
7  14  1  68
8  14  1  58
9  14  1  59
10  14  1  35
11  14  1  68
12  14  1  47
13  14  1  44
14  14  1  14
15  14  1  26
16  14  1  68
17  14  1  13
18  14  1  72
19  14  1  39
20  14  1  81
1  15  1  38
2  15  1  90
3  15  1  37
4  15  1  13
5  15  1  39
6  15  1  48
7  15  1  13
8  15  1  43
9  15  1  72
10  15  1  60
11  15  1  47
12  15  1  88
13  15  1  81
14  15  1  70
15  15  1  26
16  15  1  41
17  15  1  80
18  15  1  14
19  15  1  50
20  15  1  59
1  16  1  82
2  16  1  38
3  16  1  76
4  16  1  44
5  16  1  59
6  16  1  51
7  16  1  22
8  16  1  36
9  16  1  75
10  16  1  47
11  16  1  77
12  16  1  63
13  16  1  83
14  16  1  45
15  16  1  15
16  16  1  39
17  16  1  72
18  16  1  89
19  16  1  20
20  16  1  74
1  17  1  38
2  17  1  67
3  17  1  83
4  17  1  69
5  17  1  13
6  17  1  36
7  17  1  46
8  17  1  49
9  17  1  52
10  17  1  76
11  17  1  77
12  17  1  55
13  17  1  74
14  17  1  32
15  17  1  27
16  17  1  73
17  17  1  15
18  17  1  10
19  17  1  23
20  17  1  11
1  18  1  28
2  18  1  69
3  18  1  71
4  18  1  81
5  18  1  24
6  18  1  25
7  18  1  55
8  18  1  72
9  18  1  31
10  18  1  42
11  18  1  67
12  18  1  70
13  18  1  41
14  18  1  24
15  18  1  79
16  18  1  81
17  18  1  90
18  18  1  16
19  18  1  89
20  18  1  88
1  19  1  88
2  19  1  45
3  19  1  10
4  19  1  41
5  19  1  72
6  19  1  27
7  19  1  54
8  19  1  67
9  19  1  58
10  19  1  27
11  19  1  87
12  19  1  90
13  19  1  41
14  19  1  37
15  19  1  80
16  19  1  62
17  19  1  87
18  19  1  59
19  19  1  61
20  19  1  50
1  20  1  25
2  20  1  54
3  20  1  41
4  20  1  33
5  20  1  41
6  20  1  52
7  20  1  31
8  20  1  90
9  20  1  21
10  20  1  74
11  20  1  39
12  20  1  70
13  20  1  82
14  20  1  16
15  20  1  59
16  20  1  34
17  20  1  23
18  20  1  23
19  20  1  26
20  20  1  59
1  21  1  80
2  21  1  12
3  21  1  72
4  21  1  67
5  21  1  85
6  21  1  30
7  21  1  65
8  21  1  24
9  21  1  55
10  21  1  54
11  21  1  22
12  21  1  30
13  21  1  89
14  21  1  45
15  21  1  28
16  21  1  45
17  21  1  15
18  21  1  50
19  21  1  70
20  21  1  13
1  22  1  67
2  22  1  11
3  22  1  56
4  22  1  16
5  22  1  79
6  22  1  71
7  22  1  60
8  22  1  65
9  22  1  21
10  22  1  58
11  22  1  69
12  22  1  38
13  22  1  14
14  22  1  21
15  22  1  63
16  22  1  82
17  22  1  37
18  22  1  53
19  22  1  59
20  22  1  36
1  23  1  11
2  23  1  81
3  23  1  89
4  23  1  62
5  23  1  42
6  23  1  48
7  23  1  16
8  23  1  74
9  23  1  64
10  23  1  20
11  23  1  10
12  23  1  66
13  23  1  85
14  23  1  57
15  23  1  71
16  23  1  43
17  23  1  34
18  23  1  86
19  23  1  90
20  23  1  81
1  24  1  25
2  24  1  67
3  24  1  82
4  24  1  56
5  24  1  53
6  24  1  55
7  24  1  54
8  24  1  61
9  24  1  63
10  24  1  50
11  24  1  14
12  24  1  73
13  24  1  77
14  24  1  67
15  24  1  23
16  24  1  46
17  24  1  76
18  24  1  37
19  24  1  32
20  24  1  39
1  25  1  30
2  25  1  46
3  25  1  18
4  25  1  85
5  25  1  43
6  25  1  64
7  25  1  29
8  25  1  19
9  25  1  49
10  25  1  15
11  25  1  33
12  25  1  38
13  25  1  28
14  25  1  20
15  25  1  45
16  25  1  44
17  25  1  90
18  25  1  51
19  25  1  77
20  25  1  56
1  26  1  90
2  26  1  21
3  26  1  75
4  26  1  21
5  26  1  76
6  26  1  59
7  26  1  66
8  26  1  33
9  26  1  50
10  26  1  68
11  26  1  67
12  26  1  28
13  26  1  65
14  26  1  62
15  26  1  48
16  26  1  17
17  26  1  62
18  26  1  76
19  26  1  87
20  26  1  21
1  27  1  16
2  27  1  68
3  27  1  16
4  27  1  12
5  27  1  39
6  27  1  33
7  27  1  11
8  27  1  25
9  27  1  65
10  27  1  69
11  27  1  57
12  27  1  69
13  27  1  57
14  27  1  69
15  27  1  24
16  27  1  11
17  27  1  45
18  27  1  36
19  27  1  67
20  27  1  27
1  28  1  76
2  28  1  69
3  28  1  84
4  28  1  87
5  28  1  12
6  28  1  65
7  28  1  67
8  28  1  45
9  28  1  89
10  28  1  72
11  28  1  64
12  28  1  51
13  28  1  58
14  28  1  50
15  28  1  72
16  28  1  87
17  28  1  72
18  28  1  50
19  28  1  17
20  28  1  43
1  29  1  44
2  29  1  45
3  29  1  22
4  29  1  56
5  29  1  48
6  29  1  45
7  29  1  71
8  29  1  79
9  29  1  38
10  29  1  68
11  29  1  88
12  29  1  88
13  29  1  29
14  29  1  53
15  29  1  71
16  29  1  73
17  29  1  37
18  29  1  74
19  29  1  58
20  29  1  75
1  30  1  49
2  30  1  59
3  30  1  52
4  30  1  76
5  30  1  12
6  30  1  74
7  30  1  87
8  30  1  46
9  30  1  73
10  30  1  83
11  30  1  69
12  30  1  83
13  30  1  13
14  30  1  50
15  30  1  52
16  30  1  36
17  30  1  52
18  30  1  63
19  30  1  58
20  30  1  80
1  31  1  15
2  31  1  89
3  31  1  43
4  31  1  67
5  31  1  82
6  31  1  74
7  31  1  14
8  31  1  31
9  31  1  44
10  31  1  57
11  31  1  74
12  31  1  89
13  31  1  42
14  31  1  22
15  31  1  20
16  31  1  80
17  31  1  67
18  31  1  29
19  31  1  89
20  31  1  34
1  32  1  69
2  32  1  81
3  32  1  73
4  32  1  10
5  32  1  73
6  32  1  73
7  32  1  75
8  32  1  73
9  32  1  21
10  32  1  58
11  32  1  40
12  32  1  20
13  32  1  76
14  32  1  35
15  32  1  13
16  32  1  65
17  32  1  47
18  32  1  85
19  32  1  87
20  32  1  35
1  33  1  57
2  33  1  64
3  33  1  47
4  33  1  88
5  33  1  20
6  33  1  62
7  33  1  24
8  33  1  35
9  33  1  33
10  33  1  57
11  33  1  63
12  33  1  90
13  33  1  71
14  33  1  15
15  33  1  70
16  33  1  87
17  33  1  10
18  33  1  59
19  33  1  41
20  33  1  84
1  34  1  16
2  34  1  15
3  34  1  57
4  34  1  33
5  34  1  39
6  34  1  80
7  34  1  24
8  34  1  29
9  34  1  76
10  34  1  47
11  34  1  73
12  34  1  24
13  34  1  45
14  34  1  51
15  34  1  90
16  34  1  23
17  34  1  60
18  34  1  60
19  34  1  55
20  34  1  23
1  35  1  14
2  35  1  24
3  35  1  77
4  35  1  62
5  35  1  13
6  35  1  62
7  35  1  70
8  35  1  70
9  35  1  48
10  35  1  63
11  35  1  46
12  35  1  82
13  35  1  27
14  35  1  22
15  35  1  83
16  35  1  40
17  35  1  87
18  35  1  54
19  35  1  59
20  35  1  82
1  36  1  77
2  36  1  14
3  36  1  89
4  36  1  25
5  36  1  48
6  36  1  33
7  36  1  80
8  36  1  85
9  36  1  37
10  36  1  25
11  36  1  28
12  36  1  35
13  36  1  19
14  36  1  24
15  36  1  18
16  36  1  61
17  36  1  48
18  36  1  52
19  36  1  47
20  36  1  33
1  37  1  32
2  37  1  11
3  37  1  23
4  37  1  46
5  37  1  49
6  37  1  69
7  37  1  31
8  37  1  28
9  37  1  76
10  37  1  37
11  37  1  50
12  37  1  26
13  37  1  17
14  37  1  65
15  37  1  23
16  37  1  19
17  37  1  90
18  37  1  78
19  37  1  38
20  37  1  79
1  38  1  24
2  38  1  25
3  38  1  81
4  38  1  77
5  38  1  38
6  38  1  31
7  38  1  44
8  38  1  50
9  38  1  76
10  38  1  87
11  38  1  59
12  38  1  33
13  38  1  21
14  38  1  60
15  38  1  82
16  38  1  90
17  38  1  13
18  38  1  53
19  38  1  72
20  38  1  23
1  39  1  23
2  39  1  63
3  39  1  18
4  39  1  41
5  39  1  10
6  39  1  90
7  39  1  90
8  39  1  69
9  39  1  80
10  39  1  11
11  39  1  23
12  39  1  12
13  39  1  82
14  39  1  68
15  39  1  87
16  39  1  35
17  39  1  71
18  39  1  66
19  39  1  31
20  39  1  87
1  40  1  21
2  40  1  29
3  40  1  23
4  40  1  27
5  40  1  65
6  40  1  71
7  40  1  37
8  40  1  35
9  40  1  85
10  40  1  56
11  40  1  53
12  40  1  61
13  40  1  25
14  40  1  57
15  40  1  58
16  40  1  60
17  40  1  48
18  40  1  38
19  40  1  21
20  40  1  15
1  41  1  74
2  41  1  10
3  41  1  63
4  41  1  34
5  41  1  43
6  41  1  51
7  41  1  35
8  41  1  68
9  41  1  76
10  41  1  65
11  41  1  11
12  41  1  62
13  41  1  56
14  41  1  73
15  41  1  47
16  41  1  65
17  41  1  37
18  41  1  80
19  41  1  29
20  41  1  40
1  42  1  55
2  42  1  87
3  42  1  51
4  42  1  62
5  42  1  34
6  42  1  27
7  42  1  41
8  42  1  32
9  42  1  54
10  42  1  62
11  42  1  26
12  42  1  20
13  42  1  27
14  42  1  10
15  42  1  28
16  42  1  71
17  42  1  66
18  42  1  75
19  42  1  36
20  42  1  77
1  43  1  16
2  43  1  35
3  43  1  32
4  43  1  36
5  43  1  33
6  43  1  42
7  43  1  18
8  43  1  37
9  43  1  71
10  43  1  41
11  43  1  25
12  43  1  67
13  43  1  18
14  43  1  31
15  43  1  74
16  43  1  31
17  43  1  41
18  43  1  78
19  43  1  32
20  43  1  10
1  44  1  28
2  44  1  26
3  44  1  59
4  44  1  63
5  44  1  73
6  44  1  63
7  44  1  65
8  44  1  33
9  44  1  46
10  44  1  22
11  44  1  23
12  44  1  12
13  44  1  24
14  44  1  38
15  44  1  25
16  44  1  12
17  44  1  61
18  44  1  38
19  44  1  72
20  44  1  56
1  45  1  30
2  45  1  67
3  45  1  33
4  45  1  16
5  45  1  39
6  45  1  78
7  45  1  86
8  45  1  84
9  45  1  71
10  45  1  64
11  45  1  24
12  45  1  13
13  45  1  16
14  45  1  51
15  45  1  25
16  45  1  75
17  45  1  39
18  45  1  23
19  45  1  75
20  45  1  83
1  46  1  27
2  46  1  30
3  46  1  55
4  46  1  74
5  46  1  39
6  46  1  26
7  46  1  86
8  46  1  46
9  46  1  30
10  46  1  66
11  46  1  62
12  46  1  73
13  46  1  51
14  46  1  31
15  46  1  60
16  46  1  89
17  46  1  39
18  46  1  79
19  46  1  85
20  46  1  30
1  47  1  74
2  47  1  12
3  47  1  16
4  47  1  57
5  47  1  61
6  47  1  69
7  47  1  57
8  47  1  42
9  47  1  74
10  47  1  51
11  47  1  21
12  47  1  21
13  47  1  22
14  47  1  20
15  47  1  12
16  47  1  68
17  47  1  19
18  47  1  62
19  47  1  14
20  47  1  77
1  48  1  65
2  48  1  17
3  48  1  87
4  48  1  23
5  48  1  52
6  48  1  88
7  48  1  55
8  48  1  49
9  48  1  46
10  48  1  58
11  48  1  55
12  48  1  78
13  48  1  29
14  48  1  60
15  48  1  90
16  48  1  90
17  48  1  43
18  48  1  78
19  48  1  26
20  48  1  32
1  49  1  81
2  49  1  82
3  49  1  56
4  49  1  44
5  49  1  33
6  49  1  25
7  49  1  12
8  49  1  29
9  49  1  67
10  49  1  17
11  49  1  85
12  49  1  17
13  49  1  77
14  49  1  72
15  49  1  40
16  49  1  13
17  49  1  30
18  49  1  36
19  49  1  81
20  49  1  37
1  50  1  30
2  50  1  69
3  50  1  87
4  50  1  67
5  50  1  75
6  50  1  77
7  50  1  83
8  50  1  88
9  50  1  39
10  50  1  80
11  50  1  39
12  50  1  66
13  50  1  83
14  50  1  15
15  50  1  72
16  50  1  11
17  50  1  35
18  50  1  62
19  50  1  34
20  50  1  11
1  51  1  22
2  51  1  45
3  51  1  85
4  51  1  68
5  51  1  86
6  51  1  59
7  51  1  16
8  51  1  23
9  51  1  17
10  51  1  73
11  51  1  35
12  51  1  50
13  51  1  56
14  51  1  57
15  51  1  53
16  51  1  64
17  51  1  57
18  51  1  36
19  51  1  73
20  51  1  61
1  52  1  42
2  52  1  74
3  52  1  46
4  52  1  68
5  52  1  65
6  52  1  58
7  52  1  35
8  52  1  17
9  52  1  15
10  52  1  31
11  52  1  57
12  52  1  30
13  52  1  46
14  52  1  47
15  52  1  72
16  52  1  78
17  52  1  86
18  52  1  62
19  52  1  30
20  52  1  65
1  53  1  42
2  53  1  49
3  53  1  26
4  53  1  71
5  53  1  17
6  53  1  65
7  53  1  65
8  53  1  51
9  53  1  13
10  53  1  65
11  53  1  16
12  53  1  64
13  53  1  63
14  53  1  17
15  53  1  40
16  53  1  70
17  53  1  75
18  53  1  73
19  53  1  75
20  53  1  15
1  54  1  30
2  54  1  53
3  54  1  68
4  54  1  18
5  54  1  42
6  54  1  53
7  54  1  54
8  54  1  76
9  54  1  71
10  54  1  58
11  54  1  70
12  54  1  68
13  54  1  27
14  54  1  42
15  54  1  81
16  54  1  32
17  54  1  21
18  54  1  14
19  54  1  72
20  54  1  10
1  55  1  50
2  55  1  29
3  55  1  56
4  55  1  58
5  55  1  47
6  55  1  36
7  55  1  27
8  55  1  12
9  55  1  46
10  55  1  13
11  55  1  24
12  55  1  27
13  55  1  16
14  55  1  59
15  55  1  88
16  55  1  88
17  55  1  19
18  55  1  83
19  55  1  31
20  55  1  53
1  56  1  25
2  56  1  69
3  56  1  88
4  56  1  62
5  56  1  71
6  56  1  38
7  56  1  48
8  56  1  68
9  56  1  65
10  56  1  78
11  56  1  77
12  56  1  18
13  56  1  71
14  56  1  71
15  56  1  15
16  56  1  45
17  56  1  17
18  56  1  76
19  56  1  70
20  56  1  38
1  57  1  82
2  57  1  66
3  57  1  62
4  57  1  62
5  57  1  53
6  57  1  90
7  57  1  37
8  57  1  39
9  57  1  65
10  57  1  26
11  57  1  80
12  57  1  54
13  57  1  23
14  57  1  33
15  57  1  16
16  57  1  48
17  57  1  44
18  57  1  74
19  57  1  69
20  57  1  23
1  58  1  55
2  58  1  38
3  58  1  64
4  58  1  36
5  58  1  11
6  58  1  66
7  58  1  77
8  58  1  52
9  58  1  73
10  58  1  89
11  58  1  90
12  58  1  37
13  58  1  42
14  58  1  90
15  58  1  81
16  58  1  36
17  58  1  50
18  58  1  50
19  58  1  71
20  58  1  63
1  59  1  67
2  59  1  37
3  59  1  31
4  59  1  59
5  59  1  78
6  59  1  30
7  59  1  83
8  59  1  85
9  59  1  53
10  59  1  52
11  59  1  62
12  59  1  71
13  59  1  54
14  59  1  60
15  59  1  29
16  59  1  70
17  59  1  31
18  59  1  62
19  59  1  13
20  59  1  74
1  60  1  30
2  60  1  41
3  60  1  18
4  60  1  60
5  60  1  67
6  60  1  26
7  60  1  66
8  60  1  30
9  60  1  48
10  60  1  82
11  60  1  22
12  60  1  77
13  60  1  39
14  60  1  78
15  60  1  31
16  60  1  41
17  60  1  82
18  60  1  71
19  60  1  23
20  60  1  58
1  61  1  11
2  61  1  18
3  61  1  39
4  61  1  31
5  61  1  10
6  61  1  36
7  61  1  26
8  61  1  84
9  61  1  73
10  61  1  45
11  61  1  64
12  61  1  88
13  61  1  86
14  61  1  25
15  61  1  23
16  61  1  84
17  61  1  69
18  61  1  40
19  61  1  62
20  61  1  45
1  62  1  13
2  62  1  39
3  62  1  75
4  62  1  64
5  62  1  85
6  62  1  55
7  62  1  39
8  62  1  85
9  62  1  18
10  62  1  22
11  62  1  89
12  62  1  14
13  62  1  10
14  62  1  54
15  62  1  53
16  62  1  71
17  62  1  87
18  62  1  25
19  62  1  19
20  62  1  54
1  63  1  48
2  63  1  18
3  63  1  56
4  63  1  20
5  63  1  50
6  63  1  47
7  63  1  69
8  63  1  46
9  63  1  52
10  63  1  46
11  63  1  86
12  63  1  58
13  63  1  44
14  63  1  62
15  63  1  31
16  63  1  76
17  63  1  30
18  63  1  90
19  63  1  51
20  63  1  78
1  64  1  66
2  64  1  74
3  64  1  71
4  64  1  82
5  64  1  18
6  64  1  14
7  64  1  63
8  64  1  62
9  64  1  43
10  64  1  17
11  64  1  58
12  64  1  64
13  64  1  26
14  64  1  57
15  64  1  27
16  64  1  49
17  64  1  38
18  64  1  62
19  64  1  85
20  64  1  35
1  65  1  68
2  65  1  37
3  65  1  24
4  65  1  70
5  65  1  40
6  65  1  16
7  65  1  35
8  65  1  58
9  65  1  22
10  65  1  58
11  65  1  20
12  65  1  36
13  65  1  50
14  65  1  49
15  65  1  14
16  65  1  22
17  65  1  25
18  65  1  30
19  65  1  88
20  65  1  33
1  66  1  90
2  66  1  10
3  66  1  36
4  66  1  60
5  66  1  76
6  66  1  82
7  66  1  18
8  66  1  90
9  66  1  49
10  66  1  37
11  66  1  19
12  66  1  55
13  66  1  37
14  66  1  24
15  66  1  27
16  66  1  55
17  66  1  60
18  66  1  41
19  66  1  50
20  66  1  78
1  67  1  60
2  67  1  81
3  67  1  83
4  67  1  63
5  67  1  28
6  67  1  45
7  67  1  63
8  67  1  61
9  67  1  73
10  67  1  53
11  67  1  48
12  67  1  31
13  67  1  50
14  67  1  16
15  67  1  69
16  67  1  10
17  67  1  75
18  67  1  41
19  67  1  25
20  67  1  36
1  68  1  84
2  68  1  77
3  68  1  38
4  68  1  74
5  68  1  72
6  68  1  29
7  68  1  19
8  68  1  71
9  68  1  80
10  68  1  46
11  68  1  38
12  68  1  70
13  68  1  72
14  68  1  61
15  68  1  86
16  68  1  46
17  68  1  25
18  68  1  27
19  68  1  71
20  68  1  24
1  69  1  88
2  69  1  28
3  69  1  15
4  69  1  67
5  69  1  72
6  69  1  82
7  69  1  13
8  69  1  72
9  69  1  61
10  69  1  17
11  69  1  50
12  69  1  43
13  69  1  68
14  69  1  59
15  69  1  76
16  69  1  20
17  69  1  73
18  69  1  60
19  69  1  42
20  69  1  35
1  70  1  21
2  70  1  49
3  70  1  39
4  70  1  22
5  70  1  90
6  70  1  18
7  70  1  54
8  70  1  32
9  70  1  84
10  70  1  78
11  70  1  53
12  70  1  59
13  70  1  71
14  70  1  63
15  70  1  36
16  70  1  72
17  70  1  14
18  70  1  52
19  70  1  37
20  70  1  10
1  71  1  31
2  71  1  29
3  71  1  72
4  71  1  13
5  71  1  81
6  71  1  77
7  71  1  22
8  71  1  77
9  71  1  89
10  71  1  54
11  71  1  66
12  71  1  80
13  71  1  35
14  71  1  32
15  71  1  63
16  71  1  47
17  71  1  65
18  71  1  82
19  71  1  62
20  71  1  77
1  72  1  29
2  72  1  26
3  72  1  90
4  72  1  12
5  72  1  41
6  72  1  12
7  72  1  82
8  72  1  72
9  72  1  33
10  72  1  41
11  72  1  75
12  72  1  11
13  72  1  88
14  72  1  45
15  72  1  39
16  72  1  86
17  72  1  18
18  72  1  83
19  72  1  57
20  72  1  43
1  73  1  22
2  73  1  27
3  73  1  70
4  73  1  27
5  73  1  15
6  73  1  62
7  73  1  14
8  73  1  82
9  73  1  50
10  73  1  74
11  73  1  65
12  73  1  30
13  73  1  35
14  73  1  23
15  73  1  82
16  73  1  67
17  73  1  26
18  73  1  90
19  73  1  50
20  73  1  26
1  74  1  84
2  74  1  50
3  74  1  79
4  74  1  62
5  74  1  59
6  74  1  14
7  74  1  78
8  74  1  62
9  74  1  33
10  74  1  46
11  74  1  46
12  74  1  83
13  74  1  13
14  74  1  84
15  74  1  19
16  74  1  67
17  74  1  77
18  74  1  34
19  74  1  39
20  74  1  69
1  75  1  71
2  75  1  19
3  75  1  29
4  75  1  51
5  75  1  28
6  75  1  54
7  75  1  63
8  75  1  17
9  75  1  19
10  75  1  11
11  75  1  63
12  75  1  34
13  75  1  29
14  75  1  77
15  75  1  77
16  75  1  81
17  75  1  13
18  75  1  26
19  75  1  81
20  75  1  69
1  76  1  17
2  76  1  35
3  76  1  39
4  76  1  75
5  76  1  69
6  76  1  11
7  76  1  17
8  76  1  29
9  76  1  49
10  76  1  15
11  76  1  35
12  76  1  11
13  76  1  84
14  76  1  59
15  76  1  35
16  76  1  38
17  76  1  83
18  76  1  51
19  76  1  45
20  76  1  10
1  77  1  23
2  77  1  63
3  77  1  62
4  77  1  31
5  77  1  83
6  77  1  59
7  77  1  41
8  77  1  42
9  77  1  54
10  77  1  12
11  77  1  71
12  77  1  84
13  77  1  89
14  77  1  12
15  77  1  62
16  77  1  21
17  77  1  11
18  77  1  71
19  77  1  31
20  77  1  39
1  78  1  59
2  78  1  85
3  78  1  72
4  78  1  17
5  78  1  20
6  78  1  32
7  78  1  15
8  78  1  36
9  78  1  81
10  78  1  61
11  78  1  89
12  78  1  48
13  78  1  79
14  78  1  40
15  78  1  77
16  78  1  55
17  78  1  19
18  78  1  47
19  78  1  61
20  78  1  88
1  79  1  43
2  79  1  29
3  79  1  13
4  79  1  86
5  79  1  85
6  79  1  86
7  79  1  74
8  79  1  57
9  79  1  75
10  79  1  82
11  79  1  11
12  79  1  77
13  79  1  47
14  79  1  14
15  79  1  82
16  79  1  82
17  79  1  79
18  79  1  86
19  79  1  37
20  79  1  85
1  80  1  26
2  80  1  37
3  80  1  76
4  80  1  56
5  80  1  74
6  80  1  29
7  80  1  28
8  80  1  47
9  80  1  84
10  80  1  58
11  80  1  35
12  80  1  15
13  80  1  36
14  80  1  72
15  80  1  79
16  80  1  49
17  80  1  25
18  80  1  30
19  80  1  52
20  80  1  21
1  81  1  84
2  81  1  48
3  81  1  17
4  81  1  63
5  81  1  54
6  81  1  45
7  81  1  89
8  81  1  20
9  81  1  43
10  81  1  65
11  81  1  70
12  81  1  36
13  81  1  27
14  81  1  47
15  81  1  81
16  81  1  60
17  81  1  76
18  81  1  24
19  81  1  41
20  81  1  54
1  82  1  23
2  82  1  49
3  82  1  68
4  82  1  76
5  82  1  32
6  82  1  34
7  82  1  10
8  82  1  43
9  82  1  22
10  82  1  23
11  82  1  25
12  82  1  65
13  82  1  34
14  82  1  56
15  82  1  20
16  82  1  78
17  82  1  79
18  82  1  57
19  82  1  13
20  82  1  15
1  83  1  50
2  83  1  74
3  83  1  77
4  83  1  82
5  83  1  85
6  83  1  25
7  83  1  14
8  83  1  78
9  83  1  73
10  83  1  68
11  83  1  46
12  83  1  33
13  83  1  20
14  83  1  78
15  83  1  63
16  83  1  38
17  83  1  19
18  83  1  42
19  83  1  48
20  83  1  51
1  84  1  84
2  84  1  84
3  84  1  70
4  84  1  39
5  84  1  58
6  84  1  24
7  84  1  29
8  84  1  30
9  84  1  84
10  84  1  71
11  84  1  65
12  84  1  17
13  84  1  71
14  84  1  76
15  84  1  53
16  84  1  76
17  84  1  14
18  84  1  84
19  84  1  60
20  84  1  24
1  85  1  82
2  85  1  60
3  85  1  34
4  85  1  44
5  85  1  62
6  85  1  22
7  85  1  35
8  85  1  66
9  85  1  74
10  85  1  36
11  85  1  63
12  85  1  78
13  85  1  56
14  85  1  83
15  85  1  34
16  85  1  58
17  85  1  27
18  85  1  33
19  85  1  39
20  85  1  79
1  86  1  64
2  86  1  76
3  86  1  54
4  86  1  42
5  86  1  67
6  86  1  65
7  86  1  70
8  86  1  42
9  86  1  56
10  86  1  76
11  86  1  77
12  86  1  73
13  86  1  43
14  86  1  11
15  86  1  85
16  86  1  64
17  86  1  26
18  86  1  66
19  86  1  13
20  86  1  45
1  87  1  21
2  87  1  29
3  87  1  23
4  87  1  78
5  87  1  46
6  87  1  60
7  87  1  31
8  87  1  75
9  87  1  34
10  87  1  63
11  87  1  89
12  87  1  48
13  87  1  16
14  87  1  48
15  87  1  31
16  87  1  29
17  87  1  86
18  87  1  75
19  87  1  19
20  87  1  69
1  88  1  81
2  88  1  69
3  88  1  65
4  88  1  69
5  88  1  26
6  88  1  76
7  88  1  47
8  88  1  90
9  88  1  41
10  88  1  74
11  88  1  70
12  88  1  21
13  88  1  44
14  88  1  76
15  88  1  29
16  88  1  52
17  88  1  63
18  88  1  83
19  88  1  52
20  88  1  62
1  89  1  52
2  89  1  45
3  89  1  47
4  89  1  13
5  89  1  45
6  89  1  86
7  89  1  79
8  89  1  55
9  89  1  66
10  89  1  62
11  89  1  74
12  89  1  61
13  89  1  86
14  89  1  16
15  89  1  35
16  89  1  44
17  89  1  33
18  89  1  47
19  89  1  14
20  89  1  88
1  90  1  19
2  90  1  51
3  90  1  86
4  90  1  66
5  90  1  87
6  90  1  12
7  90  1  74
8  90  1  42
9  90  1  49
10  90  1  56
11  90  1  80
12  90  1  67
13  90  1  50
14  90  1  25
15  90  1  86
16  90  1  77
17  90  1  60
18  90  1  46
19  90  1  71
20  90  1  13
1  91  1  52
2  91  1  46
3  91  1  39
4  91  1  35
5  91  1  38
6  91  1  25
7  91  1  84
8  91  1  58
9  91  1  73
10  91  1  74
11  91  1  32
12  91  1  62
13  91  1  49
14  91  1  60
15  91  1  68
16  91  1  41
17  91  1  88
18  91  1  34
19  91  1  20
20  91  1  41
1  92  1  30
2  92  1  14
3  92  1  46
4  92  1  47
5  92  1  54
6  92  1  80
7  92  1  53
8  92  1  71
9  92  1  61
10  92  1  45
11  92  1  86
12  92  1  89
13  92  1  83
14  92  1  41
15  92  1  65
16  92  1  81
17  92  1  28
18  92  1  14
19  92  1  20
20  92  1  86
1  93  1  58
2  93  1  79
3  93  1  71
4  93  1  20
5  93  1  43
6  93  1  35
7  93  1  36
8  93  1  36
9  93  1  60
10  93  1  62
11  93  1  38
12  93  1  16
13  93  1  56
14  93  1  83
15  93  1  78
16  93  1  26
17  93  1  36
18  93  1  37
19  93  1  27
20  93  1  31
1  94  1  82
2  94  1  25
3  94  1  40
4  94  1  37
5  94  1  57
6  94  1  39
7  94  1  39
8  94  1  10
9  94  1  87
10  94  1  64
11  94  1  68
12  94  1  43
13  94  1  46
14  94  1  48
15  94  1  73
16  94  1  84
17  94  1  51
18  94  1  22
19  94  1  52
20  94  1  20
1  95  1  62
2  95  1  41
3  95  1  52
4  95  1  28
5  95  1  57
6  95  1  47
7  95  1  43
8  95  1  36
9  95  1  10
10  95  1  74
11  95  1  65
12  95  1  61
13  95  1  77
14  95  1  36
15  95  1  44
16  95  1  23
17  95  1  70
18  95  1  56
19  95  1  41
20  95  1  73
1  96  1  20
2  96  1  61
3  96  1  31
4  96  1  67
5  96  1  42
6  96  1  68
7  96  1  65
8  96  1  73
9  96  1  53
10  96  1  82
11  96  1  25
12  96  1  31
13  96  1  40
14  96  1  70
15  96  1  57
16  96  1  45
17  96  1  83
18  96  1  45
19  96  1  70
20  96  1  71
1  97  1  88
2  97  1  41
3  97  1  46
4  97  1  24
5  97  1  46
6  97  1  80
7  97  1  45
8  97  1  54
9  97  1  77
10  97  1  46
11  97  1  80
12  97  1  68
13  97  1  87
14  97  1  71
15  97  1  55
16  97  1  82
17  97  1  24
18  97  1  36
19  97  1  37
20  97  1  31
1  98  1  88
2  98  1  31
3  98  1  58
4  98  1  13
5  98  1  88
6  98  1  57
7  98  1  89
8  98  1  72
9  98  1  62
10  98  1  71
11  98  1  35
12  98  1  62
13  98  1  58
14  98  1  29
15  98  1  18
16  98  1  71
17  98  1  50
18  98  1  13
19  98  1  31
20  98  1  64
1  99  1  48
2  99  1  84
3  99  1  19
4  99  1  40
5  99  1  54
6  99  1  44
7  99  1  61
8  99  1  72
9  99  1  47
10  99  1  48
11  99  1  22
12  99  1  40
13  99  1  50
14  99  1  50
15  99  1  74
16  99  1  52
17  99  1  18
18  99  1  33
19  99  1  81
20  99  1  15
1  100  1  51
2  100  1  62
3  100  1  18
4  100  1  84
5  100  1  63
6  100  1  60
7  100  1  13
8  100  1  68
9  100  1  86
10  100  1  39
11  100  1  24
12  100  1  85
13  100  1  37
14  100  1  34
15  100  1  77
16  100  1  80
17  100  1  88
18  100  1  32
19  100  1  12
20  100  1  19
1  1  2  40.12
2  1  2  9.2
3  1  2  17.92
4  1  2  19.72
5  1  2  30.8
6  1  2  10.92
7  1  2  12.75
8  1  2  20.4
9  1  2  10.8
10  1  2  27.6
11  1  2  26
12  1  2  26.04
13  1  2  18.4
14  1  2  29.7
15  1  2  23
16  1  2  34.31
17  1  2  5.6
18  1  2  46.4
19  1  2  33.18
20  1  2  32.68
1  2  2  27.14
2  2  2  10.4
3  2  2  43.68
4  2  2  15.66
5  2  2  26.95
6  2  2  31.5
7  2  2  36.21
8  2  2  28.56
9  2  2  12.42
10  2  2  26.4
11  2  2  18.2
12  2  2  6.3
13  2  2  30
14  2  2  10.8
15  2  2  24.5
16  2  2  4.7
17  2  2  33.6
18  2  2  34.22
19  2  2  30.24
20  2  2  28.81
1  3  2  24.19
2  3  2  28.4
3  3  2  42
4  3  2  26.1
5  3  2  14.85
6  3  2  11.34
7  3  2  43.86
8  3  2  16.32
9  3  2  22.14
10  3  2  23.4
11  3  2  40.56
12  3  2  31.08
13  3  2  19.2
14  3  2  30.6
15  3  2  37.5
16  3  2  21.62
17  3  2  21.6
18  3  2  12.18
19  3  2  11.76
20  3  2  37.41
1  4  2  17.11
2  4  2  14.4
3  4  2  44.24
4  4  2  40.02
5  4  2  7.7
6  4  2  5.04
7  4  2  10.2
8  4  2  34.68
9  4  2  25.38
10  4  2  46.8
11  4  2  12.48
12  4  2  15.96
13  4  2  29.6
14  4  2  26.55
15  4  2  42
16  4  2  28.2
17  4  2  28
18  4  2  9.28
19  4  2  13.02
20  4  2  13.33
1  5  2  28.91
2  5  2  26.4
3  5  2  28.56
4  5  2  26.68
5  5  2  34.1
6  5  2  4.2
7  5  2  18.36
8  5  2  14.79
9  5  2  21.6
10  5  2  34.2
11  5  2  23.4
12  5  2  10.08
13  5  2  16.4
14  5  2  39.6
15  5  2  5
16  5  2  34.78
17  5  2  22.4
18  5  2  44.66
19  5  2  9.66
20  5  2  25.8
1  6  2  30.09
2  6  2  11.6
3  6  2  25.2
4  6  2  36.54
5  6  2  21.45
6  6  2  20.58
7  6  2  30.09
8  6  2  13.77
9  6  2  27
10  6  2  45.6
11  6  2  14.56
12  6  2  19.74
13  6  2  17.2
14  6  2  11.7
15  6  2  12.5
16  6  2  5.17
17  6  2  7.2
18  6  2  40.6
19  6  2  7.98
20  6  2  38.27
1  7  2  24.78
2  7  2  19.6
3  7  2  19.04
4  7  2  31.9
5  7  2  29.15
6  7  2  26.88
7  7  2  28.56
8  7  2  44.37
9  7  2  47.52
10  7  2  22.2
11  7  2  24.44
12  7  2  29.4
13  7  2  25.2
14  7  2  19.8
15  7  2  12
16  7  2  19.27
17  7  2  6
18  7  2  16.82
19  7  2  21.42
20  7  2  21.5
1  8  2  51.92
2  8  2  25.6
3  8  2  19.6
4  8  2  19.14
5  8  2  24.75
6  8  2  8.82
7  8  2  19.89
8  8  2  33.15
9  8  2  37.8
10  8  2  33
11  8  2  38.48
12  8  2  10.08
13  8  2  31.2
14  8  2  22.05
15  8  2  25
16  8  2  4.7
17  8  2  7.6
18  8  2  34.22
19  8  2  34.02
20  8  2  12.47
1  9  2  8.85
2  9  2  7.2
3  9  2  38.08
4  9  2  25.52
5  9  2  15.4
6  9  2  7.56
7  9  2  42.33
8  9  2  9.18
9  9  2  29.7
10  9  2  34.2
11  9  2  33.28
12  9  2  8.82
13  9  2  35.2
14  9  2  16.65
15  9  2  12.5
16  9  2  20.21
17  9  2  16.4
18  9  2  24.36
19  9  2  17.22
20  9  2  23.65
1  10  2  5.9
2  10  2  7.2
3  10  2  13.44
4  10  2  13.34
5  10  2  30.25
6  10  2  18.9
7  10  2  18.36
8  10  2  31.62
9  10  2  18.36
10  10  2  10.2
11  10  2  39.52
12  10  2  35.7
13  10  2  15.2
14  10  2  19.35
15  10  2  34.5
16  10  2  7.52
17  10  2  32.4
18  10  2  34.22
19  10  2  7.56
20  10  2  13.76
1  11  2  5.9
2  11  2  11.2
3  11  2  10.08
4  11  2  37.12
5  11  2  17.6
6  11  2  32.76
7  11  2  20.91
8  11  2  10.2
9  11  2  28.08
10  11  2  7.2
11  11  2  21.84
12  11  2  16.8
13  11  2  30
14  11  2  9
15  11  2  26
16  11  2  14.57
17  11  2  20.4
18  11  2  8.12
19  11  2  21.42
20  11  2  28.81
1  12  2  47.2
2  12  2  16.8
3  12  2  21.84
4  12  2  37.12
5  12  2  20.35
6  12  2  16.8
7  12  2  18.36
8  12  2  39.27
9  12  2  5.4
10  12  2  26.4
11  12  2  41.6
12  12  2  10.08
13  12  2  17.2
14  12  2  27.9
15  12  2  44.5
16  12  2  8.93
17  12  2  32
18  12  2  44.66
19  12  2  16.38
20  12  2  20.64
1  13  2  41.3
2  13  2  33.6
3  13  2  40.32
4  13  2  39.44
5  13  2  17.6
6  13  2  15.96
7  13  2  13.26
8  13  2  43.35
9  13  2  40.5
10  13  2  15
11  13  2  34.32
12  13  2  36.96
13  13  2  4.4
14  13  2  14.85
15  13  2  5.5
16  13  2  14.57
17  13  2  6.4
18  13  2  15.08
19  13  2  32.76
20  13  2  9.46
1  14  2  51.92
2  14  2  12.8
3  14  2  11.2
4  14  2  25.52
5  14  2  38.5
6  14  2  7.98
7  14  2  34.68
8  14  2  29.58
9  14  2  31.86
10  14  2  21
11  14  2  35.36
12  14  2  19.74
13  14  2  17.6
14  14  2  6.3
15  14  2  13
16  14  2  31.96
17  14  2  5.2
18  14  2  41.76
19  14  2  16.38
20  14  2  34.83
1  15  2  22.42
2  15  2  36
3  15  2  20.72
4  15  2  7.54
5  15  2  21.45
6  15  2  20.16
7  15  2  6.63
8  15  2  21.93
9  15  2  38.88
10  15  2  36
11  15  2  24.44
12  15  2  36.96
13  15  2  32.4
14  15  2  31.5
15  15  2  13
16  15  2  19.27
17  15  2  32
18  15  2  8.12
19  15  2  21
20  15  2  25.37
1  16  2  48.38
2  16  2  15.2
3  16  2  42.56
4  16  2  25.52
5  16  2  32.45
6  16  2  21.42
7  16  2  11.22
8  16  2  18.36
9  16  2  40.5
10  16  2  28.2
11  16  2  40.04
12  16  2  26.46
13  16  2  33.2
14  16  2  20.25
15  16  2  7.5
16  16  2  18.33
17  16  2  28.8
18  16  2  51.62
19  16  2  8.4
20  16  2  31.82
1  17  2  22.42
2  17  2  26.8
3  17  2  46.48
4  17  2  40.02
5  17  2  7.15
6  17  2  15.12
7  17  2  23.46
8  17  2  24.99
9  17  2  28.08
10  17  2  45.6
11  17  2  40.04
12  17  2  23.1
13  17  2  29.6
14  17  2  14.4
15  17  2  13.5
16  17  2  34.31
17  17  2  6
18  17  2  5.8
19  17  2  9.66
20  17  2  4.73
1  18  2  16.52
2  18  2  27.6
3  18  2  39.76
4  18  2  46.98
5  18  2  13.2
6  18  2  10.5
7  18  2  28.05
8  18  2  36.72
9  18  2  16.74
10  18  2  25.2
11  18  2  34.84
12  18  2  29.4
13  18  2  16.4
14  18  2  10.8
15  18  2  39.5
16  18  2  38.07
17  18  2  36
18  18  2  9.28
19  18  2  37.38
20  18  2  37.84
1  19  2  51.92
2  19  2  18
3  19  2  5.6
4  19  2  23.78
5  19  2  39.6
6  19  2  11.34
7  19  2  27.54
8  19  2  34.17
9  19  2  31.32
10  19  2  16.2
11  19  2  45.24
12  19  2  37.8
13  19  2  16.4
14  19  2  16.65
15  19  2  40
16  19  2  29.14
17  19  2  34.8
18  19  2  34.22
19  19  2  25.62
20  19  2  21.5
1  20  2  14.75
2  20  2  21.6
3  20  2  22.96
4  20  2  19.14
5  20  2  22.55
6  20  2  21.84
7  20  2  15.81
8  20  2  45.9
9  20  2  11.34
10  20  2  44.4
11  20  2  20.28
12  20  2  29.4
13  20  2  32.8
14  20  2  7.2
15  20  2  29.5
16  20  2  15.98
17  20  2  9.2
18  20  2  13.34
19  20  2  10.92
20  20  2  25.37
1  21  2  47.2
2  21  2  4.8
3  21  2  40.32
4  21  2  38.86
5  21  2  46.75
6  21  2  12.6
7  21  2  33.15
8  21  2  12.24
9  21  2  29.7
10  21  2  32.4
11  21  2  11.44
12  21  2  12.6
13  21  2  35.6
14  21  2  20.25
15  21  2  14
16  21  2  21.15
17  21  2  6
18  21  2  29
19  21  2  29.4
20  21  2  5.59
1  22  2  39.53
2  22  2  4.4
3  22  2  31.36
4  22  2  9.28
5  22  2  43.45
6  22  2  29.82
7  22  2  30.6
8  22  2  33.15
9  22  2  11.34
10  22  2  34.8
11  22  2  35.88
12  22  2  15.96
13  22  2  5.6
14  22  2  9.45
15  22  2  31.5
16  22  2  38.54
17  22  2  14.8
18  22  2  30.74
19  22  2  24.78
20  22  2  15.48
1  23  2  6.49
2  23  2  32.4
3  23  2  49.84
4  23  2  35.96
5  23  2  23.1
6  23  2  20.16
7  23  2  8.16
8  23  2  37.74
9  23  2  34.56
10  23  2  12
11  23  2  5.2
12  23  2  27.72
13  23  2  34
14  23  2  25.65
15  23  2  35.5
16  23  2  20.21
17  23  2  13.6
18  23  2  49.88
19  23  2  37.8
20  23  2  34.83
1  24  2  14.75
2  24  2  26.8
3  24  2  45.92
4  24  2  32.48
5  24  2  29.15
6  24  2  23.1
7  24  2  27.54
8  24  2  31.11
9  24  2  34.02
10  24  2  30
11  24  2  7.28
12  24  2  30.66
13  24  2  30.8
14  24  2  30.15
15  24  2  11.5
16  24  2  21.62
17  24  2  30.4
18  24  2  21.46
19  24  2  13.44
20  24  2  16.77
1  25  2  17.7
2  25  2  18.4
3  25  2  10.08
4  25  2  49.3
5  25  2  23.65
6  25  2  26.88
7  25  2  14.79
8  25  2  9.69
9  25  2  26.46
10  25  2  9
11  25  2  17.16
12  25  2  15.96
13  25  2  11.2
14  25  2  9
15  25  2  22.5
16  25  2  20.68
17  25  2  36
18  25  2  29.58
19  25  2  32.34
20  25  2  24.08
1  26  2  53.1
2  26  2  8.4
3  26  2  42
4  26  2  12.18
5  26  2  41.8
6  26  2  24.78
7  26  2  33.66
8  26  2  16.83
9  26  2  27
10  26  2  40.8
11  26  2  34.84
12  26  2  11.76
13  26  2  26
14  26  2  27.9
15  26  2  24
16  26  2  7.99
17  26  2  24.8
18  26  2  44.08
19  26  2  36.54
20  26  2  9.03
1  27  2  9.44
2  27  2  27.2
3  27  2  8.96
4  27  2  6.96
5  27  2  21.45
6  27  2  13.86
7  27  2  5.61
8  27  2  12.75
9  27  2  35.1
10  27  2  41.4
11  27  2  29.64
12  27  2  28.98
13  27  2  22.8
14  27  2  31.05
15  27  2  12
16  27  2  5.17
17  27  2  18
18  27  2  20.88
19  27  2  28.14
20  27  2  11.61
1  28  2  44.84
2  28  2  27.6
3  28  2  47.04
4  28  2  50.46
5  28  2  6.6
6  28  2  27.3
7  28  2  34.17
8  28  2  22.95
9  28  2  48.06
10  28  2  43.2
11  28  2  33.28
12  28  2  21.42
13  28  2  23.2
14  28  2  22.5
15  28  2  36
16  28  2  40.89
17  28  2  28.8
18  28  2  29
19  28  2  7.14
20  28  2  18.49
1  29  2  25.96
2  29  2  18
3  29  2  12.32
4  29  2  32.48
5  29  2  26.4
6  29  2  18.9
7  29  2  36.21
8  29  2  40.29
9  29  2  20.52
10  29  2  40.8
11  29  2  45.76
12  29  2  36.96
13  29  2  11.6
14  29  2  23.85
15  29  2  35.5
16  29  2  34.31
17  29  2  14.8
18  29  2  42.92
19  29  2  24.36
20  29  2  32.25
1  30  2  28.91
2  30  2  23.6
3  30  2  29.12
4  30  2  44.08
5  30  2  6.6
6  30  2  31.08
7  30  2  44.37
8  30  2  23.46
9  30  2  39.42
10  30  2  49.8
11  30  2  35.88
12  30  2  34.86
13  30  2  5.2
14  30  2  22.5
15  30  2  26
16  30  2  16.92
17  30  2  20.8
18  30  2  36.54
19  30  2  24.36
20  30  2  34.4
1  31  2  8.85
2  31  2  35.6
3  31  2  24.08
4  31  2  38.86
5  31  2  45.1
6  31  2  31.08
7  31  2  7.14
8  31  2  15.81
9  31  2  23.76
10  31  2  34.2
11  31  2  38.48
12  31  2  37.38
13  31  2  16.8
14  31  2  9.9
15  31  2  10
16  31  2  37.6
17  31  2  26.8
18  31  2  16.82
19  31  2  37.38
20  31  2  14.62
1  32  2  40.71
2  32  2  32.4
3  32  2  40.88
4  32  2  5.8
5  32  2  40.15
6  32  2  30.66
7  32  2  38.25
8  32  2  37.23
9  32  2  11.34
10  32  2  34.8
11  32  2  20.8
12  32  2  8.4
13  32  2  30.4
14  32  2  15.75
15  32  2  6.5
16  32  2  30.55
17  32  2  18.8
18  32  2  49.3
19  32  2  36.54
20  32  2  15.05
1  33  2  33.63
2  33  2  25.6
3  33  2  26.32
4  33  2  51.04
5  33  2  11
6  33  2  26.04
7  33  2  12.24
8  33  2  17.85
9  33  2  17.82
10  33  2  34.2
11  33  2  32.76
12  33  2  37.8
13  33  2  28.4
14  33  2  6.75
15  33  2  35
16  33  2  40.89
17  33  2  4
18  33  2  34.22
19  33  2  17.22
20  33  2  36.12
1  34  2  9.44
2  34  2  6
3  34  2  31.92
4  34  2  19.14
5  34  2  21.45
6  34  2  33.6
7  34  2  12.24
8  34  2  14.79
9  34  2  41.04
10  34  2  28.2
11  34  2  37.96
12  34  2  10.08
13  34  2  18
14  34  2  22.95
15  34  2  45
16  34  2  10.81
17  34  2  24
18  34  2  34.8
19  34  2  23.1
20  34  2  9.89
1  35  2  8.26
2  35  2  9.6
3  35  2  43.12
4  35  2  35.96
5  35  2  7.15
6  35  2  26.04
7  35  2  35.7
8  35  2  35.7
9  35  2  25.92
10  35  2  37.8
11  35  2  23.92
12  35  2  34.44
13  35  2  10.8
14  35  2  9.9
15  35  2  41.5
16  35  2  18.8
17  35  2  34.8
18  35  2  31.32
19  35  2  24.78
20  35  2  35.26
1  36  2  45.43
2  36  2  5.6
3  36  2  49.84
4  36  2  14.5
5  36  2  26.4
6  36  2  13.86
7  36  2  40.8
8  36  2  43.35
9  36  2  19.98
10  36  2  15
11  36  2  14.56
12  36  2  14.7
13  36  2  7.6
14  36  2  10.8
15  36  2  9
16  36  2  28.67
17  36  2  19.2
18  36  2  30.16
19  36  2  19.74
20  36  2  14.19
1  37  2  18.88
2  37  2  4.4
3  37  2  12.88
4  37  2  26.68
5  37  2  26.95
6  37  2  28.98
7  37  2  15.81
8  37  2  14.28
9  37  2  41.04
10  37  2  22.2
11  37  2  26
12  37  2  10.92
13  37  2  6.8
14  37  2  29.25
15  37  2  11.5
16  37  2  8.93
17  37  2  36
18  37  2  45.24
19  37  2  15.96
20  37  2  33.97
1  38  2  14.16
2  38  2  10
3  38  2  45.36
4  38  2  44.66
5  38  2  20.9
6  38  2  13.02
7  38  2  22.44
8  38  2  25.5
9  38  2  41.04
10  38  2  52.2
11  38  2  30.68
12  38  2  13.86
13  38  2  8.4
14  38  2  27
15  38  2  41
16  38  2  42.3
17  38  2  5.2
18  38  2  30.74
19  38  2  30.24
20  38  2  9.89
1  39  2  13.57
2  39  2  25.2
3  39  2  10.08
4  39  2  23.78
5  39  2  5.5
6  39  2  37.8
7  39  2  45.9
8  39  2  35.19
9  39  2  43.2
10  39  2  6.6
11  39  2  11.96
12  39  2  5.04
13  39  2  32.8
14  39  2  30.6
15  39  2  43.5
16  39  2  16.45
17  39  2  28.4
18  39  2  38.28
19  39  2  13.02
20  39  2  37.41
1  40  2  12.39
2  40  2  11.6
3  40  2  12.88
4  40  2  15.66
5  40  2  35.75
6  40  2  29.82
7  40  2  18.87
8  40  2  17.85
9  40  2  45.9
10  40  2  33.6
11  40  2  27.56
12  40  2  25.62
13  40  2  10
14  40  2  25.65
15  40  2  29
16  40  2  28.2
17  40  2  19.2
18  40  2  22.04
19  40  2  8.82
20  40  2  6.45
1  41  2  43.66
2  41  2  4
3  41  2  35.28
4  41  2  19.72
5  41  2  23.65
6  41  2  21.42
7  41  2  17.85
8  41  2  34.68
9  41  2  41.04
10  41  2  39
11  41  2  5.72
12  41  2  26.04
13  41  2  22.4
14  41  2  32.85
15  41  2  23.5
16  41  2  30.55
17  41  2  14.8
18  41  2  46.4
19  41  2  12.18
20  41  2  17.2
1  42  2  32.45
2  42  2  34.8
3  42  2  28.56
4  42  2  35.96
5  42  2  18.7
6  42  2  11.34
7  42  2  20.91
8  42  2  16.32
9  42  2  29.16
10  42  2  37.2
11  42  2  13.52
12  42  2  8.4
13  42  2  10.8
14  42  2  4.5
15  42  2  14
16  42  2  33.37
17  42  2  26.4
18  42  2  43.5
19  42  2  15.12
20  42  2  33.11
1  43  2  9.44
2  43  2  14
3  43  2  17.92
4  43  2  20.88
5  43  2  18.15
6  43  2  17.64
7  43  2  9.18
8  43  2  18.87
9  43  2  38.34
10  43  2  24.6
11  43  2  13
12  43  2  28.14
13  43  2  7.2
14  43  2  13.95
15  43  2  37
16  43  2  14.57
17  43  2  16.4
18  43  2  45.24
19  43  2  13.44
20  43  2  4.3
1  44  2  16.52
2  44  2  10.4
3  44  2  33.04
4  44  2  36.54
5  44  2  40.15
6  44  2  26.46
7  44  2  33.15
8  44  2  16.83
9  44  2  24.84
10  44  2  13.2
11  44  2  11.96
12  44  2  5.04
13  44  2  9.6
14  44  2  17.1
15  44  2  12.5
16  44  2  5.64
17  44  2  24.4
18  44  2  22.04
19  44  2  30.24
20  44  2  24.08
1  45  2  17.7
2  45  2  26.8
3  45  2  18.48
4  45  2  9.28
5  45  2  21.45
6  45  2  32.76
7  45  2  43.86
8  45  2  42.84
9  45  2  38.34
10  45  2  38.4
11  45  2  12.48
12  45  2  5.46
13  45  2  6.4
14  45  2  22.95
15  45  2  12.5
16  45  2  35.25
17  45  2  15.6
18  45  2  13.34
19  45  2  31.5
20  45  2  35.69
1  46  2  15.93
2  46  2  12
3  46  2  30.8
4  46  2  42.92
5  46  2  21.45
6  46  2  10.92
7  46  2  43.86
8  46  2  23.46
9  46  2  16.2
10  46  2  39.6
11  46  2  32.24
12  46  2  30.66
13  46  2  20.4
14  46  2  13.95
15  46  2  30
16  46  2  41.83
17  46  2  15.6
18  46  2  45.82
19  46  2  35.7
20  46  2  12.9
1  47  2  43.66
2  47  2  4.8
3  47  2  8.96
4  47  2  33.06
5  47  2  33.55
6  47  2  28.98
7  47  2  29.07
8  47  2  21.42
9  47  2  39.96
10  47  2  30.6
11  47  2  10.92
12  47  2  8.82
13  47  2  8.8
14  47  2  9
15  47  2  6
16  47  2  31.96
17  47  2  7.6
18  47  2  35.96
19  47  2  5.88
20  47  2  33.11
1  48  2  38.35
2  48  2  6.8
3  48  2  48.72
4  48  2  13.34
5  48  2  28.6
6  48  2  36.96
7  48  2  28.05
8  48  2  24.99
9  48  2  24.84
10  48  2  34.8
11  48  2  28.6
12  48  2  32.76
13  48  2  11.6
14  48  2  27
15  48  2  45
16  48  2  42.3
17  48  2  17.2
18  48  2  45.24
19  48  2  10.92
20  48  2  13.76
1  49  2  47.79
2  49  2  32.8
3  49  2  31.36
4  49  2  25.52
5  49  2  18.15
6  49  2  10.5
7  49  2  6.12
8  49  2  14.79
9  49  2  36.18
10  49  2  10.2
11  49  2  44.2
12  49  2  7.14
13  49  2  30.8
14  49  2  32.4
15  49  2  20
16  49  2  6.11
17  49  2  12
18  49  2  20.88
19  49  2  34.02
20  49  2  15.91
1  50  2  17.7
2  50  2  27.6
3  50  2  48.72
4  50  2  38.86
5  50  2  41.25
6  50  2  32.34
7  50  2  42.33
8  50  2  44.88
9  50  2  21.06
10  50  2  48
11  50  2  20.28
12  50  2  27.72
13  50  2  33.2
14  50  2  6.75
15  50  2  36
16  50  2  5.17
17  50  2  14
18  50  2  35.96
19  50  2  14.28
20  50  2  4.73
1  51  2  12.98
2  51  2  18
3  51  2  47.6
4  51  2  39.44
5  51  2  47.3
6  51  2  24.78
7  51  2  8.16
8  51  2  11.73
9  51  2  9.18
10  51  2  43.8
11  51  2  18.2
12  51  2  21
13  51  2  22.4
14  51  2  25.65
15  51  2  26.5
16  51  2  30.08
17  51  2  22.8
18  51  2  20.88
19  51  2  30.66
20  51  2  26.23
1  52  2  24.78
2  52  2  29.6
3  52  2  25.76
4  52  2  39.44
5  52  2  35.75
6  52  2  24.36
7  52  2  17.85
8  52  2  8.67
9  52  2  8.1
10  52  2  18.6
11  52  2  29.64
12  52  2  12.6
13  52  2  18.4
14  52  2  21.15
15  52  2  36
16  52  2  36.66
17  52  2  34.4
18  52  2  35.96
19  52  2  12.6
20  52  2  27.95
1  53  2  24.78
2  53  2  19.6
3  53  2  14.56
4  53  2  41.18
5  53  2  9.35
6  53  2  27.3
7  53  2  33.15
8  53  2  26.01
9  53  2  7.02
10  53  2  39
11  53  2  8.32
12  53  2  26.88
13  53  2  25.2
14  53  2  7.65
15  53  2  20
16  53  2  32.9
17  53  2  30
18  53  2  42.34
19  53  2  31.5
20  53  2  6.45
1  54  2  17.7
2  54  2  21.2
3  54  2  38.08
4  54  2  10.44
5  54  2  23.1
6  54  2  22.26
7  54  2  27.54
8  54  2  38.76
9  54  2  38.34
10  54  2  34.8
11  54  2  36.4
12  54  2  28.56
13  54  2  10.8
14  54  2  18.9
15  54  2  40.5
16  54  2  15.04
17  54  2  8.4
18  54  2  8.12
19  54  2  30.24
20  54  2  4.3
1  55  2  29.5
2  55  2  11.6
3  55  2  31.36
4  55  2  33.64
5  55  2  25.85
6  55  2  15.12
7  55  2  13.77
8  55  2  6.12
9  55  2  24.84
10  55  2  7.8
11  55  2  12.48
12  55  2  11.34
13  55  2  6.4
14  55  2  26.55
15  55  2  44
16  55  2  41.36
17  55  2  7.6
18  55  2  48.14
19  55  2  13.02
20  55  2  22.79
1  56  2  14.75
2  56  2  27.6
3  56  2  49.28
4  56  2  35.96
5  56  2  39.05
6  56  2  15.96
7  56  2  24.48
8  56  2  34.68
9  56  2  35.1
10  56  2  46.8
11  56  2  40.04
12  56  2  7.56
13  56  2  28.4
14  56  2  31.95
15  56  2  7.5
16  56  2  21.15
17  56  2  6.8
18  56  2  44.08
19  56  2  29.4
20  56  2  16.34
1  57  2  48.38
2  57  2  26.4
3  57  2  34.72
4  57  2  35.96
5  57  2  29.15
6  57  2  37.8
7  57  2  18.87
8  57  2  19.89
9  57  2  35.1
10  57  2  15.6
11  57  2  41.6
12  57  2  22.68
13  57  2  9.2
14  57  2  14.85
15  57  2  8
16  57  2  22.56
17  57  2  17.6
18  57  2  42.92
19  57  2  28.98
20  57  2  9.89
1  58  2  32.45
2  58  2  15.2
3  58  2  35.84
4  58  2  20.88
5  58  2  6.05
6  58  2  27.72
7  58  2  39.27
8  58  2  26.52
9  58  2  39.42
10  58  2  53.4
11  58  2  46.8
12  58  2  15.54
13  58  2  16.8
14  58  2  40.5
15  58  2  40.5
16  58  2  16.92
17  58  2  20
18  58  2  29
19  58  2  29.82
20  58  2  27.09
1  59  2  39.53
2  59  2  14.8
3  59  2  17.36
4  59  2  34.22
5  59  2  42.9
6  59  2  12.6
7  59  2  42.33
8  59  2  43.35
9  59  2  28.62
10  59  2  31.2
11  59  2  32.24
12  59  2  29.82
13  59  2  21.6
14  59  2  27
15  59  2  14.5
16  59  2  32.9
17  59  2  12.4
18  59  2  35.96
19  59  2  5.46
20  59  2  31.82
1  60  2  17.7
2  60  2  16.4
3  60  2  10.08
4  60  2  34.8
5  60  2  36.85
6  60  2  10.92
7  60  2  33.66
8  60  2  15.3
9  60  2  25.92
10  60  2  49.2
11  60  2  11.44
12  60  2  32.34
13  60  2  15.6
14  60  2  35.1
15  60  2  15.5
16  60  2  19.27
17  60  2  32.8
18  60  2  41.18
19  60  2  9.66
20  60  2  24.94
1  61  2  6.49
2  61  2  7.2
3  61  2  21.84
4  61  2  17.98
5  61  2  5.5
6  61  2  15.12
7  61  2  13.26
8  61  2  42.84
9  61  2  39.42
10  61  2  27
11  61  2  33.28
12  61  2  36.96
13  61  2  34.4
14  61  2  11.25
15  61  2  11.5
16  61  2  39.48
17  61  2  27.6
18  61  2  23.2
19  61  2  26.04
20  61  2  19.35
1  62  2  7.67
2  62  2  15.6
3  62  2  42
4  62  2  37.12
5  62  2  46.75
6  62  2  23.1
7  62  2  19.89
8  62  2  43.35
9  62  2  9.72
10  62  2  13.2
11  62  2  46.28
12  62  2  5.88
13  62  2  4
14  62  2  24.3
15  62  2  26.5
16  62  2  33.37
17  62  2  34.8
18  62  2  14.5
19  62  2  7.98
20  62  2  23.22
1  63  2  28.32
2  63  2  7.2
3  63  2  31.36
4  63  2  11.6
5  63  2  27.5
6  63  2  19.74
7  63  2  35.19
8  63  2  23.46
9  63  2  28.08
10  63  2  27.6
11  63  2  44.72
12  63  2  24.36
13  63  2  17.6
14  63  2  27.9
15  63  2  15.5
16  63  2  35.72
17  63  2  12
18  63  2  52.2
19  63  2  21.42
20  63  2  33.54
1  64  2  38.94
2  64  2  29.6
3  64  2  39.76
4  64  2  47.56
5  64  2  9.9
6  64  2  5.88
7  64  2  32.13
8  64  2  31.62
9  64  2  23.22
10  64  2  10.2
11  64  2  30.16
12  64  2  26.88
13  64  2  10.4
14  64  2  25.65
15  64  2  13.5
16  64  2  23.03
17  64  2  15.2
18  64  2  35.96
19  64  2  35.7
20  64  2  15.05
1  65  2  40.12
2  65  2  14.8
3  65  2  13.44
4  65  2  40.6
5  65  2  22
6  65  2  6.72
7  65  2  17.85
8  65  2  29.58
9  65  2  11.88
10  65  2  34.8
11  65  2  10.4
12  65  2  15.12
13  65  2  20
14  65  2  22.05
15  65  2  7
16  65  2  10.34
17  65  2  10
18  65  2  17.4
19  65  2  36.96
20  65  2  14.19
1  66  2  53.1
2  66  2  4
3  66  2  20.16
4  66  2  34.8
5  66  2  41.8
6  66  2  34.44
7  66  2  9.18
8  66  2  45.9
9  66  2  26.46
10  66  2  22.2
11  66  2  9.88
12  66  2  23.1
13  66  2  14.8
14  66  2  10.8
15  66  2  13.5
16  66  2  25.85
17  66  2  24
18  66  2  23.78
19  66  2  21
20  66  2  33.54
1  67  2  35.4
2  67  2  32.4
3  67  2  46.48
4  67  2  36.54
5  67  2  15.4
6  67  2  18.9
7  67  2  32.13
8  67  2  31.11
9  67  2  39.42
10  67  2  31.8
11  67  2  24.96
12  67  2  13.02
13  67  2  20
14  67  2  7.2
15  67  2  34.5
16  67  2  4.7
17  67  2  30
18  67  2  23.78
19  67  2  10.5
20  67  2  15.48
1  68  2  49.56
2  68  2  30.8
3  68  2  21.28
4  68  2  42.92
5  68  2  39.6
6  68  2  12.18
7  68  2  9.69
8  68  2  36.21
9  68  2  43.2
10  68  2  27.6
11  68  2  19.76
12  68  2  29.4
13  68  2  28.8
14  68  2  27.45
15  68  2  43
16  68  2  21.62
17  68  2  10
18  68  2  15.66
19  68  2  29.82
20  68  2  10.32
1  69  2  51.92
2  69  2  11.2
3  69  2  8.4
4  69  2  38.86
5  69  2  39.6
6  69  2  34.44
7  69  2  6.63
8  69  2  36.72
9  69  2  32.94
10  69  2  10.2
11  69  2  26
12  69  2  18.06
13  69  2  27.2
14  69  2  26.55
15  69  2  38
16  69  2  9.4
17  69  2  29.2
18  69  2  34.8
19  69  2  17.64
20  69  2  15.05
1  70  2  12.39
2  70  2  19.6
3  70  2  21.84
4  70  2  12.76
5  70  2  49.5
6  70  2  7.56
7  70  2  27.54
8  70  2  16.32
9  70  2  45.36
10  70  2  46.8
11  70  2  27.56
12  70  2  24.78
13  70  2  28.4
14  70  2  28.35
15  70  2  18
16  70  2  33.84
17  70  2  5.6
18  70  2  30.16
19  70  2  15.54
20  70  2  4.3
1  71  2  18.29
2  71  2  11.6
3  71  2  40.32
4  71  2  7.54
5  71  2  44.55
6  71  2  32.34
7  71  2  11.22
8  71  2  39.27
9  71  2  48.06
10  71  2  32.4
11  71  2  34.32
12  71  2  33.6
13  71  2  14
14  71  2  14.4
15  71  2  31.5
16  71  2  22.09
17  71  2  26
18  71  2  47.56
19  71  2  26.04
20  71  2  33.11
1  72  2  17.11
2  72  2  10.4
3  72  2  50.4
4  72  2  6.96
5  72  2  22.55
6  72  2  5.04
7  72  2  41.82
8  72  2  36.72
9  72  2  17.82
10  72  2  24.6
11  72  2  39
12  72  2  4.62
13  72  2  35.2
14  72  2  20.25
15  72  2  19.5
16  72  2  40.42
17  72  2  7.2
18  72  2  48.14
19  72  2  23.94
20  72  2  18.49
1  73  2  12.98
2  73  2  10.8
3  73  2  39.2
4  73  2  15.66
5  73  2  8.25
6  73  2  26.04
7  73  2  7.14
8  73  2  41.82
9  73  2  27
10  73  2  44.4
11  73  2  33.8
12  73  2  12.6
13  73  2  14
14  73  2  10.35
15  73  2  41
16  73  2  31.49
17  73  2  10.4
18  73  2  52.2
19  73  2  21
20  73  2  11.18
1  74  2  49.56
2  74  2  20
3  74  2  44.24
4  74  2  35.96
5  74  2  32.45
6  74  2  5.88
7  74  2  39.78
8  74  2  31.62
9  74  2  17.82
10  74  2  27.6
11  74  2  23.92
12  74  2  34.86
13  74  2  5.2
14  74  2  37.8
15  74  2  9.5
16  74  2  31.49
17  74  2  30.8
18  74  2  19.72
19  74  2  16.38
20  74  2  29.67
1  75  2  41.89
2  75  2  7.6
3  75  2  16.24
4  75  2  29.58
5  75  2  15.4
6  75  2  22.68
7  75  2  32.13
8  75  2  8.67
9  75  2  10.26
10  75  2  6.6
11  75  2  32.76
12  75  2  14.28
13  75  2  11.6
14  75  2  34.65
15  75  2  38.5
16  75  2  38.07
17  75  2  5.2
18  75  2  15.08
19  75  2  34.02
20  75  2  29.67
1  76  2  10.03
2  76  2  14
3  76  2  21.84
4  76  2  43.5
5  76  2  37.95
6  76  2  4.62
7  76  2  8.67
8  76  2  14.79
9  76  2  26.46
10  76  2  9
11  76  2  18.2
12  76  2  4.62
13  76  2  33.6
14  76  2  26.55
15  76  2  17.5
16  76  2  17.86
17  76  2  33.2
18  76  2  29.58
19  76  2  18.9
20  76  2  4.3
1  77  2  13.57
2  77  2  25.2
3  77  2  34.72
4  77  2  17.98
5  77  2  45.65
6  77  2  24.78
7  77  2  20.91
8  77  2  21.42
9  77  2  29.16
10  77  2  7.2
11  77  2  36.92
12  77  2  35.28
13  77  2  35.6
14  77  2  5.4
15  77  2  31
16  77  2  9.87
17  77  2  4.4
18  77  2  41.18
19  77  2  13.02
20  77  2  16.77
1  78  2  34.81
2  78  2  34
3  78  2  40.32
4  78  2  9.86
5  78  2  11
6  78  2  13.44
7  78  2  7.65
8  78  2  18.36
9  78  2  43.74
10  78  2  36.6
11  78  2  46.28
12  78  2  20.16
13  78  2  31.6
14  78  2  18
15  78  2  38.5
16  78  2  25.85
17  78  2  7.6
18  78  2  27.26
19  78  2  25.62
20  78  2  37.84
1  79  2  25.37
2  79  2  11.6
3  79  2  7.28
4  79  2  49.88
5  79  2  46.75
6  79  2  36.12
7  79  2  37.74
8  79  2  29.07
9  79  2  40.5
10  79  2  49.2
11  79  2  5.72
12  79  2  32.34
13  79  2  18.8
14  79  2  6.3
15  79  2  41
16  79  2  38.54
17  79  2  31.6
18  79  2  49.88
19  79  2  15.54
20  79  2  36.55
1  80  2  15.34
2  80  2  14.8
3  80  2  42.56
4  80  2  32.48
5  80  2  40.7
6  80  2  12.18
7  80  2  14.28
8  80  2  23.97
9  80  2  45.36
10  80  2  34.8
11  80  2  18.2
12  80  2  6.3
13  80  2  14.4
14  80  2  32.4
15  80  2  39.5
16  80  2  23.03
17  80  2  10
18  80  2  17.4
19  80  2  21.84
20  80  2  9.03
1  81  2  49.56
2  81  2  19.2
3  81  2  9.52
4  81  2  36.54
5  81  2  29.7
6  81  2  18.9
7  81  2  45.39
8  81  2  10.2
9  81  2  23.22
10  81  2  39
11  81  2  36.4
12  81  2  15.12
13  81  2  10.8
14  81  2  21.15
15  81  2  40.5
16  81  2  28.2
17  81  2  30.4
18  81  2  13.92
19  81  2  17.22
20  81  2  23.22
1  82  2  13.57
2  82  2  19.6
3  82  2  38.08
4  82  2  44.08
5  82  2  17.6
6  82  2  14.28
7  82  2  5.1
8  82  2  21.93
9  82  2  11.88
10  82  2  13.8
11  82  2  13
12  82  2  27.3
13  82  2  13.6
14  82  2  25.2
15  82  2  10
16  82  2  36.66
17  82  2  31.6
18  82  2  33.06
19  82  2  5.46
20  82  2  6.45
1  83  2  29.5
2  83  2  29.6
3  83  2  43.12
4  83  2  47.56
5  83  2  46.75
6  83  2  10.5
7  83  2  7.14
8  83  2  39.78
9  83  2  39.42
10  83  2  40.8
11  83  2  23.92
12  83  2  13.86
13  83  2  8
14  83  2  35.1
15  83  2  31.5
16  83  2  17.86
17  83  2  7.6
18  83  2  24.36
19  83  2  20.16
20  83  2  21.93
1  84  2  49.56
2  84  2  33.6
3  84  2  39.2
4  84  2  22.62
5  84  2  31.9
6  84  2  10.08
7  84  2  14.79
8  84  2  15.3
9  84  2  45.36
10  84  2  42.6
11  84  2  33.8
12  84  2  7.14
13  84  2  28.4
14  84  2  34.2
15  84  2  26.5
16  84  2  35.72
17  84  2  5.6
18  84  2  48.72
19  84  2  25.2
20  84  2  10.32
1  85  2  48.38
2  85  2  24
3  85  2  19.04
4  85  2  25.52
5  85  2  34.1
6  85  2  9.24
7  85  2  17.85
8  85  2  33.66
9  85  2  39.96
10  85  2  21.6
11  85  2  32.76
12  85  2  32.76
13  85  2  22.4
14  85  2  37.35
15  85  2  17
16  85  2  27.26
17  85  2  10.8
18  85  2  19.14
19  85  2  16.38
20  85  2  33.97
1  86  2  37.76
2  86  2  30.4
3  86  2  30.24
4  86  2  24.36
5  86  2  36.85
6  86  2  27.3
7  86  2  35.7
8  86  2  21.42
9  86  2  30.24
10  86  2  45.6
11  86  2  40.04
12  86  2  30.66
13  86  2  17.2
14  86  2  4.95
15  86  2  42.5
16  86  2  30.08
17  86  2  10.4
18  86  2  38.28
19  86  2  5.46
20  86  2  19.35
1  87  2  12.39
2  87  2  11.6
3  87  2  12.88
4  87  2  45.24
5  87  2  25.3
6  87  2  25.2
7  87  2  15.81
8  87  2  38.25
9  87  2  18.36
10  87  2  37.8
11  87  2  46.28
12  87  2  20.16
13  87  2  6.4
14  87  2  21.6
15  87  2  15.5
16  87  2  13.63
17  87  2  34.4
18  87  2  43.5
19  87  2  7.98
20  87  2  29.67
1  88  2  47.79
2  88  2  27.6
3  88  2  36.4
4  88  2  40.02
5  88  2  14.3
6  88  2  31.92
7  88  2  23.97
8  88  2  45.9
9  88  2  22.14
10  88  2  44.4
11  88  2  36.4
12  88  2  8.82
13  88  2  17.6
14  88  2  34.2
15  88  2  14.5
16  88  2  24.44
17  88  2  25.2
18  88  2  48.14
19  88  2  21.84
20  88  2  26.66
1  89  2  30.68
2  89  2  18
3  89  2  26.32
4  89  2  7.54
5  89  2  24.75
6  89  2  36.12
7  89  2  40.29
8  89  2  28.05
9  89  2  35.64
10  89  2  37.2
11  89  2  38.48
12  89  2  25.62
13  89  2  34.4
14  89  2  7.2
15  89  2  17.5
16  89  2  20.68
17  89  2  13.2
18  89  2  27.26
19  89  2  5.88
20  89  2  37.84
1  90  2  11.21
2  90  2  20.4
3  90  2  48.16
4  90  2  38.28
5  90  2  47.85
6  90  2  5.04
7  90  2  37.74
8  90  2  21.42
9  90  2  26.46
10  90  2  33.6
11  90  2  41.6
12  90  2  28.14
13  90  2  20
14  90  2  11.25
15  90  2  43
16  90  2  36.19
17  90  2  24
18  90  2  26.68
19  90  2  29.82
20  90  2  5.59
1  91  2  30.68
2  91  2  18.4
3  91  2  21.84
4  91  2  20.3
5  91  2  20.9
6  91  2  10.5
7  91  2  42.84
8  91  2  29.58
9  91  2  39.42
10  91  2  44.4
11  91  2  16.64
12  91  2  26.04
13  91  2  19.6
14  91  2  27
15  91  2  34
16  91  2  19.27
17  91  2  35.2
18  91  2  19.72
19  91  2  8.4
20  91  2  17.63
1  92  2  17.7
2  92  2  5.6
3  92  2  25.76
4  92  2  27.26
5  92  2  29.7
6  92  2  33.6
7  92  2  27.03
8  92  2  36.21
9  92  2  32.94
10  92  2  27
11  92  2  44.72
12  92  2  37.38
13  92  2  33.2
14  92  2  18.45
15  92  2  32.5
16  92  2  38.07
17  92  2  11.2
18  92  2  8.12
19  92  2  8.4
20  92  2  36.98
1  93  2  34.22
2  93  2  31.6
3  93  2  39.76
4  93  2  11.6
5  93  2  23.65
6  93  2  14.7
7  93  2  18.36
8  93  2  18.36
9  93  2  32.4
10  93  2  37.2
11  93  2  19.76
12  93  2  6.72
13  93  2  22.4
14  93  2  37.35
15  93  2  39
16  93  2  12.22
17  93  2  14.4
18  93  2  21.46
19  93  2  11.34
20  93  2  13.33
1  94  2  48.38
2  94  2  10
3  94  2  22.4
4  94  2  21.46
5  94  2  31.35
6  94  2  16.38
7  94  2  19.89
8  94  2  5.1
9  94  2  46.98
10  94  2  38.4
11  94  2  35.36
12  94  2  18.06
13  94  2  18.4
14  94  2  21.6
15  94  2  36.5
16  94  2  39.48
17  94  2  20.4
18  94  2  12.76
19  94  2  21.84
20  94  2  8.6
1  95  2  36.58
2  95  2  16.4
3  95  2  29.12
4  95  2  16.24
5  95  2  31.35
6  95  2  19.74
7  95  2  21.93
8  95  2  18.36
9  95  2  5.4
10  95  2  44.4
11  95  2  33.8
12  95  2  25.62
13  95  2  30.8
14  95  2  16.2
15  95  2  22
16  95  2  10.81
17  95  2  28
18  95  2  32.48
19  95  2  17.22
20  95  2  31.39
1  96  2  11.8
2  96  2  24.4
3  96  2  17.36
4  96  2  38.86
5  96  2  23.1
6  96  2  28.56
7  96  2  33.15
8  96  2  37.23
9  96  2  28.62
10  96  2  49.2
11  96  2  13
12  96  2  13.02
13  96  2  16
14  96  2  31.5
15  96  2  28.5
16  96  2  21.15
17  96  2  33.2
18  96  2  26.1
19  96  2  29.4
20  96  2  30.53
1  97  2  51.92
2  97  2  16.4
3  97  2  25.76
4  97  2  13.92
5  97  2  25.3
6  97  2  33.6
7  97  2  22.95
8  97  2  27.54
9  97  2  41.58
10  97  2  27.6
11  97  2  41.6
12  97  2  28.56
13  97  2  34.8
14  97  2  31.95
15  97  2  27.5
16  97  2  38.54
17  97  2  9.6
18  97  2  20.88
19  97  2  15.54
20  97  2  13.33
1  98  2  51.92
2  98  2  12.4
3  98  2  32.48
4  98  2  7.54
5  98  2  48.4
6  98  2  23.94
7  98  2  45.39
8  98  2  36.72
9  98  2  33.48
10  98  2  42.6
11  98  2  18.2
12  98  2  26.04
13  98  2  23.2
14  98  2  13.05
15  98  2  9
16  98  2  33.37
17  98  2  20
18  98  2  7.54
19  98  2  13.02
20  98  2  27.52
1  99  2  28.32
2  99  2  33.6
3  99  2  10.64
4  99  2  23.2
5  99  2  29.7
6  99  2  18.48
7  99  2  31.11
8  99  2  36.72
9  99  2  25.38
10  99  2  28.8
11  99  2  11.44
12  99  2  16.8
13  99  2  20
14  99  2  22.5
15  99  2  37
16  99  2  24.44
17  99  2  7.2
18  99  2  19.14
19  99  2  34.02
20  99  2  6.45
1  100  2  30.09
2  100  2  24.8
3  100  2  10.08
4  100  2  48.72
5  100  2  34.65
6  100  2  25.2
7  100  2  6.63
8  100  2  34.68
9  100  2  46.44
10  100  2  23.4
11  100  2  12.48
12  100  2  35.7
13  100  2  14.8
14  100  2  15.3
15  100  2  38.5
16  100  2  37.6
17  100  2  35.2
18  100  2  18.56
19  100  2  5.04
20  100  2  8.17
;

param xi_base :=
1  1  68
2  1  23
3  1  32
4  1  34
5  1  56
6  1  26
7  1  25
8  1  40
9  1  20
10  1  46
11  1  50
12  1  62
13  1  46
14  1  66
15  1  46
16  1  73
17  1  14
18  1  80
19  1  79
20  1  76
1  2  46
2  2  26
3  2  78
4  2  27
5  2  49
6  2  75
7  2  71
8  2  56
9  2  23
10  2  44
11  2  35
12  2  15
13  2  75
14  2  24
15  2  49
16  2  10
17  2  84
18  2  59
19  2  72
20  2  67
1  3  41
2  3  71
3  3  75
4  3  45
5  3  27
6  3  27
7  3  86
8  3  32
9  3  41
10  3  39
11  3  78
12  3  74
13  3  48
14  3  68
15  3  75
16  3  46
17  3  54
18  3  21
19  3  28
20  3  87
1  4  29
2  4  36
3  4  79
4  4  69
5  4  14
6  4  12
7  4  20
8  4  68
9  4  47
10  4  78
11  4  24
12  4  38
13  4  74
14  4  59
15  4  84
16  4  60
17  4  70
18  4  16
19  4  31
20  4  31
1  5  49
2  5  66
3  5  51
4  5  46
5  5  62
6  5  10
7  5  36
8  5  29
9  5  40
10  5  57
11  5  45
12  5  24
13  5  41
14  5  88
15  5  10
16  5  74
17  5  56
18  5  77
19  5  23
20  5  60
1  6  51
2  6  29
3  6  45
4  6  63
5  6  39
6  6  49
7  6  59
8  6  27
9  6  50
10  6  76
11  6  28
12  6  47
13  6  43
14  6  26
15  6  25
16  6  11
17  6  18
18  6  70
19  6  19
20  6  89
1  7  42
2  7  49
3  7  34
4  7  55
5  7  53
6  7  64
7  7  56
8  7  87
9  7  88
10  7  37
11  7  47
12  7  70
13  7  63
14  7  44
15  7  24
16  7  41
17  7  15
18  7  29
19  7  51
20  7  50
1  8  88
2  8  64
3  8  35
4  8  33
5  8  45
6  8  21
7  8  39
8  8  65
9  8  70
10  8  55
11  8  74
12  8  24
13  8  78
14  8  49
15  8  50
16  8  10
17  8  19
18  8  59
19  8  81
20  8  29
1  9  15
2  9  18
3  9  68
4  9  44
5  9  28
6  9  18
7  9  83
8  9  18
9  9  55
10  9  57
11  9  64
12  9  21
13  9  88
14  9  37
15  9  25
16  9  43
17  9  41
18  9  42
19  9  41
20  9  55
1  10  10
2  10  18
3  10  24
4  10  23
5  10  55
6  10  45
7  10  36
8  10  62
9  10  34
10  10  17
11  10  76
12  10  85
13  10  38
14  10  43
15  10  69
16  10  16
17  10  81
18  10  59
19  10  18
20  10  32
1  11  10
2  11  28
3  11  18
4  11  64
5  11  32
6  11  78
7  11  41
8  11  20
9  11  52
10  11  12
11  11  42
12  11  40
13  11  75
14  11  20
15  11  52
16  11  31
17  11  51
18  11  14
19  11  51
20  11  67
1  12  80
2  12  42
3  12  39
4  12  64
5  12  37
6  12  40
7  12  36
8  12  77
9  12  10
10  12  44
11  12  80
12  12  24
13  12  43
14  12  62
15  12  89
16  12  19
17  12  80
18  12  77
19  12  39
20  12  48
1  13  70
2  13  84
3  13  72
4  13  68
5  13  32
6  13  38
7  13  26
8  13  85
9  13  75
10  13  25
11  13  66
12  13  88
13  13  11
14  13  33
15  13  11
16  13  31
17  13  16
18  13  26
19  13  78
20  13  22
1  14  88
2  14  32
3  14  20
4  14  44
5  14  70
6  14  19
7  14  68
8  14  58
9  14  59
10  14  35
11  14  68
12  14  47
13  14  44
14  14  14
15  14  26
16  14  68
17  14  13
18  14  72
19  14  39
20  14  81
1  15  38
2  15  90
3  15  37
4  15  13
5  15  39
6  15  48
7  15  13
8  15  43
9  15  72
10  15  60
11  15  47
12  15  88
13  15  81
14  15  70
15  15  26
16  15  41
17  15  80
18  15  14
19  15  50
20  15  59
1  16  82
2  16  38
3  16  76
4  16  44
5  16  59
6  16  51
7  16  22
8  16  36
9  16  75
10  16  47
11  16  77
12  16  63
13  16  83
14  16  45
15  16  15
16  16  39
17  16  72
18  16  89
19  16  20
20  16  74
1  17  38
2  17  67
3  17  83
4  17  69
5  17  13
6  17  36
7  17  46
8  17  49
9  17  52
10  17  76
11  17  77
12  17  55
13  17  74
14  17  32
15  17  27
16  17  73
17  17  15
18  17  10
19  17  23
20  17  11
1  18  28
2  18  69
3  18  71
4  18  81
5  18  24
6  18  25
7  18  55
8  18  72
9  18  31
10  18  42
11  18  67
12  18  70
13  18  41
14  18  24
15  18  79
16  18  81
17  18  90
18  18  16
19  18  89
20  18  88
1  19  88
2  19  45
3  19  10
4  19  41
5  19  72
6  19  27
7  19  54
8  19  67
9  19  58
10  19  27
11  19  87
12  19  90
13  19  41
14  19  37
15  19  80
16  19  62
17  19  87
18  19  59
19  19  61
20  19  50
1  20  25
2  20  54
3  20  41
4  20  33
5  20  41
6  20  52
7  20  31
8  20  90
9  20  21
10  20  74
11  20  39
12  20  70
13  20  82
14  20  16
15  20  59
16  20  34
17  20  23
18  20  23
19  20  26
20  20  59
1  21  80
2  21  12
3  21  72
4  21  67
5  21  85
6  21  30
7  21  65
8  21  24
9  21  55
10  21  54
11  21  22
12  21  30
13  21  89
14  21  45
15  21  28
16  21  45
17  21  15
18  21  50
19  21  70
20  21  13
1  22  67
2  22  11
3  22  56
4  22  16
5  22  79
6  22  71
7  22  60
8  22  65
9  22  21
10  22  58
11  22  69
12  22  38
13  22  14
14  22  21
15  22  63
16  22  82
17  22  37
18  22  53
19  22  59
20  22  36
1  23  11
2  23  81
3  23  89
4  23  62
5  23  42
6  23  48
7  23  16
8  23  74
9  23  64
10  23  20
11  23  10
12  23  66
13  23  85
14  23  57
15  23  71
16  23  43
17  23  34
18  23  86
19  23  90
20  23  81
1  24  25
2  24  67
3  24  82
4  24  56
5  24  53
6  24  55
7  24  54
8  24  61
9  24  63
10  24  50
11  24  14
12  24  73
13  24  77
14  24  67
15  24  23
16  24  46
17  24  76
18  24  37
19  24  32
20  24  39
1  25  30
2  25  46
3  25  18
4  25  85
5  25  43
6  25  64
7  25  29
8  25  19
9  25  49
10  25  15
11  25  33
12  25  38
13  25  28
14  25  20
15  25  45
16  25  44
17  25  90
18  25  51
19  25  77
20  25  56
1  26  90
2  26  21
3  26  75
4  26  21
5  26  76
6  26  59
7  26  66
8  26  33
9  26  50
10  26  68
11  26  67
12  26  28
13  26  65
14  26  62
15  26  48
16  26  17
17  26  62
18  26  76
19  26  87
20  26  21
1  27  16
2  27  68
3  27  16
4  27  12
5  27  39
6  27  33
7  27  11
8  27  25
9  27  65
10  27  69
11  27  57
12  27  69
13  27  57
14  27  69
15  27  24
16  27  11
17  27  45
18  27  36
19  27  67
20  27  27
1  28  76
2  28  69
3  28  84
4  28  87
5  28  12
6  28  65
7  28  67
8  28  45
9  28  89
10  28  72
11  28  64
12  28  51
13  28  58
14  28  50
15  28  72
16  28  87
17  28  72
18  28  50
19  28  17
20  28  43
1  29  44
2  29  45
3  29  22
4  29  56
5  29  48
6  29  45
7  29  71
8  29  79
9  29  38
10  29  68
11  29  88
12  29  88
13  29  29
14  29  53
15  29  71
16  29  73
17  29  37
18  29  74
19  29  58
20  29  75
1  30  49
2  30  59
3  30  52
4  30  76
5  30  12
6  30  74
7  30  87
8  30  46
9  30  73
10  30  83
11  30  69
12  30  83
13  30  13
14  30  50
15  30  52
16  30  36
17  30  52
18  30  63
19  30  58
20  30  80
1  31  15
2  31  89
3  31  43
4  31  67
5  31  82
6  31  74
7  31  14
8  31  31
9  31  44
10  31  57
11  31  74
12  31  89
13  31  42
14  31  22
15  31  20
16  31  80
17  31  67
18  31  29
19  31  89
20  31  34
1  32  69
2  32  81
3  32  73
4  32  10
5  32  73
6  32  73
7  32  75
8  32  73
9  32  21
10  32  58
11  32  40
12  32  20
13  32  76
14  32  35
15  32  13
16  32  65
17  32  47
18  32  85
19  32  87
20  32  35
1  33  57
2  33  64
3  33  47
4  33  88
5  33  20
6  33  62
7  33  24
8  33  35
9  33  33
10  33  57
11  33  63
12  33  90
13  33  71
14  33  15
15  33  70
16  33  87
17  33  10
18  33  59
19  33  41
20  33  84
1  34  16
2  34  15
3  34  57
4  34  33
5  34  39
6  34  80
7  34  24
8  34  29
9  34  76
10  34  47
11  34  73
12  34  24
13  34  45
14  34  51
15  34  90
16  34  23
17  34  60
18  34  60
19  34  55
20  34  23
1  35  14
2  35  24
3  35  77
4  35  62
5  35  13
6  35  62
7  35  70
8  35  70
9  35  48
10  35  63
11  35  46
12  35  82
13  35  27
14  35  22
15  35  83
16  35  40
17  35  87
18  35  54
19  35  59
20  35  82
1  36  77
2  36  14
3  36  89
4  36  25
5  36  48
6  36  33
7  36  80
8  36  85
9  36  37
10  36  25
11  36  28
12  36  35
13  36  19
14  36  24
15  36  18
16  36  61
17  36  48
18  36  52
19  36  47
20  36  33
1  37  32
2  37  11
3  37  23
4  37  46
5  37  49
6  37  69
7  37  31
8  37  28
9  37  76
10  37  37
11  37  50
12  37  26
13  37  17
14  37  65
15  37  23
16  37  19
17  37  90
18  37  78
19  37  38
20  37  79
1  38  24
2  38  25
3  38  81
4  38  77
5  38  38
6  38  31
7  38  44
8  38  50
9  38  76
10  38  87
11  38  59
12  38  33
13  38  21
14  38  60
15  38  82
16  38  90
17  38  13
18  38  53
19  38  72
20  38  23
1  39  23
2  39  63
3  39  18
4  39  41
5  39  10
6  39  90
7  39  90
8  39  69
9  39  80
10  39  11
11  39  23
12  39  12
13  39  82
14  39  68
15  39  87
16  39  35
17  39  71
18  39  66
19  39  31
20  39  87
1  40  21
2  40  29
3  40  23
4  40  27
5  40  65
6  40  71
7  40  37
8  40  35
9  40  85
10  40  56
11  40  53
12  40  61
13  40  25
14  40  57
15  40  58
16  40  60
17  40  48
18  40  38
19  40  21
20  40  15
1  41  74
2  41  10
3  41  63
4  41  34
5  41  43
6  41  51
7  41  35
8  41  68
9  41  76
10  41  65
11  41  11
12  41  62
13  41  56
14  41  73
15  41  47
16  41  65
17  41  37
18  41  80
19  41  29
20  41  40
1  42  55
2  42  87
3  42  51
4  42  62
5  42  34
6  42  27
7  42  41
8  42  32
9  42  54
10  42  62
11  42  26
12  42  20
13  42  27
14  42  10
15  42  28
16  42  71
17  42  66
18  42  75
19  42  36
20  42  77
1  43  16
2  43  35
3  43  32
4  43  36
5  43  33
6  43  42
7  43  18
8  43  37
9  43  71
10  43  41
11  43  25
12  43  67
13  43  18
14  43  31
15  43  74
16  43  31
17  43  41
18  43  78
19  43  32
20  43  10
1  44  28
2  44  26
3  44  59
4  44  63
5  44  73
6  44  63
7  44  65
8  44  33
9  44  46
10  44  22
11  44  23
12  44  12
13  44  24
14  44  38
15  44  25
16  44  12
17  44  61
18  44  38
19  44  72
20  44  56
1  45  30
2  45  67
3  45  33
4  45  16
5  45  39
6  45  78
7  45  86
8  45  84
9  45  71
10  45  64
11  45  24
12  45  13
13  45  16
14  45  51
15  45  25
16  45  75
17  45  39
18  45  23
19  45  75
20  45  83
1  46  27
2  46  30
3  46  55
4  46  74
5  46  39
6  46  26
7  46  86
8  46  46
9  46  30
10  46  66
11  46  62
12  46  73
13  46  51
14  46  31
15  46  60
16  46  89
17  46  39
18  46  79
19  46  85
20  46  30
1  47  74
2  47  12
3  47  16
4  47  57
5  47  61
6  47  69
7  47  57
8  47  42
9  47  74
10  47  51
11  47  21
12  47  21
13  47  22
14  47  20
15  47  12
16  47  68
17  47  19
18  47  62
19  47  14
20  47  77
1  48  65
2  48  17
3  48  87
4  48  23
5  48  52
6  48  88
7  48  55
8  48  49
9  48  46
10  48  58
11  48  55
12  48  78
13  48  29
14  48  60
15  48  90
16  48  90
17  48  43
18  48  78
19  48  26
20  48  32
1  49  81
2  49  82
3  49  56
4  49  44
5  49  33
6  49  25
7  49  12
8  49  29
9  49  67
10  49  17
11  49  85
12  49  17
13  49  77
14  49  72
15  49  40
16  49  13
17  49  30
18  49  36
19  49  81
20  49  37
1  50  30
2  50  69
3  50  87
4  50  67
5  50  75
6  50  77
7  50  83
8  50  88
9  50  39
10  50  80
11  50  39
12  50  66
13  50  83
14  50  15
15  50  72
16  50  11
17  50  35
18  50  62
19  50  34
20  50  11
1  51  22
2  51  45
3  51  85
4  51  68
5  51  86
6  51  59
7  51  16
8  51  23
9  51  17
10  51  73
11  51  35
12  51  50
13  51  56
14  51  57
15  51  53
16  51  64
17  51  57
18  51  36
19  51  73
20  51  61
1  52  42
2  52  74
3  52  46
4  52  68
5  52  65
6  52  58
7  52  35
8  52  17
9  52  15
10  52  31
11  52  57
12  52  30
13  52  46
14  52  47
15  52  72
16  52  78
17  52  86
18  52  62
19  52  30
20  52  65
1  53  42
2  53  49
3  53  26
4  53  71
5  53  17
6  53  65
7  53  65
8  53  51
9  53  13
10  53  65
11  53  16
12  53  64
13  53  63
14  53  17
15  53  40
16  53  70
17  53  75
18  53  73
19  53  75
20  53  15
1  54  30
2  54  53
3  54  68
4  54  18
5  54  42
6  54  53
7  54  54
8  54  76
9  54  71
10  54  58
11  54  70
12  54  68
13  54  27
14  54  42
15  54  81
16  54  32
17  54  21
18  54  14
19  54  72
20  54  10
1  55  50
2  55  29
3  55  56
4  55  58
5  55  47
6  55  36
7  55  27
8  55  12
9  55  46
10  55  13
11  55  24
12  55  27
13  55  16
14  55  59
15  55  88
16  55  88
17  55  19
18  55  83
19  55  31
20  55  53
1  56  25
2  56  69
3  56  88
4  56  62
5  56  71
6  56  38
7  56  48
8  56  68
9  56  65
10  56  78
11  56  77
12  56  18
13  56  71
14  56  71
15  56  15
16  56  45
17  56  17
18  56  76
19  56  70
20  56  38
1  57  82
2  57  66
3  57  62
4  57  62
5  57  53
6  57  90
7  57  37
8  57  39
9  57  65
10  57  26
11  57  80
12  57  54
13  57  23
14  57  33
15  57  16
16  57  48
17  57  44
18  57  74
19  57  69
20  57  23
1  58  55
2  58  38
3  58  64
4  58  36
5  58  11
6  58  66
7  58  77
8  58  52
9  58  73
10  58  89
11  58  90
12  58  37
13  58  42
14  58  90
15  58  81
16  58  36
17  58  50
18  58  50
19  58  71
20  58  63
1  59  67
2  59  37
3  59  31
4  59  59
5  59  78
6  59  30
7  59  83
8  59  85
9  59  53
10  59  52
11  59  62
12  59  71
13  59  54
14  59  60
15  59  29
16  59  70
17  59  31
18  59  62
19  59  13
20  59  74
1  60  30
2  60  41
3  60  18
4  60  60
5  60  67
6  60  26
7  60  66
8  60  30
9  60  48
10  60  82
11  60  22
12  60  77
13  60  39
14  60  78
15  60  31
16  60  41
17  60  82
18  60  71
19  60  23
20  60  58
1  61  11
2  61  18
3  61  39
4  61  31
5  61  10
6  61  36
7  61  26
8  61  84
9  61  73
10  61  45
11  61  64
12  61  88
13  61  86
14  61  25
15  61  23
16  61  84
17  61  69
18  61  40
19  61  62
20  61  45
1  62  13
2  62  39
3  62  75
4  62  64
5  62  85
6  62  55
7  62  39
8  62  85
9  62  18
10  62  22
11  62  89
12  62  14
13  62  10
14  62  54
15  62  53
16  62  71
17  62  87
18  62  25
19  62  19
20  62  54
1  63  48
2  63  18
3  63  56
4  63  20
5  63  50
6  63  47
7  63  69
8  63  46
9  63  52
10  63  46
11  63  86
12  63  58
13  63  44
14  63  62
15  63  31
16  63  76
17  63  30
18  63  90
19  63  51
20  63  78
1  64  66
2  64  74
3  64  71
4  64  82
5  64  18
6  64  14
7  64  63
8  64  62
9  64  43
10  64  17
11  64  58
12  64  64
13  64  26
14  64  57
15  64  27
16  64  49
17  64  38
18  64  62
19  64  85
20  64  35
1  65  68
2  65  37
3  65  24
4  65  70
5  65  40
6  65  16
7  65  35
8  65  58
9  65  22
10  65  58
11  65  20
12  65  36
13  65  50
14  65  49
15  65  14
16  65  22
17  65  25
18  65  30
19  65  88
20  65  33
1  66  90
2  66  10
3  66  36
4  66  60
5  66  76
6  66  82
7  66  18
8  66  90
9  66  49
10  66  37
11  66  19
12  66  55
13  66  37
14  66  24
15  66  27
16  66  55
17  66  60
18  66  41
19  66  50
20  66  78
1  67  60
2  67  81
3  67  83
4  67  63
5  67  28
6  67  45
7  67  63
8  67  61
9  67  73
10  67  53
11  67  48
12  67  31
13  67  50
14  67  16
15  67  69
16  67  10
17  67  75
18  67  41
19  67  25
20  67  36
1  68  84
2  68  77
3  68  38
4  68  74
5  68  72
6  68  29
7  68  19
8  68  71
9  68  80
10  68  46
11  68  38
12  68  70
13  68  72
14  68  61
15  68  86
16  68  46
17  68  25
18  68  27
19  68  71
20  68  24
1  69  88
2  69  28
3  69  15
4  69  67
5  69  72
6  69  82
7  69  13
8  69  72
9  69  61
10  69  17
11  69  50
12  69  43
13  69  68
14  69  59
15  69  76
16  69  20
17  69  73
18  69  60
19  69  42
20  69  35
1  70  21
2  70  49
3  70  39
4  70  22
5  70  90
6  70  18
7  70  54
8  70  32
9  70  84
10  70  78
11  70  53
12  70  59
13  70  71
14  70  63
15  70  36
16  70  72
17  70  14
18  70  52
19  70  37
20  70  10
1  71  31
2  71  29
3  71  72
4  71  13
5  71  81
6  71  77
7  71  22
8  71  77
9  71  89
10  71  54
11  71  66
12  71  80
13  71  35
14  71  32
15  71  63
16  71  47
17  71  65
18  71  82
19  71  62
20  71  77
1  72  29
2  72  26
3  72  90
4  72  12
5  72  41
6  72  12
7  72  82
8  72  72
9  72  33
10  72  41
11  72  75
12  72  11
13  72  88
14  72  45
15  72  39
16  72  86
17  72  18
18  72  83
19  72  57
20  72  43
1  73  22
2  73  27
3  73  70
4  73  27
5  73  15
6  73  62
7  73  14
8  73  82
9  73  50
10  73  74
11  73  65
12  73  30
13  73  35
14  73  23
15  73  82
16  73  67
17  73  26
18  73  90
19  73  50
20  73  26
1  74  84
2  74  50
3  74  79
4  74  62
5  74  59
6  74  14
7  74  78
8  74  62
9  74  33
10  74  46
11  74  46
12  74  83
13  74  13
14  74  84
15  74  19
16  74  67
17  74  77
18  74  34
19  74  39
20  74  69
1  75  71
2  75  19
3  75  29
4  75  51
5  75  28
6  75  54
7  75  63
8  75  17
9  75  19
10  75  11
11  75  63
12  75  34
13  75  29
14  75  77
15  75  77
16  75  81
17  75  13
18  75  26
19  75  81
20  75  69
1  76  17
2  76  35
3  76  39
4  76  75
5  76  69
6  76  11
7  76  17
8  76  29
9  76  49
10  76  15
11  76  35
12  76  11
13  76  84
14  76  59
15  76  35
16  76  38
17  76  83
18  76  51
19  76  45
20  76  10
1  77  23
2  77  63
3  77  62
4  77  31
5  77  83
6  77  59
7  77  41
8  77  42
9  77  54
10  77  12
11  77  71
12  77  84
13  77  89
14  77  12
15  77  62
16  77  21
17  77  11
18  77  71
19  77  31
20  77  39
1  78  59
2  78  85
3  78  72
4  78  17
5  78  20
6  78  32
7  78  15
8  78  36
9  78  81
10  78  61
11  78  89
12  78  48
13  78  79
14  78  40
15  78  77
16  78  55
17  78  19
18  78  47
19  78  61
20  78  88
1  79  43
2  79  29
3  79  13
4  79  86
5  79  85
6  79  86
7  79  74
8  79  57
9  79  75
10  79  82
11  79  11
12  79  77
13  79  47
14  79  14
15  79  82
16  79  82
17  79  79
18  79  86
19  79  37
20  79  85
1  80  26
2  80  37
3  80  76
4  80  56
5  80  74
6  80  29
7  80  28
8  80  47
9  80  84
10  80  58
11  80  35
12  80  15
13  80  36
14  80  72
15  80  79
16  80  49
17  80  25
18  80  30
19  80  52
20  80  21
1  81  84
2  81  48
3  81  17
4  81  63
5  81  54
6  81  45
7  81  89
8  81  20
9  81  43
10  81  65
11  81  70
12  81  36
13  81  27
14  81  47
15  81  81
16  81  60
17  81  76
18  81  24
19  81  41
20  81  54
1  82  23
2  82  49
3  82  68
4  82  76
5  82  32
6  82  34
7  82  10
8  82  43
9  82  22
10  82  23
11  82  25
12  82  65
13  82  34
14  82  56
15  82  20
16  82  78
17  82  79
18  82  57
19  82  13
20  82  15
1  83  50
2  83  74
3  83  77
4  83  82
5  83  85
6  83  25
7  83  14
8  83  78
9  83  73
10  83  68
11  83  46
12  83  33
13  83  20
14  83  78
15  83  63
16  83  38
17  83  19
18  83  42
19  83  48
20  83  51
1  84  84
2  84  84
3  84  70
4  84  39
5  84  58
6  84  24
7  84  29
8  84  30
9  84  84
10  84  71
11  84  65
12  84  17
13  84  71
14  84  76
15  84  53
16  84  76
17  84  14
18  84  84
19  84  60
20  84  24
1  85  82
2  85  60
3  85  34
4  85  44
5  85  62
6  85  22
7  85  35
8  85  66
9  85  74
10  85  36
11  85  63
12  85  78
13  85  56
14  85  83
15  85  34
16  85  58
17  85  27
18  85  33
19  85  39
20  85  79
1  86  64
2  86  76
3  86  54
4  86  42
5  86  67
6  86  65
7  86  70
8  86  42
9  86  56
10  86  76
11  86  77
12  86  73
13  86  43
14  86  11
15  86  85
16  86  64
17  86  26
18  86  66
19  86  13
20  86  45
1  87  21
2  87  29
3  87  23
4  87  78
5  87  46
6  87  60
7  87  31
8  87  75
9  87  34
10  87  63
11  87  89
12  87  48
13  87  16
14  87  48
15  87  31
16  87  29
17  87  86
18  87  75
19  87  19
20  87  69
1  88  81
2  88  69
3  88  65
4  88  69
5  88  26
6  88  76
7  88  47
8  88  90
9  88  41
10  88  74
11  88  70
12  88  21
13  88  44
14  88  76
15  88  29
16  88  52
17  88  63
18  88  83
19  88  52
20  88  62
1  89  52
2  89  45
3  89  47
4  89  13
5  89  45
6  89  86
7  89  79
8  89  55
9  89  66
10  89  62
11  89  74
12  89  61
13  89  86
14  89  16
15  89  35
16  89  44
17  89  33
18  89  47
19  89  14
20  89  88
1  90  19
2  90  51
3  90  86
4  90  66
5  90  87
6  90  12
7  90  74
8  90  42
9  90  49
10  90  56
11  90  80
12  90  67
13  90  50
14  90  25
15  90  86
16  90  77
17  90  60
18  90  46
19  90  71
20  90  13
1  91  52
2  91  46
3  91  39
4  91  35
5  91  38
6  91  25
7  91  84
8  91  58
9  91  73
10  91  74
11  91  32
12  91  62
13  91  49
14  91  60
15  91  68
16  91  41
17  91  88
18  91  34
19  91  20
20  91  41
1  92  30
2  92  14
3  92  46
4  92  47
5  92  54
6  92  80
7  92  53
8  92  71
9  92  61
10  92  45
11  92  86
12  92  89
13  92  83
14  92  41
15  92  65
16  92  81
17  92  28
18  92  14
19  92  20
20  92  86
1  93  58
2  93  79
3  93  71
4  93  20
5  93  43
6  93  35
7  93  36
8  93  36
9  93  60
10  93  62
11  93  38
12  93  16
13  93  56
14  93  83
15  93  78
16  93  26
17  93  36
18  93  37
19  93  27
20  93  31
1  94  82
2  94  25
3  94  40
4  94  37
5  94  57
6  94  39
7  94  39
8  94  10
9  94  87
10  94  64
11  94  68
12  94  43
13  94  46
14  94  48
15  94  73
16  94  84
17  94  51
18  94  22
19  94  52
20  94  20
1  95  62
2  95  41
3  95  52
4  95  28
5  95  57
6  95  47
7  95  43
8  95  36
9  95  10
10  95  74
11  95  65
12  95  61
13  95  77
14  95  36
15  95  44
16  95  23
17  95  70
18  95  56
19  95  41
20  95  73
1  96  20
2  96  61
3  96  31
4  96  67
5  96  42
6  96  68
7  96  65
8  96  73
9  96  53
10  96  82
11  96  25
12  96  31
13  96  40
14  96  70
15  96  57
16  96  45
17  96  83
18  96  45
19  96  70
20  96  71
1  97  88
2  97  41
3  97  46
4  97  24
5  97  46
6  97  80
7  97  45
8  97  54
9  97  77
10  97  46
11  97  80
12  97  68
13  97  87
14  97  71
15  97  55
16  97  82
17  97  24
18  97  36
19  97  37
20  97  31
1  98  88
2  98  31
3  98  58
4  98  13
5  98  88
6  98  57
7  98  89
8  98  72
9  98  62
10  98  71
11  98  35
12  98  62
13  98  58
14  98  29
15  98  18
16  98  71
17  98  50
18  98  13
19  98  31
20  98  64
1  99  48
2  99  84
3  99  19
4  99  40
5  99  54
6  99  44
7  99  61
8  99  72
9  99  47
10  99  48
11  99  22
12  99  40
13  99  50
14  99  50
15  99  74
16  99  52
17  99  18
18  99  33
19  99  81
20  99  15
1  100  51
2  100  62
3  100  18
4  100  84
5  100  63
6  100  60
7  100  13
8  100  68
9  100  86
10  100  39
11  100  24
12  100  85
13  100  37
14  100  34
15  100  77
16  100  80
17  100  88
18  100  32
19  100  12
20  100  19
;

param a :=
1  1  1
2  1  0.59
1  2  1
2  2  0.4
1  3  1
2  3  0.56
1  4  1
2  4  0.58
1  5  1
2  5  0.55
1  6  1
2  6  0.42
1  7  1
2  7  0.51
1  8  1
2  8  0.51
1  9  1
2  9  0.54
1  10  1
2  10  0.6
1  11  1
2  11  0.52
1  12  1
2  12  0.42
1  13  1
2  13  0.4
1  14  1
2  14  0.45
1  15  1
2  15  0.5
1  16  1
2  16  0.47
1  17  1
2  17  0.4
1  18  1
2  18  0.58
1  19  1
2  19  0.42
1  20  1
2  20  0.43
;

