param com_measure1 := 0.60356;

param com_measure2 := 0.96449;

param kappa_max := 629.3969;

param U_tau := 559.3873;

param nT := 2;

param nS := 150;

param nL := 15;

param B := 574.00;

param w :=
1  3
2  2
3  1
4  3
5  1
6  1
7  3
8  2
9  2
10  1
11  1
12  3
13  2
14  2
15  3
;

param h :=
1  1  0
1  2  0
1  3  0
1  4  0
1  5  0
1  6  0
1  7  0
1  8  0
1  9  0
1  10  0
1  11  0
1  12  0
1  13  0
1  14  0
1  15  0
2  1  81.13
2  2  80.63
2  3  76.27
2  4  74.64
2  5  70.88
2  6  74.34
2  7  77.52
2  8  79.85
2  9  77.83
2  10  77.07
2  11  75.54
2  12  77.28
2  13  82.24
2  14  72.94
2  15  69.84
;

param xi :=
1  1  1  56
2  1  1  51
3  1  1  36
4  1  1  86
5  1  1  39
6  1  1  42
7  1  1  84
8  1  1  56
9  1  1  42
10  1  1  83
11  1  1  30
12  1  1  37
13  1  1  75
14  1  1  42
15  1  1  44
1  2  1  26
2  2  1  57
3  2  1  80
4  2  1  35
5  2  1  61
6  2  1  66
7  2  1  90
8  2  1  84
9  2  1  86
10  2  1  23
11  2  1  15
12  2  1  44
13  2  1  24
14  2  1  31
15  2  1  25
1  3  1  31
2  3  1  46
3  3  1  68
4  3  1  50
5  3  1  50
6  3  1  15
7  3  1  86
8  3  1  33
9  3  1  82
10  3  1  19
11  3  1  88
12  3  1  23
13  3  1  22
14  3  1  34
15  3  1  58
1  4  1  44
2  4  1  65
3  4  1  54
4  4  1  67
5  4  1  90
6  4  1  39
7  4  1  87
8  4  1  16
9  4  1  65
10  4  1  45
11  4  1  37
12  4  1  19
13  4  1  78
14  4  1  24
15  4  1  11
1  5  1  90
2  5  1  11
3  5  1  90
4  5  1  54
5  5  1  31
6  5  1  18
7  5  1  80
8  5  1  22
9  5  1  17
10  5  1  76
11  5  1  63
12  5  1  33
13  5  1  80
14  5  1  17
15  5  1  36
1  6  1  48
2  6  1  14
3  6  1  43
4  6  1  82
5  6  1  19
6  6  1  25
7  6  1  30
8  6  1  85
9  6  1  10
10  6  1  42
11  6  1  79
12  6  1  79
13  6  1  56
14  6  1  83
15  6  1  57
1  7  1  36
2  7  1  50
3  7  1  71
4  7  1  13
5  7  1  71
6  7  1  48
7  7  1  79
8  7  1  18
9  7  1  59
10  7  1  58
11  7  1  42
12  7  1  90
13  7  1  72
14  7  1  40
15  7  1  52
1  8  1  78
2  8  1  80
3  8  1  88
4  8  1  65
5  8  1  44
6  8  1  57
7  8  1  72
8  8  1  57
9  8  1  83
10  8  1  76
11  8  1  83
12  8  1  35
13  8  1  18
14  8  1  57
15  8  1  49
1  9  1  38
2  9  1  54
3  9  1  31
4  9  1  71
5  9  1  41
6  9  1  73
7  9  1  33
8  9  1  68
9  9  1  44
10  9  1  69
11  9  1  73
12  9  1  60
13  9  1  40
14  9  1  27
15  9  1  26
1  10  1  62
2  10  1  36
3  10  1  71
4  10  1  67
5  10  1  14
6  10  1  19
7  10  1  62
8  10  1  80
9  10  1  57
10  10  1  33
11  10  1  58
12  10  1  69
13  10  1  67
14  10  1  27
15  10  1  44
1  11  1  56
2  11  1  54
3  11  1  89
4  11  1  59
5  11  1  68
6  11  1  56
7  11  1  77
8  11  1  48
9  11  1  77
10  11  1  74
11  11  1  13
12  11  1  61
13  11  1  64
14  11  1  82
15  11  1  24
1  12  1  53
2  12  1  83
3  12  1  31
4  12  1  16
5  12  1  51
6  12  1  10
7  12  1  73
8  12  1  26
9  12  1  63
10  12  1  57
11  12  1  32
12  12  1  76
13  12  1  65
14  12  1  89
15  12  1  22
1  13  1  43
2  13  1  69
3  13  1  67
4  13  1  12
5  13  1  45
6  13  1  87
7  13  1  12
8  13  1  61
9  13  1  33
10  13  1  52
11  13  1  65
12  13  1  72
13  13  1  20
14  13  1  79
15  13  1  30
1  14  1  51
2  14  1  58
3  14  1  36
4  14  1  82
5  14  1  38
6  14  1  24
7  14  1  79
8  14  1  70
9  14  1  58
10  14  1  36
11  14  1  52
12  14  1  80
13  14  1  16
14  14  1  45
15  14  1  77
1  15  1  35
2  15  1  38
3  15  1  11
4  15  1  32
5  15  1  27
6  15  1  89
7  15  1  63
8  15  1  81
9  15  1  40
10  15  1  17
11  15  1  41
12  15  1  34
13  15  1  86
14  15  1  34
15  15  1  37
1  16  1  27
2  16  1  89
3  16  1  49
4  16  1  81
5  16  1  42
6  16  1  61
7  16  1  44
8  16  1  82
9  16  1  59
10  16  1  42
11  16  1  67
12  16  1  19
13  16  1  30
14  16  1  14
15  16  1  17
1  17  1  89
2  17  1  82
3  17  1  43
4  17  1  19
5  17  1  65
6  17  1  86
7  17  1  39
8  17  1  89
9  17  1  46
10  17  1  33
11  17  1  76
12  17  1  25
13  17  1  75
14  17  1  22
15  17  1  67
1  18  1  30
2  18  1  32
3  18  1  74
4  18  1  22
5  18  1  62
6  18  1  76
7  18  1  34
8  18  1  84
9  18  1  66
10  18  1  53
11  18  1  57
12  18  1  61
13  18  1  56
14  18  1  80
15  18  1  83
1  19  1  69
2  19  1  24
3  19  1  76
4  19  1  51
5  19  1  56
6  19  1  32
7  19  1  72
8  19  1  16
9  19  1  53
10  19  1  85
11  19  1  88
12  19  1  31
13  19  1  86
14  19  1  70
15  19  1  12
1  20  1  53
2  20  1  22
3  20  1  42
4  20  1  21
5  20  1  19
6  20  1  68
7  20  1  27
8  20  1  42
9  20  1  42
10  20  1  36
11  20  1  87
12  20  1  45
13  20  1  21
14  20  1  86
15  20  1  23
1  21  1  55
2  21  1  81
3  21  1  77
4  21  1  52
5  21  1  88
6  21  1  19
7  21  1  47
8  21  1  52
9  21  1  21
10  21  1  32
11  21  1  73
12  21  1  46
13  21  1  80
14  21  1  85
15  21  1  56
1  22  1  20
2  22  1  85
3  22  1  51
4  22  1  64
5  22  1  52
6  22  1  49
7  22  1  48
8  22  1  32
9  22  1  82
10  22  1  32
11  22  1  75
12  22  1  82
13  22  1  17
14  22  1  43
15  22  1  87
1  23  1  64
2  23  1  53
3  23  1  60
4  23  1  28
5  23  1  49
6  23  1  85
7  23  1  36
8  23  1  90
9  23  1  61
10  23  1  59
11  23  1  26
12  23  1  69
13  23  1  45
14  23  1  21
15  23  1  36
1  24  1  31
2  24  1  21
3  24  1  20
4  24  1  54
5  24  1  30
6  24  1  20
7  24  1  62
8  24  1  12
9  24  1  27
10  24  1  28
11  24  1  83
12  24  1  66
13  24  1  69
14  24  1  54
15  24  1  27
1  25  1  40
2  25  1  78
3  25  1  49
4  25  1  43
5  25  1  52
6  25  1  56
7  25  1  90
8  25  1  89
9  25  1  81
10  25  1  59
11  25  1  14
12  25  1  52
13  25  1  49
14  25  1  39
15  25  1  63
1  26  1  61
2  26  1  36
3  26  1  32
4  26  1  85
5  26  1  17
6  26  1  56
7  26  1  70
8  26  1  37
9  26  1  66
10  26  1  15
11  26  1  16
12  26  1  28
13  26  1  80
14  26  1  27
15  26  1  90
1  27  1  62
2  27  1  34
3  27  1  83
4  27  1  84
5  27  1  17
6  27  1  73
7  27  1  59
8  27  1  78
9  27  1  85
10  27  1  13
11  27  1  86
12  27  1  12
13  27  1  41
14  27  1  35
15  27  1  87
1  28  1  66
2  28  1  56
3  28  1  11
4  28  1  37
5  28  1  77
6  28  1  82
7  28  1  35
8  28  1  51
9  28  1  89
10  28  1  66
11  28  1  46
12  28  1  43
13  28  1  80
14  28  1  19
15  28  1  89
1  29  1  87
2  29  1  42
3  29  1  19
4  29  1  25
5  29  1  72
6  29  1  34
7  29  1  77
8  29  1  48
9  29  1  58
10  29  1  46
11  29  1  27
12  29  1  59
13  29  1  38
14  29  1  47
15  29  1  65
1  30  1  79
2  30  1  24
3  30  1  39
4  30  1  22
5  30  1  22
6  30  1  73
7  30  1  40
8  30  1  36
9  30  1  52
10  30  1  18
11  30  1  34
12  30  1  63
13  30  1  68
14  30  1  12
15  30  1  25
1  31  1  73
2  31  1  61
3  31  1  52
4  31  1  75
5  31  1  75
6  31  1  86
7  31  1  46
8  31  1  48
9  31  1  41
10  31  1  20
11  31  1  51
12  31  1  20
13  31  1  62
14  31  1  85
15  31  1  58
1  32  1  74
2  32  1  12
3  32  1  14
4  32  1  90
5  32  1  14
6  32  1  84
7  32  1  84
8  32  1  40
9  32  1  52
10  32  1  16
11  32  1  11
12  32  1  32
13  32  1  84
14  32  1  69
15  32  1  54
1  33  1  59
2  33  1  66
3  33  1  79
4  33  1  29
5  33  1  14
6  33  1  34
7  33  1  23
8  33  1  77
9  33  1  73
10  33  1  62
11  33  1  54
12  33  1  59
13  33  1  35
14  33  1  24
15  33  1  43
1  34  1  41
2  34  1  67
3  34  1  48
4  34  1  28
5  34  1  41
6  34  1  29
7  34  1  61
8  34  1  82
9  34  1  69
10  34  1  29
11  34  1  49
12  34  1  69
13  34  1  45
14  34  1  65
15  34  1  10
1  35  1  83
2  35  1  17
3  35  1  41
4  35  1  71
5  35  1  16
6  35  1  88
7  35  1  87
8  35  1  21
9  35  1  65
10  35  1  25
11  35  1  41
12  35  1  38
13  35  1  53
14  35  1  79
15  35  1  27
1  36  1  68
2  36  1  66
3  36  1  30
4  36  1  40
5  36  1  12
6  36  1  81
7  36  1  58
8  36  1  33
9  36  1  46
10  36  1  64
11  36  1  35
12  36  1  31
13  36  1  49
14  36  1  24
15  36  1  38
1  37  1  81
2  37  1  19
3  37  1  23
4  37  1  82
5  37  1  60
6  37  1  62
7  37  1  59
8  37  1  76
9  37  1  74
10  37  1  19
11  37  1  56
12  37  1  20
13  37  1  79
14  37  1  25
15  37  1  38
1  38  1  52
2  38  1  28
3  38  1  14
4  38  1  65
5  38  1  32
6  38  1  52
7  38  1  26
8  38  1  31
9  38  1  88
10  38  1  31
11  38  1  55
12  38  1  46
13  38  1  77
14  38  1  21
15  38  1  53
1  39  1  18
2  39  1  75
3  39  1  27
4  39  1  87
5  39  1  81
6  39  1  90
7  39  1  86
8  39  1  15
9  39  1  30
10  39  1  30
11  39  1  23
12  39  1  32
13  39  1  70
14  39  1  75
15  39  1  19
1  40  1  87
2  40  1  83
3  40  1  23
4  40  1  13
5  40  1  41
6  40  1  88
7  40  1  12
8  40  1  85
9  40  1  87
10  40  1  78
11  40  1  54
12  40  1  41
13  40  1  81
14  40  1  59
15  40  1  75
1  41  1  75
2  41  1  41
3  41  1  57
4  41  1  72
5  41  1  85
6  41  1  58
7  41  1  59
8  41  1  12
9  41  1  73
10  41  1  64
11  41  1  84
12  41  1  15
13  41  1  26
14  41  1  11
15  41  1  12
1  42  1  15
2  42  1  88
3  42  1  77
4  42  1  71
5  42  1  27
6  42  1  21
7  42  1  83
8  42  1  50
9  42  1  89
10  42  1  58
11  42  1  83
12  42  1  71
13  42  1  27
14  42  1  71
15  42  1  43
1  43  1  10
2  43  1  34
3  43  1  43
4  43  1  32
5  43  1  20
6  43  1  62
7  43  1  48
8  43  1  26
9  43  1  18
10  43  1  31
11  43  1  57
12  43  1  20
13  43  1  23
14  43  1  80
15  43  1  25
1  44  1  74
2  44  1  66
3  44  1  15
4  44  1  31
5  44  1  31
6  44  1  44
7  44  1  49
8  44  1  46
9  44  1  89
10  44  1  18
11  44  1  79
12  44  1  37
13  44  1  46
14  44  1  65
15  44  1  66
1  45  1  64
2  45  1  45
3  45  1  89
4  45  1  80
5  45  1  51
6  45  1  70
7  45  1  35
8  45  1  58
9  45  1  15
10  45  1  38
11  45  1  89
12  45  1  68
13  45  1  38
14  45  1  88
15  45  1  83
1  46  1  21
2  46  1  62
3  46  1  83
4  46  1  28
5  46  1  32
6  46  1  67
7  46  1  40
8  46  1  78
9  46  1  41
10  46  1  69
11  46  1  12
12  46  1  69
13  46  1  38
14  46  1  75
15  46  1  78
1  47  1  67
2  47  1  79
3  47  1  70
4  47  1  89
5  47  1  40
6  47  1  84
7  47  1  85
8  47  1  78
9  47  1  14
10  47  1  71
11  47  1  69
12  47  1  23
13  47  1  39
14  47  1  59
15  47  1  41
1  48  1  76
2  48  1  89
3  48  1  13
4  48  1  60
5  48  1  31
6  48  1  36
7  48  1  71
8  48  1  59
9  48  1  19
10  48  1  73
11  48  1  26
12  48  1  63
13  48  1  59
14  48  1  41
15  48  1  37
1  49  1  89
2  49  1  40
3  49  1  37
4  49  1  66
5  49  1  53
6  49  1  20
7  49  1  29
8  49  1  90
9  49  1  80
10  49  1  21
11  49  1  83
12  49  1  34
13  49  1  49
14  49  1  81
15  49  1  40
1  50  1  23
2  50  1  49
3  50  1  82
4  50  1  89
5  50  1  27
6  50  1  73
7  50  1  55
8  50  1  19
9  50  1  59
10  50  1  90
11  50  1  50
12  50  1  67
13  50  1  72
14  50  1  55
15  50  1  50
1  51  1  85
2  51  1  60
3  51  1  63
4  51  1  29
5  51  1  37
6  51  1  13
7  51  1  28
8  51  1  78
9  51  1  90
10  51  1  88
11  51  1  17
12  51  1  70
13  51  1  75
14  51  1  84
15  51  1  52
1  52  1  36
2  52  1  52
3  52  1  43
4  52  1  24
5  52  1  23
6  52  1  44
7  52  1  81
8  52  1  29
9  52  1  40
10  52  1  50
11  52  1  41
12  52  1  45
13  52  1  66
14  52  1  83
15  52  1  19
1  53  1  27
2  53  1  81
3  53  1  35
4  53  1  44
5  53  1  69
6  53  1  84
7  53  1  48
8  53  1  15
9  53  1  40
10  53  1  71
11  53  1  88
12  53  1  43
13  53  1  56
14  53  1  82
15  53  1  32
1  54  1  18
2  54  1  52
3  54  1  70
4  54  1  67
5  54  1  36
6  54  1  21
7  54  1  59
8  54  1  36
9  54  1  15
10  54  1  82
11  54  1  76
12  54  1  38
13  54  1  74
14  54  1  30
15  54  1  47
1  55  1  80
2  55  1  49
3  55  1  54
4  55  1  54
5  55  1  23
6  55  1  19
7  55  1  56
8  55  1  87
9  55  1  89
10  55  1  29
11  55  1  60
12  55  1  63
13  55  1  49
14  55  1  54
15  55  1  36
1  56  1  28
2  56  1  85
3  56  1  27
4  56  1  74
5  56  1  44
6  56  1  66
7  56  1  35
8  56  1  62
9  56  1  10
10  56  1  17
11  56  1  46
12  56  1  66
13  56  1  20
14  56  1  84
15  56  1  85
1  57  1  60
2  57  1  30
3  57  1  61
4  57  1  72
5  57  1  24
6  57  1  33
7  57  1  49
8  57  1  68
9  57  1  76
10  57  1  42
11  57  1  29
12  57  1  28
13  57  1  71
14  57  1  28
15  57  1  25
1  58  1  86
2  58  1  58
3  58  1  58
4  58  1  34
5  58  1  50
6  58  1  26
7  58  1  78
8  58  1  30
9  58  1  17
10  58  1  36
11  58  1  13
12  58  1  44
13  58  1  34
14  58  1  60
15  58  1  50
1  59  1  25
2  59  1  32
3  59  1  87
4  59  1  48
5  59  1  86
6  59  1  16
7  59  1  19
8  59  1  18
9  59  1  87
10  59  1  12
11  59  1  37
12  59  1  51
13  59  1  39
14  59  1  23
15  59  1  79
1  60  1  78
2  60  1  15
3  60  1  77
4  60  1  23
5  60  1  41
6  60  1  41
7  60  1  58
8  60  1  38
9  60  1  48
10  60  1  80
11  60  1  18
12  60  1  51
13  60  1  19
14  60  1  35
15  60  1  27
1  61  1  73
2  61  1  69
3  61  1  26
4  61  1  47
5  61  1  31
6  61  1  61
7  61  1  70
8  61  1  31
9  61  1  50
10  61  1  83
11  61  1  69
12  61  1  67
13  61  1  63
14  61  1  44
15  61  1  50
1  62  1  63
2  62  1  17
3  62  1  84
4  62  1  45
5  62  1  67
6  62  1  63
7  62  1  39
8  62  1  43
9  62  1  23
10  62  1  81
11  62  1  36
12  62  1  22
13  62  1  53
14  62  1  70
15  62  1  24
1  63  1  87
2  63  1  64
3  63  1  61
4  63  1  35
5  63  1  80
6  63  1  82
7  63  1  36
8  63  1  10
9  63  1  20
10  63  1  87
11  63  1  55
12  63  1  72
13  63  1  27
14  63  1  21
15  63  1  82
1  64  1  69
2  64  1  40
3  64  1  25
4  64  1  32
5  64  1  70
6  64  1  86
7  64  1  34
8  64  1  58
9  64  1  84
10  64  1  64
11  64  1  12
12  64  1  89
13  64  1  52
14  64  1  10
15  64  1  17
1  65  1  60
2  65  1  48
3  65  1  59
4  65  1  71
5  65  1  42
6  65  1  66
7  65  1  35
8  65  1  20
9  65  1  88
10  65  1  16
11  65  1  53
12  65  1  51
13  65  1  78
14  65  1  51
15  65  1  66
1  66  1  31
2  66  1  86
3  66  1  70
4  66  1  50
5  66  1  16
6  66  1  24
7  66  1  66
8  66  1  53
9  66  1  28
10  66  1  69
11  66  1  50
12  66  1  48
13  66  1  63
14  66  1  69
15  66  1  83
1  67  1  53
2  67  1  32
3  67  1  39
4  67  1  44
5  67  1  22
6  67  1  33
7  67  1  76
8  67  1  44
9  67  1  12
10  67  1  77
11  67  1  14
12  67  1  84
13  67  1  53
14  67  1  87
15  67  1  71
1  68  1  19
2  68  1  11
3  68  1  32
4  68  1  43
5  68  1  42
6  68  1  19
7  68  1  76
8  68  1  89
9  68  1  67
10  68  1  40
11  68  1  51
12  68  1  60
13  68  1  60
14  68  1  32
15  68  1  55
1  69  1  33
2  69  1  57
3  69  1  63
4  69  1  90
5  69  1  78
6  69  1  40
7  69  1  72
8  69  1  27
9  69  1  14
10  69  1  77
11  69  1  37
12  69  1  78
13  69  1  33
14  69  1  41
15  69  1  60
1  70  1  73
2  70  1  39
3  70  1  25
4  70  1  27
5  70  1  34
6  70  1  69
7  70  1  37
8  70  1  19
9  70  1  89
10  70  1  55
11  70  1  36
12  70  1  57
13  70  1  50
14  70  1  60
15  70  1  57
1  71  1  42
2  71  1  16
3  71  1  30
4  71  1  57
5  71  1  71
6  71  1  42
7  71  1  74
8  71  1  87
9  71  1  80
10  71  1  40
11  71  1  13
12  71  1  15
13  71  1  34
14  71  1  54
15  71  1  12
1  72  1  41
2  72  1  28
3  72  1  27
4  72  1  25
5  72  1  43
6  72  1  14
7  72  1  72
8  72  1  19
9  72  1  17
10  72  1  34
11  72  1  30
12  72  1  38
13  72  1  68
14  72  1  43
15  72  1  62
1  73  1  83
2  73  1  86
3  73  1  44
4  73  1  86
5  73  1  53
6  73  1  53
7  73  1  52
8  73  1  59
9  73  1  82
10  73  1  46
11  73  1  44
12  73  1  74
13  73  1  33
14  73  1  35
15  73  1  76
1  74  1  89
2  74  1  36
3  74  1  26
4  74  1  15
5  74  1  79
6  74  1  84
7  74  1  42
8  74  1  37
9  74  1  66
10  74  1  86
11  74  1  20
12  74  1  18
13  74  1  82
14  74  1  44
15  74  1  21
1  75  1  71
2  75  1  84
3  75  1  68
4  75  1  32
5  75  1  27
6  75  1  16
7  75  1  11
8  75  1  42
9  75  1  29
10  75  1  51
11  75  1  83
12  75  1  38
13  75  1  74
14  75  1  11
15  75  1  72
1  76  1  19
2  76  1  51
3  76  1  28
4  76  1  66
5  76  1  86
6  76  1  27
7  76  1  42
8  76  1  42
9  76  1  17
10  76  1  86
11  76  1  21
12  76  1  65
13  76  1  44
14  76  1  14
15  76  1  31
1  77  1  44
2  77  1  86
3  77  1  49
4  77  1  35
5  77  1  86
6  77  1  44
7  77  1  20
8  77  1  77
9  77  1  52
10  77  1  35
11  77  1  16
12  77  1  52
13  77  1  77
14  77  1  41
15  77  1  51
1  78  1  11
2  78  1  30
3  78  1  12
4  78  1  85
5  78  1  77
6  78  1  17
7  78  1  47
8  78  1  56
9  78  1  82
10  78  1  54
11  78  1  10
12  78  1  48
13  78  1  54
14  78  1  67
15  78  1  68
1  79  1  34
2  79  1  39
3  79  1  15
4  79  1  26
5  79  1  42
6  79  1  27
7  79  1  88
8  79  1  15
9  79  1  87
10  79  1  77
11  79  1  72
12  79  1  83
13  79  1  64
14  79  1  90
15  79  1  33
1  80  1  42
2  80  1  23
3  80  1  26
4  80  1  35
5  80  1  49
6  80  1  83
7  80  1  69
8  80  1  31
9  80  1  24
10  80  1  43
11  80  1  86
12  80  1  82
13  80  1  46
14  80  1  35
15  80  1  59
1  81  1  44
2  81  1  42
3  81  1  82
4  81  1  43
5  81  1  55
6  81  1  52
7  81  1  22
8  81  1  17
9  81  1  81
10  81  1  29
11  81  1  63
12  81  1  51
13  81  1  52
14  81  1  60
15  81  1  59
1  82  1  48
2  82  1  36
3  82  1  13
4  82  1  82
5  82  1  66
6  82  1  51
7  82  1  81
8  82  1  70
9  82  1  83
10  82  1  82
11  82  1  61
12  82  1  53
13  82  1  60
14  82  1  52
15  82  1  44
1  83  1  88
2  83  1  61
3  83  1  47
4  83  1  78
5  83  1  38
6  83  1  90
7  83  1  53
8  83  1  46
9  83  1  83
10  83  1  38
11  83  1  48
12  83  1  82
13  83  1  56
14  83  1  75
15  83  1  32
1  84  1  31
2  84  1  48
3  84  1  88
4  84  1  10
5  84  1  42
6  84  1  28
7  84  1  14
8  84  1  88
9  84  1  44
10  84  1  27
11  84  1  67
12  84  1  88
13  84  1  35
14  84  1  54
15  84  1  52
1  85  1  61
2  85  1  65
3  85  1  73
4  85  1  53
5  85  1  23
6  85  1  35
7  85  1  31
8  85  1  79
9  85  1  67
10  85  1  51
11  85  1  46
12  85  1  72
13  85  1  54
14  85  1  35
15  85  1  90
1  86  1  48
2  86  1  50
3  86  1  43
4  86  1  32
5  86  1  27
6  86  1  84
7  86  1  70
8  86  1  80
9  86  1  22
10  86  1  30
11  86  1  18
12  86  1  47
13  86  1  50
14  86  1  39
15  86  1  43
1  87  1  68
2  87  1  90
3  87  1  73
4  87  1  49
5  87  1  19
6  87  1  50
7  87  1  68
8  87  1  49
9  87  1  87
10  87  1  41
11  87  1  61
12  87  1  62
13  87  1  80
14  87  1  21
15  87  1  90
1  88  1  41
2  88  1  34
3  88  1  24
4  88  1  42
5  88  1  30
6  88  1  81
7  88  1  76
8  88  1  89
9  88  1  78
10  88  1  18
11  88  1  68
12  88  1  39
13  88  1  22
14  88  1  64
15  88  1  71
1  89  1  42
2  89  1  87
3  89  1  47
4  89  1  37
5  89  1  84
6  89  1  69
7  89  1  13
8  89  1  84
9  89  1  14
10  89  1  42
11  89  1  28
12  89  1  21
13  89  1  46
14  89  1  63
15  89  1  57
1  90  1  55
2  90  1  10
3  90  1  34
4  90  1  72
5  90  1  60
6  90  1  18
7  90  1  73
8  90  1  83
9  90  1  44
10  90  1  28
11  90  1  40
12  90  1  85
13  90  1  66
14  90  1  74
15  90  1  36
1  91  1  83
2  91  1  29
3  91  1  61
4  91  1  86
5  91  1  52
6  91  1  44
7  91  1  55
8  91  1  78
9  91  1  54
10  91  1  85
11  91  1  12
12  91  1  80
13  91  1  76
14  91  1  86
15  91  1  30
1  92  1  10
2  92  1  77
3  92  1  38
4  92  1  68
5  92  1  78
6  92  1  64
7  92  1  13
8  92  1  57
9  92  1  35
10  92  1  55
11  92  1  37
12  92  1  52
13  92  1  24
14  92  1  45
15  92  1  78
1  93  1  81
2  93  1  13
3  93  1  46
4  93  1  52
5  93  1  11
6  93  1  48
7  93  1  75
8  93  1  10
9  93  1  12
10  93  1  45
11  93  1  89
12  93  1  27
13  93  1  19
14  93  1  39
15  93  1  23
1  94  1  23
2  94  1  65
3  94  1  83
4  94  1  16
5  94  1  30
6  94  1  44
7  94  1  17
8  94  1  53
9  94  1  77
10  94  1  65
11  94  1  69
12  94  1  35
13  94  1  31
14  94  1  30
15  94  1  53
1  95  1  31
2  95  1  50
3  95  1  89
4  95  1  23
5  95  1  54
6  95  1  51
7  95  1  23
8  95  1  73
9  95  1  12
10  95  1  73
11  95  1  74
12  95  1  67
13  95  1  65
14  95  1  37
15  95  1  84
1  96  1  52
2  96  1  65
3  96  1  41
4  96  1  48
5  96  1  13
6  96  1  71
7  96  1  66
8  96  1  50
9  96  1  74
10  96  1  10
11  96  1  32
12  96  1  16
13  96  1  69
14  96  1  64
15  96  1  17
1  97  1  55
2  97  1  14
3  97  1  86
4  97  1  62
5  97  1  59
6  97  1  17
7  97  1  38
8  97  1  41
9  97  1  71
10  97  1  39
11  97  1  87
12  97  1  38
13  97  1  67
14  97  1  67
15  97  1  52
1  98  1  12
2  98  1  25
3  98  1  50
4  98  1  45
5  98  1  60
6  98  1  80
7  98  1  50
8  98  1  27
9  98  1  41
10  98  1  67
11  98  1  11
12  98  1  83
13  98  1  32
14  98  1  30
15  98  1  34
1  99  1  38
2  99  1  17
3  99  1  72
4  99  1  65
5  99  1  65
6  99  1  67
7  99  1  34
8  99  1  54
9  99  1  75
10  99  1  82
11  99  1  10
12  99  1  40
13  99  1  26
14  99  1  67
15  99  1  27
1  100  1  88
2  100  1  25
3  100  1  20
4  100  1  56
5  100  1  70
6  100  1  84
7  100  1  25
8  100  1  48
9  100  1  21
10  100  1  38
11  100  1  58
12  100  1  39
13  100  1  53
14  100  1  40
15  100  1  27
1  101  1  25
2  101  1  74
3  101  1  53
4  101  1  58
5  101  1  50
6  101  1  11
7  101  1  64
8  101  1  71
9  101  1  30
10  101  1  69
11  101  1  49
12  101  1  66
13  101  1  23
14  101  1  66
15  101  1  61
1  102  1  36
2  102  1  62
3  102  1  85
4  102  1  70
5  102  1  43
6  102  1  68
7  102  1  10
8  102  1  41
9  102  1  86
10  102  1  89
11  102  1  16
12  102  1  14
13  102  1  57
14  102  1  18
15  102  1  59
1  103  1  45
2  103  1  73
3  103  1  44
4  103  1  80
5  103  1  27
6  103  1  89
7  103  1  14
8  103  1  53
9  103  1  72
10  103  1  77
11  103  1  69
12  103  1  90
13  103  1  78
14  103  1  50
15  103  1  12
1  104  1  85
2  104  1  22
3  104  1  57
4  104  1  55
5  104  1  53
6  104  1  78
7  104  1  50
8  104  1  73
9  104  1  29
10  104  1  24
11  104  1  37
12  104  1  18
13  104  1  84
14  104  1  89
15  104  1  30
1  105  1  54
2  105  1  20
3  105  1  60
4  105  1  50
5  105  1  34
6  105  1  37
7  105  1  72
8  105  1  66
9  105  1  24
10  105  1  78
11  105  1  47
12  105  1  39
13  105  1  57
14  105  1  57
15  105  1  16
1  106  1  62
2  106  1  13
3  106  1  20
4  106  1  79
5  106  1  77
6  106  1  86
7  106  1  58
8  106  1  22
9  106  1  65
10  106  1  67
11  106  1  26
12  106  1  36
13  106  1  25
14  106  1  39
15  106  1  83
1  107  1  12
2  107  1  80
3  107  1  20
4  107  1  26
5  107  1  72
6  107  1  14
7  107  1  72
8  107  1  84
9  107  1  58
10  107  1  72
11  107  1  30
12  107  1  24
13  107  1  70
14  107  1  10
15  107  1  19
1  108  1  31
2  108  1  59
3  108  1  75
4  108  1  70
5  108  1  41
6  108  1  17
7  108  1  62
8  108  1  67
9  108  1  55
10  108  1  61
11  108  1  12
12  108  1  27
13  108  1  49
14  108  1  88
15  108  1  71
1  109  1  48
2  109  1  11
3  109  1  27
4  109  1  65
5  109  1  42
6  109  1  19
7  109  1  90
8  109  1  75
9  109  1  83
10  109  1  71
11  109  1  11
12  109  1  62
13  109  1  60
14  109  1  42
15  109  1  35
1  110  1  45
2  110  1  19
3  110  1  46
4  110  1  45
5  110  1  51
6  110  1  30
7  110  1  40
8  110  1  58
9  110  1  59
10  110  1  84
11  110  1  64
12  110  1  52
13  110  1  38
14  110  1  42
15  110  1  10
1  111  1  50
2  111  1  89
3  111  1  50
4  111  1  32
5  111  1  88
6  111  1  46
7  111  1  78
8  111  1  26
9  111  1  76
10  111  1  19
11  111  1  55
12  111  1  11
13  111  1  54
14  111  1  28
15  111  1  12
1  112  1  38
2  112  1  42
3  112  1  83
4  112  1  70
5  112  1  82
6  112  1  33
7  112  1  33
8  112  1  25
9  112  1  64
10  112  1  46
11  112  1  49
12  112  1  45
13  112  1  25
14  112  1  52
15  112  1  65
1  113  1  16
2  113  1  80
3  113  1  37
4  113  1  70
5  113  1  63
6  113  1  42
7  113  1  50
8  113  1  68
9  113  1  81
10  113  1  41
11  113  1  89
12  113  1  47
13  113  1  46
14  113  1  88
15  113  1  12
1  114  1  84
2  114  1  25
3  114  1  79
4  114  1  46
5  114  1  34
6  114  1  23
7  114  1  70
8  114  1  79
9  114  1  42
10  114  1  36
11  114  1  60
12  114  1  42
13  114  1  61
14  114  1  22
15  114  1  80
1  115  1  58
2  115  1  57
3  115  1  81
4  115  1  33
5  115  1  39
6  115  1  13
7  115  1  68
8  115  1  47
9  115  1  65
10  115  1  44
11  115  1  80
12  115  1  21
13  115  1  20
14  115  1  13
15  115  1  21
1  116  1  41
2  116  1  40
3  116  1  37
4  116  1  16
5  116  1  71
6  116  1  65
7  116  1  83
8  116  1  52
9  116  1  18
10  116  1  82
11  116  1  44
12  116  1  59
13  116  1  44
14  116  1  39
15  116  1  35
1  117  1  75
2  117  1  77
3  117  1  87
4  117  1  62
5  117  1  19
6  117  1  14
7  117  1  61
8  117  1  32
9  117  1  46
10  117  1  24
11  117  1  14
12  117  1  41
13  117  1  59
14  117  1  60
15  117  1  65
1  118  1  82
2  118  1  67
3  118  1  73
4  118  1  63
5  118  1  37
6  118  1  76
7  118  1  65
8  118  1  52
9  118  1  49
10  118  1  53
11  118  1  78
12  118  1  86
13  118  1  45
14  118  1  41
15  118  1  24
1  119  1  42
2  119  1  14
3  119  1  36
4  119  1  14
5  119  1  66
6  119  1  12
7  119  1  74
8  119  1  80
9  119  1  17
10  119  1  23
11  119  1  57
12  119  1  72
13  119  1  89
14  119  1  24
15  119  1  55
1  120  1  57
2  120  1  73
3  120  1  62
4  120  1  42
5  120  1  77
6  120  1  62
7  120  1  18
8  120  1  77
9  120  1  24
10  120  1  64
11  120  1  74
12  120  1  14
13  120  1  36
14  120  1  29
15  120  1  61
1  121  1  23
2  121  1  42
3  121  1  30
4  121  1  61
5  121  1  12
6  121  1  89
7  121  1  17
8  121  1  81
9  121  1  74
10  121  1  44
11  121  1  40
12  121  1  66
13  121  1  24
14  121  1  12
15  121  1  57
1  122  1  77
2  122  1  84
3  122  1  51
4  122  1  65
5  122  1  57
6  122  1  49
7  122  1  57
8  122  1  28
9  122  1  64
10  122  1  10
11  122  1  39
12  122  1  57
13  122  1  62
14  122  1  53
15  122  1  90
1  123  1  19
2  123  1  14
3  123  1  66
4  123  1  54
5  123  1  86
6  123  1  14
7  123  1  11
8  123  1  19
9  123  1  90
10  123  1  26
11  123  1  12
12  123  1  12
13  123  1  66
14  123  1  61
15  123  1  17
1  124  1  49
2  124  1  26
3  124  1  32
4  124  1  88
5  124  1  37
6  124  1  40
7  124  1  24
8  124  1  77
9  124  1  39
10  124  1  18
11  124  1  57
12  124  1  53
13  124  1  75
14  124  1  24
15  124  1  69
1  125  1  16
2  125  1  28
3  125  1  31
4  125  1  45
5  125  1  45
6  125  1  54
7  125  1  19
8  125  1  39
9  125  1  79
10  125  1  89
11  125  1  57
12  125  1  21
13  125  1  65
14  125  1  14
15  125  1  63
1  126  1  13
2  126  1  63
3  126  1  72
4  126  1  50
5  126  1  35
6  126  1  37
7  126  1  55
8  126  1  53
9  126  1  42
10  126  1  84
11  126  1  60
12  126  1  74
13  126  1  24
14  126  1  66
15  126  1  72
1  127  1  89
2  127  1  64
3  127  1  88
4  127  1  68
5  127  1  80
6  127  1  56
7  127  1  81
8  127  1  36
9  127  1  47
10  127  1  58
11  127  1  53
12  127  1  35
13  127  1  90
14  127  1  80
15  127  1  28
1  128  1  75
2  128  1  68
3  128  1  84
4  128  1  21
5  128  1  82
6  128  1  56
7  128  1  15
8  128  1  85
9  128  1  73
10  128  1  55
11  128  1  87
12  128  1  74
13  128  1  49
14  128  1  19
15  128  1  47
1  129  1  62
2  129  1  86
3  129  1  26
4  129  1  51
5  129  1  67
6  129  1  37
7  129  1  15
8  129  1  13
9  129  1  68
10  129  1  67
11  129  1  47
12  129  1  66
13  129  1  81
14  129  1  24
15  129  1  72
1  130  1  67
2  130  1  62
3  130  1  80
4  130  1  51
5  130  1  63
6  130  1  28
7  130  1  26
8  130  1  26
9  130  1  44
10  130  1  49
11  130  1  56
12  130  1  40
13  130  1  46
14  130  1  48
15  130  1  61
1  131  1  64
2  131  1  67
3  131  1  38
4  131  1  16
5  131  1  25
6  131  1  25
7  131  1  16
8  131  1  33
9  131  1  25
10  131  1  66
11  131  1  70
12  131  1  55
13  131  1  86
14  131  1  15
15  131  1  10
1  132  1  28
2  132  1  78
3  132  1  58
4  132  1  29
5  132  1  42
6  132  1  55
7  132  1  85
8  132  1  58
9  132  1  42
10  132  1  75
11  132  1  54
12  132  1  83
13  132  1  78
14  132  1  89
15  132  1  55
1  133  1  16
2  133  1  76
3  133  1  62
4  133  1  87
5  133  1  44
6  133  1  47
7  133  1  57
8  133  1  61
9  133  1  55
10  133  1  52
11  133  1  85
12  133  1  48
13  133  1  68
14  133  1  64
15  133  1  50
1  134  1  66
2  134  1  46
3  134  1  19
4  134  1  23
5  134  1  63
6  134  1  28
7  134  1  72
8  134  1  68
9  134  1  14
10  134  1  61
11  134  1  46
12  134  1  86
13  134  1  22
14  134  1  52
15  134  1  51
1  135  1  55
2  135  1  60
3  135  1  12
4  135  1  56
5  135  1  27
6  135  1  71
7  135  1  18
8  135  1  71
9  135  1  36
10  135  1  55
11  135  1  38
12  135  1  78
13  135  1  16
14  135  1  45
15  135  1  52
1  136  1  51
2  136  1  90
3  136  1  75
4  136  1  35
5  136  1  80
6  136  1  47
7  136  1  72
8  136  1  15
9  136  1  18
10  136  1  40
11  136  1  40
12  136  1  86
13  136  1  30
14  136  1  15
15  136  1  52
1  137  1  60
2  137  1  62
3  137  1  41
4  137  1  83
5  137  1  34
6  137  1  89
7  137  1  53
8  137  1  65
9  137  1  70
10  137  1  38
11  137  1  36
12  137  1  66
13  137  1  83
14  137  1  55
15  137  1  51
1  138  1  44
2  138  1  37
3  138  1  48
4  138  1  75
5  138  1  55
6  138  1  88
7  138  1  63
8  138  1  82
9  138  1  48
10  138  1  15
11  138  1  21
12  138  1  69
13  138  1  17
14  138  1  57
15  138  1  10
1  139  1  43
2  139  1  12
3  139  1  59
4  139  1  41
5  139  1  88
6  139  1  82
7  139  1  37
8  139  1  40
9  139  1  63
10  139  1  69
11  139  1  29
12  139  1  56
13  139  1  68
14  139  1  11
15  139  1  69
1  140  1  90
2  140  1  48
3  140  1  27
4  140  1  87
5  140  1  40
6  140  1  11
7  140  1  48
8  140  1  45
9  140  1  84
10  140  1  25
11  140  1  22
12  140  1  89
13  140  1  60
14  140  1  47
15  140  1  63
1  141  1  68
2  141  1  61
3  141  1  58
4  141  1  76
5  141  1  63
6  141  1  45
7  141  1  24
8  141  1  23
9  141  1  71
10  141  1  42
11  141  1  61
12  141  1  44
13  141  1  79
14  141  1  48
15  141  1  27
1  142  1  25
2  142  1  41
3  142  1  12
4  142  1  37
5  142  1  60
6  142  1  11
7  142  1  75
8  142  1  78
9  142  1  42
10  142  1  46
11  142  1  27
12  142  1  43
13  142  1  28
14  142  1  44
15  142  1  52
1  143  1  79
2  143  1  59
3  143  1  82
4  143  1  28
5  143  1  77
6  143  1  59
7  143  1  49
8  143  1  51
9  143  1  78
10  143  1  11
11  143  1  56
12  143  1  83
13  143  1  28
14  143  1  82
15  143  1  26
1  144  1  80
2  144  1  26
3  144  1  14
4  144  1  71
5  144  1  64
6  144  1  84
7  144  1  54
8  144  1  16
9  144  1  22
10  144  1  73
11  144  1  21
12  144  1  85
13  144  1  32
14  144  1  33
15  144  1  90
1  145  1  87
2  145  1  17
3  145  1  50
4  145  1  10
5  145  1  66
6  145  1  19
7  145  1  21
8  145  1  31
9  145  1  23
10  145  1  20
11  145  1  42
12  145  1  44
13  145  1  59
14  145  1  51
15  145  1  43
1  146  1  43
2  146  1  87
3  146  1  69
4  146  1  48
5  146  1  55
6  146  1  24
7  146  1  39
8  146  1  57
9  146  1  70
10  146  1  87
11  146  1  32
12  146  1  26
13  146  1  86
14  146  1  61
15  146  1  62
1  147  1  41
2  147  1  39
3  147  1  32
4  147  1  90
5  147  1  32
6  147  1  13
7  147  1  69
8  147  1  41
9  147  1  43
10  147  1  69
11  147  1  79
12  147  1  67
13  147  1  33
14  147  1  61
15  147  1  48
1  148  1  85
2  148  1  30
3  148  1  69
4  148  1  81
5  148  1  10
6  148  1  30
7  148  1  90
8  148  1  42
9  148  1  61
10  148  1  71
11  148  1  67
12  148  1  62
13  148  1  10
14  148  1  88
15  148  1  79
1  149  1  56
2  149  1  65
3  149  1  78
4  149  1  58
5  149  1  54
6  149  1  34
7  149  1  14
8  149  1  82
9  149  1  72
10  149  1  88
11  149  1  61
12  149  1  85
13  149  1  58
14  149  1  90
15  149  1  64
1  150  1  72
2  150  1  74
3  150  1  74
4  150  1  57
5  150  1  70
6  150  1  35
7  150  1  62
8  150  1  19
9  150  1  71
10  150  1  34
11  150  1  73
12  150  1  22
13  150  1  89
14  150  1  49
15  150  1  38
1  1  2  41.27
2  1  2  22.31
3  1  2  15.13
4  1  2  53.24
5  1  2  24.02
6  1  2  15.52
7  1  2  26.15
8  1  2  36.96
9  1  2  30.52
10  1  2  41.39
11  1  2  15.73
12  1  2  14.80
13  1  2  54.79
14  1  2  22.58
15  1  2  14.06
1  2  2  14.11
2  2  2  19.50
3  2  2  32.19
4  2  2  24.17
5  2  2  46.46
6  2  2  14.92
7  2  2  58.81
8  2  2  32.36
9  2  2  31.00
10  2  2  11.44
11  2  2  10.17
12  2  2  11.22
13  2  2  6.86
14  2  2  12.70
15  2  2  8.12
1  3  2  19.34
2  3  2  24.16
3  3  2  35.37
4  3  2  28.71
5  3  2  14.13
6  3  2  11.75
7  3  2  45.47
8  3  2  8.34
9  3  2  36.22
10  3  2  9.27
11  3  2  66.60
12  3  2  8.26
13  3  2  16.76
14  3  2  19.66
15  3  2  13.08
1  4  2  20.11
2  4  2  46.58
3  4  2  34.18
4  4  2  32.21
5  4  2  42.74
6  4  2  15.62
7  4  2  67.93
8  4  2  12.47
9  4  2  24.02
10  4  2  17.83
11  4  2  11.10
12  4  2  15.09
13  4  2  40.44
14  4  2  15.02
15  4  2  5.89
1  5  2  26.26
2  5  2  4.66
3  5  2  32.80
4  5  2  38.28
5  5  2  9.95
6  5  2  3.91
7  5  2  29.83
8  5  2  14.17
9  5  2  13.00
10  5  2  33.70
11  5  2  25.27
12  5  2  9.53
13  5  2  24.74
14  5  2  5.11
15  5  2  20.70
1  6  2  27.91
2  6  2  4.35
3  6  2  30.31
4  6  2  58.92
5  6  2  5.64
6  6  2  6.45
7  6  2  18.64
8  6  2  20.36
9  6  2  6.93
10  6  2  32.63
11  6  2  57.92
12  6  2  19.75
13  6  2  30.70
14  6  2  48.12
15  6  2  44.53
1  7  2  11.70
2  7  2  16.68
3  7  2  32.68
4  7  2  3.16
5  7  2  21.92
6  7  2  12.31
7  7  2  57.93
8  7  2  6.10
9  7  2  44.79
10  7  2  17.88
11  7  2  31.97
12  7  2  34.84
13  7  2  45.68
14  7  2  30.96
15  7  2  41.36
1  8  2  18.35
2  8  2  30.07
3  8  2  57.61
4  8  2  34.68
5  8  2  28.84
6  8  2  45.29
7  8  2  27.25
8  8  2  28.44
9  8  2  35.71
10  8  2  36.89
11  8  2  44.16
12  8  2  20.33
13  8  2  7.16
14  8  2  35.67
15  8  2  27.19
1  9  2  9.68
2  9  2  30.14
3  9  2  12.95
4  9  2  48.12
5  9  2  27.79
6  9  2  50.79
7  9  2  17.11
8  9  2  26.96
9  9  2  13.24
10  9  2  21.29
11  9  2  36.33
12  9  2  35.66
13  9  2  22.60
14  9  2  15.61
15  9  2  18.14
1  10  2  46.58
2  10  2  14.21
3  10  2  33.19
4  10  2  41.78
5  10  2  10.67
6  10  2  12.19
7  10  2  25.25
8  10  2  51.84
9  10  2  20.78
10  10  2  15.14
11  10  2  13.12
12  10  2  50.68
13  10  2  25.20
14  10  2  15.21
15  10  2  28.59
1  11  2  32.21
2  11  2  26.43
3  11  2  23.89
4  11  2  36.84
5  11  2  18.14
6  11  2  31.48
7  11  2  34.60
8  11  2  36.37
9  11  2  49.90
10  11  2  25.36
11  11  2  5.62
12  11  2  37.85
13  11  2  31.31
14  11  2  22.51
15  11  2  5.36
1  12  2  11.81
2  12  2  44.15
3  12  2  14.11
4  12  2  10.92
5  12  2  37.55
6  12  2  5.46
7  12  2  56.85
8  12  2  12.52
9  12  2  43.96
10  12  2  23.77
11  12  2  10.98
12  12  2  46.06
13  12  2  16.22
14  12  2  61.26
15  12  2  17.27
1  13  2  9.71
2  13  2  21.44
3  13  2  18.98
4  13  2  8.56
5  13  2  20.47
6  13  2  68.90
7  13  2  4.85
8  13  2  24.09
9  13  2  8.77
10  13  2  27.59
11  13  2  13.64
12  13  2  32.04
13  13  2  14.46
14  13  2  25.37
15  13  2  14.51
1  14  2  25.01
2  14  2  23.89
3  14  2  24.10
4  14  2  38.52
5  14  2  9.61
6  14  2  15.02
7  14  2  23.57
8  14  2  39.23
9  14  2  21.62
10  14  2  28.71
11  14  2  24.80
12  14  2  55.95
13  14  2  6.60
14  14  2  15.80
15  14  2  48.19
1  15  2  17.92
2  15  2  8.09
3  15  2  6.56
4  15  2  23.79
5  15  2  15.63
6  15  2  50.56
7  15  2  46.85
8  15  2  38.20
9  15  2  10.55
10  15  2  9.14
11  15  2  11.97
12  15  2  20.32
13  15  2  30.35
14  15  2  20.80
15  15  2  10.26
1  16  2  12.69
2  16  2  70.33
3  16  2  28.67
4  16  2  41.52
5  16  2  16.32
6  16  2  12.60
7  16  2  19.30
8  16  2  44.06
9  16  2  27.39
10  16  2  26.64
11  16  2  14.74
12  16  2  14.99
13  16  2  15.70
14  16  2  10.04
15  16  2  3.63
1  17  2  56.84
2  17  2  18.57
3  17  2  25.03
4  17  2  15.20
5  17  2  19.35
6  17  2  22.69
7  17  2  26.04
8  17  2  57.95
9  17  2  19.64
10  17  2  23.33
11  17  2  39.93
12  17  2  9.02
13  17  2  18.98
14  17  2  10.56
15  17  2  46.63
1  18  2  18.99
2  18  2  13.81
3  18  2  30.47
4  18  2  12.06
5  18  2  46.44
6  18  2  24.23
7  18  2  23.69
8  18  2  29.59
9  18  2  16.18
10  18  2  21.58
11  18  2  37.91
12  18  2  44.11
13  18  2  37.33
14  18  2  17.49
15  18  2  45.72
1  19  2  35.89
2  19  2  8.94
3  19  2  50.23
4  19  2  21.61
5  19  2  35.34
6  19  2  18.14
7  19  2  43.23
8  19  2  8.70
9  19  2  21.35
10  19  2  50.11
11  19  2  64.88
12  19  2  14.81
13  19  2  29.54
14  19  2  39.20
15  19  2  9.31
1  20  2  26.89
2  20  2  14.84
3  20  2  8.87
4  20  2  16.09
5  20  2  9.74
6  20  2  43.91
7  20  2  10.62
8  20  2  12.76
9  20  2  13.76
10  20  2  16.97
11  20  2  58.19
12  20  2  29.04
13  20  2  8.71
14  20  2  59.45
15  20  2  10.58
1  21  2  21.04
2  21  2  41.68
3  21  2  31.68
4  21  2  32.13
5  21  2  18.76
6  21  2  4.43
7  21  2  25.47
8  21  2  34.18
9  21  2  13.00
10  21  2  17.76
11  21  2  45.67
12  21  2  23.50
13  21  2  16.03
14  21  2  24.19
15  21  2  38.91
1  22  2  12.50
2  22  2  40.16
3  22  2  24.41
4  22  2  15.76
5  22  2  40.04
6  22  2  24.12
7  22  2  16.88
8  22  2  18.44
9  22  2  48.04
10  22  2  15.53
11  22  2  50.30
12  22  2  63.52
13  22  2  13.06
14  22  2  16.83
15  22  2  17.48
1  23  2  18.26
2  23  2  24.81
3  23  2  46.42
4  23  2  14.25
5  23  2  23.61
6  23  2  48.14
7  23  2  26.04
8  23  2  33.90
9  23  2  20.36
10  23  2  34.65
11  23  2  10.66
12  23  2  40.05
13  23  2  33.54
14  23  2  11.39
15  23  2  21.12
1  24  2  10.62
2  24  2  6.06
3  24  2  5.11
4  24  2  33.27
5  24  2  23.08
6  24  2  14.35
7  24  2  28.87
8  24  2  9.25
9  24  2  17.42
10  24  2  17.23
11  24  2  36.26
12  24  2  44.64
13  24  2  24.24
14  24  2  28.86
15  24  2  17.80
1  25  2  18.27
2  25  2  46.44
3  25  2  10.83
4  25  2  26.64
5  25  2  39.61
6  25  2  11.89
7  25  2  31.40
8  25  2  46.28
9  25  2  58.10
10  25  2  41.28
11  25  2  9.45
12  25  2  15.47
13  25  2  19.36
14  25  2  9.75
15  25  2  14.13
1  26  2  21.44
2  26  2  26.84
3  26  2  22.15
4  26  2  24.36
5  26  2  11.93
6  26  2  29.25
7  26  2  52.95
8  26  2  15.75
9  26  2  15.72
10  26  2  11.63
11  26  2  3.48
12  26  2  13.29
13  26  2  62.77
14  26  2  9.86
15  26  2  35.01
1  27  2  29.64
2  27  2  18.68
3  27  2  19.27
4  27  2  62.88
5  27  2  11.41
6  27  2  45.19
7  27  2  34.08
8  27  2  18.97
9  27  2  42.61
10  27  2  9.68
11  27  2  18.07
12  27  2  6.63
13  27  2  13.56
14  27  2  11.66
15  27  2  46.75
1  28  2  22.99
2  28  2  37.41
3  28  2  3.30
4  28  2  27.15
5  28  2  43.52
6  28  2  31.15
7  28  2  7.72
8  28  2  28.76
9  28  2  36.89
10  28  2  38.38
11  28  2  33.94
12  28  2  21.12
13  28  2  19.15
14  28  2  4.98
15  28  2  48.61
1  29  2  67.44
2  29  2  27.47
3  29  2  12.63
4  29  2  13.41
5  29  2  15.07
6  29  2  8.83
7  29  2  34.37
8  29  2  31.69
9  29  2  44.27
10  29  2  33.06
11  29  2  10.03
12  29  2  42.41
13  29  2  26.85
14  29  2  33.93
15  29  2  18.22
1  30  2  19.05
2  30  2  11.09
3  30  2  15.72
4  30  2  6.18
5  30  2  5.25
6  30  2  17.28
7  30  2  19.28
8  30  2  10.93
9  30  2  19.60
10  30  2  5.28
11  30  2  16.26
12  30  2  26.70
13  30  2  28.68
14  30  2  4.61
15  30  2  5.14
1  31  2  50.64
2  31  2  39.04
3  31  2  33.37
4  31  2  33.24
5  31  2  37.69
6  31  2  43.61
7  31  2  24.23
8  31  2  18.31
9  31  2  18.27
10  31  2  13.79
11  31  2  13.71
12  31  2  6.44
13  31  2  48.44
14  31  2  66.98
15  31  2  37.74
1  32  2  54.89
2  32  2  7.63
3  32  2  10.92
4  32  2  62.89
5  32  2  7.80
6  32  2  53.80
7  32  2  48.44
8  32  2  15.07
9  32  2  38.38
10  32  2  3.41
11  32  2  3.21
12  32  2  15.50
13  32  2  19.04
14  32  2  50.81
15  32  2  27.03
1  33  2  22.26
2  33  2  20.13
3  33  2  45.11
4  33  2  14.08
5  33  2  10.07
6  33  2  25.78
7  33  2  9.19
8  33  2  37.13
9  33  2  25.68
10  33  2  42.39
11  33  2  38.50
12  33  2  27.05
13  33  2  9.77
14  33  2  13.70
15  33  2  28.75
1  34  2  19.13
2  34  2  39.66
3  34  2  11.67
4  34  2  9.23
5  34  2  30.87
6  34  2  14.95
7  34  2  18.09
8  34  2  38.53
9  34  2  54.35
10  34  2  9.22
11  34  2  14.64
12  34  2  37.52
13  34  2  31.77
14  34  2  44.58
15  34  2  2.73
1  35  2  51.39
2  35  2  10.59
3  35  2  16.38
4  35  2  48.50
5  35  2  12.24
6  35  2  22.62
7  35  2  54.46
8  35  2  8.56
9  35  2  17.53
10  35  2  9.47
11  35  2  8.30
12  35  2  30.26
13  35  2  24.99
14  35  2  59.48
15  35  2  13.47
1  36  2  50.05
2  36  2  41.38
3  36  2  20.15
4  36  2  11.26
5  36  2  8.64
6  36  2  42.82
7  36  2  29.55
8  36  2  19.91
9  36  2  10.59
10  36  2  36.98
11  36  2  26.43
12  36  2  7.17
13  36  2  22.50
14  36  2  6.88
15  36  2  30.28
1  37  2  22.83
2  37  2  14.56
3  37  2  15.72
4  37  2  63.35
5  37  2  43.01
6  37  2  29.17
7  37  2  46.93
8  37  2  41.42
9  37  2  56.09
10  37  2  8.27
11  37  2  31.70
12  37  2  7.58
13  37  2  24.89
14  37  2  12.94
15  37  2  18.54
1  38  2  40.22
2  38  2  15.00
3  38  2  8.26
4  38  2  47.42
5  38  2  23.18
6  38  2  29.45
7  38  2  7.66
8  38  2  12.02
9  38  2  22.60
10  38  2  12.21
11  38  2  13.11
12  38  2  16.91
13  38  2  47.71
14  38  2  11.56
15  38  2  36.97
1  39  2  8.15
2  39  2  24.41
3  39  2  15.60
4  39  2  41.96
5  39  2  41.48
6  39  2  30.78
7  39  2  17.88
8  39  2  10.18
9  39  2  16.92
10  39  2  19.86
11  39  2  11.27
12  39  2  14.69
13  39  2  22.16
14  39  2  44.95
15  39  2  15.01
1  40  2  51.28
2  40  2  28.98
3  40  2  10.64
4  40  2  3.73
5  40  2  27.87
6  40  2  31.66
7  40  2  9.56
8  40  2  40.81
9  40  2  30.10
10  40  2  20.79
11  40  2  18.30
12  40  2  8.21
13  40  2  48.26
14  40  2  33.28
15  40  2  32.64
1  41  2  45.86
2  41  2  17.91
3  41  2  12.39
4  41  2  15.13
5  41  2  61.89
6  41  2  38.91
7  41  2  32.01
8  41  2  6.30
9  41  2  17.32
10  41  2  24.98
11  41  2  33.45
12  41  2  6.10
13  41  2  18.15
14  41  2  2.26
15  41  2  6.30
1  42  2  11.96
2  42  2  39.11
3  42  2  52.09
4  42  2  19.83
5  42  2  19.13
6  42  2  11.86
7  42  2  30.13
8  42  2  38.78
9  42  2  66.19
10  42  2  27.42
11  42  2  28.72
12  42  2  30.36
13  42  2  10.25
14  42  2  42.74
15  42  2  28.60
1  43  2  2.75
2  43  2  23.85
3  43  2  19.86
4  43  2  12.60
5  43  2  4.38
6  43  2  39.41
7  43  2  27.87
8  43  2  6.24
9  43  2  11.12
10  43  2  22.86
11  43  2  16.07
12  43  2  4.95
13  43  2  16.78
14  43  2  40.11
15  43  2  13.55
1  44  2  25.22
2  44  2  38.25
3  44  2  6.76
4  44  2  8.09
5  44  2  22.30
6  44  2  25.06
7  44  2  26.28
8  44  2  10.17
9  44  2  35.57
10  44  2  13.51
11  44  2  41.18
12  44  2  9.87
13  44  2  15.36
14  44  2  41.62
15  44  2  41.36
1  45  2  38.43
2  45  2  18.70
3  45  2  70.12
4  45  2  53.88
5  45  2  38.55
6  45  2  54.54
7  45  2  10.21
8  45  2  28.66
9  45  2  8.80
10  45  2  21.60
11  45  2  60.66
12  45  2  38.32
13  45  2  18.99
14  45  2  23.09
15  45  2  23.78
1  46  2  4.41
2  46  2  28.55
3  46  2  36.22
4  46  2  8.07
5  46  2  20.71
6  46  2  53.40
7  46  2  15.88
8  46  2  19.91
9  46  2  31.23
10  46  2  44.58
11  46  2  8.99
12  46  2  31.80
13  46  2  22.58
14  46  2  42.44
15  46  2  42.67
1  47  2  24.95
2  47  2  31.42
3  47  2  55.95
4  47  2  60.61
5  47  2  13.68
6  47  2  18.67
7  47  2  32.82
8  47  2  53.15
9  47  2  3.14
10  47  2  38.30
11  47  2  51.80
12  47  2  10.45
13  47  2  27.41
14  47  2  34.86
15  47  2  25.80
1  48  2  19.71
2  48  2  53.55
3  48  2  3.35
4  48  2  27.76
5  48  2  13.04
6  48  2  24.65
7  48  2  19.79
8  48  2  24.16
9  48  2  4.68
10  48  2  47.56
11  48  2  7.21
12  48  2  14.30
13  48  2  16.14
14  48  2  8.68
15  48  2  8.08
1  49  2  55.31
2  49  2  28.53
3  49  2  27.67
4  49  2  26.89
5  49  2  36.27
6  49  2  12.04
7  49  2  15.23
8  49  2  42.58
9  49  2  50.60
10  49  2  10.45
11  49  2  49.38
12  49  2  13.21
13  49  2  21.91
14  49  2  60.80
15  49  2  14.84
1  50  2  17.89
2  50  2  9.89
3  50  2  39.58
4  50  2  56.72
5  50  2  20.93
6  50  2  49.82
7  50  2  22.08
8  50  2  5.17
9  50  2  28.58
10  50  2  23.16
11  50  2  34.54
12  50  2  19.54
13  50  2  28.18
14  50  2  32.95
15  50  2  23.88
1  51  2  53.42
2  51  2  46.24
3  51  2  24.20
4  51  2  17.83
5  51  2  19.77
6  51  2  8.79
7  51  2  9.71
8  51  2  47.03
9  51  2  66.58
10  51  2  58.91
11  51  2  3.75
12  51  2  18.07
13  51  2  49.22
14  51  2  51.69
15  51  2  13.22
1  52  2  13.02
2  52  2  30.21
3  52  2  16.97
4  52  2  15.14
5  52  2  6.55
6  52  2  9.94
7  52  2  23.12
8  52  2  7.10
9  52  2  25.17
10  52  2  37.66
11  52  2  21.63
12  52  2  11.74
13  52  2  48.74
14  52  2  36.22
15  52  2  4.15
1  53  2  12.76
2  53  2  19.65
3  53  2  27.56
4  53  2  29.06
5  53  2  39.17
6  53  2  42.35
7  53  2  28.89
8  53  2  8.14
9  53  2  18.29
10  53  2  34.94
11  53  2  48.83
12  53  2  15.04
13  53  2  41.74
14  53  2  41.86
15  53  2  17.38
1  54  2  11.46
2  54  2  17.46
3  54  2  51.58
4  54  2  38.67
5  54  2  14.22
6  54  2  15.54
7  54  2  46.89
8  54  2  16.28
9  54  2  10.65
10  54  2  61.48
11  54  2  45.27
12  54  2  7.69
13  54  2  20.53
14  54  2  18.11
15  54  2  33.84
1  55  2  54.95
2  55  2  29.93
3  55  2  32.18
4  55  2  27.63
5  55  2  15.45
6  55  2  12.65
7  55  2  23.07
8  55  2  26.17
9  55  2  32.78
10  55  2  6.81
11  55  2  38.07
12  55  2  25.52
13  55  2  21.52
14  55  2  33.07
15  55  2  22.50
1  56  2  6.61
2  56  2  43.62
3  56  2  16.95
4  56  2  20.49
5  56  2  30.22
6  56  2  35.37
7  56  2  24.66
8  56  2  31.65
9  56  2  2.36
10  56  2  12.48
11  56  2  23.45
12  56  2  49.91
13  56  2  10.27
14  56  2  45.33
15  56  2  64.64
1  57  2  23.21
2  57  2  18.75
3  57  2  35.49
4  57  2  15.05
5  57  2  11.24
6  57  2  7.69
7  57  2  23.15
8  57  2  35.88
9  57  2  40.99
10  57  2  13.28
11  57  2  20.30
12  57  2  19.79
13  57  2  15.56
14  57  2  12.75
15  57  2  11.70
1  58  2  28.53
2  58  2  32.14
3  58  2  27.01
4  58  2  22.31
5  58  2  25.68
6  58  2  12.50
7  58  2  29.65
8  58  2  13.29
9  58  2  5.64
10  58  2  9.91
11  58  2  8.22
12  58  2  21.29
13  58  2  8.63
14  58  2  45.92
15  58  2  29.81
1  59  2  15.25
2  59  2  20.40
3  59  2  21.57
4  59  2  34.14
5  59  2  32.14
6  59  2  8.73
7  59  2  13.67
8  59  2  7.02
9  59  2  61.20
10  59  2  6.83
11  59  2  28.59
12  59  2  12.55
13  59  2  13.53
14  59  2  15.54
15  59  2  41.08
1  60  2  59.68
2  60  2  3.24
3  60  2  28.57
4  60  2  17.33
5  60  2  17.24
6  60  2  27.47
7  60  2  37.86
8  60  2  14.38
9  60  2  23.50
10  60  2  44.34
11  60  2  13.15
12  60  2  22.19
13  60  2  5.29
14  60  2  27.60
15  60  2  16.51
1  61  2  23.22
2  61  2  41.58
3  61  2  15.75
4  61  2  21.22
5  61  2  19.34
6  61  2  14.30
7  61  2  34.71
8  61  2  22.99
9  61  2  17.90
10  61  2  60.03
11  61  2  41.06
12  61  2  36.95
13  61  2  13.13
14  61  2  18.82
15  61  2  13.73
1  62  2  20.97
2  62  2  4.84
3  62  2  63.51
4  62  2  30.71
5  62  2  27.82
6  62  2  29.73
7  62  2  17.47
8  62  2  20.56
9  62  2  14.68
10  62  2  20.48
11  62  2  20.02
12  62  2  14.29
13  62  2  11.90
14  62  2  48.02
15  62  2  18.65
1  63  2  62.65
2  63  2  44.27
3  63  2  22.31
4  63  2  15.69
5  63  2  36.07
6  63  2  41.79
7  63  2  17.66
8  63  2  5.03
9  63  2  9.59
10  63  2  35.10
11  63  2  22.01
12  63  2  33.78
13  63  2  16.87
14  63  2  11.15
15  63  2  44.01
1  64  2  39.00
2  64  2  17.09
3  64  2  9.27
4  64  2  24.78
5  64  2  55.06
6  64  2  51.98
7  64  2  10.53
8  64  2  35.29
9  64  2  46.63
10  64  2  30.71
11  64  2  5.43
12  64  2  63.03
13  64  2  16.38
14  64  2  5.91
15  64  2  8.51
1  65  2  22.03
2  65  2  36.13
3  65  2  41.30
4  65  2  15.59
5  65  2  25.53
6  65  2  39.95
7  65  2  19.06
8  65  2  9.02
9  65  2  62.04
10  65  2  12.37
11  65  2  11.57
12  65  2  32.53
13  65  2  22.44
14  65  2  19.29
15  65  2  16.92
1  66  2  11.46
2  66  2  26.55
3  66  2  19.94
4  66  2  39.26
5  66  2  8.21
6  66  2  7.26
7  66  2  32.79
8  66  2  13.02
9  66  2  21.35
10  66  2  26.02
11  66  2  15.12
12  66  2  16.24
13  66  2  25.90
14  66  2  18.16
15  66  2  43.26
1  67  2  15.86
2  67  2  13.37
3  67  2  10.14
4  67  2  18.19
5  67  2  10.70
6  67  2  19.91
7  67  2  41.62
8  67  2  32.17
9  67  2  2.77
10  67  2  37.52
11  67  2  5.96
12  67  2  52.49
13  67  2  21.75
14  67  2  26.17
15  67  2  25.84
1  68  2  10.36
2  68  2  4.39
3  68  2  20.99
4  68  2  28.88
5  68  2  13.59
6  68  2  8.52
7  68  2  46.95
8  68  2  34.08
9  68  2  46.56
10  68  2  19.21
11  68  2  15.09
12  68  2  12.08
13  68  2  24.35
14  68  2  15.98
15  68  2  34.27
1  69  2  10.88
2  69  2  16.23
3  69  2  15.90
4  69  2  33.23
5  69  2  55.73
6  69  2  30.07
7  69  2  19.52
8  69  2  19.12
9  69  2  5.55
10  69  2  55.67
11  69  2  23.48
12  69  2  60.08
13  69  2  8.94
14  69  2  18.47
15  69  2  18.15
1  70  2  20.05
2  70  2  18.60
3  70  2  17.15
4  70  2  19.98
5  70  2  26.54
6  70  2  33.35
7  70  2  23.90
8  70  2  10.05
9  70  2  56.27
10  70  2  30.71
11  70  2  13.15
12  70  2  39.75
13  70  2  14.01
14  70  2  38.67
15  70  2  22.25
1  71  2  33.26
2  71  2  11.39
3  71  2  16.78
4  71  2  19.10
5  71  2  30.92
6  71  2  26.50
7  71  2  40.80
8  71  2  58.63
9  71  2  23.44
10  71  2  10.89
11  71  2  4.66
12  71  2  11.14
13  71  2  22.11
14  71  2  23.26
15  71  2  6.71
1  72  2  25.95
2  72  2  17.93
3  72  2  6.93
4  72  2  10.60
5  72  2  24.46
6  72  2  7.52
7  72  2  47.15
8  72  2  14.22
9  72  2  5.92
10  72  2  25.78
11  72  2  6.07
12  72  2  12.49
13  72  2  25.79
14  72  2  29.75
15  72  2  36.11
1  73  2  33.63
2  73  2  60.81
3  73  2  21.96
4  73  2  61.67
5  73  2  33.17
6  73  2  40.97
7  73  2  27.68
8  73  2  24.05
9  73  2  40.50
10  73  2  35.35
11  73  2  31.12
12  73  2  38.44
13  73  2  20.83
14  73  2  9.10
15  73  2  40.51
1  74  2  41.92
2  74  2  23.67
3  74  2  20.46
4  74  2  9.62
5  74  2  39.76
6  74  2  65.81
7  74  2  33.49
8  74  2  17.18
9  74  2  50.03
10  74  2  27.34
11  74  2  12.73
12  74  2  8.80
13  74  2  17.28
14  74  2  22.53
15  74  2  8.55
1  75  2  34.14
2  75  2  29.92
3  75  2  39.46
4  75  2  11.51
5  75  2  11.75
6  75  2  11.59
7  75  2  3.98
8  75  2  33.31
9  75  2  19.62
10  75  2  23.36
11  75  2  33.19
12  75  2  15.84
13  75  2  46.32
14  75  2  5.60
15  75  2  34.41
1  76  2  9.87
2  76  2  36.27
3  76  2  10.66
4  76  2  43.26
5  76  2  23.43
6  76  2  17.13
7  76  2  19.57
8  76  2  10.36
9  76  2  8.15
10  76  2  25.13
11  76  2  6.57
12  76  2  14.06
13  76  2  30.14
14  76  2  4.19
15  76  2  7.85
1  77  2  11.77
2  77  2  52.23
3  77  2  12.48
4  77  2  15.22
5  77  2  53.72
6  77  2  11.18
7  77  2  7.86
8  77  2  59.97
9  77  2  25.84
10  77  2  7.70
11  77  2  8.27
12  77  2  30.03
13  77  2  59.64
14  77  2  12.91
15  77  2  37.13
1  78  2  8.72
2  78  2  23.80
3  78  2  5.92
4  78  2  54.62
5  78  2  49.28
6  78  2  7.58
7  78  2  30.40
8  78  2  12.84
9  78  2  34.87
10  78  2  18.90
11  78  2  3.70
12  78  2  16.85
13  78  2  22.40
14  78  2  18.08
15  78  2  52.25
1  79  2  24.51
2  79  2  21.51
3  79  2  4.79
4  79  2  11.01
5  79  2  30.45
6  79  2  11.42
7  79  2  27.12
8  79  2  11.85
9  79  2  24.99
10  79  2  54.93
11  79  2  23.42
12  79  2  64.59
13  79  2  28.95
14  79  2  47.31
15  79  2  14.86
1  80  2  27.50
2  80  2  12.83
3  80  2  10.86
4  80  2  25.91
5  80  2  25.12
6  80  2  65.35
7  80  2  53.00
8  80  2  16.29
9  80  2  16.09
10  80  2  33.58
11  80  2  57.46
12  80  2  62.26
13  80  2  28.45
14  80  2  9.63
15  80  2  46.50
1  81  2  10.19
2  81  2  14.07
3  81  2  60.04
4  81  2  26.94
5  81  2  23.81
6  81  2  14.47
7  81  2  14.49
8  81  2  11.67
9  81  2  46.44
10  81  2  22.14
11  81  2  26.34
12  81  2  22.63
13  81  2  39.29
14  81  2  45.91
15  81  2  43.52
1  82  2  27.63
2  82  2  7.54
3  82  2  4.12
4  82  2  30.11
5  82  2  50.31
6  82  2  13.82
7  82  2  31.53
8  82  2  41.93
9  82  2  62.80
10  82  2  36.19
11  82  2  25.43
12  82  2  31.26
13  82  2  27.01
14  82  2  11.34
15  82  2  33.83
1  83  2  40.41
2  83  2  46.03
3  83  2  11.91
4  83  2  54.36
5  83  2  15.25
6  83  2  70.50
7  83  2  19.07
8  83  2  15.36
9  83  2  53.75
10  83  2  15.60
11  83  2  16.45
12  83  2  65.17
13  83  2  13.73
14  83  2  18.78
15  83  2  14.47
1  84  2  24.60
2  84  2  30.56
3  84  2  22.74
4  84  2  7.07
5  84  2  27.85
6  84  2  11.62
7  84  2  8.14
8  84  2  31.18
9  84  2  12.51
10  84  2  19.55
11  84  2  15.22
12  84  2  38.84
13  84  2  14.82
14  84  2  41.14
15  84  2  20.72
1  85  2  35.07
2  85  2  23.56
3  85  2  44.80
4  85  2  16.12
5  85  2  12.88
6  85  2  16.88
7  85  2  13.38
8  85  2  16.10
9  85  2  52.56
10  85  2  29.14
11  85  2  14.57
12  85  2  26.19
13  85  2  30.29
14  85  2  27.30
15  85  2  46.89
1  86  2  14.22
2  86  2  29.34
3  86  2  23.36
4  86  2  23.44
5  86  2  16.27
6  86  2  16.88
7  86  2  29.82
8  86  2  55.08
9  86  2  17.46
10  86  2  9.31
11  86  2  13.87
12  86  2  31.10
13  86  2  33.67
14  86  2  26.19
15  86  2  26.03
1  87  2  26.50
2  87  2  25.14
3  87  2  21.76
4  87  2  19.67
5  87  2  4.31
6  87  2  16.14
7  87  2  47.42
8  87  2  12.40
9  87  2  65.62
10  87  2  17.88
11  87  2  26.31
12  87  2  29.44
13  87  2  59.44
14  87  2  5.91
15  87  2  21.01
1  88  2  28.41
2  88  2  11.57
3  88  2  8.98
4  88  2  33.48
5  88  2  20.50
6  88  2  32.74
7  88  2  31.73
8  88  2  20.32
9  88  2  54.26
10  88  2  5.16
11  88  2  27.26
12  88  2  22.81
13  88  2  5.06
14  88  2  32.30
15  88  2  41.92
1  89  2  15.55
2  89  2  55.01
3  89  2  23.65
4  89  2  16.57
5  89  2  25.47
6  89  2  14.20
7  89  2  7.36
8  89  2  30.91
9  89  2  3.23
10  89  2  22.23
11  89  2  13.24
12  89  2  5.22
13  89  2  10.29
14  89  2  48.88
15  89  2  18.55
1  90  2  24.14
2  90  2  5.37
3  90  2  8.57
4  90  2  15.30
5  90  2  26.73
6  90  2  13.44
7  90  2  35.44
8  90  2  30.71
9  90  2  25.39
10  90  2  13.62
11  90  2  23.07
12  90  2  57.71
13  90  2  45.07
14  90  2  42.08
15  90  2  19.42
1  91  2  37.47
2  91  2  15.68
3  91  2  46.67
4  91  2  63.77
5  91  2  14.29
6  91  2  18.54
7  91  2  29.02
8  91  2  51.35
9  91  2  18.52
10  91  2  60.30
11  91  2  9.04
12  91  2  61.61
13  91  2  30.26
14  91  2  46.76
15  91  2  11.19
1  92  2  2.18
2  92  2  34.45
3  92  2  23.34
4  92  2  26.44
5  92  2  57.16
6  92  2  27.84
7  92  2  8.39
8  92  2  16.11
9  92  2  8.98
10  92  2  14.40
11  92  2  10.78
12  92  2  35.09
13  92  2  6.20
14  92  2  35.10
15  92  2  62.20
1  93  2  45.66
2  93  2  5.24
3  93  2  26.26
4  93  2  18.89
5  93  2  5.89
6  93  2  12.26
7  93  2  35.99
8  93  2  6.31
9  93  2  3.30
10  93  2  31.24
11  93  2  37.65
12  93  2  8.74
13  93  2  10.31
14  93  2  12.57
15  93  2  5.18
1  94  2  11.53
2  94  2  38.44
3  94  2  51.85
4  94  2  7.31
5  94  2  6.35
6  94  2  13.66
7  94  2  9.09
8  94  2  41.95
9  94  2  51.65
10  94  2  20.53
11  94  2  33.16
12  94  2  9.87
13  94  2  16.40
14  94  2  13.54
15  94  2  14.35
1  95  2  9.18
2  95  2  17.26
3  95  2  49.56
4  95  2  12.17
5  95  2  16.95
6  95  2  16.98
7  95  2  7.65
8  95  2  26.49
9  95  2  6.38
10  95  2  24.19
11  95  2  45.82
12  95  2  26.75
13  95  2  43.33
14  95  2  17.13
15  95  2  50.27
1  96  2  27.18
2  96  2  26.41
3  96  2  8.40
4  96  2  12.00
5  96  2  5.94
6  96  2  53.86
7  96  2  28.01
8  96  2  20.78
9  96  2  27.21
10  96  2  5.95
11  96  2  8.04
12  96  2  9.56
13  96  2  52.58
14  96  2  19.83
15  96  2  10.99
1  97  2  12.78
2  97  2  8.15
3  97  2  57.03
4  97  2  22.11
5  97  2  14.52
6  97  2  7.81
7  97  2  13.83
8  97  2  25.68
9  97  2  34.84
10  97  2  26.95
11  97  2  60.69
12  97  2  27.57
13  97  2  49.90
14  97  2  30.42
15  97  2  33.20
1  98  2  7.55
2  98  2  18.83
3  98  2  39.16
4  98  2  15.61
5  98  2  43.15
6  98  2  51.09
7  98  2  29.70
8  98  2  11.79
9  98  2  11.90
10  98  2  27.34
11  98  2  8.27
12  98  2  30.67
13  98  2  7.14
14  98  2  7.30
15  98  2  19.39
1  99  2  18.77
2  99  2  8.06
3  99  2  16.87
4  99  2  51.30
5  99  2  47.96
6  99  2  51.38
7  99  2  7.52
8  99  2  21.89
9  99  2  23.87
10  99  2  47.25
11  99  2  4.19
12  99  2  15.72
13  99  2  11.98
14  99  2  34.25
15  99  2  8.10
1  100  2  67.17
2  100  2  9.65
3  100  2  5.13
4  100  2  17.83
5  100  2  17.42
6  100  2  21.22
7  100  2  10.59
8  100  2  20.35
9  100  2  9.63
10  100  2  25.37
11  100  2  40.14
12  100  2  11.55
13  100  2  41.19
14  100  2  28.83
15  100  2  20.56
1  101  2  10.73
2  101  2  22.18
3  101  2  27.60
4  101  2  23.70
5  101  2  24.67
6  101  2  7.24
7  101  2  23.95
8  101  2  37.57
9  101  2  10.91
10  101  2  46.97
11  101  2  20.81
12  101  2  41.55
13  101  2  9.28
14  101  2  17.28
15  101  2  43.08
1  102  2  15.59
2  102  2  21.20
3  102  2  18.58
4  102  2  26.15
5  102  2  14.06
6  102  2  23.05
7  102  2  4.11
8  102  2  16.11
9  102  2  40.40
10  102  2  54.43
11  102  2  5.19
12  102  2  6.99
13  102  2  16.63
14  102  2  8.22
15  102  2  21.67
1  103  2  11.98
2  103  2  21.27
3  103  2  28.33
4  103  2  37.07
5  103  2  7.90
6  103  2  25.24
7  103  2  6.85
8  103  2  22.52
9  103  2  24.13
10  103  2  56.89
11  103  2  40.36
12  103  2  65.48
13  103  2  38.53
14  103  2  14.87
15  103  2  6.17
1  104  2  37.38
2  104  2  10.13
3  104  2  36.65
4  104  2  12.72
5  104  2  11.43
6  104  2  52.04
7  104  2  32.34
8  104  2  45.13
9  104  2  14.56
10  104  2  7.79
11  104  2  9.91
12  104  2  7.44
13  104  2  62.05
14  104  2  55.48
15  104  2  10.44
1  105  2  27.03
2  105  2  13.77
3  105  2  21.65
4  105  2  28.58
5  105  2  6.94
6  105  2  21.77
7  105  2  28.30
8  105  2  47.04
9  105  2  19.02
10  105  2  43.42
11  105  2  26.64
12  105  2  8.60
13  105  2  33.75
14  105  2  34.73
15  105  2  5.26
1  106  2  15.97
2  106  2  3.77
3  106  2  15.73
4  106  2  63.16
5  106  2  27.20
6  106  2  60.19
7  106  2  20.84
8  106  2  6.09
9  106  2  24.89
10  106  2  27.05
11  106  2  17.46
12  106  2  13.48
13  106  2  6.98
14  106  2  15.08
15  106  2  33.58
1  107  2  5.39
2  107  2  21.86
3  107  2  9.46
4  107  2  5.57
5  107  2  52.94
6  107  2  9.82
7  107  2  30.81
8  107  2  35.20
9  107  2  41.79
10  107  2  34.71
11  107  2  17.89
12  107  2  17.63
13  107  2  44.05
14  107  2  7.63
15  107  2  5.01
1  108  2  15.63
2  108  2  29.12
3  108  2  51.73
4  108  2  46.12
5  108  2  24.37
6  108  2  8.66
7  108  2  27.98
8  108  2  22.68
9  108  2  13.12
10  108  2  27.56
11  108  2  5.02
12  108  2  12.04
13  108  2  37.27
14  108  2  62.23
15  108  2  53.66
1  109  2  35.06
2  109  2  5.29
3  109  2  15.76
4  109  2  24.28
5  109  2  25.47
6  109  2  7.97
7  109  2  41.22
8  109  2  20.78
9  109  2  64.22
10  109  2  21.18
11  109  2  8.31
12  109  2  21.31
13  109  2  14.74
14  109  2  31.85
15  109  2  26.51
1  110  2  24.89
2  110  2  14.84
3  110  2  27.86
4  110  2  13.55
5  110  2  37.33
6  110  2  14.92
7  110  2  23.18
8  110  2  14.45
9  110  2  25.59
10  110  2  32.83
11  110  2  47.29
12  110  2  22.11
13  110  2  23.26
14  110  2  12.74
15  110  2  3.86
1  111  2  19.36
2  111  2  19.30
3  111  2  22.84
4  111  2  9.29
5  111  2  68.74
6  111  2  27.20
7  111  2  58.29
8  111  2  7.86
9  111  2  50.50
10  111  2  13.96
11  111  2  34.50
12  111  2  3.17
13  111  2  25.87
14  111  2  9.95
15  111  2  5.68
1  112  2  26.96
2  112  2  12.08
3  112  2  52.21
4  112  2  53.72
5  112  2  19.00
6  112  2  8.97
7  112  2  12.67
8  112  2  8.29
9  112  2  31.69
10  112  2  24.44
11  112  2  23.94
12  112  2  31.50
13  112  2  7.33
14  112  2  18.70
15  112  2  45.98
1  113  2  11.89
2  113  2  56.02
3  113  2  24.25
4  113  2  34.64
5  113  2  17.98
6  113  2  33.07
7  113  2  18.45
8  113  2  20.84
9  113  2  51.55
10  113  2  14.15
11  113  2  51.88
12  113  2  23.20
13  113  2  23.08
14  113  2  53.13
15  113  2  4.16
1  114  2  22.52
2  114  2  19.66
3  114  2  46.89
4  114  2  12.35
5  114  2  24.99
6  114  2  18.21
7  114  2  45.01
8  114  2  48.08
9  114  2  11.28
10  114  2  18.07
11  114  2  28.32
12  114  2  17.72
13  114  2  33.37
14  114  2  12.24
15  114  2  54.82
1  115  2  38.11
2  115  2  16.85
3  115  2  64.66
4  115  2  24.63
5  115  2  27.99
6  115  2  5.12
7  115  2  47.73
8  115  2  17.83
9  115  2  37.82
10  115  2  17.65
11  115  2  46.89
12  115  2  9.95
13  115  2  10.83
14  115  2  5.43
15  115  2  9.00
1  116  2  10.67
2  116  2  19.29
3  116  2  13.99
4  116  2  3.21
5  116  2  31.57
6  116  2  37.43
7  116  2  61.90
8  116  2  26.14
9  116  2  12.13
10  116  2  25.38
11  116  2  27.48
12  116  2  33.42
13  116  2  28.52
14  116  2  27.36
15  116  2  16.84
1  117  2  42.14
2  117  2  28.59
3  117  2  64.73
4  117  2  43.63
5  117  2  12.75
6  117  2  7.78
7  117  2  19.27
8  117  2  7.18
9  117  2  17.38
10  117  2  9.25
11  117  2  3.91
12  117  2  12.86
13  117  2  16.32
14  117  2  12.11
15  117  2  31.49
1  118  2  22.87
2  118  2  27.14
3  118  2  49.70
4  118  2  14.12
5  118  2  21.00
6  118  2  31.05
7  118  2  25.91
8  118  2  20.66
9  118  2  33.53
10  118  2  36.65
11  118  2  28.34
12  118  2  66.67
13  118  2  27.77
14  118  2  19.33
15  118  2  7.99
1  119  2  31.48
2  119  2  3.74
3  119  2  21.26
4  119  2  10.26
5  119  2  50.87
6  119  2  8.39
7  119  2  33.51
8  119  2  58.94
9  119  2  7.20
10  119  2  7.62
11  119  2  35.56
12  119  2  30.91
13  119  2  63.44
14  119  2  10.31
15  119  2  41.91
1  120  2  18.82
2  120  2  40.84
3  120  2  33.42
4  120  2  21.75
5  120  2  17.48
6  120  2  45.72
7  120  2  5.38
8  120  2  60.92
9  120  2  7.70
10  120  2  26.90
11  120  2  23.96
12  120  2  6.83
13  120  2  20.62
14  120  2  10.11
15  120  2  46.41
1  121  2  14.19
2  121  2  22.80
3  121  2  20.26
4  121  2  40.73
5  121  2  5.84
6  121  2  18.46
7  121  2  3.63
8  121  2  25.98
9  121  2  57.36
10  121  2  20.26
11  121  2  21.27
12  121  2  50.50
13  121  2  5.87
14  121  2  3.87
15  121  2  15.48
1  122  2  39.32
2  122  2  22.11
3  122  2  12.14
4  122  2  36.73
5  122  2  44.47
6  122  2  28.63
7  122  2  16.67
8  122  2  9.44
9  122  2  44.48
10  122  2  6.04
11  122  2  8.77
12  122  2  26.65
13  122  2  22.33
14  122  2  11.35
15  122  2  30.88
1  123  2  4.00
2  123  2  2.91
3  123  2  14.98
4  123  2  12.86
5  123  2  32.12
6  123  2  10.41
7  123  2  4.67
8  123  2  7.81
9  123  2  68.27
10  123  2  20.25
11  123  2  7.00
12  123  2  4.67
13  123  2  46.24
14  123  2  17.33
15  123  2  4.05
1  124  2  26.09
2  124  2  16.98
3  124  2  10.69
4  124  2  36.11
5  124  2  25.39
6  124  2  23.53
7  124  2  7.50
8  124  2  26.69
9  124  2  8.19
10  124  2  8.88
11  124  2  16.94
12  124  2  25.40
13  124  2  17.30
14  124  2  5.32
15  124  2  28.13
1  125  2  12.58
2  125  2  9.11
3  125  2  24.21
4  125  2  23.32
5  125  2  13.69
6  125  2  20.59
7  125  2  5.31
8  125  2  19.96
9  125  2  54.26
10  125  2  34.54
11  125  2  26.49
12  125  2  4.33
13  125  2  44.52
14  125  2  4.12
15  125  2  24.26
1  126  2  5.27
2  126  2  21.37
3  126  2  35.09
4  126  2  33.07
5  126  2  21.28
6  126  2  23.97
7  126  2  42.64
8  126  2  24.32
9  126  2  28.21
10  126  2  18.52
11  126  2  38.13
12  126  2  15.13
13  126  2  13.31
14  126  2  51.48
15  126  2  47.81
1  127  2  64.31
2  127  2  46.82
3  127  2  31.25
4  127  2  15.33
5  127  2  63.00
6  127  2  13.32
7  127  2  55.10
8  127  2  27.08
9  127  2  28.30
10  127  2  15.10
11  127  2  34.23
12  127  2  17.97
13  127  2  26.10
14  127  2  18.12
15  127  2  12.80
1  128  2  52.23
2  128  2  21.02
3  128  2  35.53
4  128  2  15.73
5  128  2  50.51
6  128  2  23.37
7  128  2  4.64
8  128  2  61.65
9  128  2  28.08
10  128  2  16.33
11  128  2  17.70
12  128  2  15.39
13  128  2  21.56
14  128  2  7.39
15  128  2  23.99
1  129  2  32.91
2  129  2  24.26
3  129  2  15.39
4  129  2  38.16
5  129  2  40.33
6  129  2  12.22
7  129  2  9.13
8  129  2  6.91
9  129  2  49.13
10  129  2  21.23
11  129  2  16.03
12  129  2  46.15
13  129  2  21.67
14  129  2  16.44
15  129  2  25.66
1  130  2  40.94
2  130  2  22.65
3  130  2  53.47
4  130  2  23.00
5  130  2  37.57
6  130  2  21.40
7  130  2  9.76
8  130  2  17.27
9  130  2  34.28
10  130  2  34.62
11  130  2  31.49
12  130  2  18.07
13  130  2  31.89
14  130  2  11.96
15  130  2  29.30
1  131  2  15.99
2  131  2  38.88
3  131  2  12.27
4  131  2  11.00
5  131  2  12.51
6  131  2  8.14
7  131  2  4.29
8  131  2  14.61
9  131  2  6.21
10  131  2  21.38
11  131  2  24.79
12  131  2  37.74
13  131  2  32.62
14  131  2  9.98
15  131  2  7.27
1  132  2  13.93
2  132  2  49.05
3  132  2  14.91
4  132  2  21.01
5  132  2  12.84
6  132  2  40.15
7  132  2  20.23
8  132  2  42.17
9  132  2  30.44
10  132  2  47.15
11  132  2  27.84
12  132  2  29.75
13  132  2  45.41
14  132  2  62.46
15  132  2  40.16
1  133  2  12.69
2  133  2  18.09
3  133  2  38.17
4  133  2  39.56
5  133  2  27.22
6  133  2  17.96
7  133  2  38.11
8  133  2  45.50
9  133  2  38.82
10  133  2  11.87
11  133  2  64.42
12  133  2  27.31
13  133  2  53.06
14  133  2  24.32
15  133  2  11.66
1  134  2  31.33
2  134  2  19.03
3  134  2  9.58
4  134  2  9.87
5  134  2  15.18
6  134  2  13.55
7  134  2  38.65
8  134  2  35.50
9  134  2  4.26
10  134  2  44.61
11  134  2  9.64
12  134  2  47.44
13  134  2  6.17
14  134  2  39.79
15  134  2  13.17
1  135  2  26.03
2  135  2  13.71
3  135  2  4.21
4  135  2  33.01
5  135  2  6.12
6  135  2  36.94
7  135  2  11.96
8  135  2  56.62
9  135  2  16.11
10  135  2  41.13
11  135  2  9.41
12  135  2  28.16
13  135  2  8.60
14  135  2  17.05
15  135  2  28.41
1  136  2  24.79
2  136  2  34.26
3  136  2  47.74
4  136  2  19.50
5  136  2  51.50
6  136  2  23.28
7  136  2  57.41
8  136  2  8.13
9  136  2  5.20
10  136  2  9.80
11  136  2  23.96
12  136  2  19.64
13  136  2  9.47
14  136  2  11.14
15  136  2  36.60
1  137  2  27.57
2  137  2  21.44
3  137  2  23.50
4  137  2  25.89
5  137  2  21.95
6  137  2  27.55
7  137  2  39.86
8  137  2  46.66
9  137  2  33.05
10  137  2  22.89
11  137  2  24.93
12  137  2  28.68
13  137  2  33.10
14  137  2  41.94
15  137  2  21.18
1  138  2  22.28
2  138  2  13.41
3  138  2  15.09
4  138  2  58.15
5  138  2  23.17
6  138  2  57.94
7  138  2  39.92
8  138  2  50.82
9  138  2  27.24
10  138  2  4.21
11  138  2  13.78
12  138  2  32.21
13  138  2  6.26
14  138  2  23.25
15  138  2  7.47
1  139  2  17.43
2  139  2  4.40
3  139  2  21.32
4  139  2  14.80
5  139  2  29.47
6  139  2  29.94
7  139  2  21.18
8  139  2  18.87
9  139  2  29.98
10  139  2  20.46
11  139  2  11.88
12  139  2  29.90
13  139  2  21.19
14  139  2  6.99
15  139  2  22.72
1  140  2  51.44
2  140  2  30.64
3  140  2  13.57
4  140  2  57.21
5  140  2  25.66
6  140  2  4.08
7  140  2  19.79
8  140  2  10.46
9  140  2  53.05
10  140  2  12.68
11  140  2  14.20
12  140  2  62.18
13  140  2  12.70
14  140  2  14.82
15  140  2  40.29
1  141  2  27.66
2  141  2  16.44
3  141  2  43.06
4  141  2  49.63
5  141  2  26.62
6  141  2  17.66
7  141  2  9.66
8  141  2  12.86
9  141  2  32.98
10  141  2  18.06
11  141  2  41.36
12  141  2  18.50
13  141  2  33.40
14  141  2  19.19
15  141  2  16.25
1  142  2  11.31
2  142  2  20.87
3  142  2  8.83
4  142  2  12.41
5  142  2  44.41
6  142  2  3.92
7  142  2  27.67
8  142  2  27.42
9  142  2  15.71
10  142  2  12.48
11  142  2  9.97
12  142  2  32.79
13  142  2  21.87
14  142  2  11.48
15  142  2  23.61
1  143  2  26.66
2  143  2  17.83
3  143  2  29.62
4  143  2  13.60
5  143  2  27.28
6  143  2  44.00
7  143  2  22.25
8  143  2  12.66
9  143  2  41.81
10  143  2  2.29
11  143  2  24.04
12  143  2  28.87
13  143  2  16.31
14  143  2  21.12
15  143  2  17.72
1  144  2  42.98
2  144  2  10.20
3  144  2  7.81
4  144  2  38.67
5  144  2  45.66
6  144  2  28.94
7  144  2  15.62
8  144  2  5.17
9  144  2  15.83
10  144  2  47.87
11  144  2  10.48
12  144  2  53.81
13  144  2  24.75
14  144  2  19.73
15  144  2  68.55
1  145  2  27.59
2  145  2  3.85
3  145  2  28.72
4  145  2  5.77
5  145  2  21.21
6  145  2  3.81
7  145  2  14.19
8  145  2  15.58
9  145  2  6.00
10  145  2  8.62
11  145  2  12.51
12  145  2  20.05
13  145  2  37.72
14  145  2  36.17
15  145  2  23.96
1  146  2  29.29
2  146  2  28.91
3  146  2  51.41
4  146  2  17.53
5  146  2  17.51
6  146  2  14.50
7  146  2  25.37
8  146  2  36.86
9  146  2  31.88
10  146  2  30.65
11  146  2  6.58
12  146  2  15.77
13  146  2  25.58
14  146  2  39.25
15  146  2  27.80
1  147  2  15.90
2  147  2  15.18
3  147  2  21.32
4  147  2  52.03
5  147  2  22.10
6  147  2  9.62
7  147  2  30.65
8  147  2  11.03
9  147  2  12.19
10  147  2  23.71
11  147  2  28.86
12  147  2  14.13
13  147  2  23.64
14  147  2  17.32
15  147  2  22.37
1  148  2  21.32
2  148  2  19.77
3  148  2  29.39
4  148  2  40.90
5  148  2  2.27
6  148  2  17.30
7  148  2  46.59
8  148  2  26.02
9  148  2  45.51
10  148  2  44.28
11  148  2  22.38
12  148  2  36.10
13  148  2  5.55
14  148  2  32.87
15  148  2  31.34
1  149  2  42.35
2  149  2  35.63
3  149  2  21.60
4  149  2  30.24
5  149  2  16.55
6  149  2  19.33
7  149  2  10.57
8  149  2  54.96
9  149  2  19.97
10  149  2  49.19
11  149  2  20.12
12  149  2  30.29
13  149  2  18.94
14  149  2  68.59
15  149  2  42.76
1  150  2  42.01
2  150  2  39.37
3  150  2  21.55
4  150  2  24.95
5  150  2  30.65
6  150  2  26.96
7  150  2  48.70
8  150  2  8.34
9  150  2  33.83
10  150  2  10.91
11  150  2  16.94
12  150  2  12.75
13  150  2  55.80
14  150  2  34.65
15  150  2  17.68
;

