param com_measure1 := 0.62678;

param com_measure2 := 0.96902;

param kappa_max := 428.0285;

param U_tau := 947.7765;

param nT := 2;

param nS := 200;

param nL := 10;

param B := 245.63;

param w :=
1  3
2  1
3  3
4  3
5  3
6  3
7  1
8  3
9  3
10  2
;

param h :=
1  1  0
1  2  0
1  3  0
1  4  0
1  5  0
1  6  0
1  7  0
1  8  0
1  9  0
1  10  0
2  1  48.31
2  2  47.73
2  3  50.97
2  4  50.99
2  5  49.36
2  6  51.88
2  7  50.33
2  8  49.04
2  9  46.06
2  10  46.60
;

param xi :=
1  1  1  33
2  1  1  73
3  1  1  12
4  1  1  79
5  1  1  26
6  1  1  22
7  1  1  84
8  1  1  66
9  1  1  16
10  1  1  89
1  2  1  14
2  2  1  89
3  2  1  15
4  2  1  54
5  2  1  65
6  2  1  31
7  2  1  22
8  2  1  63
9  2  1  11
10  2  1  68
1  3  1  46
2  3  1  90
3  3  1  60
4  3  1  51
5  3  1  52
6  3  1  19
7  3  1  44
8  3  1  32
9  3  1  27
10  3  1  20
1  4  1  55
2  4  1  39
3  4  1  34
4  4  1  87
5  4  1  90
6  4  1  13
7  4  1  35
8  4  1  37
9  4  1  64
10  4  1  23
1  5  1  44
2  5  1  53
3  5  1  39
4  5  1  83
5  5  1  88
6  5  1  16
7  5  1  60
8  5  1  85
9  5  1  54
10  5  1  39
1  6  1  59
2  6  1  38
3  6  1  85
4  6  1  33
5  6  1  40
6  6  1  12
7  6  1  52
8  6  1  11
9  6  1  15
10  6  1  37
1  7  1  49
2  7  1  17
3  7  1  88
4  7  1  60
5  7  1  36
6  7  1  66
7  7  1  46
8  7  1  46
9  7  1  83
10  7  1  85
1  8  1  84
2  8  1  24
3  8  1  79
4  8  1  81
5  8  1  57
6  8  1  12
7  8  1  62
8  8  1  38
9  8  1  68
10  8  1  51
1  9  1  54
2  9  1  45
3  9  1  44
4  9  1  32
5  9  1  90
6  9  1  90
7  9  1  54
8  9  1  34
9  9  1  34
10  9  1  80
1  10  1  89
2  10  1  84
3  10  1  46
4  10  1  28
5  10  1  27
6  10  1  33
7  10  1  17
8  10  1  39
9  10  1  57
10  10  1  16
1  11  1  85
2  11  1  35
3  11  1  52
4  11  1  47
5  11  1  53
6  11  1  53
7  11  1  65
8  11  1  19
9  11  1  49
10  11  1  19
1  12  1  33
2  12  1  44
3  12  1  59
4  12  1  89
5  12  1  65
6  12  1  51
7  12  1  79
8  12  1  64
9  12  1  51
10  12  1  26
1  13  1  46
2  13  1  22
3  13  1  37
4  13  1  39
5  13  1  22
6  13  1  77
7  13  1  12
8  13  1  65
9  13  1  72
10  13  1  27
1  14  1  13
2  14  1  40
3  14  1  50
4  14  1  42
5  14  1  33
6  14  1  71
7  14  1  14
8  14  1  58
9  14  1  10
10  14  1  22
1  15  1  46
2  15  1  52
3  15  1  58
4  15  1  40
5  15  1  83
6  15  1  61
7  15  1  34
8  15  1  84
9  15  1  52
10  15  1  67
1  16  1  74
2  16  1  61
3  16  1  59
4  16  1  60
5  16  1  78
6  16  1  18
7  16  1  28
8  16  1  38
9  16  1  11
10  16  1  26
1  17  1  30
2  17  1  51
3  17  1  12
4  17  1  31
5  17  1  74
6  17  1  12
7  17  1  45
8  17  1  71
9  17  1  32
10  17  1  86
1  18  1  24
2  18  1  61
3  18  1  86
4  18  1  23
5  18  1  35
6  18  1  71
7  18  1  71
8  18  1  17
9  18  1  54
10  18  1  16
1  19  1  35
2  19  1  18
3  19  1  31
4  19  1  75
5  19  1  42
6  19  1  16
7  19  1  65
8  19  1  90
9  19  1  36
10  19  1  43
1  20  1  61
2  20  1  89
3  20  1  11
4  20  1  68
5  20  1  35
6  20  1  88
7  20  1  76
8  20  1  15
9  20  1  12
10  20  1  34
1  21  1  47
2  21  1  63
3  21  1  68
4  21  1  31
5  21  1  24
6  21  1  90
7  21  1  25
8  21  1  79
9  21  1  40
10  21  1  59
1  22  1  86
2  22  1  40
3  22  1  14
4  22  1  43
5  22  1  37
6  22  1  77
7  22  1  71
8  22  1  65
9  22  1  76
10  22  1  25
1  23  1  49
2  23  1  63
3  23  1  84
4  23  1  11
5  23  1  85
6  23  1  70
7  23  1  71
8  23  1  46
9  23  1  68
10  23  1  70
1  24  1  77
2  24  1  15
3  24  1  21
4  24  1  55
5  24  1  25
6  24  1  49
7  24  1  67
8  24  1  32
9  24  1  76
10  24  1  70
1  25  1  49
2  25  1  71
3  25  1  32
4  25  1  61
5  25  1  22
6  25  1  82
7  25  1  17
8  25  1  43
9  25  1  17
10  25  1  35
1  26  1  80
2  26  1  10
3  26  1  21
4  26  1  38
5  26  1  49
6  26  1  85
7  26  1  51
8  26  1  11
9  26  1  17
10  26  1  75
1  27  1  49
2  27  1  34
3  27  1  18
4  27  1  55
5  27  1  66
6  27  1  80
7  27  1  57
8  27  1  48
9  27  1  51
10  27  1  36
1  28  1  53
2  28  1  65
3  28  1  36
4  28  1  52
5  28  1  45
6  28  1  39
7  28  1  39
8  28  1  63
9  28  1  20
10  28  1  77
1  29  1  84
2  29  1  17
3  29  1  55
4  29  1  74
5  29  1  55
6  29  1  10
7  29  1  42
8  29  1  12
9  29  1  45
10  29  1  50
1  30  1  73
2  30  1  40
3  30  1  84
4  30  1  27
5  30  1  57
6  30  1  78
7  30  1  70
8  30  1  70
9  30  1  38
10  30  1  36
1  31  1  68
2  31  1  18
3  31  1  48
4  31  1  47
5  31  1  69
6  31  1  67
7  31  1  75
8  31  1  35
9  31  1  26
10  31  1  82
1  32  1  13
2  32  1  66
3  32  1  39
4  32  1  26
5  32  1  16
6  32  1  31
7  32  1  86
8  32  1  59
9  32  1  36
10  32  1  14
1  33  1  80
2  33  1  33
3  33  1  27
4  33  1  36
5  33  1  55
6  33  1  13
7  33  1  69
8  33  1  20
9  33  1  39
10  33  1  50
1  34  1  86
2  34  1  37
3  34  1  28
4  34  1  64
5  34  1  27
6  34  1  60
7  34  1  26
8  34  1  24
9  34  1  24
10  34  1  75
1  35  1  49
2  35  1  31
3  35  1  68
4  35  1  44
5  35  1  83
6  35  1  75
7  35  1  33
8  35  1  20
9  35  1  30
10  35  1  39
1  36  1  53
2  36  1  73
3  36  1  34
4  36  1  34
5  36  1  84
6  36  1  68
7  36  1  30
8  36  1  41
9  36  1  36
10  36  1  34
1  37  1  74
2  37  1  33
3  37  1  10
4  37  1  85
5  37  1  52
6  37  1  53
7  37  1  18
8  37  1  42
9  37  1  82
10  37  1  24
1  38  1  13
2  38  1  74
3  38  1  63
4  38  1  36
5  38  1  18
6  38  1  43
7  38  1  16
8  38  1  38
9  38  1  36
10  38  1  88
1  39  1  22
2  39  1  88
3  39  1  63
4  39  1  86
5  39  1  50
6  39  1  24
7  39  1  32
8  39  1  44
9  39  1  71
10  39  1  32
1  40  1  32
2  40  1  66
3  40  1  11
4  40  1  13
5  40  1  77
6  40  1  14
7  40  1  78
8  40  1  38
9  40  1  29
10  40  1  73
1  41  1  23
2  41  1  54
3  41  1  50
4  41  1  44
5  41  1  65
6  41  1  58
7  41  1  38
8  41  1  42
9  41  1  15
10  41  1  44
1  42  1  15
2  42  1  63
3  42  1  54
4  42  1  28
5  42  1  77
6  42  1  65
7  42  1  59
8  42  1  26
9  42  1  17
10  42  1  80
1  43  1  19
2  43  1  75
3  43  1  36
4  43  1  71
5  43  1  53
6  43  1  26
7  43  1  82
8  43  1  29
9  43  1  24
10  43  1  21
1  44  1  17
2  44  1  25
3  44  1  50
4  44  1  21
5  44  1  88
6  44  1  12
7  44  1  37
8  44  1  69
9  44  1  29
10  44  1  65
1  45  1  87
2  45  1  88
3  45  1  81
4  45  1  77
5  45  1  74
6  45  1  32
7  45  1  33
8  45  1  41
9  45  1  47
10  45  1  89
1  46  1  52
2  46  1  90
3  46  1  81
4  46  1  61
5  46  1  25
6  46  1  81
7  46  1  14
8  46  1  84
9  46  1  48
10  46  1  61
1  47  1  47
2  47  1  45
3  47  1  88
4  47  1  14
5  47  1  83
6  47  1  21
7  47  1  13
8  47  1  12
9  47  1  21
10  47  1  27
1  48  1  58
2  48  1  89
3  48  1  38
4  48  1  45
5  48  1  56
6  48  1  77
7  48  1  54
8  48  1  57
9  48  1  14
10  48  1  38
1  49  1  84
2  49  1  19
3  49  1  71
4  49  1  64
5  49  1  30
6  49  1  69
7  49  1  84
8  49  1  40
9  49  1  36
10  49  1  44
1  50  1  51
2  50  1  37
3  50  1  26
4  50  1  23
5  50  1  65
6  50  1  79
7  50  1  74
8  50  1  42
9  50  1  90
10  50  1  88
1  51  1  32
2  51  1  76
3  51  1  56
4  51  1  25
5  51  1  56
6  51  1  27
7  51  1  60
8  51  1  12
9  51  1  61
10  51  1  78
1  52  1  67
2  52  1  61
3  52  1  73
4  52  1  27
5  52  1  80
6  52  1  77
7  52  1  83
8  52  1  67
9  52  1  42
10  52  1  28
1  53  1  27
2  53  1  18
3  53  1  80
4  53  1  76
5  53  1  51
6  53  1  69
7  53  1  40
8  53  1  30
9  53  1  57
10  53  1  36
1  54  1  36
2  54  1  14
3  54  1  67
4  54  1  78
5  54  1  24
6  54  1  11
7  54  1  78
8  54  1  22
9  54  1  31
10  54  1  16
1  55  1  80
2  55  1  58
3  55  1  38
4  55  1  72
5  55  1  49
6  55  1  33
7  55  1  85
8  55  1  48
9  55  1  34
10  55  1  10
1  56  1  42
2  56  1  39
3  56  1  15
4  56  1  46
5  56  1  15
6  56  1  45
7  56  1  75
8  56  1  89
9  56  1  68
10  56  1  32
1  57  1  82
2  57  1  68
3  57  1  44
4  57  1  70
5  57  1  59
6  57  1  56
7  57  1  86
8  57  1  29
9  57  1  12
10  57  1  57
1  58  1  80
2  58  1  77
3  58  1  31
4  58  1  90
5  58  1  23
6  58  1  30
7  58  1  26
8  58  1  11
9  58  1  53
10  58  1  81
1  59  1  33
2  59  1  16
3  59  1  15
4  59  1  31
5  59  1  20
6  59  1  24
7  59  1  85
8  59  1  77
9  59  1  53
10  59  1  79
1  60  1  39
2  60  1  12
3  60  1  70
4  60  1  43
5  60  1  54
6  60  1  22
7  60  1  86
8  60  1  42
9  60  1  45
10  60  1  14
1  61  1  40
2  61  1  22
3  61  1  27
4  61  1  69
5  61  1  51
6  61  1  25
7  61  1  21
8  61  1  12
9  61  1  35
10  61  1  81
1  62  1  57
2  62  1  21
3  62  1  80
4  62  1  83
5  62  1  71
6  62  1  59
7  62  1  19
8  62  1  74
9  62  1  73
10  62  1  36
1  63  1  48
2  63  1  24
3  63  1  48
4  63  1  33
5  63  1  16
6  63  1  40
7  63  1  75
8  63  1  58
9  63  1  25
10  63  1  11
1  64  1  56
2  64  1  26
3  64  1  75
4  64  1  17
5  64  1  26
6  64  1  73
7  64  1  69
8  64  1  48
9  64  1  63
10  64  1  65
1  65  1  60
2  65  1  28
3  65  1  26
4  65  1  41
5  65  1  24
6  65  1  16
7  65  1  75
8  65  1  36
9  65  1  67
10  65  1  57
1  66  1  80
2  66  1  59
3  66  1  54
4  66  1  70
5  66  1  22
6  66  1  21
7  66  1  69
8  66  1  40
9  66  1  65
10  66  1  88
1  67  1  47
2  67  1  42
3  67  1  61
4  67  1  14
5  67  1  72
6  67  1  26
7  67  1  20
8  67  1  11
9  67  1  28
10  67  1  39
1  68  1  89
2  68  1  83
3  68  1  55
4  68  1  14
5  68  1  23
6  68  1  77
7  68  1  27
8  68  1  58
9  68  1  51
10  68  1  31
1  69  1  38
2  69  1  63
3  69  1  81
4  69  1  25
5  69  1  84
6  69  1  88
7  69  1  21
8  69  1  38
9  69  1  55
10  69  1  14
1  70  1  35
2  70  1  41
3  70  1  71
4  70  1  64
5  70  1  11
6  70  1  67
7  70  1  22
8  70  1  40
9  70  1  39
10  70  1  34
1  71  1  40
2  71  1  26
3  71  1  81
4  71  1  44
5  71  1  14
6  71  1  41
7  71  1  11
8  71  1  10
9  71  1  80
10  71  1  20
1  72  1  57
2  72  1  75
3  72  1  30
4  72  1  27
5  72  1  45
6  72  1  58
7  72  1  67
8  72  1  30
9  72  1  37
10  72  1  88
1  73  1  30
2  73  1  22
3  73  1  47
4  73  1  61
5  73  1  51
6  73  1  63
7  73  1  33
8  73  1  55
9  73  1  48
10  73  1  79
1  74  1  19
2  74  1  90
3  74  1  63
4  74  1  34
5  74  1  28
6  74  1  49
7  74  1  14
8  74  1  71
9  74  1  62
10  74  1  87
1  75  1  56
2  75  1  37
3  75  1  68
4  75  1  34
5  75  1  20
6  75  1  55
7  75  1  64
8  75  1  76
9  75  1  78
10  75  1  56
1  76  1  54
2  76  1  84
3  76  1  20
4  76  1  58
5  76  1  37
6  76  1  87
7  76  1  48
8  76  1  41
9  76  1  27
10  76  1  16
1  77  1  49
2  77  1  87
3  77  1  74
4  77  1  22
5  77  1  74
6  77  1  32
7  77  1  56
8  77  1  53
9  77  1  19
10  77  1  41
1  78  1  16
2  78  1  55
3  78  1  23
4  78  1  36
5  78  1  15
6  78  1  85
7  78  1  60
8  78  1  42
9  78  1  69
10  78  1  70
1  79  1  56
2  79  1  73
3  79  1  11
4  79  1  71
5  79  1  79
6  79  1  22
7  79  1  57
8  79  1  70
9  79  1  22
10  79  1  17
1  80  1  71
2  80  1  17
3  80  1  28
4  80  1  67
5  80  1  12
6  80  1  61
7  80  1  82
8  80  1  60
9  80  1  65
10  80  1  10
1  81  1  10
2  81  1  83
3  81  1  42
4  81  1  79
5  81  1  63
6  81  1  81
7  81  1  68
8  81  1  73
9  81  1  34
10  81  1  19
1  82  1  33
2  82  1  27
3  82  1  20
4  82  1  42
5  82  1  85
6  82  1  25
7  82  1  89
8  82  1  77
9  82  1  73
10  82  1  65
1  83  1  31
2  83  1  70
3  83  1  82
4  83  1  69
5  83  1  25
6  83  1  47
7  83  1  89
8  83  1  23
9  83  1  43
10  83  1  61
1  84  1  29
2  84  1  70
3  84  1  78
4  84  1  45
5  84  1  57
6  84  1  40
7  84  1  21
8  84  1  30
9  84  1  35
10  84  1  83
1  85  1  62
2  85  1  68
3  85  1  69
4  85  1  21
5  85  1  70
6  85  1  50
7  85  1  56
8  85  1  26
9  85  1  19
10  85  1  90
1  86  1  21
2  86  1  30
3  86  1  14
4  86  1  76
5  86  1  12
6  86  1  30
7  86  1  47
8  86  1  66
9  86  1  90
10  86  1  18
1  87  1  26
2  87  1  84
3  87  1  69
4  87  1  23
5  87  1  32
6  87  1  83
7  87  1  17
8  87  1  63
9  87  1  77
10  87  1  23
1  88  1  36
2  88  1  75
3  88  1  70
4  88  1  37
5  88  1  27
6  88  1  10
7  88  1  75
8  88  1  42
9  88  1  35
10  88  1  57
1  89  1  68
2  89  1  18
3  89  1  61
4  89  1  35
5  89  1  66
6  89  1  11
7  89  1  45
8  89  1  67
9  89  1  46
10  89  1  26
1  90  1  84
2  90  1  72
3  90  1  31
4  90  1  88
5  90  1  36
6  90  1  19
7  90  1  31
8  90  1  42
9  90  1  26
10  90  1  46
1  91  1  73
2  91  1  85
3  91  1  18
4  91  1  19
5  91  1  18
6  91  1  83
7  91  1  62
8  91  1  58
9  91  1  33
10  91  1  79
1  92  1  43
2  92  1  32
3  92  1  30
4  92  1  45
5  92  1  43
6  92  1  15
7  92  1  13
8  92  1  17
9  92  1  22
10  92  1  75
1  93  1  87
2  93  1  51
3  93  1  60
4  93  1  67
5  93  1  54
6  93  1  84
7  93  1  32
8  93  1  70
9  93  1  44
10  93  1  43
1  94  1  23
2  94  1  84
3  94  1  67
4  94  1  10
5  94  1  77
6  94  1  43
7  94  1  77
8  94  1  27
9  94  1  67
10  94  1  21
1  95  1  13
2  95  1  25
3  95  1  50
4  95  1  38
5  95  1  39
6  95  1  59
7  95  1  76
8  95  1  32
9  95  1  27
10  95  1  35
1  96  1  21
2  96  1  39
3  96  1  56
4  96  1  26
5  96  1  79
6  96  1  11
7  96  1  62
8  96  1  50
9  96  1  75
10  96  1  28
1  97  1  58
2  97  1  23
3  97  1  88
4  97  1  32
5  97  1  88
6  97  1  71
7  97  1  59
8  97  1  76
9  97  1  67
10  97  1  78
1  98  1  56
2  98  1  42
3  98  1  17
4  98  1  15
5  98  1  59
6  98  1  44
7  98  1  58
8  98  1  37
9  98  1  67
10  98  1  46
1  99  1  38
2  99  1  77
3  99  1  53
4  99  1  54
5  99  1  19
6  99  1  73
7  99  1  11
8  99  1  83
9  99  1  46
10  99  1  51
1  100  1  73
2  100  1  43
3  100  1  81
4  100  1  79
5  100  1  78
6  100  1  57
7  100  1  11
8  100  1  53
9  100  1  90
10  100  1  10
1  101  1  55
2  101  1  83
3  101  1  90
4  101  1  22
5  101  1  78
6  101  1  79
7  101  1  44
8  101  1  54
9  101  1  46
10  101  1  72
1  102  1  22
2  102  1  68
3  102  1  36
4  102  1  71
5  102  1  65
6  102  1  45
7  102  1  90
8  102  1  83
9  102  1  71
10  102  1  58
1  103  1  55
2  103  1  69
3  103  1  49
4  103  1  86
5  103  1  38
6  103  1  57
7  103  1  86
8  103  1  61
9  103  1  78
10  103  1  40
1  104  1  78
2  104  1  56
3  104  1  54
4  104  1  85
5  104  1  39
6  104  1  83
7  104  1  50
8  104  1  61
9  104  1  89
10  104  1  37
1  105  1  32
2  105  1  90
3  105  1  68
4  105  1  36
5  105  1  25
6  105  1  54
7  105  1  27
8  105  1  19
9  105  1  79
10  105  1  89
1  106  1  51
2  106  1  59
3  106  1  32
4  106  1  81
5  106  1  82
6  106  1  74
7  106  1  17
8  106  1  57
9  106  1  80
10  106  1  83
1  107  1  62
2  107  1  63
3  107  1  69
4  107  1  14
5  107  1  65
6  107  1  25
7  107  1  22
8  107  1  45
9  107  1  69
10  107  1  63
1  108  1  63
2  108  1  34
3  108  1  38
4  108  1  77
5  108  1  46
6  108  1  84
7  108  1  53
8  108  1  34
9  108  1  89
10  108  1  63
1  109  1  53
2  109  1  68
3  109  1  59
4  109  1  28
5  109  1  43
6  109  1  71
7  109  1  34
8  109  1  26
9  109  1  54
10  109  1  57
1  110  1  11
2  110  1  53
3  110  1  11
4  110  1  83
5  110  1  62
6  110  1  53
7  110  1  26
8  110  1  85
9  110  1  42
10  110  1  19
1  111  1  79
2  111  1  76
3  111  1  73
4  111  1  78
5  111  1  65
6  111  1  29
7  111  1  41
8  111  1  38
9  111  1  14
10  111  1  65
1  112  1  45
2  112  1  25
3  112  1  73
4  112  1  90
5  112  1  13
6  112  1  49
7  112  1  56
8  112  1  49
9  112  1  66
10  112  1  16
1  113  1  66
2  113  1  30
3  113  1  52
4  113  1  39
5  113  1  48
6  113  1  90
7  113  1  27
8  113  1  55
9  113  1  72
10  113  1  54
1  114  1  57
2  114  1  68
3  114  1  35
4  114  1  24
5  114  1  85
6  114  1  68
7  114  1  50
8  114  1  67
9  114  1  37
10  114  1  17
1  115  1  70
2  115  1  14
3  115  1  82
4  115  1  78
5  115  1  20
6  115  1  77
7  115  1  29
8  115  1  68
9  115  1  83
10  115  1  37
1  116  1  66
2  116  1  71
3  116  1  52
4  116  1  83
5  116  1  49
6  116  1  27
7  116  1  43
8  116  1  43
9  116  1  63
10  116  1  89
1  117  1  77
2  117  1  79
3  117  1  51
4  117  1  46
5  117  1  66
6  117  1  68
7  117  1  22
8  117  1  23
9  117  1  53
10  117  1  42
1  118  1  52
2  118  1  78
3  118  1  15
4  118  1  24
5  118  1  82
6  118  1  67
7  118  1  66
8  118  1  85
9  118  1  40
10  118  1  51
1  119  1  75
2  119  1  23
3  119  1  64
4  119  1  70
5  119  1  58
6  119  1  56
7  119  1  58
8  119  1  30
9  119  1  67
10  119  1  16
1  120  1  33
2  120  1  29
3  120  1  54
4  120  1  40
5  120  1  40
6  120  1  86
7  120  1  74
8  120  1  75
9  120  1  53
10  120  1  74
1  121  1  29
2  121  1  12
3  121  1  58
4  121  1  86
5  121  1  72
6  121  1  69
7  121  1  76
8  121  1  78
9  121  1  63
10  121  1  70
1  122  1  60
2  122  1  63
3  122  1  23
4  122  1  57
5  122  1  79
6  122  1  14
7  122  1  85
8  122  1  25
9  122  1  86
10  122  1  22
1  123  1  12
2  123  1  76
3  123  1  83
4  123  1  60
5  123  1  90
6  123  1  78
7  123  1  65
8  123  1  33
9  123  1  71
10  123  1  65
1  124  1  55
2  124  1  22
3  124  1  23
4  124  1  79
5  124  1  20
6  124  1  42
7  124  1  50
8  124  1  43
9  124  1  88
10  124  1  60
1  125  1  44
2  125  1  75
3  125  1  23
4  125  1  10
5  125  1  85
6  125  1  14
7  125  1  33
8  125  1  67
9  125  1  20
10  125  1  48
1  126  1  70
2  126  1  84
3  126  1  40
4  126  1  12
5  126  1  75
6  126  1  76
7  126  1  89
8  126  1  70
9  126  1  65
10  126  1  64
1  127  1  59
2  127  1  67
3  127  1  34
4  127  1  62
5  127  1  80
6  127  1  12
7  127  1  49
8  127  1  39
9  127  1  14
10  127  1  59
1  128  1  63
2  128  1  90
3  128  1  27
4  128  1  12
5  128  1  21
6  128  1  84
7  128  1  82
8  128  1  16
9  128  1  67
10  128  1  70
1  129  1  34
2  129  1  27
3  129  1  40
4  129  1  58
5  129  1  10
6  129  1  50
7  129  1  73
8  129  1  78
9  129  1  84
10  129  1  90
1  130  1  17
2  130  1  30
3  130  1  38
4  130  1  62
5  130  1  87
6  130  1  76
7  130  1  46
8  130  1  28
9  130  1  67
10  130  1  74
1  131  1  22
2  131  1  84
3  131  1  46
4  131  1  30
5  131  1  71
6  131  1  77
7  131  1  37
8  131  1  31
9  131  1  46
10  131  1  40
1  132  1  28
2  132  1  63
3  132  1  75
4  132  1  40
5  132  1  52
6  132  1  45
7  132  1  38
8  132  1  42
9  132  1  87
10  132  1  77
1  133  1  43
2  133  1  75
3  133  1  27
4  133  1  64
5  133  1  39
6  133  1  55
7  133  1  14
8  133  1  44
9  133  1  19
10  133  1  29
1  134  1  67
2  134  1  15
3  134  1  90
4  134  1  79
5  134  1  84
6  134  1  21
7  134  1  52
8  134  1  25
9  134  1  37
10  134  1  27
1  135  1  54
2  135  1  38
3  135  1  24
4  135  1  39
5  135  1  48
6  135  1  61
7  135  1  48
8  135  1  66
9  135  1  66
10  135  1  61
1  136  1  40
2  136  1  45
3  136  1  20
4  136  1  40
5  136  1  26
6  136  1  13
7  136  1  67
8  136  1  18
9  136  1  24
10  136  1  43
1  137  1  11
2  137  1  67
3  137  1  78
4  137  1  20
5  137  1  70
6  137  1  88
7  137  1  31
8  137  1  31
9  137  1  14
10  137  1  28
1  138  1  83
2  138  1  12
3  138  1  64
4  138  1  77
5  138  1  90
6  138  1  73
7  138  1  54
8  138  1  69
9  138  1  22
10  138  1  18
1  139  1  16
2  139  1  12
3  139  1  65
4  139  1  28
5  139  1  11
6  139  1  38
7  139  1  21
8  139  1  14
9  139  1  13
10  139  1  39
1  140  1  39
2  140  1  59
3  140  1  77
4  140  1  68
5  140  1  26
6  140  1  81
7  140  1  62
8  140  1  67
9  140  1  51
10  140  1  11
1  141  1  79
2  141  1  60
3  141  1  79
4  141  1  43
5  141  1  18
6  141  1  48
7  141  1  75
8  141  1  70
9  141  1  39
10  141  1  62
1  142  1  66
2  142  1  39
3  142  1  87
4  142  1  72
5  142  1  63
6  142  1  41
7  142  1  16
8  142  1  75
9  142  1  51
10  142  1  45
1  143  1  48
2  143  1  84
3  143  1  61
4  143  1  62
5  143  1  74
6  143  1  45
7  143  1  27
8  143  1  23
9  143  1  73
10  143  1  37
1  144  1  65
2  144  1  16
3  144  1  86
4  144  1  30
5  144  1  84
6  144  1  32
7  144  1  31
8  144  1  35
9  144  1  30
10  144  1  15
1  145  1  24
2  145  1  50
3  145  1  16
4  145  1  12
5  145  1  71
6  145  1  64
7  145  1  50
8  145  1  68
9  145  1  58
10  145  1  60
1  146  1  39
2  146  1  37
3  146  1  47
4  146  1  21
5  146  1  23
6  146  1  57
7  146  1  36
8  146  1  47
9  146  1  79
10  146  1  53
1  147  1  21
2  147  1  71
3  147  1  20
4  147  1  84
5  147  1  54
6  147  1  78
7  147  1  28
8  147  1  52
9  147  1  48
10  147  1  78
1  148  1  78
2  148  1  29
3  148  1  41
4  148  1  64
5  148  1  53
6  148  1  89
7  148  1  37
8  148  1  12
9  148  1  71
10  148  1  80
1  149  1  28
2  149  1  19
3  149  1  32
4  149  1  76
5  149  1  16
6  149  1  41
7  149  1  80
8  149  1  85
9  149  1  81
10  149  1  32
1  150  1  17
2  150  1  52
3  150  1  69
4  150  1  30
5  150  1  70
6  150  1  62
7  150  1  50
8  150  1  41
9  150  1  15
10  150  1  53
1  151  1  74
2  151  1  41
3  151  1  60
4  151  1  38
5  151  1  57
6  151  1  72
7  151  1  46
8  151  1  77
9  151  1  79
10  151  1  22
1  152  1  32
2  152  1  57
3  152  1  62
4  152  1  78
5  152  1  18
6  152  1  84
7  152  1  63
8  152  1  79
9  152  1  31
10  152  1  81
1  153  1  63
2  153  1  25
3  153  1  22
4  153  1  11
5  153  1  37
6  153  1  49
7  153  1  70
8  153  1  67
9  153  1  34
10  153  1  73
1  154  1  72
2  154  1  25
3  154  1  65
4  154  1  16
5  154  1  34
6  154  1  57
7  154  1  67
8  154  1  14
9  154  1  35
10  154  1  58
1  155  1  13
2  155  1  17
3  155  1  27
4  155  1  85
5  155  1  66
6  155  1  15
7  155  1  12
8  155  1  69
9  155  1  15
10  155  1  57
1  156  1  64
2  156  1  83
3  156  1  68
4  156  1  18
5  156  1  24
6  156  1  88
7  156  1  62
8  156  1  66
9  156  1  68
10  156  1  29
1  157  1  83
2  157  1  47
3  157  1  75
4  157  1  81
5  157  1  45
6  157  1  16
7  157  1  80
8  157  1  81
9  157  1  75
10  157  1  26
1  158  1  62
2  158  1  30
3  158  1  79
4  158  1  53
5  158  1  78
6  158  1  70
7  158  1  36
8  158  1  61
9  158  1  40
10  158  1  14
1  159  1  56
2  159  1  90
3  159  1  53
4  159  1  81
5  159  1  42
6  159  1  17
7  159  1  20
8  159  1  77
9  159  1  53
10  159  1  71
1  160  1  87
2  160  1  84
3  160  1  19
4  160  1  26
5  160  1  73
6  160  1  54
7  160  1  49
8  160  1  42
9  160  1  64
10  160  1  10
1  161  1  18
2  161  1  13
3  161  1  74
4  161  1  73
5  161  1  71
6  161  1  74
7  161  1  23
8  161  1  21
9  161  1  51
10  161  1  12
1  162  1  43
2  162  1  72
3  162  1  74
4  162  1  24
5  162  1  90
6  162  1  43
7  162  1  54
8  162  1  86
9  162  1  50
10  162  1  63
1  163  1  18
2  163  1  56
3  163  1  50
4  163  1  25
5  163  1  15
6  163  1  25
7  163  1  79
8  163  1  24
9  163  1  22
10  163  1  69
1  164  1  56
2  164  1  64
3  164  1  86
4  164  1  75
5  164  1  61
6  164  1  82
7  164  1  44
8  164  1  68
9  164  1  42
10  164  1  27
1  165  1  82
2  165  1  32
3  165  1  45
4  165  1  21
5  165  1  50
6  165  1  26
7  165  1  74
8  165  1  44
9  165  1  78
10  165  1  51
1  166  1  25
2  166  1  18
3  166  1  36
4  166  1  42
5  166  1  43
6  166  1  29
7  166  1  60
8  166  1  16
9  166  1  34
10  166  1  22
1  167  1  86
2  167  1  40
3  167  1  61
4  167  1  14
5  167  1  38
6  167  1  35
7  167  1  32
8  167  1  82
9  167  1  10
10  167  1  49
1  168  1  70
2  168  1  50
3  168  1  67
4  168  1  41
5  168  1  75
6  168  1  16
7  168  1  67
8  168  1  38
9  168  1  20
10  168  1  87
1  169  1  42
2  169  1  26
3  169  1  18
4  169  1  45
5  169  1  55
6  169  1  22
7  169  1  34
8  169  1  90
9  169  1  19
10  169  1  64
1  170  1  55
2  170  1  18
3  170  1  88
4  170  1  17
5  170  1  46
6  170  1  24
7  170  1  24
8  170  1  66
9  170  1  55
10  170  1  23
1  171  1  39
2  171  1  52
3  171  1  11
4  171  1  19
5  171  1  51
6  171  1  19
7  171  1  48
8  171  1  32
9  171  1  86
10  171  1  26
1  172  1  71
2  172  1  28
3  172  1  82
4  172  1  75
5  172  1  63
6  172  1  31
7  172  1  37
8  172  1  62
9  172  1  56
10  172  1  63
1  173  1  43
2  173  1  33
3  173  1  77
4  173  1  10
5  173  1  26
6  173  1  71
7  173  1  16
8  173  1  44
9  173  1  47
10  173  1  61
1  174  1  52
2  174  1  75
3  174  1  79
4  174  1  19
5  174  1  15
6  174  1  88
7  174  1  60
8  174  1  67
9  174  1  81
10  174  1  12
1  175  1  90
2  175  1  16
3  175  1  11
4  175  1  74
5  175  1  82
6  175  1  89
7  175  1  13
8  175  1  90
9  175  1  49
10  175  1  27
1  176  1  34
2  176  1  56
3  176  1  80
4  176  1  13
5  176  1  19
6  176  1  39
7  176  1  88
8  176  1  55
9  176  1  52
10  176  1  10
1  177  1  56
2  177  1  58
3  177  1  57
4  177  1  67
5  177  1  10
6  177  1  24
7  177  1  18
8  177  1  82
9  177  1  30
10  177  1  81
1  178  1  39
2  178  1  24
3  178  1  68
4  178  1  88
5  178  1  79
6  178  1  88
7  178  1  75
8  178  1  30
9  178  1  34
10  178  1  66
1  179  1  87
2  179  1  45
3  179  1  66
4  179  1  47
5  179  1  81
6  179  1  64
7  179  1  44
8  179  1  44
9  179  1  18
10  179  1  45
1  180  1  71
2  180  1  55
3  180  1  70
4  180  1  84
5  180  1  32
6  180  1  86
7  180  1  42
8  180  1  56
9  180  1  43
10  180  1  13
1  181  1  30
2  181  1  32
3  181  1  41
4  181  1  62
5  181  1  83
6  181  1  90
7  181  1  35
8  181  1  16
9  181  1  84
10  181  1  59
1  182  1  24
2  182  1  78
3  182  1  20
4  182  1  58
5  182  1  24
6  182  1  77
7  182  1  82
8  182  1  42
9  182  1  23
10  182  1  47
1  183  1  44
2  183  1  85
3  183  1  81
4  183  1  16
5  183  1  72
6  183  1  75
7  183  1  26
8  183  1  57
9  183  1  66
10  183  1  17
1  184  1  80
2  184  1  40
3  184  1  15
4  184  1  82
5  184  1  22
6  184  1  85
7  184  1  54
8  184  1  29
9  184  1  16
10  184  1  62
1  185  1  28
2  185  1  61
3  185  1  51
4  185  1  50
5  185  1  13
6  185  1  86
7  185  1  56
8  185  1  55
9  185  1  24
10  185  1  11
1  186  1  61
2  186  1  10
3  186  1  73
4  186  1  24
5  186  1  54
6  186  1  48
7  186  1  80
8  186  1  20
9  186  1  84
10  186  1  50
1  187  1  39
2  187  1  18
3  187  1  16
4  187  1  44
5  187  1  74
6  187  1  75
7  187  1  69
8  187  1  23
9  187  1  72
10  187  1  28
1  188  1  45
2  188  1  87
3  188  1  55
4  188  1  46
5  188  1  50
6  188  1  87
7  188  1  79
8  188  1  77
9  188  1  86
10  188  1  13
1  189  1  12
2  189  1  25
3  189  1  90
4  189  1  54
5  189  1  21
6  189  1  72
7  189  1  47
8  189  1  60
9  189  1  32
10  189  1  39
1  190  1  45
2  190  1  38
3  190  1  37
4  190  1  80
5  190  1  73
6  190  1  44
7  190  1  53
8  190  1  80
9  190  1  88
10  190  1  63
1  191  1  80
2  191  1  58
3  191  1  90
4  191  1  56
5  191  1  18
6  191  1  76
7  191  1  32
8  191  1  34
9  191  1  38
10  191  1  49
1  192  1  83
2  192  1  50
3  192  1  11
4  192  1  38
5  192  1  37
6  192  1  61
7  192  1  79
8  192  1  74
9  192  1  67
10  192  1  72
1  193  1  12
2  193  1  84
3  193  1  84
4  193  1  53
5  193  1  25
6  193  1  64
7  193  1  85
8  193  1  53
9  193  1  47
10  193  1  25
1  194  1  49
2  194  1  14
3  194  1  65
4  194  1  85
5  194  1  71
6  194  1  30
7  194  1  83
8  194  1  47
9  194  1  89
10  194  1  31
1  195  1  56
2  195  1  40
3  195  1  52
4  195  1  85
5  195  1  87
6  195  1  36
7  195  1  66
8  195  1  73
9  195  1  87
10  195  1  22
1  196  1  11
2  196  1  57
3  196  1  51
4  196  1  45
5  196  1  48
6  196  1  74
7  196  1  45
8  196  1  88
9  196  1  59
10  196  1  49
1  197  1  11
2  197  1  49
3  197  1  70
4  197  1  74
5  197  1  22
6  197  1  45
7  197  1  48
8  197  1  74
9  197  1  69
10  197  1  73
1  198  1  66
2  198  1  62
3  198  1  42
4  198  1  21
5  198  1  10
6  198  1  62
7  198  1  75
8  198  1  43
9  198  1  58
10  198  1  29
1  199  1  80
2  199  1  17
3  199  1  81
4  199  1  88
5  199  1  46
6  199  1  48
7  199  1  80
8  199  1  50
9  199  1  30
10  199  1  27
1  200  1  18
2  200  1  23
3  200  1  68
4  200  1  12
5  200  1  35
6  200  1  13
7  200  1  29
8  200  1  44
9  200  1  49
10  200  1  17
1  1  2  21.63
2  1  2  22.79
3  1  2  3.86
4  1  2  25.91
5  1  2  16.15
6  1  2  5.03
7  1  2  59.36
8  1  2  26.83
9  1  2  12.53
10  1  2  56.08
1  2  2  5.67
2  2  2  40.01
3  2  2  6.97
4  2  2  31.15
5  2  2  36.67
6  2  2  13.96
7  2  2  9.95
8  2  2  41.77
9  2  2  7.19
10  2  2  22.49
1  3  2  20.80
2  3  2  65.91
3  3  2  36.62
4  3  2  30.13
5  3  2  10.88
6  3  2  5.19
7  3  2  23.81
8  3  2  10.89
9  3  2  12.87
10  3  2  10.30
1  4  2  31.59
2  4  2  8.60
3  4  2  17.46
4  4  2  31.45
5  4  2  66.18
6  4  2  6.52
7  4  2  16.70
8  4  2  8.27
9  4  2  45.42
10  4  2  7.16
1  5  2  24.38
2  5  2  12.44
3  5  2  21.54
4  5  2  17.09
5  5  2  61.77
6  5  2  9.55
7  5  2  47.47
8  5  2  37.06
9  5  2  42.00
10  5  2  14.02
1  6  2  44.10
2  6  2  30.03
3  6  2  24.95
4  6  2  11.98
5  6  2  11.06
6  6  2  4.79
7  6  2  27.13
8  6  2  5.46
9  6  2  8.28
10  6  2  27.36
1  7  2  28.84
2  7  2  11.83
3  7  2  36.62
4  7  2  47.19
5  7  2  8.92
6  7  2  22.75
7  7  2  36.19
8  7  2  29.70
9  7  2  41.35
10  7  2  60.89
1  8  2  17.50
2  8  2  8.23
3  8  2  37.59
4  8  2  59.79
5  8  2  43.42
6  8  2  5.78
7  8  2  45.35
8  8  2  25.45
9  8  2  49.22
10  8  2  34.30
1  9  2  24.68
2  9  2  25.44
3  9  2  29.49
4  9  2  18.33
5  9  2  37.64
6  9  2  41.36
7  9  2  16.20
8  9  2  23.71
9  9  2  15.55
10  9  2  56.37
1  10  2  44.68
2  10  2  50.28
3  10  2  30.24
4  10  2  7.96
5  10  2  15.00
6  10  2  12.71
7  10  2  8.93
8  10  2  12.45
9  10  2  13.94
10  10  2  6.51
1  11  2  56.34
2  11  2  23.44
3  11  2  15.61
4  11  2  15.32
5  11  2  19.53
6  11  2  35.37
7  11  2  32.21
8  11  2  9.15
9  11  2  27.32
10  11  2  4.27
1  12  2  19.54
2  12  2  13.90
3  12  2  41.42
4  12  2  18.78
5  12  2  42.37
6  12  2  37.30
7  12  2  28.47
8  12  2  16.88
9  12  2  20.68
10  12  2  20.42
1  13  2  13.93
2  13  2  11.28
3  13  2  23.77
4  13  2  14.41
5  13  2  15.77
6  13  2  29.14
7  13  2  9.55
8  13  2  34.36
9  13  2  43.31
10  13  2  14.70
1  14  2  5.43
2  14  2  29.67
3  14  2  21.62
4  14  2  21.93
5  14  2  22.96
6  14  2  36.67
7  14  2  6.51
8  14  2  22.51
9  14  2  5.32
10  14  2  9.50
1  15  2  34.74
2  15  2  14.95
3  15  2  29.65
4  15  2  18.77
5  15  2  59.05
6  15  2  35.43
7  15  2  14.30
8  15  2  26.13
9  15  2  23.17
10  15  2  25.13
1  16  2  41.61
2  16  2  27.11
3  16  2  44.77
4  16  2  32.26
5  16  2  34.72
6  16  2  12.03
7  16  2  12.01
8  16  2  16.17
9  16  2  7.80
10  16  2  15.65
1  17  2  15.99
2  17  2  26.75
3  17  2  8.53
4  17  2  15.97
5  17  2  24.52
6  17  2  3.15
7  17  2  26.95
8  17  2  48.29
9  17  2  13.47
10  17  2  59.10
1  18  2  5.51
2  18  2  17.23
3  18  2  35.58
4  18  2  7.28
5  18  2  7.07
6  18  2  18.63
7  18  2  46.19
8  18  2  7.19
9  18  2  12.77
10  18  2  5.80
1  19  2  21.01
2  19  2  6.80
3  19  2  22.54
4  19  2  38.69
5  19  2  21.92
6  19  2  11.20
7  19  2  26.16
8  19  2  31.05
9  19  2  22.25
10  19  2  10.11
1  20  2  43.32
2  20  2  70.56
3  20  2  3.94
4  20  2  32.01
5  20  2  10.39
6  20  2  54.20
7  20  2  53.40
8  20  2  5.68
9  20  2  2.46
10  20  2  24.73
1  21  2  17.73
2  21  2  36.36
3  21  2  46.93
4  21  2  18.01
5  21  2  8.59
6  21  2  38.70
7  21  2  18.98
8  21  2  21.27
9  21  2  9.22
10  21  2  44.85
1  22  2  59.75
2  22  2  28.28
3  22  2  5.88
4  22  2  28.23
5  22  2  20.31
6  22  2  44.84
7  22  2  28.80
8  22  2  27.36
9  22  2  35.22
10  22  2  9.12
1  23  2  29.39
2  23  2  13.03
3  23  2  63.15
4  23  2  4.64
5  23  2  54.98
6  23  2  24.17
7  23  2  18.52
8  23  2  12.36
9  23  2  30.92
10  23  2  26.15
1  24  2  61.49
2  24  2  4.98
3  24  2  12.79
4  24  2  14.48
5  24  2  14.20
6  24  2  36.75
7  24  2  18.57
8  24  2  10.43
9  24  2  52.42
10  24  2  24.89
1  25  2  12.41
2  25  2  45.35
3  25  2  16.99
4  25  2  43.98
5  25  2  5.98
6  25  2  24.28
7  25  2  10.07
8  25  2  19.03
9  25  2  8.09
10  25  2  16.67
1  26  2  57.25
2  26  2  4.75
3  26  2  8.51
4  26  2  20.38
5  26  2  21.59
6  26  2  18.38
7  26  2  13.49
8  26  2  8.64
9  26  2  5.03
10  26  2  48.94
1  27  2  11.66
2  27  2  14.03
3  27  2  6.93
4  27  2  29.00
5  27  2  34.76
6  27  2  19.42
7  27  2  36.81
8  27  2  16.16
9  27  2  27.54
10  27  2  25.74
1  28  2  15.22
2  28  2  14.87
3  28  2  22.25
4  28  2  28.25
5  28  2  24.96
6  28  2  14.48
7  28  2  11.30
8  28  2  36.74
9  28  2  15.90
10  28  2  35.90
1  29  2  61.26
2  29  2  4.41
3  29  2  25.97
4  29  2  15.06
5  29  2  39.04
6  29  2  4.84
7  29  2  11.36
8  29  2  4.93
9  29  2  35.66
10  29  2  26.89
1  30  2  26.36
2  30  2  14.63
3  30  2  22.54
4  30  2  19.69
5  30  2  37.37
6  30  2  16.67
7  30  2  23.76
8  30  2  31.46
9  30  2  27.11
10  30  2  23.24
1  31  2  28.96
2  31  2  3.75
3  31  2  27.24
4  31  2  11.52
5  31  2  32.01
6  31  2  40.85
7  31  2  24.56
8  31  2  24.48
9  31  2  5.24
10  31  2  27.91
1  32  2  8.38
2  32  2  13.74
3  32  2  23.16
4  32  2  5.46
5  32  2  3.25
6  32  2  22.81
7  32  2  35.87
8  32  2  41.89
9  32  2  28.64
10  32  2  9.22
1  33  2  59.74
2  33  2  20.21
3  33  2  16.60
4  33  2  25.97
5  33  2  41.50
6  33  2  3.18
7  33  2  30.51
8  33  2  7.04
9  33  2  27.30
10  33  2  14.04
1  34  2  41.74
2  34  2  8.26
3  34  2  16.69
4  34  2  43.09
5  34  2  9.87
6  34  2  12.49
7  34  2  17.15
8  34  2  12.66
9  34  2  13.72
10  34  2  32.88
1  35  2  29.07
2  35  2  16.55
3  35  2  52.72
4  35  2  13.65
5  35  2  20.59
6  35  2  39.89
7  35  2  26.22
8  35  2  8.35
9  35  2  6.52
10  35  2  17.42
1  36  2  40.63
2  36  2  16.75
3  36  2  10.18
4  36  2  7.81
5  36  2  44.91
6  36  2  44.53
7  36  2  10.12
8  36  2  17.19
9  36  2  11.89
10  36  2  23.89
1  37  2  38.37
2  37  2  11.90
3  37  2  6.68
4  37  2  21.90
5  37  2  39.12
6  37  2  20.39
7  37  2  7.20
8  37  2  32.62
9  37  2  34.88
10  37  2  18.55
1  38  2  6.00
2  38  2  50.96
3  38  2  45.77
4  38  2  19.20
5  38  2  6.52
6  38  2  14.24
7  38  2  5.65
8  38  2  12.33
9  38  2  23.91
10  38  2  50.00
1  39  2  8.39
2  39  2  34.42
3  39  2  42.14
4  39  2  38.95
5  39  2  18.78
6  39  2  11.48
7  39  2  25.21
8  39  2  27.32
9  39  2  22.94
10  39  2  21.55
1  40  2  11.42
2  40  2  40.99
3  40  2  2.64
4  40  2  9.12
5  40  2  58.12
6  40  2  8.11
7  40  2  56.49
8  40  2  12.12
9  40  2  7.38
10  40  2  58.03
1  41  2  4.89
2  41  2  37.88
3  41  2  23.25
4  41  2  13.74
5  41  2  24.24
6  41  2  23.59
7  41  2  12.79
8  41  2  31.44
9  41  2  10.77
10  41  2  30.32
1  42  2  10.29
2  42  2  44.61
3  42  2  36.01
4  42  2  7.45
5  42  2  36.72
6  42  2  49.74
7  42  2  15.10
8  42  2  15.62
9  42  2  6.34
10  42  2  43.84
1  43  2  13.19
2  43  2  28.00
3  43  2  13.88
4  43  2  21.48
5  43  2  28.75
6  43  2  19.46
7  43  2  48.05
8  43  2  20.49
9  43  2  14.25
10  43  2  13.94
1  44  2  6.79
2  44  2  19.73
3  44  2  15.82
4  44  2  7.87
5  44  2  57.76
6  44  2  5.93
7  44  2  29.38
8  44  2  33.82
9  44  2  18.50
10  44  2  39.43
1  45  2  63.12
2  45  2  47.59
3  45  2  58.68
4  45  2  56.05
5  45  2  48.05
6  45  2  19.89
7  45  2  10.97
8  45  2  21.16
9  45  2  27.27
10  45  2  68.28
1  46  2  40.82
2  46  2  50.02
3  46  2  28.90
4  46  2  29.50
5  46  2  15.69
6  46  2  56.30
7  46  2  5.59
8  46  2  41.46
9  46  2  28.46
10  46  2  27.29
1  47  2  28.73
2  47  2  27.74
3  47  2  67.92
4  47  2  9.15
5  47  2  60.92
6  47  2  7.96
7  47  2  5.25
8  47  2  4.30
9  47  2  13.80
10  47  2  18.76
1  48  2  39.04
2  48  2  70.53
3  48  2  17.49
4  48  2  32.65
5  48  2  39.87
6  48  2  54.53
7  48  2  41.20
8  48  2  20.77
9  48  2  3.07
10  48  2  13.39
1  49  2  60.19
2  49  2  7.10
3  49  2  22.71
4  49  2  30.92
5  49  2  15.12
6  49  2  20.21
7  49  2  39.74
8  49  2  29.60
9  49  2  26.88
10  49  2  20.84
1  50  2  27.10
2  50  2  12.82
3  50  2  6.46
4  50  2  6.77
5  50  2  18.97
6  50  2  39.96
7  50  2  29.04
8  50  2  10.63
9  50  2  45.76
10  50  2  22.90
1  51  2  24.99
2  51  2  53.51
3  51  2  21.07
4  51  2  11.25
5  51  2  13.43
6  51  2  18.37
7  51  2  30.31
8  51  2  7.70
9  51  2  40.39
10  51  2  33.62
1  52  2  40.28
2  52  2  35.57
3  52  2  45.00
4  52  2  21.35
5  52  2  63.05
6  52  2  33.61
7  52  2  60.83
8  52  2  45.06
9  52  2  29.63
10  52  2  18.34
1  53  2  15.26
2  53  2  6.40
3  53  2  23.13
4  53  2  43.96
5  53  2  32.43
6  53  2  46.33
7  53  2  22.92
8  53  2  19.93
9  53  2  29.68
10  53  2  7.62
1  54  2  28.53
2  54  2  8.40
3  54  2  29.41
4  54  2  31.25
5  54  2  7.67
6  54  2  8.04
7  54  2  44.81
8  54  2  10.87
9  54  2  11.76
10  54  2  10.74
1  55  2  48.37
2  55  2  34.92
3  55  2  14.75
4  55  2  53.56
5  55  2  11.83
6  55  2  8.18
7  55  2  33.28
8  55  2  11.41
9  55  2  13.83
10  55  2  4.26
1  56  2  23.38
2  56  2  14.41
3  56  2  6.46
4  56  2  11.68
5  56  2  8.91
6  56  2  13.64
7  56  2  46.46
8  56  2  66.55
9  56  2  45.82
10  56  2  10.76
1  57  2  32.43
2  57  2  27.05
3  57  2  22.98
4  57  2  41.83
5  57  2  22.44
6  57  2  44.21
7  57  2  44.60
8  57  2  16.03
9  57  2  7.74
10  57  2  17.75
1  58  2  27.75
2  58  2  51.87
3  58  2  23.28
4  58  2  60.84
5  58  2  15.71
6  58  2  13.21
7  58  2  20.21
8  58  2  6.37
9  58  2  15.72
10  58  2  26.54
1  59  2  25.69
2  59  2  8.19
3  59  2  5.63
4  59  2  12.27
5  59  2  7.94
6  59  2  14.60
7  59  2  29.25
8  59  2  53.40
9  59  2  27.55
10  59  2  42.69
1  60  2  10.18
2  60  2  9.43
3  60  2  34.22
4  60  2  14.39
5  60  2  22.58
6  60  2  8.63
7  60  2  63.07
8  60  2  24.51
9  60  2  14.50
10  60  2  4.12
1  61  2  9.96
2  61  2  10.10
3  61  2  11.84
4  61  2  21.58
5  61  2  30.89
6  61  2  15.44
7  61  2  15.37
8  61  2  5.32
9  61  2  9.62
10  61  2  34.63
1  62  2  43.11
2  62  2  11.05
3  62  2  39.26
4  62  2  43.00
5  62  2  18.40
6  62  2  45.70
7  62  2  9.23
8  62  2  39.32
9  62  2  40.15
10  62  2  20.66
1  63  2  29.93
2  63  2  8.99
3  63  2  30.98
4  63  2  16.43
5  63  2  10.24
6  63  2  16.64
7  63  2  46.37
8  63  2  13.43
9  63  2  14.16
10  63  2  2.65
1  64  2  13.46
2  64  2  13.83
3  64  2  56.18
4  64  2  8.92
5  64  2  12.18
6  64  2  25.14
7  64  2  38.84
8  64  2  32.95
9  64  2  26.37
10  64  2  22.77
1  65  2  16.61
2  65  2  12.11
3  65  2  17.99
4  65  2  20.87
5  65  2  14.97
6  65  2  3.42
7  65  2  46.21
8  65  2  14.72
9  65  2  38.93
10  65  2  14.15
1  66  2  56.29
2  66  2  34.24
3  66  2  17.94
4  66  2  40.41
5  66  2  9.02
6  66  2  14.95
7  66  2  52.18
8  66  2  13.25
9  66  2  28.67
10  66  2  63.78
1  67  2  17.27
2  67  2  11.24
3  67  2  27.53
4  67  2  9.27
5  67  2  14.88
6  67  2  12.57
7  67  2  7.80
8  67  2  5.40
9  67  2  16.87
10  67  2  25.79
1  68  2  24.78
2  68  2  43.31
3  68  2  11.51
4  68  2  3.81
5  68  2  8.09
6  68  2  53.27
7  68  2  18.04
8  68  2  30.64
9  68  2  36.83
10  68  2  6.43
1  69  2  23.05
2  69  2  28.83
3  69  2  34.81
4  69  2  15.28
5  69  2  31.50
6  69  2  61.95
7  69  2  13.98
8  69  2  22.86
9  69  2  36.98
10  69  2  6.28
1  70  2  19.51
2  70  2  32.11
3  70  2  35.80
4  70  2  41.05
5  70  2  2.83
6  70  2  16.81
7  70  2  6.76
8  70  2  23.17
9  70  2  25.03
10  70  2  20.86
1  71  2  27.65
2  71  2  11.05
3  71  2  17.45
4  71  2  34.33
5  71  2  5.99
6  71  2  19.78
7  71  2  6.14
8  71  2  2.95
9  71  2  20.53
10  71  2  5.01
1  72  2  33.17
2  72  2  39.68
3  72  2  8.84
4  72  2  16.67
5  72  2  11.30
6  72  2  11.73
7  72  2  20.85
8  72  2  21.64
9  72  2  17.59
10  72  2  58.49
1  73  2  21.35
2  73  2  11.26
3  73  2  31.56
4  73  2  15.84
5  73  2  40.65
6  73  2  33.09
7  73  2  8.66
8  73  2  32.84
9  73  2  25.90
10  73  2  40.35
1  74  2  10.60
2  74  2  25.93
3  74  2  29.52
4  74  2  15.02
5  74  2  13.04
6  74  2  24.87
7  74  2  11.06
8  74  2  38.15
9  74  2  40.62
10  74  2  38.98
1  75  2  40.97
2  75  2  17.79
3  75  2  16.88
4  75  2  17.80
5  75  2  11.20
6  75  2  34.68
7  75  2  20.63
8  75  2  55.72
9  75  2  28.70
10  75  2  15.52
1  76  2  11.66
2  76  2  54.61
3  76  2  11.70
4  76  2  14.61
5  76  2  10.10
6  76  2  44.50
7  76  2  24.04
8  76  2  10.70
9  76  2  10.88
10  76  2  11.56
1  77  2  24.44
2  77  2  57.40
3  77  2  15.65
4  77  2  5.73
5  77  2  36.09
6  77  2  16.02
7  77  2  41.25
8  77  2  15.78
9  77  2  12.80
10  77  2  14.65
1  78  2  5.01
2  78  2  31.62
3  78  2  17.32
4  78  2  18.84
5  78  2  6.46
6  78  2  36.77
7  78  2  43.90
8  78  2  17.68
9  78  2  40.10
10  78  2  22.24
1  79  2  43.37
2  79  2  24.15
3  79  2  4.37
4  79  2  30.12
5  79  2  20.04
6  79  2  14.04
7  79  2  38.21
8  79  2  25.70
9  79  2  17.53
10  79  2  13.08
1  80  2  23.37
2  80  2  13.22
3  80  2  13.14
4  80  2  25.92
5  80  2  6.85
6  80  2  26.68
7  80  2  17.61
8  80  2  33.70
9  80  2  40.98
10  80  2  5.00
1  81  2  6.08
2  81  2  35.05
3  81  2  23.88
4  81  2  45.77
5  81  2  49.30
6  81  2  60.93
7  81  2  15.35
8  81  2  34.21
9  81  2  17.23
10  81  2  14.72
1  82  2  18.60
2  82  2  20.22
3  82  2  8.78
4  82  2  28.55
5  82  2  47.37
6  82  2  17.90
7  82  2  43.90
8  82  2  50.86
9  82  2  29.36
10  82  2  27.59
1  83  2  10.50
2  83  2  14.82
3  83  2  33.66
4  83  2  33.58
5  83  2  8.41
6  83  2  22.42
7  83  2  21.18
8  83  2  15.36
9  83  2  25.55
10  83  2  46.19
1  84  2  16.52
2  84  2  45.50
3  84  2  41.01
4  84  2  30.20
5  84  2  33.98
6  84  2  24.42
7  84  2  6.98
8  84  2  9.60
9  84  2  16.06
10  84  2  44.61
1  85  2  49.40
2  85  2  31.85
3  85  2  27.64
4  85  2  13.29
5  85  2  14.42
6  85  2  20.87
7  85  2  20.29
8  85  2  19.74
9  85  2  13.80
10  85  2  19.98
1  86  2  4.84
2  86  2  16.43
3  86  2  9.82
4  86  2  26.46
5  86  2  6.98
6  86  2  12.62
7  86  2  30.63
8  86  2  13.56
9  86  2  51.45
10  86  2  5.40
1  87  2  15.67
2  87  2  51.65
3  87  2  38.24
4  87  2  17.75
5  87  2  9.88
6  87  2  63.00
7  87  2  4.12
8  87  2  13.65
9  87  2  17.79
10  87  2  8.05
1  88  2  12.43
2  88  2  17.74
3  88  2  33.51
4  88  2  10.82
5  88  2  15.57
6  88  2  3.52
7  88  2  52.57
8  88  2  23.14
9  88  2  22.45
10  88  2  30.77
1  89  2  49.12
2  89  2  7.45
3  89  2  14.09
4  89  2  22.62
5  89  2  30.13
6  89  2  6.78
7  89  2  25.62
8  89  2  39.83
9  89  2  21.51
10  89  2  7.27
1  90  2  19.71
2  90  2  44.30
3  90  2  10.57
4  90  2  35.18
5  90  2  17.42
6  90  2  4.85
7  90  2  23.84
8  90  2  22.60
9  90  2  16.49
10  90  2  13.92
1  91  2  51.40
2  91  2  66.43
3  91  2  4.06
4  91  2  10.40
5  91  2  12.59
6  91  2  38.38
7  91  2  21.19
8  91  2  43.50
9  91  2  18.28
10  91  2  27.13
1  92  2  31.82
2  92  2  21.27
3  92  2  11.38
4  92  2  26.16
5  92  2  33.08
6  92  2  10.01
7  92  2  7.82
8  92  2  11.43
9  92  2  12.48
10  92  2  16.97
1  93  2  60.60
2  93  2  40.27
3  93  2  38.77
4  93  2  32.31
5  93  2  37.14
6  93  2  52.57
7  93  2  15.82
8  93  2  39.73
9  93  2  27.66
10  93  2  14.18
1  94  2  15.61
2  94  2  47.62
3  94  2  46.94
4  94  2  3.59
5  94  2  23.89
6  94  2  15.18
7  94  2  32.89
8  94  2  14.27
9  94  2  40.99
10  94  2  6.83
1  95  2  3.81
2  95  2  19.60
3  95  2  14.91
4  95  2  12.13
5  95  2  19.39
6  95  2  17.29
7  95  2  21.53
8  95  2  10.97
9  95  2  19.86
10  95  2  16.94
1  96  2  13.67
2  96  2  15.67
3  96  2  41.51
4  96  2  6.84
5  96  2  55.16
6  96  2  2.86
7  96  2  40.44
8  96  2  26.63
9  96  2  34.02
10  96  2  10.70
1  97  2  29.83
2  97  2  11.48
3  97  2  49.40
4  97  2  18.76
5  97  2  22.28
6  97  2  31.59
7  97  2  36.51
8  97  2  46.79
9  97  2  52.83
10  97  2  31.01
1  98  2  29.25
2  98  2  9.91
3  98  2  11.75
4  98  2  12.00
5  98  2  26.80
6  98  2  20.59
7  98  2  37.63
8  98  2  26.40
9  98  2  30.88
10  98  2  30.80
1  99  2  14.97
2  99  2  21.21
3  99  2  33.01
4  99  2  31.77
5  99  2  12.97
6  99  2  36.92
7  99  2  5.62
8  99  2  46.36
9  99  2  28.28
10  99  2  16.37
1  100  2  36.08
2  100  2  30.53
3  100  2  28.85
4  100  2  59.97
5  100  2  34.86
6  100  2  16.54
7  100  2  5.17
8  100  2  30.86
9  100  2  65.74
10  100  2  7.19
1  101  2  20.07
2  101  2  64.42
3  101  2  42.10
4  101  2  12.63
5  101  2  32.14
6  101  2  37.74
7  101  2  23.90
8  101  2  20.84
9  101  2  29.36
10  101  2  26.99
1  102  2  14.19
2  102  2  33.28
3  102  2  14.42
4  102  2  18.00
5  102  2  49.94
6  102  2  35.28
7  102  2  43.68
8  102  2  45.61
9  102  2  45.05
10  102  2  37.40
1  103  2  28.00
2  103  2  30.68
3  103  2  17.76
4  103  2  48.77
5  103  2  11.00
6  103  2  13.28
7  103  2  29.07
8  103  2  18.69
9  103  2  50.17
10  103  2  16.88
1  104  2  49.65
2  104  2  26.77
3  104  2  27.41
4  104  2  36.52
5  104  2  14.74
6  104  2  24.87
7  104  2  19.32
8  104  2  33.31
9  104  2  61.50
10  104  2  18.45
1  105  2  20.19
2  105  2  38.11
3  105  2  30.29
4  105  2  21.56
5  105  2  7.68
6  105  2  27.78
7  105  2  11.92
8  105  2  7.31
9  105  2  45.86
10  105  2  24.64
1  106  2  24.30
2  106  2  22.15
3  106  2  11.51
4  106  2  21.56
5  106  2  26.57
6  106  2  31.16
7  106  2  7.05
8  106  2  18.06
9  106  2  18.29
10  106  2  39.73
1  107  2  23.48
2  107  2  29.69
3  107  2  21.58
4  107  2  7.05
5  107  2  22.48
6  107  2  15.50
7  107  2  7.82
8  107  2  32.81
9  107  2  25.86
10  107  2  21.72
1  108  2  38.58
2  108  2  11.73
3  108  2  25.97
4  108  2  36.84
5  108  2  14.97
6  108  2  64.93
7  108  2  19.61
8  108  2  17.70
9  108  2  51.69
10  108  2  25.94
1  109  2  21.17
2  109  2  30.37
3  109  2  24.22
4  109  2  10.34
5  109  2  20.89
6  109  2  49.01
7  109  2  21.21
8  109  2  6.69
9  109  2  34.12
10  109  2  21.09
1  110  2  2.72
2  110  2  41.91
3  110  2  4.99
4  110  2  36.38
5  110  2  38.13
6  110  2  11.80
7  110  2  9.31
8  110  2  44.39
9  110  2  13.46
10  110  2  5.00
1  111  2  61.09
2  111  2  20.37
3  111  2  38.58
4  111  2  41.31
5  111  2  51.87
6  111  2  6.98
7  111  2  18.12
8  111  2  19.77
9  111  2  8.51
10  111  2  47.95
1  112  2  22.51
2  112  2  6.14
3  112  2  36.07
4  112  2  65.23
5  112  2  3.27
6  112  2  24.18
7  112  2  44.13
8  112  2  18.45
9  112  2  44.55
10  112  2  8.44
1  113  2  15.41
2  113  2  9.08
3  113  2  17.10
4  113  2  21.74
5  113  2  19.00
6  113  2  42.28
7  113  2  12.63
8  113  2  15.44
9  113  2  26.66
10  113  2  24.99
1  114  2  21.60
2  114  2  40.32
3  114  2  13.84
4  114  2  17.23
5  114  2  27.10
6  114  2  53.09
7  114  2  22.47
8  114  2  23.99
9  114  2  18.85
10  114  2  3.54
1  115  2  15.20
2  115  2  6.02
3  115  2  16.80
4  115  2  16.55
5  115  2  4.80
6  115  2  20.83
7  115  2  7.89
8  115  2  40.16
9  115  2  20.17
10  115  2  20.59
1  116  2  39.20
2  116  2  37.09
3  116  2  25.63
4  116  2  34.08
5  116  2  39.15
6  116  2  15.07
7  116  2  26.20
8  116  2  33.16
9  116  2  41.91
10  116  2  37.40
1  117  2  31.44
2  117  2  58.46
3  117  2  40.77
4  117  2  10.25
5  117  2  29.87
6  117  2  25.60
7  117  2  14.57
8  117  2  8.38
9  117  2  13.48
10  117  2  18.13
1  118  2  16.05
2  118  2  31.72
3  118  2  6.97
4  118  2  5.77
5  118  2  55.71
6  118  2  18.80
7  118  2  24.59
8  118  2  67.66
9  118  2  12.22
10  118  2  25.39
1  119  2  29.37
2  119  2  8.23
3  119  2  36.97
4  119  2  49.21
5  119  2  39.29
6  119  2  30.08
7  119  2  41.46
8  119  2  12.65
9  119  2  32.33
10  119  2  12.31
1  120  2  13.10
2  120  2  23.09
3  120  2  30.60
4  120  2  8.17
5  120  2  16.07
6  120  2  30.39
7  120  2  18.16
8  120  2  22.30
9  120  2  13.10
10  120  2  37.66
1  121  2  13.98
2  121  2  5.87
3  121  2  24.84
4  121  2  62.23
5  121  2  23.20
6  121  2  30.78
7  121  2  24.42
8  121  2  17.46
9  121  2  17.37
10  121  2  46.32
1  122  2  15.41
2  122  2  25.58
3  122  2  17.46
4  122  2  28.07
5  122  2  54.90
6  122  2  7.85
7  122  2  18.48
8  122  2  14.68
9  122  2  20.49
10  122  2  13.93
1  123  2  7.91
2  123  2  34.04
3  123  2  30.39
4  123  2  21.26
5  123  2  53.70
6  123  2  33.06
7  123  2  37.18
8  123  2  12.21
9  123  2  47.66
10  123  2  40.65
1  124  2  40.45
2  124  2  14.25
3  124  2  9.97
4  124  2  43.20
5  124  2  4.49
6  124  2  20.64
7  124  2  22.67
8  124  2  26.83
9  124  2  62.88
10  124  2  31.65
1  125  2  19.66
2  125  2  47.22
3  125  2  10.72
4  125  2  3.52
5  125  2  37.14
6  125  2  9.37
7  125  2  25.79
8  125  2  48.56
9  125  2  7.85
10  125  2  33.27
1  126  2  37.74
2  126  2  60.28
3  126  2  29.31
4  126  2  5.84
5  126  2  59.50
6  126  2  16.19
7  126  2  59.81
8  126  2  34.54
9  126  2  46.59
10  126  2  49.52
1  127  2  22.85
2  127  2  37.73
3  127  2  27.09
4  127  2  31.01
5  127  2  57.99
6  127  2  7.64
7  127  2  36.53
8  127  2  28.49
9  127  2  8.58
10  127  2  22.83
1  128  2  25.02
2  128  2  24.05
3  128  2  16.21
4  128  2  3.03
5  128  2  12.92
6  128  2  63.10
7  128  2  62.82
8  128  2  6.67
9  128  2  49.62
10  128  2  49.82
1  129  2  13.67
2  129  2  18.07
3  129  2  18.02
4  129  2  41.72
5  129  2  6.92
6  129  2  32.07
7  129  2  38.83
8  129  2  58.80
9  129  2  29.54
10  129  2  52.11
1  130  2  9.79
2  130  2  16.49
3  130  2  22.70
4  130  2  21.57
5  130  2  65.63
6  130  2  27.43
7  130  2  21.98
8  130  2  6.33
9  130  2  23.31
10  130  2  54.67
1  131  2  15.42
2  131  2  39.04
3  131  2  13.04
4  131  2  16.88
5  131  2  45.69
6  131  2  19.38
7  131  2  28.72
8  131  2  19.49
9  131  2  19.29
10  131  2  20.81
1  132  2  15.74
2  132  2  29.55
3  132  2  34.74
4  132  2  15.47
5  132  2  26.67
6  132  2  22.10
7  132  2  12.80
8  132  2  9.74
9  132  2  56.09
10  132  2  27.07
1  133  2  13.05
2  133  2  34.65
3  133  2  16.10
4  133  2  30.94
5  133  2  21.81
6  133  2  27.97
7  133  2  3.02
8  133  2  9.78
9  133  2  7.65
10  133  2  16.09
1  134  2  29.67
2  134  2  10.20
3  134  2  60.16
4  134  2  30.72
5  134  2  32.50
6  134  2  16.33
7  134  2  11.80
8  134  2  10.10
9  134  2  19.68
10  134  2  14.28
1  135  2  34.60
2  135  2  21.54
3  135  2  13.31
4  135  2  22.06
5  135  2  37.89
6  135  2  47.13
7  135  2  33.35
8  135  2  19.84
9  135  2  52.05
10  135  2  20.47
1  136  2  8.09
2  136  2  10.40
3  136  2  5.56
4  136  2  10.05
5  136  2  19.47
6  136  2  4.13
7  136  2  24.69
8  136  2  12.31
9  136  2  15.23
10  136  2  20.68
1  137  2  3.45
2  137  2  41.27
3  137  2  54.71
4  137  2  14.38
5  137  2  28.18
6  137  2  35.69
7  137  2  14.92
8  137  2  20.20
9  137  2  7.38
10  137  2  10.56
1  138  2  54.15
2  138  2  9.24
3  138  2  46.59
4  138  2  49.69
5  138  2  41.53
6  138  2  38.41
7  138  2  25.92
8  138  2  24.91
9  138  2  16.51
10  138  2  5.96
1  139  2  3.70
2  139  2  6.39
3  139  2  19.10
4  139  2  12.93
5  139  2  2.89
6  139  2  25.66
7  139  2  4.47
8  139  2  9.20
9  139  2  5.24
10  139  2  29.92
1  140  2  8.56
2  140  2  30.51
3  140  2  59.16
4  140  2  51.26
5  140  2  8.72
6  140  2  40.23
7  140  2  46.11
8  140  2  32.76
9  140  2  27.17
10  140  2  3.65
1  141  2  44.84
2  141  2  45.74
3  141  2  58.75
4  141  2  30.94
5  141  2  7.38
6  141  2  36.98
7  141  2  34.25
8  141  2  26.62
9  141  2  23.51
10  141  2  39.53
1  142  2  17.53
2  142  2  31.07
3  142  2  44.89
4  142  2  30.30
5  142  2  32.69
6  142  2  14.82
7  142  2  5.95
8  142  2  35.69
9  142  2  27.70
10  142  2  30.99
1  143  2  24.14
2  143  2  40.10
3  143  2  32.31
4  143  2  13.06
5  143  2  44.81
6  143  2  11.82
7  143  2  8.59
8  143  2  16.40
9  143  2  19.07
10  143  2  17.60
1  144  2  14.68
2  144  2  9.60
3  144  2  18.41
4  144  2  21.26
5  144  2  59.59
6  144  2  23.72
7  144  2  19.21
8  144  2  8.07
9  144  2  23.67
10  144  2  9.76
1  145  2  5.75
2  145  2  30.23
3  145  2  10.84
4  145  2  8.50
5  145  2  19.46
6  145  2  45.62
7  145  2  35.85
8  145  2  14.21
9  145  2  42.61
10  145  2  29.91
1  146  2  26.52
2  146  2  14.30
3  146  2  37.42
4  146  2  8.41
5  146  2  6.10
6  146  2  31.42
7  146  2  19.39
8  146  2  30.01
9  146  2  32.98
10  146  2  19.08
1  147  2  7.58
2  147  2  48.77
3  147  2  9.41
4  147  2  31.28
5  147  2  20.91
6  147  2  59.05
7  147  2  12.88
8  147  2  36.01
9  147  2  37.89
10  147  2  17.53
1  148  2  44.56
2  148  2  10.70
3  148  2  13.98
4  148  2  40.59
5  148  2  18.63
6  148  2  56.87
7  148  2  25.17
8  148  2  5.61
9  148  2  40.64
10  148  2  53.01
1  149  2  9.20
2  149  2  10.51
3  149  2  8.12
4  149  2  29.64
5  149  2  10.82
6  149  2  23.20
7  149  2  60.15
8  149  2  59.67
9  149  2  26.70
10  149  2  23.95
1  150  2  9.34
2  150  2  37.62
3  150  2  36.98
4  150  2  15.58
5  150  2  51.77
6  150  2  31.12
7  150  2  27.18
8  150  2  20.51
9  150  2  4.77
10  150  2  29.89
1  151  2  52.54
2  151  2  30.42
3  151  2  32.05
4  151  2  21.46
5  151  2  45.11
6  151  2  48.88
7  151  2  34.56
8  151  2  17.48
9  151  2  36.26
10  151  2  11.35
1  152  2  18.22
2  152  2  12.57
3  152  2  40.43
4  152  2  47.00
5  152  2  8.68
6  152  2  51.51
7  152  2  50.32
8  152  2  42.05
9  152  2  14.57
10  152  2  58.77
1  153  2  45.09
2  153  2  14.21
3  153  2  16.58
4  153  2  7.03
5  153  2  19.55
6  153  2  24.28
7  153  2  19.15
8  153  2  25.64
9  153  2  7.59
10  153  2  33.70
1  154  2  34.01
2  154  2  18.75
3  154  2  46.65
4  154  2  5.71
5  154  2  16.53
6  154  2  43.38
7  154  2  33.43
8  154  2  4.93
9  154  2  12.98
10  154  2  33.01
1  155  2  9.62
2  155  2  7.74
3  155  2  17.54
4  155  2  44.02
5  155  2  13.56
6  155  2  5.27
7  155  2  2.84
8  155  2  43.55
9  155  2  10.21
10  155  2  33.53
1  156  2  13.32
2  156  2  44.35
3  156  2  40.75
4  156  2  4.38
5  156  2  10.95
6  156  2  68.20
7  156  2  27.15
8  156  2  32.39
9  156  2  36.47
10  156  2  15.02
1  157  2  65.56
2  157  2  33.63
3  157  2  44.62
4  157  2  58.63
5  157  2  11.96
6  157  2  11.05
7  157  2  24.15
8  157  2  40.40
9  157  2  55.67
10  157  2  17.65
1  158  2  13.85
2  158  2  16.49
3  158  2  18.33
4  158  2  34.61
5  158  2  42.79
6  158  2  30.04
7  158  2  8.60
8  158  2  33.40
9  158  2  14.11
10  158  2  10.06
1  159  2  44.29
2  159  2  51.95
3  159  2  29.56
4  159  2  28.40
5  159  2  22.65
6  159  2  12.03
7  159  2  15.40
8  159  2  49.93
9  159  2  39.45
10  159  2  56.19
1  160  2  28.26
2  160  2  18.89
3  160  2  8.93
4  160  2  14.56
5  160  2  33.43
6  160  2  30.89
7  160  2  11.27
8  160  2  21.66
9  160  2  50.28
10  160  2  6.33
1  161  2  6.04
2  161  2  3.82
3  161  2  55.80
4  161  2  42.11
5  161  2  50.80
6  161  2  15.30
7  161  2  5.68
8  161  2  7.68
9  161  2  30.85
10  161  2  3.45
1  162  2  31.15
2  162  2  50.07
3  162  2  55.17
4  162  2  18.16
5  162  2  70.08
6  162  2  25.90
7  162  2  33.07
8  162  2  39.10
9  162  2  19.52
10  162  2  45.29
1  163  2  9.15
2  163  2  36.92
3  163  2  36.67
4  163  2  15.74
5  163  2  8.67
6  163  2  17.74
7  163  2  47.25
8  163  2  11.74
9  163  2  10.95
10  163  2  24.11
1  164  2  31.45
2  164  2  50.39
3  164  2  20.21
4  164  2  33.19
5  164  2  32.44
6  164  2  54.13
7  164  2  19.80
8  164  2  39.21
9  164  2  21.19
10  164  2  14.98
1  165  2  57.98
2  165  2  25.47
3  165  2  20.73
4  165  2  9.33
5  165  2  29.76
6  165  2  12.80
7  165  2  41.44
8  165  2  19.51
9  165  2  55.16
10  165  2  22.63
1  166  2  16.28
2  166  2  9.86
3  166  2  27.65
4  166  2  25.04
5  166  2  13.34
6  166  2  14.65
7  166  2  23.53
8  166  2  5.07
9  166  2  25.62
10  166  2  13.71
1  167  2  68.32
2  167  2  31.69
3  167  2  24.82
4  167  2  9.27
5  167  2  12.68
6  167  2  25.72
7  167  2  11.31
8  167  2  34.13
9  167  2  7.64
10  167  2  25.61
1  168  2  15.81
2  168  2  29.53
3  168  2  30.38
4  168  2  14.75
5  168  2  25.98
6  168  2  7.11
7  168  2  46.98
8  168  2  9.56
9  168  2  7.73
10  168  2  59.63
1  169  2  9.91
2  169  2  9.27
3  169  2  10.25
4  169  2  12.76
5  169  2  32.50
6  169  2  14.93
7  169  2  19.98
8  169  2  67.38
9  169  2  11.00
10  169  2  48.01
1  170  2  37.03
2  170  2  11.59
3  170  2  46.96
4  170  2  5.28
5  170  2  9.81
6  170  2  17.77
7  170  2  14.61
8  170  2  32.58
9  170  2  29.41
10  170  2  16.17
1  171  2  13.14
2  171  2  15.99
3  171  2  5.93
4  171  2  14.69
5  171  2  27.15
6  171  2  14.73
7  171  2  34.27
8  171  2  15.04
9  171  2  58.57
10  171  2  10.99
1  172  2  47.28
2  172  2  19.12
3  172  2  30.63
4  172  2  20.67
5  172  2  42.20
6  172  2  20.05
7  172  2  15.82
8  172  2  30.38
9  172  2  42.46
10  172  2  20.61
1  173  2  34.24
2  173  2  10.93
3  173  2  51.54
4  173  2  6.70
5  173  2  11.07
6  173  2  46.58
7  173  2  11.72
8  173  2  31.35
9  173  2  31.40
10  173  2  21.38
1  174  2  36.76
2  174  2  46.30
3  174  2  45.51
4  174  2  5.28
5  174  2  5.39
6  174  2  40.19
7  174  2  26.65
8  174  2  19.90
9  174  2  38.11
10  174  2  4.74
1  175  2  31.20
2  175  2  9.30
3  175  2  3.32
4  175  2  25.36
5  175  2  37.76
6  175  2  36.87
7  175  2  3.73
8  175  2  22.33
9  175  2  37.14
10  175  2  18.24
1  176  2  19.15
2  176  2  21.24
3  176  2  45.37
4  176  2  4.94
5  176  2  13.94
6  176  2  9.00
7  176  2  34.71
8  176  2  32.45
9  176  2  34.37
10  176  2  5.60
1  177  2  23.20
2  177  2  29.32
3  177  2  14.15
4  177  2  32.02
5  177  2  4.56
6  177  2  5.29
7  177  2  3.86
8  177  2  62.84
9  177  2  22.22
10  177  2  39.20
1  178  2  20.85
2  178  2  9.86
3  178  2  50.54
4  178  2  54.86
5  178  2  59.96
6  178  2  35.14
7  178  2  36.44
8  178  2  19.76
9  178  2  12.48
10  178  2  44.28
1  179  2  28.59
2  179  2  25.23
3  179  2  19.07
4  179  2  19.93
5  179  2  40.52
6  179  2  23.09
7  179  2  27.53
8  179  2  16.72
9  179  2  4.30
10  179  2  24.54
1  180  2  25.97
2  180  2  17.86
3  180  2  50.21
4  180  2  57.06
5  180  2  20.19
6  180  2  49.58
7  180  2  27.21
8  180  2  42.26
9  180  2  32.84
10  180  2  8.90
1  181  2  8.87
2  181  2  22.30
3  181  2  17.72
4  181  2  44.89
5  181  2  26.65
6  181  2  66.99
7  181  2  8.27
8  181  2  9.89
9  181  2  53.73
10  181  2  18.78
1  182  2  12.19
2  182  2  53.65
3  182  2  9.08
4  182  2  25.78
5  182  2  4.82
6  182  2  39.51
7  182  2  19.43
8  182  2  19.37
9  182  2  7.30
10  182  2  14.34
1  183  2  24.22
2  183  2  23.27
3  183  2  57.46
4  183  2  8.09
5  183  2  31.71
6  183  2  50.79
7  183  2  19.31
8  183  2  41.25
9  183  2  16.50
10  183  2  10.70
1  184  2  24.19
2  184  2  22.82
3  184  2  4.59
4  184  2  27.91
5  184  2  11.32
6  184  2  66.95
7  184  2  18.58
8  184  2  7.91
9  184  2  11.87
10  184  2  24.02
1  185  2  16.99
2  185  2  46.26
3  185  2  13.18
4  185  2  24.70
5  185  2  4.82
6  185  2  19.61
7  185  2  32.31
8  185  2  14.11
9  185  2  6.14
10  185  2  5.33
1  186  2  39.97
2  186  2  4.74
3  186  2  24.99
4  186  2  16.96
5  186  2  24.73
6  186  2  21.95
7  186  2  20.90
8  186  2  15.16
9  186  2  48.87
10  186  2  26.40
1  187  2  13.86
2  187  2  6.34
3  187  2  11.98
4  187  2  11.42
5  187  2  23.80
6  187  2  47.17
7  187  2  54.90
8  187  2  6.81
9  187  2  56.61
10  187  2  11.18
1  188  2  13.56
2  188  2  36.04
3  188  2  20.58
4  188  2  23.74
5  188  2  20.90
6  188  2  44.26
7  188  2  29.90
8  188  2  46.37
9  188  2  35.70
10  188  2  4.42
1  189  2  7.56
2  189  2  16.89
3  189  2  54.54
4  189  2  30.80
5  189  2  14.19
6  189  2  52.78
7  189  2  33.63
8  189  2  22.45
9  189  2  7.09
10  189  2  23.56
1  190  2  34.20
2  190  2  30.14
3  190  2  23.50
4  190  2  29.85
5  190  2  44.34
6  190  2  17.72
7  190  2  19.37
8  190  2  37.95
9  190  2  69.78
10  190  2  23.53
1  191  2  36.01
2  191  2  15.96
3  191  2  33.56
4  191  2  29.21
5  191  2  12.33
6  191  2  18.87
7  191  2  6.75
8  191  2  9.18
9  191  2  22.83
10  191  2  31.28
1  192  2  34.24
2  192  2  19.48
3  192  2  4.33
4  192  2  20.50
5  192  2  20.35
6  192  2  36.47
7  192  2  59.87
8  192  2  54.72
9  192  2  27.56
10  192  2  52.67
1  193  2  4.35
2  193  2  61.37
3  193  2  27.83
4  193  2  31.74
5  193  2  18.23
6  193  2  12.91
7  193  2  34.92
8  193  2  38.83
9  193  2  15.88
10  193  2  9.77
1  194  2  11.86
2  194  2  2.84
3  194  2  41.84
4  194  2  32.96
5  194  2  25.81
6  194  2  22.84
7  194  2  40.04
8  194  2  18.77
9  194  2  31.86
10  194  2  22.12
1  195  2  28.70
2  195  2  22.74
3  195  2  30.46
4  195  2  27.40
5  195  2  50.27
6  195  2  9.17
7  195  2  43.56
8  195  2  46.35
9  195  2  37.12
10  195  2  8.80
1  196  2  6.51
2  196  2  31.25
3  196  2  39.53
4  196  2  18.73
5  196  2  14.40
6  196  2  16.89
7  196  2  16.87
8  196  2  42.28
9  196  2  25.84
10  196  2  25.24
1  197  2  5.58
2  197  2  22.19
3  197  2  30.75
4  197  2  44.36
5  197  2  15.79
6  197  2  24.10
7  197  2  23.27
8  197  2  52.32
9  197  2  55.07
10  197  2  20.94
1  198  2  47.50
2  198  2  39.65
3  198  2  24.86
4  198  2  7.12
5  198  2  4.09
6  198  2  27.95
7  198  2  18.10
8  198  2  10.84
9  198  2  40.95
10  198  2  20.06
1  199  2  26.46
2  199  2  7.83
3  199  2  21.39
4  199  2  32.06
5  199  2  17.78
6  199  2  30.80
7  199  2  45.53
8  199  2  39.77
9  199  2  11.49
10  199  2  9.94
1  200  2  11.74
2  200  2  16.86
3  200  2  26.00
4  200  2  3.96
5  200  2  12.36
6  200  2  4.96
7  200  2  12.77
8  200  2  23.66
9  200  2  12.84
10  200  2  10.82
;

