param com_measure1 := 1;

param com_measure2 := 1;

param kappa_max := 795.52;

param U_tau := 529.8315;

param nT := 2;

param nS := 50;

param nL := 20;

param B := 995.73;

param w :=
1  3
2  1
3  3
4  3
5  3
6  1
7  2
8  1
9  3
10  2
11  2
12  1
13  3
14  2
15  2
16  2
17  3
18  3
19  2
20  3
;

param h :=
1  1  0
1  2  0
1  3  0
1  4  0
1  5  0
1  6  0
1  7  0
1  8  0
1  9  0
1  10  0
1  11  0
1  12  0
1  13  0
1  14  0
1  15  0
1  16  0
1  17  0
1  18  0
1  19  0
1  20  0
2  1  105.15
2  2  87.00
2  3  82.37
2  4  115.72
2  5  91.56
2  6  75.39
2  7  80.16
2  8  112.24
2  9  114.13
2  10  92.21
2  11  99.60
2  12  107.97
2  13  123.29
2  14  118.99
2  15  86.79
2  16  104.33
2  17  111.26
2  18  98.22
2  19  94.19
2  20  90.90
;

param xi :=
1  1  1  27
2  1  1  33
3  1  1  36
4  1  1  80
5  1  1  71
6  1  1  21
7  1  1  80
8  1  1  84
9  1  1  77
10  1  1  82
11  1  1  76
12  1  1  57
13  1  1  17
14  1  1  71
15  1  1  75
16  1  1  10
17  1  1  10
18  1  1  58
19  1  1  49
20  1  1  88
1  2  1  44
2  2  1  10
3  2  1  89
4  2  1  14
5  2  1  22
6  2  1  30
7  2  1  79
8  2  1  39
9  2  1  18
10  2  1  65
11  2  1  68
12  2  1  29
13  2  1  90
14  2  1  16
15  2  1  61
16  2  1  83
17  2  1  79
18  2  1  67
19  2  1  60
20  2  1  84
1  3  1  88
2  3  1  34
3  3  1  89
4  3  1  26
5  3  1  42
6  3  1  21
7  3  1  11
8  3  1  30
9  3  1  50
10  3  1  68
11  3  1  72
12  3  1  32
13  3  1  89
14  3  1  53
15  3  1  21
16  3  1  63
17  3  1  44
18  3  1  28
19  3  1  32
20  3  1  41
1  4  1  63
2  4  1  37
3  4  1  86
4  4  1  85
5  4  1  81
6  4  1  81
7  4  1  10
8  4  1  20
9  4  1  76
10  4  1  41
11  4  1  89
12  4  1  55
13  4  1  81
14  4  1  65
15  4  1  83
16  4  1  40
17  4  1  67
18  4  1  72
19  4  1  36
20  4  1  12
1  5  1  58
2  5  1  45
3  5  1  12
4  5  1  46
5  5  1  82
6  5  1  19
7  5  1  36
8  5  1  81
9  5  1  40
10  5  1  76
11  5  1  35
12  5  1  46
13  5  1  71
14  5  1  71
15  5  1  31
16  5  1  60
17  5  1  39
18  5  1  29
19  5  1  19
20  5  1  62
1  6  1  35
2  6  1  26
3  6  1  39
4  6  1  73
5  6  1  49
6  6  1  85
7  6  1  75
8  6  1  49
9  6  1  20
10  6  1  60
11  6  1  32
12  6  1  78
13  6  1  19
14  6  1  44
15  6  1  90
16  6  1  23
17  6  1  73
18  6  1  64
19  6  1  72
20  6  1  74
1  7  1  10
2  7  1  39
3  7  1  15
4  7  1  31
5  7  1  38
6  7  1  78
7  7  1  53
8  7  1  37
9  7  1  68
10  7  1  77
11  7  1  81
12  7  1  12
13  7  1  83
14  7  1  30
15  7  1  47
16  7  1  21
17  7  1  59
18  7  1  21
19  7  1  48
20  7  1  87
1  8  1  89
2  8  1  70
3  8  1  22
4  8  1  90
5  8  1  37
6  8  1  47
7  8  1  87
8  8  1  36
9  8  1  17
10  8  1  16
11  8  1  43
12  8  1  25
13  8  1  45
14  8  1  25
15  8  1  61
16  8  1  20
17  8  1  53
18  8  1  52
19  8  1  58
20  8  1  54
1  9  1  27
2  9  1  35
3  9  1  85
4  9  1  58
5  9  1  73
6  9  1  25
7  9  1  18
8  9  1  67
9  9  1  71
10  9  1  12
11  9  1  48
12  9  1  11
13  9  1  76
14  9  1  35
15  9  1  63
16  9  1  87
17  9  1  59
18  9  1  27
19  9  1  54
20  9  1  63
1  10  1  69
2  10  1  89
3  10  1  37
4  10  1  44
5  10  1  83
6  10  1  30
7  10  1  76
8  10  1  41
9  10  1  66
10  10  1  10
11  10  1  69
12  10  1  55
13  10  1  17
14  10  1  42
15  10  1  14
16  10  1  59
17  10  1  21
18  10  1  51
19  10  1  65
20  10  1  28
1  11  1  74
2  11  1  87
3  11  1  36
4  11  1  85
5  11  1  83
6  11  1  76
7  11  1  65
8  11  1  36
9  11  1  81
10  11  1  75
11  11  1  22
12  11  1  14
13  11  1  33
14  11  1  37
15  11  1  13
16  11  1  35
17  11  1  65
18  11  1  50
19  11  1  52
20  11  1  50
1  12  1  58
2  12  1  78
3  12  1  48
4  12  1  39
5  12  1  40
6  12  1  44
7  12  1  75
8  12  1  51
9  12  1  78
10  12  1  17
11  12  1  43
12  12  1  37
13  12  1  37
14  12  1  30
15  12  1  32
16  12  1  33
17  12  1  49
18  12  1  52
19  12  1  21
20  12  1  60
1  13  1  22
2  13  1  57
3  13  1  66
4  13  1  57
5  13  1  71
6  13  1  33
7  13  1  73
8  13  1  12
9  13  1  36
10  13  1  37
11  13  1  28
12  13  1  47
13  13  1  30
14  13  1  57
15  13  1  16
16  13  1  18
17  13  1  69
18  13  1  75
19  13  1  40
20  13  1  38
1  14  1  23
2  14  1  18
3  14  1  38
4  14  1  24
5  14  1  46
6  14  1  81
7  14  1  45
8  14  1  73
9  14  1  18
10  14  1  43
11  14  1  23
12  14  1  80
13  14  1  72
14  14  1  62
15  14  1  61
16  14  1  67
17  14  1  40
18  14  1  73
19  14  1  26
20  14  1  57
1  15  1  38
2  15  1  25
3  15  1  30
4  15  1  58
5  15  1  66
6  15  1  80
7  15  1  71
8  15  1  67
9  15  1  66
10  15  1  90
11  15  1  85
12  15  1  65
13  15  1  51
14  15  1  48
15  15  1  38
16  15  1  80
17  15  1  50
18  15  1  58
19  15  1  12
20  15  1  22
1  16  1  66
2  16  1  50
3  16  1  79
4  16  1  55
5  16  1  70
6  16  1  76
7  16  1  83
8  16  1  73
9  16  1  16
10  16  1  89
11  16  1  56
12  16  1  28
13  16  1  32
14  16  1  34
15  16  1  55
16  16  1  10
17  16  1  68
18  16  1  85
19  16  1  28
20  16  1  16
1  17  1  10
2  17  1  17
3  17  1  81
4  17  1  57
5  17  1  22
6  17  1  13
7  17  1  21
8  17  1  30
9  17  1  51
10  17  1  27
11  17  1  35
12  17  1  49
13  17  1  48
14  17  1  60
15  17  1  10
16  17  1  64
17  17  1  89
18  17  1  63
19  17  1  29
20  17  1  57
1  18  1  22
2  18  1  85
3  18  1  80
4  18  1  38
5  18  1  64
6  18  1  65
7  18  1  76
8  18  1  34
9  18  1  45
10  18  1  39
11  18  1  19
12  18  1  63
13  18  1  66
14  18  1  82
15  18  1  16
16  18  1  23
17  18  1  77
18  18  1  17
19  18  1  24
20  18  1  39
1  19  1  87
2  19  1  80
3  19  1  24
4  19  1  25
5  19  1  21
6  19  1  77
7  19  1  35
8  19  1  76
9  19  1  32
10  19  1  25
11  19  1  66
12  19  1  26
13  19  1  40
14  19  1  80
15  19  1  70
16  19  1  56
17  19  1  90
18  19  1  15
19  19  1  76
20  19  1  27
1  20  1  90
2  20  1  65
3  20  1  27
4  20  1  54
5  20  1  64
6  20  1  31
7  20  1  32
8  20  1  21
9  20  1  66
10  20  1  24
11  20  1  87
12  20  1  89
13  20  1  65
14  20  1  77
15  20  1  14
16  20  1  71
17  20  1  88
18  20  1  74
19  20  1  58
20  20  1  15
1  21  1  39
2  21  1  35
3  21  1  45
4  21  1  74
5  21  1  63
6  21  1  15
7  21  1  76
8  21  1  66
9  21  1  56
10  21  1  60
11  21  1  14
12  21  1  84
13  21  1  43
14  21  1  73
15  21  1  51
16  21  1  22
17  21  1  59
18  21  1  44
19  21  1  67
20  21  1  48
1  22  1  36
2  22  1  33
3  22  1  13
4  22  1  39
5  22  1  11
6  22  1  58
7  22  1  29
8  22  1  86
9  22  1  50
10  22  1  86
11  22  1  67
12  22  1  19
13  22  1  10
14  22  1  52
15  22  1  24
16  22  1  50
17  22  1  30
18  22  1  29
19  22  1  52
20  22  1  68
1  23  1  60
2  23  1  58
3  23  1  60
4  23  1  48
5  23  1  34
6  23  1  12
7  23  1  27
8  23  1  42
9  23  1  14
10  23  1  22
11  23  1  80
12  23  1  86
13  23  1  86
14  23  1  10
15  23  1  71
16  23  1  15
17  23  1  87
18  23  1  71
19  23  1  40
20  23  1  30
1  24  1  51
2  24  1  31
3  24  1  17
4  24  1  82
5  24  1  20
6  24  1  53
7  24  1  74
8  24  1  40
9  24  1  83
10  24  1  78
11  24  1  70
12  24  1  43
13  24  1  77
14  24  1  41
15  24  1  58
16  24  1  20
17  24  1  87
18  24  1  55
19  24  1  49
20  24  1  25
1  25  1  56
2  25  1  34
3  25  1  56
4  25  1  77
5  25  1  57
6  25  1  28
7  25  1  34
8  25  1  14
9  25  1  32
10  25  1  69
11  25  1  88
12  25  1  29
13  25  1  80
14  25  1  81
15  25  1  82
16  25  1  63
17  25  1  63
18  25  1  63
19  25  1  36
20  25  1  14
1  26  1  83
2  26  1  33
3  26  1  63
4  26  1  80
5  26  1  59
6  26  1  64
7  26  1  40
8  26  1  20
9  26  1  66
10  26  1  41
11  26  1  86
12  26  1  12
13  26  1  79
14  26  1  11
15  26  1  76
16  26  1  49
17  26  1  43
18  26  1  21
19  26  1  61
20  26  1  45
1  27  1  63
2  27  1  82
3  27  1  52
4  27  1  86
5  27  1  74
6  27  1  11
7  27  1  11
8  27  1  18
9  27  1  14
10  27  1  31
11  27  1  23
12  27  1  59
13  27  1  52
14  27  1  19
15  27  1  64
16  27  1  50
17  27  1  17
18  27  1  60
19  27  1  85
20  27  1  28
1  28  1  73
2  28  1  84
3  28  1  15
4  28  1  32
5  28  1  67
6  28  1  78
7  28  1  58
8  28  1  71
9  28  1  36
10  28  1  73
11  28  1  67
12  28  1  84
13  28  1  63
14  28  1  25
15  28  1  60
16  28  1  39
17  28  1  18
18  28  1  54
19  28  1  61
20  28  1  45
1  29  1  31
2  29  1  51
3  29  1  80
4  29  1  13
5  29  1  86
6  29  1  27
7  29  1  52
8  29  1  80
9  29  1  11
10  29  1  36
11  29  1  57
12  29  1  62
13  29  1  19
14  29  1  61
15  29  1  90
16  29  1  22
17  29  1  87
18  29  1  85
19  29  1  60
20  29  1  70
1  30  1  24
2  30  1  50
3  30  1  36
4  30  1  22
5  30  1  49
6  30  1  71
7  30  1  11
8  30  1  90
9  30  1  18
10  30  1  40
11  30  1  39
12  30  1  60
13  30  1  67
14  30  1  48
15  30  1  56
16  30  1  66
17  30  1  85
18  30  1  10
19  30  1  69
20  30  1  27
1  31  1  77
2  31  1  81
3  31  1  87
4  31  1  19
5  31  1  54
6  31  1  29
7  31  1  41
8  31  1  17
9  31  1  27
10  31  1  87
11  31  1  50
12  31  1  27
13  31  1  73
14  31  1  28
15  31  1  49
16  31  1  11
17  31  1  78
18  31  1  16
19  31  1  57
20  31  1  59
1  32  1  13
2  32  1  59
3  32  1  83
4  32  1  65
5  32  1  48
6  32  1  15
7  32  1  38
8  32  1  23
9  32  1  85
10  32  1  45
11  32  1  77
12  32  1  54
13  32  1  49
14  32  1  52
15  32  1  63
16  32  1  23
17  32  1  11
18  32  1  62
19  32  1  81
20  32  1  36
1  33  1  20
2  33  1  21
3  33  1  87
4  33  1  11
5  33  1  65
6  33  1  44
7  33  1  19
8  33  1  49
9  33  1  65
10  33  1  50
11  33  1  27
12  33  1  48
13  33  1  82
14  33  1  65
15  33  1  75
16  33  1  23
17  33  1  49
18  33  1  47
19  33  1  62
20  33  1  18
1  34  1  34
2  34  1  19
3  34  1  29
4  34  1  74
5  34  1  23
6  34  1  57
7  34  1  52
8  34  1  85
9  34  1  39
10  34  1  14
11  34  1  87
12  34  1  57
13  34  1  22
14  34  1  70
15  34  1  21
16  34  1  85
17  34  1  55
18  34  1  38
19  34  1  31
20  34  1  76
1  35  1  55
2  35  1  21
3  35  1  26
4  35  1  30
5  35  1  33
6  35  1  88
7  35  1  81
8  35  1  51
9  35  1  90
10  35  1  35
11  35  1  61
12  35  1  52
13  35  1  71
14  35  1  76
15  35  1  18
16  35  1  67
17  35  1  67
18  35  1  50
19  35  1  19
20  35  1  15
1  36  1  45
2  36  1  88
3  36  1  50
4  36  1  83
5  36  1  55
6  36  1  65
7  36  1  88
8  36  1  27
9  36  1  15
10  36  1  20
11  36  1  56
12  36  1  70
13  36  1  25
14  36  1  84
15  36  1  89
16  36  1  22
17  36  1  35
18  36  1  29
19  36  1  84
20  36  1  60
1  37  1  85
2  37  1  49
3  37  1  53
4  37  1  31
5  37  1  42
6  37  1  42
7  37  1  69
8  37  1  14
9  37  1  51
10  37  1  11
11  37  1  45
12  37  1  60
13  37  1  66
14  37  1  79
15  37  1  76
16  37  1  36
17  37  1  62
18  37  1  34
19  37  1  12
20  37  1  72
1  38  1  90
2  38  1  61
3  38  1  13
4  38  1  87
5  38  1  19
6  38  1  14
7  38  1  52
8  38  1  62
9  38  1  75
10  38  1  20
11  38  1  58
12  38  1  56
13  38  1  88
14  38  1  52
15  38  1  68
16  38  1  65
17  38  1  44
18  38  1  16
19  38  1  38
20  38  1  11
1  39  1  58
2  39  1  41
3  39  1  13
4  39  1  38
5  39  1  78
6  39  1  61
7  39  1  90
8  39  1  42
9  39  1  69
10  39  1  34
11  39  1  34
12  39  1  36
13  39  1  15
14  39  1  24
15  39  1  24
16  39  1  46
17  39  1  61
18  39  1  83
19  39  1  55
20  39  1  30
1  40  1  75
2  40  1  74
3  40  1  71
4  40  1  74
5  40  1  48
6  40  1  17
7  40  1  38
8  40  1  27
9  40  1  58
10  40  1  28
11  40  1  80
12  40  1  56
13  40  1  83
14  40  1  54
15  40  1  15
16  40  1  12
17  40  1  29
18  40  1  55
19  40  1  48
20  40  1  89
1  41  1  76
2  41  1  65
3  41  1  47
4  41  1  17
5  41  1  41
6  41  1  35
7  41  1  39
8  41  1  13
9  41  1  19
10  41  1  62
11  41  1  37
12  41  1  13
13  41  1  17
14  41  1  82
15  41  1  16
16  41  1  37
17  41  1  71
18  41  1  20
19  41  1  52
20  41  1  64
1  42  1  14
2  42  1  67
3  42  1  65
4  42  1  64
5  42  1  27
6  42  1  59
7  42  1  10
8  42  1  47
9  42  1  54
10  42  1  40
11  42  1  35
12  42  1  22
13  42  1  51
14  42  1  54
15  42  1  74
16  42  1  73
17  42  1  48
18  42  1  50
19  42  1  47
20  42  1  34
1  43  1  26
2  43  1  19
3  43  1  58
4  43  1  31
5  43  1  56
6  43  1  42
7  43  1  10
8  43  1  56
9  43  1  81
10  43  1  70
11  43  1  71
12  43  1  54
13  43  1  38
14  43  1  35
15  43  1  34
16  43  1  43
17  43  1  37
18  43  1  49
19  43  1  68
20  43  1  56
1  44  1  38
2  44  1  85
3  44  1  52
4  44  1  75
5  44  1  48
6  44  1  85
7  44  1  26
8  44  1  69
9  44  1  30
10  44  1  24
11  44  1  30
12  44  1  80
13  44  1  28
14  44  1  55
15  44  1  63
16  44  1  70
17  44  1  20
18  44  1  44
19  44  1  64
20  44  1  30
1  45  1  27
2  45  1  36
3  45  1  87
4  45  1  81
5  45  1  50
6  45  1  87
7  45  1  71
8  45  1  88
9  45  1  42
10  45  1  75
11  45  1  20
12  45  1  23
13  45  1  72
14  45  1  49
15  45  1  74
16  45  1  44
17  45  1  61
18  45  1  42
19  45  1  90
20  45  1  14
1  46  1  27
2  46  1  89
3  46  1  42
4  46  1  11
5  46  1  51
6  46  1  49
7  46  1  74
8  46  1  50
9  46  1  30
10  46  1  11
11  46  1  56
12  46  1  45
13  46  1  55
14  46  1  28
15  46  1  59
16  46  1  65
17  46  1  47
18  46  1  46
19  46  1  88
20  46  1  25
1  47  1  36
2  47  1  51
3  47  1  75
4  47  1  64
5  47  1  36
6  47  1  87
7  47  1  37
8  47  1  40
9  47  1  44
10  47  1  58
11  47  1  20
12  47  1  26
13  47  1  33
14  47  1  90
15  47  1  55
16  47  1  83
17  47  1  12
18  47  1  71
19  47  1  47
20  47  1  41
1  48  1  32
2  48  1  51
3  48  1  90
4  48  1  68
5  48  1  19
6  48  1  15
7  48  1  14
8  48  1  71
9  48  1  64
10  48  1  34
11  48  1  53
12  48  1  66
13  48  1  17
14  48  1  90
15  48  1  77
16  48  1  72
17  48  1  51
18  48  1  46
19  48  1  16
20  48  1  84
1  49  1  69
2  49  1  19
3  49  1  60
4  49  1  44
5  49  1  35
6  49  1  25
7  49  1  25
8  49  1  44
9  49  1  84
10  49  1  22
11  49  1  53
12  49  1  30
13  49  1  52
14  49  1  77
15  49  1  46
16  49  1  47
17  49  1  10
18  49  1  10
19  49  1  81
20  49  1  26
1  50  1  67
2  50  1  62
3  50  1  30
4  50  1  24
5  50  1  15
6  50  1  10
7  50  1  57
8  50  1  60
9  50  1  24
10  50  1  11
11  50  1  31
12  50  1  16
13  50  1  37
14  50  1  72
15  50  1  24
16  50  1  45
17  50  1  11
18  50  1  30
19  50  1  26
20  50  1  14
1  1  2  12.69
2  1  2  18.81
3  1  2  21.6
4  1  2  35.2
5  1  2  38.34
6  1  2  12.6
7  1  2  47.2
8  1  2  35.28
9  1  2  31.57
10  1  2  40.18
11  1  2  40.28
12  1  2  23.94
13  1  2  6.97
14  1  2  31.24
15  1  2  42.75
16  1  2  4.3
17  1  2  4.7
18  1  2  27.84
19  1  2  25.97
20  1  2  43.12
1  2  2  20.68
2  2  2  5.7
3  2  2  53.4
4  2  2  6.16
5  2  2  11.88
6  2  2  18
7  2  2  46.61
8  2  2  16.38
9  2  2  7.38
10  2  2  31.85
11  2  2  36.04
12  2  2  12.18
13  2  2  36.9
14  2  2  7.04
15  2  2  34.77
16  2  2  35.69
17  2  2  37.13
18  2  2  32.16
19  2  2  31.8
20  2  2  41.16
1  3  2  41.36
2  3  2  19.38
3  3  2  53.4
4  3  2  11.44
5  3  2  22.68
6  3  2  12.6
7  3  2  6.49
8  3  2  12.6
9  3  2  20.5
10  3  2  33.32
11  3  2  38.16
12  3  2  13.44
13  3  2  36.49
14  3  2  23.32
15  3  2  11.97
16  3  2  27.09
17  3  2  20.68
18  3  2  13.44
19  3  2  16.96
20  3  2  20.09
1  4  2  29.61
2  4  2  21.09
3  4  2  51.6
4  4  2  37.4
5  4  2  43.74
6  4  2  48.6
7  4  2  5.9
8  4  2  8.4
9  4  2  31.16
10  4  2  20.09
11  4  2  47.17
12  4  2  23.1
13  4  2  33.21
14  4  2  28.6
15  4  2  47.31
16  4  2  17.2
17  4  2  31.49
18  4  2  34.56
19  4  2  19.08
20  4  2  5.88
1  5  2  27.26
2  5  2  25.65
3  5  2  7.2
4  5  2  20.24
5  5  2  44.28
6  5  2  11.4
7  5  2  21.24
8  5  2  34.02
9  5  2  16.4
10  5  2  37.24
11  5  2  18.55
12  5  2  19.32
13  5  2  29.11
14  5  2  31.24
15  5  2  17.67
16  5  2  25.8
17  5  2  18.33
18  5  2  13.92
19  5  2  10.07
20  5  2  30.38
1  6  2  16.45
2  6  2  14.82
3  6  2  23.4
4  6  2  32.12
5  6  2  26.46
6  6  2  51
7  6  2  44.25
8  6  2  20.58
9  6  2  8.2
10  6  2  29.4
11  6  2  16.96
12  6  2  32.76
13  6  2  7.79
14  6  2  19.36
15  6  2  51.3
16  6  2  9.89
17  6  2  34.31
18  6  2  30.72
19  6  2  38.16
20  6  2  36.26
1  7  2  4.7
2  7  2  22.23
3  7  2  9
4  7  2  13.64
5  7  2  20.52
6  7  2  46.8
7  7  2  31.27
8  7  2  15.54
9  7  2  27.88
10  7  2  37.73
11  7  2  42.93
12  7  2  5.04
13  7  2  34.03
14  7  2  13.2
15  7  2  26.79
16  7  2  9.03
17  7  2  27.73
18  7  2  10.08
19  7  2  25.44
20  7  2  42.63
1  8  2  41.83
2  8  2  39.9
3  8  2  13.2
4  8  2  39.6
5  8  2  19.98
6  8  2  28.2
7  8  2  51.33
8  8  2  15.12
9  8  2  6.97
10  8  2  7.84
11  8  2  22.79
12  8  2  10.5
13  8  2  18.45
14  8  2  11
15  8  2  34.77
16  8  2  8.6
17  8  2  24.91
18  8  2  24.96
19  8  2  30.74
20  8  2  26.46
1  9  2  12.69
2  9  2  19.95
3  9  2  51
4  9  2  25.52
5  9  2  39.42
6  9  2  15
7  9  2  10.62
8  9  2  28.14
9  9  2  29.11
10  9  2  5.88
11  9  2  25.44
12  9  2  4.62
13  9  2  31.16
14  9  2  15.4
15  9  2  35.91
16  9  2  37.41
17  9  2  27.73
18  9  2  12.96
19  9  2  28.62
20  9  2  30.87
1  10  2  32.43
2  10  2  50.73
3  10  2  22.2
4  10  2  19.36
5  10  2  44.82
6  10  2  18
7  10  2  44.84
8  10  2  17.22
9  10  2  27.06
10  10  2  4.9
11  10  2  36.57
12  10  2  23.1
13  10  2  6.97
14  10  2  18.48
15  10  2  7.98
16  10  2  25.37
17  10  2  9.87
18  10  2  24.48
19  10  2  34.45
20  10  2  13.72
1  11  2  34.78
2  11  2  49.59
3  11  2  21.6
4  11  2  37.4
5  11  2  44.82
6  11  2  45.6
7  11  2  38.35
8  11  2  15.12
9  11  2  33.21
10  11  2  36.75
11  11  2  11.66
12  11  2  5.88
13  11  2  13.53
14  11  2  16.28
15  11  2  7.41
16  11  2  15.05
17  11  2  30.55
18  11  2  24
19  11  2  27.56
20  11  2  24.5
1  12  2  27.26
2  12  2  44.46
3  12  2  28.8
4  12  2  17.16
5  12  2  21.6
6  12  2  26.4
7  12  2  44.25
8  12  2  21.42
9  12  2  31.98
10  12  2  8.33
11  12  2  22.79
12  12  2  15.54
13  12  2  15.17
14  12  2  13.2
15  12  2  18.24
16  12  2  14.19
17  12  2  23.03
18  12  2  24.96
19  12  2  11.13
20  12  2  29.4
1  13  2  10.34
2  13  2  32.49
3  13  2  39.6
4  13  2  25.08
5  13  2  38.34
6  13  2  19.8
7  13  2  43.07
8  13  2  5.04
9  13  2  14.76
10  13  2  18.13
11  13  2  14.84
12  13  2  19.74
13  13  2  12.3
14  13  2  25.08
15  13  2  9.12
16  13  2  7.74
17  13  2  32.43
18  13  2  36
19  13  2  21.2
20  13  2  18.62
1  14  2  10.81
2  14  2  10.26
3  14  2  22.8
4  14  2  10.56
5  14  2  24.84
6  14  2  48.6
7  14  2  26.55
8  14  2  30.66
9  14  2  7.38
10  14  2  21.07
11  14  2  12.19
12  14  2  33.6
13  14  2  29.52
14  14  2  27.28
15  14  2  34.77
16  14  2  28.81
17  14  2  18.8
18  14  2  35.04
19  14  2  13.78
20  14  2  27.93
1  15  2  17.86
2  15  2  14.25
3  15  2  18
4  15  2  25.52
5  15  2  35.64
6  15  2  48
7  15  2  41.89
8  15  2  28.14
9  15  2  27.06
10  15  2  44.1
11  15  2  45.05
12  15  2  27.3
13  15  2  20.91
14  15  2  21.12
15  15  2  21.66
16  15  2  34.4
17  15  2  23.5
18  15  2  27.84
19  15  2  6.36
20  15  2  10.78
1  16  2  31.02
2  16  2  28.5
3  16  2  47.4
4  16  2  24.2
5  16  2  37.8
6  16  2  45.6
7  16  2  48.97
8  16  2  30.66
9  16  2  6.56
10  16  2  43.61
11  16  2  29.68
12  16  2  11.76
13  16  2  13.12
14  16  2  14.96
15  16  2  31.35
16  16  2  4.3
17  16  2  31.96
18  16  2  40.8
19  16  2  14.84
20  16  2  7.84
1  17  2  4.7
2  17  2  9.69
3  17  2  48.6
4  17  2  25.08
5  17  2  11.88
6  17  2  7.8
7  17  2  12.39
8  17  2  12.6
9  17  2  20.91
10  17  2  13.23
11  17  2  18.55
12  17  2  20.58
13  17  2  19.68
14  17  2  26.4
15  17  2  5.7
16  17  2  27.52
17  17  2  41.83
18  17  2  30.24
19  17  2  15.37
20  17  2  27.93
1  18  2  10.34
2  18  2  48.45
3  18  2  48
4  18  2  16.72
5  18  2  34.56
6  18  2  39
7  18  2  44.84
8  18  2  14.28
9  18  2  18.45
10  18  2  19.11
11  18  2  10.07
12  18  2  26.46
13  18  2  27.06
14  18  2  36.08
15  18  2  9.12
16  18  2  9.89
17  18  2  36.19
18  18  2  8.16
19  18  2  12.72
20  18  2  19.11
1  19  2  40.89
2  19  2  45.6
3  19  2  14.4
4  19  2  11
5  19  2  11.34
6  19  2  46.2
7  19  2  20.65
8  19  2  31.92
9  19  2  13.12
10  19  2  12.25
11  19  2  34.98
12  19  2  10.92
13  19  2  16.4
14  19  2  35.2
15  19  2  39.9
16  19  2  24.08
17  19  2  42.3
18  19  2  7.2
19  19  2  40.28
20  19  2  13.23
1  20  2  42.3
2  20  2  37.05
3  20  2  16.2
4  20  2  23.76
5  20  2  34.56
6  20  2  18.6
7  20  2  18.88
8  20  2  8.82
9  20  2  27.06
10  20  2  11.76
11  20  2  46.11
12  20  2  37.38
13  20  2  26.65
14  20  2  33.88
15  20  2  7.98
16  20  2  30.53
17  20  2  41.36
18  20  2  35.52
19  20  2  30.74
20  20  2  7.35
1  21  2  18.33
2  21  2  19.95
3  21  2  27
4  21  2  32.56
5  21  2  34.02
6  21  2  9
7  21  2  44.84
8  21  2  27.72
9  21  2  22.96
10  21  2  29.4
11  21  2  7.42
12  21  2  35.28
13  21  2  17.63
14  21  2  32.12
15  21  2  29.07
16  21  2  9.46
17  21  2  27.73
18  21  2  21.12
19  21  2  35.51
20  21  2  23.52
1  22  2  16.92
2  22  2  18.81
3  22  2  7.8
4  22  2  17.16
5  22  2  5.94
6  22  2  34.8
7  22  2  17.11
8  22  2  36.12
9  22  2  20.5
10  22  2  42.14
11  22  2  35.51
12  22  2  7.98
13  22  2  4.1
14  22  2  22.88
15  22  2  13.68
16  22  2  21.5
17  22  2  14.1
18  22  2  13.92
19  22  2  27.56
20  22  2  33.32
1  23  2  28.2
2  23  2  33.06
3  23  2  36
4  23  2  21.12
5  23  2  18.36
6  23  2  7.2
7  23  2  15.93
8  23  2  17.64
9  23  2  5.74
10  23  2  10.78
11  23  2  42.4
12  23  2  36.12
13  23  2  35.26
14  23  2  4.4
15  23  2  40.47
16  23  2  6.45
17  23  2  40.89
18  23  2  34.08
19  23  2  21.2
20  23  2  14.7
1  24  2  23.97
2  24  2  17.67
3  24  2  10.2
4  24  2  36.08
5  24  2  10.8
6  24  2  31.8
7  24  2  43.66
8  24  2  16.8
9  24  2  34.03
10  24  2  38.22
11  24  2  37.1
12  24  2  18.06
13  24  2  31.57
14  24  2  18.04
15  24  2  33.06
16  24  2  8.6
17  24  2  40.89
18  24  2  26.4
19  24  2  25.97
20  24  2  12.25
1  25  2  26.32
2  25  2  19.38
3  25  2  33.6
4  25  2  33.88
5  25  2  30.78
6  25  2  16.8
7  25  2  20.06
8  25  2  5.88
9  25  2  13.12
10  25  2  33.81
11  25  2  46.64
12  25  2  12.18
13  25  2  32.8
14  25  2  35.64
15  25  2  46.74
16  25  2  27.09
17  25  2  29.61
18  25  2  30.24
19  25  2  19.08
20  25  2  6.86
1  26  2  39.01
2  26  2  18.81
3  26  2  37.8
4  26  2  35.2
5  26  2  31.86
6  26  2  38.4
7  26  2  23.6
8  26  2  8.4
9  26  2  27.06
10  26  2  20.09
11  26  2  45.58
12  26  2  5.04
13  26  2  32.39
14  26  2  4.84
15  26  2  43.32
16  26  2  21.07
17  26  2  20.21
18  26  2  10.08
19  26  2  32.33
20  26  2  22.05
1  27  2  29.61
2  27  2  46.74
3  27  2  31.2
4  27  2  37.84
5  27  2  39.96
6  27  2  6.6
7  27  2  6.49
8  27  2  7.56
9  27  2  5.74
10  27  2  15.19
11  27  2  12.19
12  27  2  24.78
13  27  2  21.32
14  27  2  8.36
15  27  2  36.48
16  27  2  21.5
17  27  2  7.99
18  27  2  28.8
19  27  2  45.05
20  27  2  13.72
1  28  2  34.31
2  28  2  47.88
3  28  2  9
4  28  2  14.08
5  28  2  36.18
6  28  2  46.8
7  28  2  34.22
8  28  2  29.82
9  28  2  14.76
10  28  2  35.77
11  28  2  35.51
12  28  2  35.28
13  28  2  25.83
14  28  2  11
15  28  2  34.2
16  28  2  16.77
17  28  2  8.46
18  28  2  25.92
19  28  2  32.33
20  28  2  22.05
1  29  2  14.57
2  29  2  29.07
3  29  2  48
4  29  2  5.72
5  29  2  46.44
6  29  2  16.2
7  29  2  30.68
8  29  2  33.6
9  29  2  4.51
10  29  2  17.64
11  29  2  30.21
12  29  2  26.04
13  29  2  7.79
14  29  2  26.84
15  29  2  51.3
16  29  2  9.46
17  29  2  40.89
18  29  2  40.8
19  29  2  31.8
20  29  2  34.3
1  30  2  11.28
2  30  2  28.5
3  30  2  21.6
4  30  2  9.68
5  30  2  26.46
6  30  2  42.6
7  30  2  6.49
8  30  2  37.8
9  30  2  7.38
10  30  2  19.6
11  30  2  20.67
12  30  2  25.2
13  30  2  27.47
14  30  2  21.12
15  30  2  31.92
16  30  2  28.38
17  30  2  39.95
18  30  2  4.8
19  30  2  36.57
20  30  2  13.23
1  31  2  36.19
2  31  2  46.17
3  31  2  52.2
4  31  2  8.36
5  31  2  29.16
6  31  2  17.4
7  31  2  24.19
8  31  2  7.14
9  31  2  11.07
10  31  2  42.63
11  31  2  26.5
12  31  2  11.34
13  31  2  29.93
14  31  2  12.32
15  31  2  27.93
16  31  2  4.73
17  31  2  36.66
18  31  2  7.68
19  31  2  30.21
20  31  2  28.91
1  32  2  6.11
2  32  2  33.63
3  32  2  49.8
4  32  2  28.6
5  32  2  25.92
6  32  2  9
7  32  2  22.42
8  32  2  9.66
9  32  2  34.85
10  32  2  22.05
11  32  2  40.81
12  32  2  22.68
13  32  2  20.09
14  32  2  22.88
15  32  2  35.91
16  32  2  9.89
17  32  2  5.17
18  32  2  29.76
19  32  2  42.93
20  32  2  17.64
1  33  2  9.4
2  33  2  11.97
3  33  2  52.2
4  33  2  4.84
5  33  2  35.1
6  33  2  26.4
7  33  2  11.21
8  33  2  20.58
9  33  2  26.65
10  33  2  24.5
11  33  2  14.31
12  33  2  20.16
13  33  2  33.62
14  33  2  28.6
15  33  2  42.75
16  33  2  9.89
17  33  2  23.03
18  33  2  22.56
19  33  2  32.86
20  33  2  8.82
1  34  2  15.98
2  34  2  10.83
3  34  2  17.4
4  34  2  32.56
5  34  2  12.42
6  34  2  34.2
7  34  2  30.68
8  34  2  35.7
9  34  2  15.99
10  34  2  6.86
11  34  2  46.11
12  34  2  23.94
13  34  2  9.02
14  34  2  30.8
15  34  2  11.97
16  34  2  36.55
17  34  2  25.85
18  34  2  18.24
19  34  2  16.43
20  34  2  37.24
1  35  2  25.85
2  35  2  11.97
3  35  2  15.6
4  35  2  13.2
5  35  2  17.82
6  35  2  52.8
7  35  2  47.79
8  35  2  21.42
9  35  2  36.9
10  35  2  17.15
11  35  2  32.33
12  35  2  21.84
13  35  2  29.11
14  35  2  33.44
15  35  2  10.26
16  35  2  28.81
17  35  2  31.49
18  35  2  24
19  35  2  10.07
20  35  2  7.35
1  36  2  21.15
2  36  2  50.16
3  36  2  30
4  36  2  36.52
5  36  2  29.7
6  36  2  39
7  36  2  51.92
8  36  2  11.34
9  36  2  6.15
10  36  2  9.8
11  36  2  29.68
12  36  2  29.4
13  36  2  10.25
14  36  2  36.96
15  36  2  50.73
16  36  2  9.46
17  36  2  16.45
18  36  2  13.92
19  36  2  44.52
20  36  2  29.4
1  37  2  39.95
2  37  2  27.93
3  37  2  31.8
4  37  2  13.64
5  37  2  22.68
6  37  2  25.2
7  37  2  40.71
8  37  2  5.88
9  37  2  20.91
10  37  2  5.39
11  37  2  23.85
12  37  2  25.2
13  37  2  27.06
14  37  2  34.76
15  37  2  43.32
16  37  2  15.48
17  37  2  29.14
18  37  2  16.32
19  37  2  6.36
20  37  2  35.28
1  38  2  42.3
2  38  2  34.77
3  38  2  7.8
4  38  2  38.28
5  38  2  10.26
6  38  2  8.4
7  38  2  30.68
8  38  2  26.04
9  38  2  30.75
10  38  2  9.8
11  38  2  30.74
12  38  2  23.52
13  38  2  36.08
14  38  2  22.88
15  38  2  38.76
16  38  2  27.95
17  38  2  20.68
18  38  2  7.68
19  38  2  20.14
20  38  2  5.39
1  39  2  27.26
2  39  2  23.37
3  39  2  7.8
4  39  2  16.72
5  39  2  42.12
6  39  2  36.6
7  39  2  53.1
8  39  2  17.64
9  39  2  28.29
10  39  2  16.66
11  39  2  18.02
12  39  2  15.12
13  39  2  6.15
14  39  2  10.56
15  39  2  13.68
16  39  2  19.78
17  39  2  28.67
18  39  2  39.84
19  39  2  29.15
20  39  2  14.7
1  40  2  35.25
2  40  2  42.18
3  40  2  42.6
4  40  2  32.56
5  40  2  25.92
6  40  2  10.2
7  40  2  22.42
8  40  2  11.34
9  40  2  23.78
10  40  2  13.72
11  40  2  42.4
12  40  2  23.52
13  40  2  34.03
14  40  2  23.76
15  40  2  8.55
16  40  2  5.16
17  40  2  13.63
18  40  2  26.4
19  40  2  25.44
20  40  2  43.61
1  41  2  35.72
2  41  2  37.05
3  41  2  28.2
4  41  2  7.48
5  41  2  22.14
6  41  2  21
7  41  2  23.01
8  41  2  5.46
9  41  2  7.79
10  41  2  30.38
11  41  2  19.61
12  41  2  5.46
13  41  2  6.97
14  41  2  36.08
15  41  2  9.12
16  41  2  15.91
17  41  2  33.37
18  41  2  9.6
19  41  2  27.56
20  41  2  31.36
1  42  2  6.58
2  42  2  38.19
3  42  2  39
4  42  2  28.16
5  42  2  14.58
6  42  2  35.4
7  42  2  5.9
8  42  2  19.74
9  42  2  22.14
10  42  2  19.6
11  42  2  18.55
12  42  2  9.24
13  42  2  20.91
14  42  2  23.76
15  42  2  42.18
16  42  2  31.39
17  42  2  22.56
18  42  2  24
19  42  2  24.91
20  42  2  16.66
1  43  2  12.22
2  43  2  10.83
3  43  2  34.8
4  43  2  13.64
5  43  2  30.24
6  43  2  25.2
7  43  2  5.9
8  43  2  23.52
9  43  2  33.21
10  43  2  34.3
11  43  2  37.63
12  43  2  22.68
13  43  2  15.58
14  43  2  15.4
15  43  2  19.38
16  43  2  18.49
17  43  2  17.39
18  43  2  23.52
19  43  2  36.04
20  43  2  27.44
1  44  2  17.86
2  44  2  48.45
3  44  2  31.2
4  44  2  33
5  44  2  25.92
6  44  2  51
7  44  2  15.34
8  44  2  28.98
9  44  2  12.3
10  44  2  11.76
11  44  2  15.9
12  44  2  33.6
13  44  2  11.48
14  44  2  24.2
15  44  2  35.91
16  44  2  30.1
17  44  2  9.4
18  44  2  21.12
19  44  2  33.92
20  44  2  14.7
1  45  2  12.69
2  45  2  20.52
3  45  2  52.2
4  45  2  35.64
5  45  2  27
6  45  2  52.2
7  45  2  41.89
8  45  2  36.96
9  45  2  17.22
10  45  2  36.75
11  45  2  10.6
12  45  2  9.66
13  45  2  29.52
14  45  2  21.56
15  45  2  42.18
16  45  2  18.92
17  45  2  28.67
18  45  2  20.16
19  45  2  47.7
20  45  2  6.86
1  46  2  12.69
2  46  2  50.73
3  46  2  25.2
4  46  2  4.84
5  46  2  27.54
6  46  2  29.4
7  46  2  43.66
8  46  2  21
9  46  2  12.3
10  46  2  5.39
11  46  2  29.68
12  46  2  18.9
13  46  2  22.55
14  46  2  12.32
15  46  2  33.63
16  46  2  27.95
17  46  2  22.09
18  46  2  22.08
19  46  2  46.64
20  46  2  12.25
1  47  2  16.92
2  47  2  29.07
3  47  2  45
4  47  2  28.16
5  47  2  19.44
6  47  2  52.2
7  47  2  21.83
8  47  2  16.8
9  47  2  18.04
10  47  2  28.42
11  47  2  10.6
12  47  2  10.92
13  47  2  13.53
14  47  2  39.6
15  47  2  31.35
16  47  2  35.69
17  47  2  5.64
18  47  2  34.08
19  47  2  24.91
20  47  2  20.09
1  48  2  15.04
2  48  2  29.07
3  48  2  54
4  48  2  29.92
5  48  2  10.26
6  48  2  9
7  48  2  8.26
8  48  2  29.82
9  48  2  26.24
10  48  2  16.66
11  48  2  28.09
12  48  2  27.72
13  48  2  6.97
14  48  2  39.6
15  48  2  43.89
16  48  2  30.96
17  48  2  23.97
18  48  2  22.08
19  48  2  8.48
20  48  2  41.16
1  49  2  32.43
2  49  2  10.83
3  49  2  36
4  49  2  19.36
5  49  2  18.9
6  49  2  15
7  49  2  14.75
8  49  2  18.48
9  49  2  34.44
10  49  2  10.78
11  49  2  28.09
12  49  2  12.6
13  49  2  21.32
14  49  2  33.88
15  49  2  26.22
16  49  2  20.21
17  49  2  4.7
18  49  2  4.8
19  49  2  42.93
20  49  2  12.74
1  50  2  31.49
2  50  2  35.34
3  50  2  18
4  50  2  10.56
5  50  2  8.1
6  50  2  6
7  50  2  33.63
8  50  2  25.2
9  50  2  9.84
10  50  2  5.39
11  50  2  16.43
12  50  2  6.72
13  50  2  15.17
14  50  2  31.68
15  50  2  13.68
16  50  2  19.35
17  50  2  5.17
18  50  2  14.4
19  50  2  13.78
20  50  2  6.86
;

param xi_base :=
1  1  27
2  1  33
3  1  36
4  1  80
5  1  71
6  1  21
7  1  80
8  1  84
9  1  77
10  1  82
11  1  76
12  1  57
13  1  17
14  1  71
15  1  75
16  1  10
17  1  10
18  1  58
19  1  49
20  1  88
1  2  44
2  2  10
3  2  89
4  2  14
5  2  22
6  2  30
7  2  79
8  2  39
9  2  18
10  2  65
11  2  68
12  2  29
13  2  90
14  2  16
15  2  61
16  2  83
17  2  79
18  2  67
19  2  60
20  2  84
1  3  88
2  3  34
3  3  89
4  3  26
5  3  42
6  3  21
7  3  11
8  3  30
9  3  50
10  3  68
11  3  72
12  3  32
13  3  89
14  3  53
15  3  21
16  3  63
17  3  44
18  3  28
19  3  32
20  3  41
1  4  63
2  4  37
3  4  86
4  4  85
5  4  81
6  4  81
7  4  10
8  4  20
9  4  76
10  4  41
11  4  89
12  4  55
13  4  81
14  4  65
15  4  83
16  4  40
17  4  67
18  4  72
19  4  36
20  4  12
1  5  58
2  5  45
3  5  12
4  5  46
5  5  82
6  5  19
7  5  36
8  5  81
9  5  40
10  5  76
11  5  35
12  5  46
13  5  71
14  5  71
15  5  31
16  5  60
17  5  39
18  5  29
19  5  19
20  5  62
1  6  35
2  6  26
3  6  39
4  6  73
5  6  49
6  6  85
7  6  75
8  6  49
9  6  20
10  6  60
11  6  32
12  6  78
13  6  19
14  6  44
15  6  90
16  6  23
17  6  73
18  6  64
19  6  72
20  6  74
1  7  10
2  7  39
3  7  15
4  7  31
5  7  38
6  7  78
7  7  53
8  7  37
9  7  68
10  7  77
11  7  81
12  7  12
13  7  83
14  7  30
15  7  47
16  7  21
17  7  59
18  7  21
19  7  48
20  7  87
1  8  89
2  8  70
3  8  22
4  8  90
5  8  37
6  8  47
7  8  87
8  8  36
9  8  17
10  8  16
11  8  43
12  8  25
13  8  45
14  8  25
15  8  61
16  8  20
17  8  53
18  8  52
19  8  58
20  8  54
1  9  27
2  9  35
3  9  85
4  9  58
5  9  73
6  9  25
7  9  18
8  9  67
9  9  71
10  9  12
11  9  48
12  9  11
13  9  76
14  9  35
15  9  63
16  9  87
17  9  59
18  9  27
19  9  54
20  9  63
1  10  69
2  10  89
3  10  37
4  10  44
5  10  83
6  10  30
7  10  76
8  10  41
9  10  66
10  10  10
11  10  69
12  10  55
13  10  17
14  10  42
15  10  14
16  10  59
17  10  21
18  10  51
19  10  65
20  10  28
1  11  74
2  11  87
3  11  36
4  11  85
5  11  83
6  11  76
7  11  65
8  11  36
9  11  81
10  11  75
11  11  22
12  11  14
13  11  33
14  11  37
15  11  13
16  11  35
17  11  65
18  11  50
19  11  52
20  11  50
1  12  58
2  12  78
3  12  48
4  12  39
5  12  40
6  12  44
7  12  75
8  12  51
9  12  78
10  12  17
11  12  43
12  12  37
13  12  37
14  12  30
15  12  32
16  12  33
17  12  49
18  12  52
19  12  21
20  12  60
1  13  22
2  13  57
3  13  66
4  13  57
5  13  71
6  13  33
7  13  73
8  13  12
9  13  36
10  13  37
11  13  28
12  13  47
13  13  30
14  13  57
15  13  16
16  13  18
17  13  69
18  13  75
19  13  40
20  13  38
1  14  23
2  14  18
3  14  38
4  14  24
5  14  46
6  14  81
7  14  45
8  14  73
9  14  18
10  14  43
11  14  23
12  14  80
13  14  72
14  14  62
15  14  61
16  14  67
17  14  40
18  14  73
19  14  26
20  14  57
1  15  38
2  15  25
3  15  30
4  15  58
5  15  66
6  15  80
7  15  71
8  15  67
9  15  66
10  15  90
11  15  85
12  15  65
13  15  51
14  15  48
15  15  38
16  15  80
17  15  50
18  15  58
19  15  12
20  15  22
1  16  66
2  16  50
3  16  79
4  16  55
5  16  70
6  16  76
7  16  83
8  16  73
9  16  16
10  16  89
11  16  56
12  16  28
13  16  32
14  16  34
15  16  55
16  16  10
17  16  68
18  16  85
19  16  28
20  16  16
1  17  10
2  17  17
3  17  81
4  17  57
5  17  22
6  17  13
7  17  21
8  17  30
9  17  51
10  17  27
11  17  35
12  17  49
13  17  48
14  17  60
15  17  10
16  17  64
17  17  89
18  17  63
19  17  29
20  17  57
1  18  22
2  18  85
3  18  80
4  18  38
5  18  64
6  18  65
7  18  76
8  18  34
9  18  45
10  18  39
11  18  19
12  18  63
13  18  66
14  18  82
15  18  16
16  18  23
17  18  77
18  18  17
19  18  24
20  18  39
1  19  87
2  19  80
3  19  24
4  19  25
5  19  21
6  19  77
7  19  35
8  19  76
9  19  32
10  19  25
11  19  66
12  19  26
13  19  40
14  19  80
15  19  70
16  19  56
17  19  90
18  19  15
19  19  76
20  19  27
1  20  90
2  20  65
3  20  27
4  20  54
5  20  64
6  20  31
7  20  32
8  20  21
9  20  66
10  20  24
11  20  87
12  20  89
13  20  65
14  20  77
15  20  14
16  20  71
17  20  88
18  20  74
19  20  58
20  20  15
1  21  39
2  21  35
3  21  45
4  21  74
5  21  63
6  21  15
7  21  76
8  21  66
9  21  56
10  21  60
11  21  14
12  21  84
13  21  43
14  21  73
15  21  51
16  21  22
17  21  59
18  21  44
19  21  67
20  21  48
1  22  36
2  22  33
3  22  13
4  22  39
5  22  11
6  22  58
7  22  29
8  22  86
9  22  50
10  22  86
11  22  67
12  22  19
13  22  10
14  22  52
15  22  24
16  22  50
17  22  30
18  22  29
19  22  52
20  22  68
1  23  60
2  23  58
3  23  60
4  23  48
5  23  34
6  23  12
7  23  27
8  23  42
9  23  14
10  23  22
11  23  80
12  23  86
13  23  86
14  23  10
15  23  71
16  23  15
17  23  87
18  23  71
19  23  40
20  23  30
1  24  51
2  24  31
3  24  17
4  24  82
5  24  20
6  24  53
7  24  74
8  24  40
9  24  83
10  24  78
11  24  70
12  24  43
13  24  77
14  24  41
15  24  58
16  24  20
17  24  87
18  24  55
19  24  49
20  24  25
1  25  56
2  25  34
3  25  56
4  25  77
5  25  57
6  25  28
7  25  34
8  25  14
9  25  32
10  25  69
11  25  88
12  25  29
13  25  80
14  25  81
15  25  82
16  25  63
17  25  63
18  25  63
19  25  36
20  25  14
1  26  83
2  26  33
3  26  63
4  26  80
5  26  59
6  26  64
7  26  40
8  26  20
9  26  66
10  26  41
11  26  86
12  26  12
13  26  79
14  26  11
15  26  76
16  26  49
17  26  43
18  26  21
19  26  61
20  26  45
1  27  63
2  27  82
3  27  52
4  27  86
5  27  74
6  27  11
7  27  11
8  27  18
9  27  14
10  27  31
11  27  23
12  27  59
13  27  52
14  27  19
15  27  64
16  27  50
17  27  17
18  27  60
19  27  85
20  27  28
1  28  73
2  28  84
3  28  15
4  28  32
5  28  67
6  28  78
7  28  58
8  28  71
9  28  36
10  28  73
11  28  67
12  28  84
13  28  63
14  28  25
15  28  60
16  28  39
17  28  18
18  28  54
19  28  61
20  28  45
1  29  31
2  29  51
3  29  80
4  29  13
5  29  86
6  29  27
7  29  52
8  29  80
9  29  11
10  29  36
11  29  57
12  29  62
13  29  19
14  29  61
15  29  90
16  29  22
17  29  87
18  29  85
19  29  60
20  29  70
1  30  24
2  30  50
3  30  36
4  30  22
5  30  49
6  30  71
7  30  11
8  30  90
9  30  18
10  30  40
11  30  39
12  30  60
13  30  67
14  30  48
15  30  56
16  30  66
17  30  85
18  30  10
19  30  69
20  30  27
1  31  77
2  31  81
3  31  87
4  31  19
5  31  54
6  31  29
7  31  41
8  31  17
9  31  27
10  31  87
11  31  50
12  31  27
13  31  73
14  31  28
15  31  49
16  31  11
17  31  78
18  31  16
19  31  57
20  31  59
1  32  13
2  32  59
3  32  83
4  32  65
5  32  48
6  32  15
7  32  38
8  32  23
9  32  85
10  32  45
11  32  77
12  32  54
13  32  49
14  32  52
15  32  63
16  32  23
17  32  11
18  32  62
19  32  81
20  32  36
1  33  20
2  33  21
3  33  87
4  33  11
5  33  65
6  33  44
7  33  19
8  33  49
9  33  65
10  33  50
11  33  27
12  33  48
13  33  82
14  33  65
15  33  75
16  33  23
17  33  49
18  33  47
19  33  62
20  33  18
1  34  34
2  34  19
3  34  29
4  34  74
5  34  23
6  34  57
7  34  52
8  34  85
9  34  39
10  34  14
11  34  87
12  34  57
13  34  22
14  34  70
15  34  21
16  34  85
17  34  55
18  34  38
19  34  31
20  34  76
1  35  55
2  35  21
3  35  26
4  35  30
5  35  33
6  35  88
7  35  81
8  35  51
9  35  90
10  35  35
11  35  61
12  35  52
13  35  71
14  35  76
15  35  18
16  35  67
17  35  67
18  35  50
19  35  19
20  35  15
1  36  45
2  36  88
3  36  50
4  36  83
5  36  55
6  36  65
7  36  88
8  36  27
9  36  15
10  36  20
11  36  56
12  36  70
13  36  25
14  36  84
15  36  89
16  36  22
17  36  35
18  36  29
19  36  84
20  36  60
1  37  85
2  37  49
3  37  53
4  37  31
5  37  42
6  37  42
7  37  69
8  37  14
9  37  51
10  37  11
11  37  45
12  37  60
13  37  66
14  37  79
15  37  76
16  37  36
17  37  62
18  37  34
19  37  12
20  37  72
1  38  90
2  38  61
3  38  13
4  38  87
5  38  19
6  38  14
7  38  52
8  38  62
9  38  75
10  38  20
11  38  58
12  38  56
13  38  88
14  38  52
15  38  68
16  38  65
17  38  44
18  38  16
19  38  38
20  38  11
1  39  58
2  39  41
3  39  13
4  39  38
5  39  78
6  39  61
7  39  90
8  39  42
9  39  69
10  39  34
11  39  34
12  39  36
13  39  15
14  39  24
15  39  24
16  39  46
17  39  61
18  39  83
19  39  55
20  39  30
1  40  75
2  40  74
3  40  71
4  40  74
5  40  48
6  40  17
7  40  38
8  40  27
9  40  58
10  40  28
11  40  80
12  40  56
13  40  83
14  40  54
15  40  15
16  40  12
17  40  29
18  40  55
19  40  48
20  40  89
1  41  76
2  41  65
3  41  47
4  41  17
5  41  41
6  41  35
7  41  39
8  41  13
9  41  19
10  41  62
11  41  37
12  41  13
13  41  17
14  41  82
15  41  16
16  41  37
17  41  71
18  41  20
19  41  52
20  41  64
1  42  14
2  42  67
3  42  65
4  42  64
5  42  27
6  42  59
7  42  10
8  42  47
9  42  54
10  42  40
11  42  35
12  42  22
13  42  51
14  42  54
15  42  74
16  42  73
17  42  48
18  42  50
19  42  47
20  42  34
1  43  26
2  43  19
3  43  58
4  43  31
5  43  56
6  43  42
7  43  10
8  43  56
9  43  81
10  43  70
11  43  71
12  43  54
13  43  38
14  43  35
15  43  34
16  43  43
17  43  37
18  43  49
19  43  68
20  43  56
1  44  38
2  44  85
3  44  52
4  44  75
5  44  48
6  44  85
7  44  26
8  44  69
9  44  30
10  44  24
11  44  30
12  44  80
13  44  28
14  44  55
15  44  63
16  44  70
17  44  20
18  44  44
19  44  64
20  44  30
1  45  27
2  45  36
3  45  87
4  45  81
5  45  50
6  45  87
7  45  71
8  45  88
9  45  42
10  45  75
11  45  20
12  45  23
13  45  72
14  45  49
15  45  74
16  45  44
17  45  61
18  45  42
19  45  90
20  45  14
1  46  27
2  46  89
3  46  42
4  46  11
5  46  51
6  46  49
7  46  74
8  46  50
9  46  30
10  46  11
11  46  56
12  46  45
13  46  55
14  46  28
15  46  59
16  46  65
17  46  47
18  46  46
19  46  88
20  46  25
1  47  36
2  47  51
3  47  75
4  47  64
5  47  36
6  47  87
7  47  37
8  47  40
9  47  44
10  47  58
11  47  20
12  47  26
13  47  33
14  47  90
15  47  55
16  47  83
17  47  12
18  47  71
19  47  47
20  47  41
1  48  32
2  48  51
3  48  90
4  48  68
5  48  19
6  48  15
7  48  14
8  48  71
9  48  64
10  48  34
11  48  53
12  48  66
13  48  17
14  48  90
15  48  77
16  48  72
17  48  51
18  48  46
19  48  16
20  48  84
1  49  69
2  49  19
3  49  60
4  49  44
5  49  35
6  49  25
7  49  25
8  49  44
9  49  84
10  49  22
11  49  53
12  49  30
13  49  52
14  49  77
15  49  46
16  49  47
17  49  10
18  49  10
19  49  81
20  49  26
1  50  67
2  50  62
3  50  30
4  50  24
5  50  15
6  50  10
7  50  57
8  50  60
9  50  24
10  50  11
11  50  31
12  50  16
13  50  37
14  50  72
15  50  24
16  50  45
17  50  11
18  50  30
19  50  26
20  50  14
;

param a :=
1  1  1
2  1  0.47
1  2  1
2  2  0.57
1  3  1
2  3  0.6
1  4  1
2  4  0.44
1  5  1
2  5  0.54
1  6  1
2  6  0.6
1  7  1
2  7  0.59
1  8  1
2  8  0.42
1  9  1
2  9  0.41
1  10  1
2  10  0.49
1  11  1
2  11  0.53
1  12  1
2  12  0.42
1  13  1
2  13  0.41
1  14  1
2  14  0.44
1  15  1
2  15  0.57
1  16  1
2  16  0.43
1  17  1
2  17  0.47
1  18  1
2  18  0.48
1  19  1
2  19  0.53
1  20  1
2  20  0.49
;

