param com_measure1 := 1;

param com_measure2 := 1;

param kappa_max := 1147.44;

param U_tau := 730.3817;

param nT := 2;

param nS := 50;

param nL := 30;

param B := 2307.67;

param w :=
1  2
2  3
3  3
4  1
5  3
6  3
7  3
8  3
9  1
10  2
11  2
12  2
13  2
14  2
15  2
16  1
17  1
18  1
19  1
20  3
21  3
22  2
23  1
24  2
25  3
26  2
27  3
28  3
29  3
30  3
;

param h :=
1  1  0
1  2  0
1  3  0
1  4  0
1  5  0
1  6  0
1  7  0
1  8  0
1  9  0
1  10  0
1  11  0
1  12  0
1  13  0
1  14  0
1  15  0
1  16  0
1  17  0
1  18  0
1  19  0
1  20  0
1  21  0
1  22  0
1  23  0
1  24  0
1  25  0
1  26  0
1  27  0
1  28  0
1  29  0
1  30  0
2  1  188.55
2  2  121.15
2  3  126.64
2  4  159.28
2  5  133.80
2  6  146.02
2  7  164.07
2  8  151.88
2  9  157.01
2  10  158.80
2  11  127.87
2  12  157.59
2  13  115.44
2  14  184.94
2  15  157.93
2  16  184.65
2  17  178.25
2  18  144.40
2  19  183.58
2  20  152.27
2  21  143.27
2  22  149.15
2  23  126.19
2  24  163.36
2  25  171.07
2  26  187.20
2  27  163.47
2  28  164.07
2  29  125.46
2  30  127.99
;

param xi :=
1  1  1  88
2  1  1  50
3  1  1  41
4  1  1  84
5  1  1  61
6  1  1  74
7  1  1  38
8  1  1  76
9  1  1  41
10  1  1  24
11  1  1  40
12  1  1  10
13  1  1  58
14  1  1  84
15  1  1  22
16  1  1  52
17  1  1  81
18  1  1  55
19  1  1  23
20  1  1  48
21  1  1  10
22  1  1  85
23  1  1  72
24  1  1  14
25  1  1  12
26  1  1  42
27  1  1  65
28  1  1  81
29  1  1  50
30  1  1  31
1  2  1  23
2  2  1  79
3  2  1  28
4  2  1  53
5  2  1  39
6  2  1  74
7  2  1  58
8  2  1  14
9  2  1  86
10  2  1  78
11  2  1  42
12  2  1  46
13  2  1  62
14  2  1  15
15  2  1  82
16  2  1  83
17  2  1  85
18  2  1  62
19  2  1  60
20  2  1  34
21  2  1  44
22  2  1  13
23  2  1  72
24  2  1  76
25  2  1  68
26  2  1  61
27  2  1  59
28  2  1  75
29  2  1  53
30  2  1  69
1  3  1  77
2  3  1  42
3  3  1  18
4  3  1  59
5  3  1  28
6  3  1  60
7  3  1  20
8  3  1  27
9  3  1  82
10  3  1  40
11  3  1  71
12  3  1  32
13  3  1  58
14  3  1  10
15  3  1  83
16  3  1  10
17  3  1  86
18  3  1  26
19  3  1  44
20  3  1  59
21  3  1  89
22  3  1  25
23  3  1  33
24  3  1  57
25  3  1  32
26  3  1  52
27  3  1  75
28  3  1  15
29  3  1  58
30  3  1  26
1  4  1  87
2  4  1  75
3  4  1  56
4  4  1  74
5  4  1  18
6  4  1  77
7  4  1  45
8  4  1  62
9  4  1  71
10  4  1  21
11  4  1  37
12  4  1  10
13  4  1  25
14  4  1  25
15  4  1  79
16  4  1  69
17  4  1  76
18  4  1  58
19  4  1  33
20  4  1  67
21  4  1  30
22  4  1  30
23  4  1  45
24  4  1  35
25  4  1  86
26  4  1  72
27  4  1  83
28  4  1  32
29  4  1  14
30  4  1  29
1  5  1  70
2  5  1  21
3  5  1  30
4  5  1  81
5  5  1  69
6  5  1  54
7  5  1  21
8  5  1  43
9  5  1  47
10  5  1  78
11  5  1  67
12  5  1  87
13  5  1  46
14  5  1  41
15  5  1  50
16  5  1  31
17  5  1  60
18  5  1  33
19  5  1  35
20  5  1  38
21  5  1  81
22  5  1  43
23  5  1  83
24  5  1  19
25  5  1  60
26  5  1  64
27  5  1  37
28  5  1  78
29  5  1  34
30  5  1  35
1  6  1  84
2  6  1  50
3  6  1  29
4  6  1  14
5  6  1  10
6  6  1  67
7  6  1  46
8  6  1  10
9  6  1  21
10  6  1  52
11  6  1  71
12  6  1  33
13  6  1  77
14  6  1  29
15  6  1  70
16  6  1  83
17  6  1  59
18  6  1  37
19  6  1  23
20  6  1  28
21  6  1  53
22  6  1  49
23  6  1  36
24  6  1  67
25  6  1  48
26  6  1  10
27  6  1  88
28  6  1  38
29  6  1  40
30  6  1  17
1  7  1  10
2  7  1  63
3  7  1  32
4  7  1  44
5  7  1  66
6  7  1  12
7  7  1  41
8  7  1  50
9  7  1  41
10  7  1  25
11  7  1  19
12  7  1  74
13  7  1  15
14  7  1  60
15  7  1  36
16  7  1  73
17  7  1  14
18  7  1  29
19  7  1  89
20  7  1  62
21  7  1  71
22  7  1  65
23  7  1  46
24  7  1  34
25  7  1  61
26  7  1  40
27  7  1  19
28  7  1  11
29  7  1  28
30  7  1  62
1  8  1  72
2  8  1  41
3  8  1  88
4  8  1  53
5  8  1  84
6  8  1  13
7  8  1  69
8  8  1  44
9  8  1  77
10  8  1  18
11  8  1  19
12  8  1  74
13  8  1  36
14  8  1  62
15  8  1  14
16  8  1  19
17  8  1  49
18  8  1  88
19  8  1  57
20  8  1  27
21  8  1  64
22  8  1  39
23  8  1  48
24  8  1  38
25  8  1  82
26  8  1  90
27  8  1  51
28  8  1  53
29  8  1  13
30  8  1  54
1  9  1  66
2  9  1  32
3  9  1  33
4  9  1  71
5  9  1  64
6  9  1  85
7  9  1  78
8  9  1  57
9  9  1  21
10  9  1  87
11  9  1  79
12  9  1  58
13  9  1  24
14  9  1  76
15  9  1  37
16  9  1  21
17  9  1  36
18  9  1  78
19  9  1  54
20  9  1  89
21  9  1  74
22  9  1  26
23  9  1  69
24  9  1  28
25  9  1  37
26  9  1  83
27  9  1  78
28  9  1  33
29  9  1  15
30  9  1  65
1  10  1  17
2  10  1  34
3  10  1  83
4  10  1  66
5  10  1  88
6  10  1  26
7  10  1  12
8  10  1  84
9  10  1  56
10  10  1  67
11  10  1  56
12  10  1  79
13  10  1  19
14  10  1  86
15  10  1  77
16  10  1  75
17  10  1  50
18  10  1  44
19  10  1  81
20  10  1  20
21  10  1  21
22  10  1  39
23  10  1  11
24  10  1  66
25  10  1  11
26  10  1  58
27  10  1  90
28  10  1  86
29  10  1  81
30  10  1  29
1  11  1  56
2  11  1  24
3  11  1  65
4  11  1  67
5  11  1  38
6  11  1  29
7  11  1  40
8  11  1  17
9  11  1  62
10  11  1  23
11  11  1  85
12  11  1  29
13  11  1  37
14  11  1  72
15  11  1  52
16  11  1  22
17  11  1  72
18  11  1  16
19  11  1  67
20  11  1  45
21  11  1  19
22  11  1  85
23  11  1  15
24  11  1  67
25  11  1  10
26  11  1  38
27  11  1  10
28  11  1  38
29  11  1  69
30  11  1  85
1  12  1  88
2  12  1  82
3  12  1  76
4  12  1  81
5  12  1  72
6  12  1  29
7  12  1  67
8  12  1  14
9  12  1  68
10  12  1  55
11  12  1  27
12  12  1  40
13  12  1  25
14  12  1  87
15  12  1  23
16  12  1  79
17  12  1  63
18  12  1  37
19  12  1  64
20  12  1  72
21  12  1  30
22  12  1  58
23  12  1  66
24  12  1  57
25  12  1  45
26  12  1  51
27  12  1  88
28  12  1  81
29  12  1  53
30  12  1  66
1  13  1  74
2  13  1  36
3  13  1  41
4  13  1  19
5  13  1  47
6  13  1  69
7  13  1  26
8  13  1  62
9  13  1  52
10  13  1  61
11  13  1  71
12  13  1  44
13  13  1  27
14  13  1  18
15  13  1  41
16  13  1  58
17  13  1  33
18  13  1  73
19  13  1  88
20  13  1  47
21  13  1  27
22  13  1  41
23  13  1  37
24  13  1  86
25  13  1  67
26  13  1  37
27  13  1  87
28  13  1  29
29  13  1  39
30  13  1  44
1  14  1  22
2  14  1  77
3  14  1  79
4  14  1  17
5  14  1  48
6  14  1  37
7  14  1  24
8  14  1  43
9  14  1  50
10  14  1  56
11  14  1  58
12  14  1  81
13  14  1  79
14  14  1  66
15  14  1  11
16  14  1  37
17  14  1  42
18  14  1  74
19  14  1  79
20  14  1  13
21  14  1  16
22  14  1  86
23  14  1  90
24  14  1  22
25  14  1  28
26  14  1  84
27  14  1  75
28  14  1  86
29  14  1  60
30  14  1  10
1  15  1  79
2  15  1  27
3  15  1  10
4  15  1  36
5  15  1  83
6  15  1  22
7  15  1  59
8  15  1  46
9  15  1  63
10  15  1  56
11  15  1  48
12  15  1  36
13  15  1  52
14  15  1  68
15  15  1  29
16  15  1  55
17  15  1  57
18  15  1  89
19  15  1  52
20  15  1  16
21  15  1  79
22  15  1  88
23  15  1  15
24  15  1  70
25  15  1  83
26  15  1  81
27  15  1  43
28  15  1  57
29  15  1  35
30  15  1  75
1  16  1  82
2  16  1  38
3  16  1  84
4  16  1  62
5  16  1  71
6  16  1  44
7  16  1  40
8  16  1  63
9  16  1  71
10  16  1  58
11  16  1  87
12  16  1  11
13  16  1  13
14  16  1  61
15  16  1  37
16  16  1  71
17  16  1  22
18  16  1  88
19  16  1  47
20  16  1  66
21  16  1  18
22  16  1  88
23  16  1  75
24  16  1  18
25  16  1  11
26  16  1  53
27  16  1  83
28  16  1  33
29  16  1  15
30  16  1  37
1  17  1  47
2  17  1  78
3  17  1  64
4  17  1  30
5  17  1  85
6  17  1  56
7  17  1  55
8  17  1  62
9  17  1  62
10  17  1  17
11  17  1  79
12  17  1  46
13  17  1  25
14  17  1  47
15  17  1  82
16  17  1  59
17  17  1  88
18  17  1  60
19  17  1  59
20  17  1  34
21  17  1  87
22  17  1  30
23  17  1  61
24  17  1  75
25  17  1  25
26  17  1  82
27  17  1  46
28  17  1  58
29  17  1  61
30  17  1  21
1  18  1  12
2  18  1  41
3  18  1  83
4  18  1  31
5  18  1  32
6  18  1  67
7  18  1  63
8  18  1  58
9  18  1  74
10  18  1  61
11  18  1  16
12  18  1  70
13  18  1  87
14  18  1  68
15  18  1  58
16  18  1  11
17  18  1  16
18  18  1  17
19  18  1  83
20  18  1  57
21  18  1  31
22  18  1  40
23  18  1  86
24  18  1  58
25  18  1  67
26  18  1  88
27  18  1  70
28  18  1  64
29  18  1  80
30  18  1  60
1  19  1  90
2  19  1  43
3  19  1  84
4  19  1  15
5  19  1  48
6  19  1  80
7  19  1  72
8  19  1  79
9  19  1  60
10  19  1  32
11  19  1  14
12  19  1  89
13  19  1  23
14  19  1  79
15  19  1  61
16  19  1  54
17  19  1  37
18  19  1  87
19  19  1  88
20  19  1  39
21  19  1  77
22  19  1  52
23  19  1  29
24  19  1  61
25  19  1  71
26  19  1  28
27  19  1  77
28  19  1  76
29  19  1  41
30  19  1  27
1  20  1  10
2  20  1  27
3  20  1  74
4  20  1  28
5  20  1  55
6  20  1  89
7  20  1  61
8  20  1  18
9  20  1  86
10  20  1  29
11  20  1  23
12  20  1  47
13  20  1  25
14  20  1  70
15  20  1  39
16  20  1  72
17  20  1  35
18  20  1  50
19  20  1  76
20  20  1  86
21  20  1  29
22  20  1  33
23  20  1  24
24  20  1  18
25  20  1  26
26  20  1  24
27  20  1  81
28  20  1  12
29  20  1  23
30  20  1  45
1  21  1  82
2  21  1  57
3  21  1  80
4  21  1  89
5  21  1  73
6  21  1  14
7  21  1  63
8  21  1  49
9  21  1  63
10  21  1  31
11  21  1  37
12  21  1  26
13  21  1  76
14  21  1  69
15  21  1  59
16  21  1  66
17  21  1  18
18  21  1  79
19  21  1  88
20  21  1  42
21  21  1  32
22  21  1  33
23  21  1  33
24  21  1  78
25  21  1  85
26  21  1  35
27  21  1  39
28  21  1  16
29  21  1  86
30  21  1  86
1  22  1  28
2  22  1  81
3  22  1  85
4  22  1  76
5  22  1  24
6  22  1  53
7  22  1  15
8  22  1  69
9  22  1  69
10  22  1  58
11  22  1  44
12  22  1  65
13  22  1  70
14  22  1  90
15  22  1  16
16  22  1  27
17  22  1  36
18  22  1  77
19  22  1  71
20  22  1  71
21  22  1  35
22  22  1  55
23  22  1  76
24  22  1  39
25  22  1  42
26  22  1  11
27  22  1  34
28  22  1  65
29  22  1  49
30  22  1  56
1  23  1  65
2  23  1  81
3  23  1  81
4  23  1  82
5  23  1  67
6  23  1  60
7  23  1  22
8  23  1  39
9  23  1  11
10  23  1  68
11  23  1  35
12  23  1  11
13  23  1  12
14  23  1  13
15  23  1  60
16  23  1  15
17  23  1  88
18  23  1  19
19  23  1  30
20  23  1  89
21  23  1  46
22  23  1  24
23  23  1  30
24  23  1  55
25  23  1  22
26  23  1  73
27  23  1  76
28  23  1  50
29  23  1  32
30  23  1  79
1  24  1  59
2  24  1  89
3  24  1  25
4  24  1  38
5  24  1  20
6  24  1  44
7  24  1  43
8  24  1  88
9  24  1  80
10  24  1  71
11  24  1  87
12  24  1  51
13  24  1  33
14  24  1  11
15  24  1  69
16  24  1  89
17  24  1  88
18  24  1  59
19  24  1  61
20  24  1  19
21  24  1  58
22  24  1  76
23  24  1  57
24  24  1  72
25  24  1  66
26  24  1  38
27  24  1  22
28  24  1  89
29  24  1  77
30  24  1  51
1  25  1  40
2  25  1  33
3  25  1  37
4  25  1  30
5  25  1  10
6  25  1  78
7  25  1  73
8  25  1  21
9  25  1  23
10  25  1  43
11  25  1  16
12  25  1  72
13  25  1  40
14  25  1  25
15  25  1  82
16  25  1  46
17  25  1  65
18  25  1  60
19  25  1  80
20  25  1  80
21  25  1  53
22  25  1  29
23  25  1  73
24  25  1  46
25  25  1  58
26  25  1  57
27  25  1  90
28  25  1  88
29  25  1  42
30  25  1  45
1  26  1  11
2  26  1  13
3  26  1  53
4  26  1  27
5  26  1  56
6  26  1  44
7  26  1  86
8  26  1  32
9  26  1  50
10  26  1  78
11  26  1  18
12  26  1  50
13  26  1  61
14  26  1  61
15  26  1  45
16  26  1  62
17  26  1  80
18  26  1  57
19  26  1  68
20  26  1  41
21  26  1  20
22  26  1  29
23  26  1  58
24  26  1  21
25  26  1  27
26  26  1  70
27  26  1  20
28  26  1  66
29  26  1  56
30  26  1  23
1  27  1  90
2  27  1  83
3  27  1  35
4  27  1  72
5  27  1  11
6  27  1  88
7  27  1  75
8  27  1  70
9  27  1  25
10  27  1  36
11  27  1  28
12  27  1  37
13  27  1  31
14  27  1  71
15  27  1  69
16  27  1  35
17  27  1  70
18  27  1  41
19  27  1  66
20  27  1  89
21  27  1  24
22  27  1  32
23  27  1  90
24  27  1  32
25  27  1  38
26  27  1  22
27  27  1  68
28  27  1  17
29  27  1  59
30  27  1  58
1  28  1  16
2  28  1  70
3  28  1  61
4  28  1  54
5  28  1  34
6  28  1  53
7  28  1  27
8  28  1  78
9  28  1  13
10  28  1  35
11  28  1  20
12  28  1  15
13  28  1  46
14  28  1  72
15  28  1  16
16  28  1  62
17  28  1  70
18  28  1  80
19  28  1  87
20  28  1  77
21  28  1  20
22  28  1  76
23  28  1  42
24  28  1  22
25  28  1  82
26  28  1  30
27  28  1  17
28  28  1  10
29  28  1  84
30  28  1  16
1  29  1  72
2  29  1  60
3  29  1  71
4  29  1  84
5  29  1  86
6  29  1  65
7  29  1  85
8  29  1  57
9  29  1  50
10  29  1  90
11  29  1  36
12  29  1  64
13  29  1  66
14  29  1  69
15  29  1  83
16  29  1  75
17  29  1  86
18  29  1  31
19  29  1  56
20  29  1  88
21  29  1  48
22  29  1  75
23  29  1  33
24  29  1  75
25  29  1  62
26  29  1  79
27  29  1  38
28  29  1  24
29  29  1  62
30  29  1  69
1  30  1  74
2  30  1  27
3  30  1  37
4  30  1  45
5  30  1  37
6  30  1  68
7  30  1  18
8  30  1  77
9  30  1  64
10  30  1  88
11  30  1  22
12  30  1  46
13  30  1  69
14  30  1  87
15  30  1  83
16  30  1  58
17  30  1  26
18  30  1  79
19  30  1  48
20  30  1  28
21  30  1  75
22  30  1  70
23  30  1  34
24  30  1  54
25  30  1  89
26  30  1  23
27  30  1  41
28  30  1  57
29  30  1  67
30  30  1  19
1  31  1  34
2  31  1  67
3  31  1  29
4  31  1  18
5  31  1  38
6  31  1  33
7  31  1  27
8  31  1  67
9  31  1  90
10  31  1  52
11  31  1  27
12  31  1  80
13  31  1  10
14  31  1  57
15  31  1  81
16  31  1  90
17  31  1  21
18  31  1  35
19  31  1  21
20  31  1  11
21  31  1  32
22  31  1  81
23  31  1  55
24  31  1  36
25  31  1  58
26  31  1  78
27  31  1  40
28  31  1  34
29  31  1  29
30  31  1  49
1  32  1  66
2  32  1  22
3  32  1  33
4  32  1  88
5  32  1  65
6  32  1  89
7  32  1  23
8  32  1  25
9  32  1  29
10  32  1  46
11  32  1  29
12  32  1  61
13  32  1  10
14  32  1  31
15  32  1  55
16  32  1  74
17  32  1  89
18  32  1  38
19  32  1  41
20  32  1  19
21  32  1  60
22  32  1  84
23  32  1  18
24  32  1  15
25  32  1  70
26  32  1  70
27  32  1  90
28  32  1  15
29  32  1  64
30  32  1  41
1  33  1  68
2  33  1  45
3  33  1  74
4  33  1  32
5  33  1  49
6  33  1  33
7  33  1  88
8  33  1  84
9  33  1  36
10  33  1  52
11  33  1  33
12  33  1  53
13  33  1  10
14  33  1  83
15  33  1  48
16  33  1  27
17  33  1  60
18  33  1  48
19  33  1  26
20  33  1  79
21  33  1  46
22  33  1  81
23  33  1  30
24  33  1  13
25  33  1  85
26  33  1  45
27  33  1  12
28  33  1  84
29  33  1  55
30  33  1  76
1  34  1  77
2  34  1  27
3  34  1  50
4  34  1  88
5  34  1  89
6  34  1  25
7  34  1  42
8  34  1  31
9  34  1  42
10  34  1  19
11  34  1  68
12  34  1  78
13  34  1  58
14  34  1  58
15  34  1  19
16  34  1  31
17  34  1  20
18  34  1  13
19  34  1  78
20  34  1  72
21  34  1  31
22  34  1  38
23  34  1  36
24  34  1  46
25  34  1  90
26  34  1  45
27  34  1  69
28  34  1  11
29  34  1  65
30  34  1  55
1  35  1  13
2  35  1  60
3  35  1  10
4  35  1  39
5  35  1  21
6  35  1  78
7  35  1  37
8  35  1  83
9  35  1  88
10  35  1  62
11  35  1  40
12  35  1  25
13  35  1  44
14  35  1  86
15  35  1  38
16  35  1  78
17  35  1  42
18  35  1  65
19  35  1  68
20  35  1  28
21  35  1  39
22  35  1  49
23  35  1  35
24  35  1  16
25  35  1  50
26  35  1  82
27  35  1  34
28  35  1  75
29  35  1  46
30  35  1  26
1  36  1  57
2  36  1  19
3  36  1  86
4  36  1  68
5  36  1  37
6  36  1  76
7  36  1  10
8  36  1  72
9  36  1  77
10  36  1  27
11  36  1  81
12  36  1  40
13  36  1  33
14  36  1  90
15  36  1  81
16  36  1  48
17  36  1  49
18  36  1  62
19  36  1  30
20  36  1  17
21  36  1  18
22  36  1  35
23  36  1  30
24  36  1  72
25  36  1  44
26  36  1  59
27  36  1  27
28  36  1  76
29  36  1  64
30  36  1  42
1  37  1  59
2  37  1  90
3  37  1  19
4  37  1  13
5  37  1  43
6  37  1  38
7  37  1  70
8  37  1  38
9  37  1  33
10  37  1  46
11  37  1  63
12  37  1  64
13  37  1  61
14  37  1  58
15  37  1  65
16  37  1  70
17  37  1  19
18  37  1  79
19  37  1  15
20  37  1  88
21  37  1  55
22  37  1  24
23  37  1  20
24  37  1  29
25  37  1  74
26  37  1  53
27  37  1  57
28  37  1  60
29  37  1  45
30  37  1  15
1  38  1  29
2  38  1  12
3  38  1  63
4  38  1  40
5  38  1  69
6  38  1  66
7  38  1  32
8  38  1  71
9  38  1  20
10  38  1  10
11  38  1  54
12  38  1  60
13  38  1  55
14  38  1  60
15  38  1  37
16  38  1  79
17  38  1  42
18  38  1  84
19  38  1  37
20  38  1  65
21  38  1  62
22  38  1  16
23  38  1  12
24  38  1  24
25  38  1  79
26  38  1  13
27  38  1  61
28  38  1  81
29  38  1  34
30  38  1  73
1  39  1  50
2  39  1  32
3  39  1  10
4  39  1  46
5  39  1  19
6  39  1  86
7  39  1  48
8  39  1  23
9  39  1  41
10  39  1  18
11  39  1  29
12  39  1  45
13  39  1  18
14  39  1  17
15  39  1  61
16  39  1  71
17  39  1  63
18  39  1  30
19  39  1  69
20  39  1  55
21  39  1  78
22  39  1  30
23  39  1  60
24  39  1  53
25  39  1  90
26  39  1  56
27  39  1  73
28  39  1  57
29  39  1  68
30  39  1  35
1  40  1  53
2  40  1  72
3  40  1  82
4  40  1  82
5  40  1  52
6  40  1  36
7  40  1  76
8  40  1  45
9  40  1  39
10  40  1  45
11  40  1  90
12  40  1  22
13  40  1  31
14  40  1  60
15  40  1  81
16  40  1  46
17  40  1  68
18  40  1  15
19  40  1  22
20  40  1  73
21  40  1  29
22  40  1  61
23  40  1  69
24  40  1  81
25  40  1  33
26  40  1  72
27  40  1  14
28  40  1  11
29  40  1  39
30  40  1  66
1  41  1  14
2  41  1  80
3  41  1  54
4  41  1  17
5  41  1  71
6  41  1  52
7  41  1  28
8  41  1  29
9  41  1  20
10  41  1  36
11  41  1  29
12  41  1  70
13  41  1  55
14  41  1  57
15  41  1  21
16  41  1  80
17  41  1  23
18  41  1  22
19  41  1  67
20  41  1  36
21  41  1  12
22  41  1  40
23  41  1  19
24  41  1  71
25  41  1  19
26  41  1  48
27  41  1  82
28  41  1  70
29  41  1  76
30  41  1  84
1  42  1  38
2  42  1  86
3  42  1  46
4  42  1  17
5  42  1  89
6  42  1  41
7  42  1  45
8  42  1  12
9  42  1  11
10  42  1  54
11  42  1  51
12  42  1  89
13  42  1  26
14  42  1  15
15  42  1  12
16  42  1  23
17  42  1  44
18  42  1  50
19  42  1  65
20  42  1  23
21  42  1  62
22  42  1  77
23  42  1  63
24  42  1  83
25  42  1  72
26  42  1  82
27  42  1  25
28  42  1  74
29  42  1  82
30  42  1  67
1  43  1  32
2  43  1  18
3  43  1  46
4  43  1  30
5  43  1  34
6  43  1  45
7  43  1  65
8  43  1  74
9  43  1  17
10  43  1  70
11  43  1  24
12  43  1  59
13  43  1  15
14  43  1  67
15  43  1  46
16  43  1  43
17  43  1  87
18  43  1  76
19  43  1  27
20  43  1  56
21  43  1  78
22  43  1  82
23  43  1  15
24  43  1  25
25  43  1  69
26  43  1  61
27  43  1  81
28  43  1  26
29  43  1  69
30  43  1  60
1  44  1  68
2  44  1  37
3  44  1  50
4  44  1  61
5  44  1  40
6  44  1  72
7  44  1  89
8  44  1  44
9  44  1  54
10  44  1  75
11  44  1  49
12  44  1  77
13  44  1  63
14  44  1  86
15  44  1  26
16  44  1  40
17  44  1  27
18  44  1  50
19  44  1  84
20  44  1  31
21  44  1  42
22  44  1  76
23  44  1  78
24  44  1  18
25  44  1  48
26  44  1  49
27  44  1  36
28  44  1  55
29  44  1  12
30  44  1  36
1  45  1  69
2  45  1  50
3  45  1  29
4  45  1  88
5  45  1  43
6  45  1  39
7  45  1  66
8  45  1  70
9  45  1  13
10  45  1  65
11  45  1  34
12  45  1  30
13  45  1  25
14  45  1  82
15  45  1  56
16  45  1  40
17  45  1  12
18  45  1  85
19  45  1  37
20  45  1  29
21  45  1  85
22  45  1  66
23  45  1  22
24  45  1  61
25  45  1  17
26  45  1  12
27  45  1  28
28  45  1  78
29  45  1  44
30  45  1  85
1  46  1  73
2  46  1  48
3  46  1  42
4  46  1  30
5  46  1  63
6  46  1  49
7  46  1  67
8  46  1  31
9  46  1  66
10  46  1  11
11  46  1  82
12  46  1  37
13  46  1  21
14  46  1  59
15  46  1  88
16  46  1  68
17  46  1  27
18  46  1  73
19  46  1  53
20  46  1  38
21  46  1  31
22  46  1  79
23  46  1  71
24  46  1  87
25  46  1  41
26  46  1  32
27  46  1  46
28  46  1  73
29  46  1  39
30  46  1  26
1  47  1  48
2  47  1  58
3  47  1  33
4  47  1  19
5  47  1  40
6  47  1  82
7  47  1  62
8  47  1  45
9  47  1  11
10  47  1  60
11  47  1  60
12  47  1  39
13  47  1  10
14  47  1  45
15  47  1  26
16  47  1  14
17  47  1  17
18  47  1  10
19  47  1  23
20  47  1  48
21  47  1  32
22  47  1  53
23  47  1  30
24  47  1  66
25  47  1  11
26  47  1  49
27  47  1  20
28  47  1  12
29  47  1  80
30  47  1  29
1  48  1  69
2  48  1  66
3  48  1  49
4  48  1  57
5  48  1  63
6  48  1  78
7  48  1  88
8  48  1  47
9  48  1  29
10  48  1  81
11  48  1  69
12  48  1  80
13  48  1  14
14  48  1  36
15  48  1  57
16  48  1  29
17  48  1  52
18  48  1  21
19  48  1  74
20  48  1  87
21  48  1  65
22  48  1  72
23  48  1  37
24  48  1  81
25  48  1  42
26  48  1  35
27  48  1  62
28  48  1  18
29  48  1  53
30  48  1  38
1  49  1  90
2  49  1  20
3  49  1  20
4  49  1  22
5  49  1  61
6  49  1  37
7  49  1  50
8  49  1  17
9  49  1  38
10  49  1  19
11  49  1  69
12  49  1  52
13  49  1  24
14  49  1  90
15  49  1  35
16  49  1  76
17  49  1  61
18  49  1  55
19  49  1  86
20  49  1  43
21  49  1  48
22  49  1  57
23  49  1  80
24  49  1  16
25  49  1  55
26  49  1  44
27  49  1  10
28  49  1  63
29  49  1  65
30  49  1  51
1  50  1  11
2  50  1  61
3  50  1  86
4  50  1  21
5  50  1  24
6  50  1  18
7  50  1  77
8  50  1  17
9  50  1  30
10  50  1  22
11  50  1  35
12  50  1  81
13  50  1  24
14  50  1  25
15  50  1  33
16  50  1  57
17  50  1  50
18  50  1  22
19  50  1  53
20  50  1  19
21  50  1  75
22  50  1  87
23  50  1  71
24  50  1  78
25  50  1  44
26  50  1  83
27  50  1  54
28  50  1  41
29  50  1  45
30  50  1  81
1  1  2  36.96
2  1  2  30
3  1  2  24.19
4  1  2  38.64
5  1  2  34.16
6  1  2  40.7
7  1  2  17.48
8  1  2  36.48
9  1  2  18.86
10  1  2  10.8
11  1  2  22
12  1  2  4.9
13  1  2  29
14  1  2  38.64
15  1  2  10.56
16  1  2  21.84
17  1  2  34.02
18  1  2  29.7
19  1  2  10.58
20  1  2  23.52
21  1  2  4.9
22  1  2  45.9
23  1  2  40.32
24  1  2  6.16
25  1  2  5.4
26  1  2  17.22
27  1  2  31.85
28  1  2  37.26
29  1  2  29.5
30  1  2  17.36
1  2  2  9.66
2  2  2  47.4
3  2  2  16.52
4  2  2  24.38
5  2  2  21.84
6  2  2  40.7
7  2  2  26.68
8  2  2  6.72
9  2  2  39.56
10  2  2  35.1
11  2  2  23.1
12  2  2  22.54
13  2  2  31
14  2  2  6.9
15  2  2  39.36
16  2  2  34.86
17  2  2  35.7
18  2  2  33.48
19  2  2  27.6
20  2  2  16.66
21  2  2  21.56
22  2  2  7.02
23  2  2  40.32
24  2  2  33.44
25  2  2  30.6
26  2  2  25.01
27  2  2  28.91
28  2  2  34.5
29  2  2  31.27
30  2  2  38.64
1  3  2  32.34
2  3  2  25.2
3  3  2  10.62
4  3  2  27.14
5  3  2  15.68
6  3  2  33
7  3  2  9.2
8  3  2  12.96
9  3  2  37.72
10  3  2  18
11  3  2  39.05
12  3  2  15.68
13  3  2  29
14  3  2  4.6
15  3  2  39.84
16  3  2  4.2
17  3  2  36.12
18  3  2  14.04
19  3  2  20.24
20  3  2  28.91
21  3  2  43.61
22  3  2  13.5
23  3  2  18.48
24  3  2  25.08
25  3  2  14.4
26  3  2  21.32
27  3  2  36.75
28  3  2  6.9
29  3  2  34.22
30  3  2  14.56
1  4  2  36.54
2  4  2  45
3  4  2  33.04
4  4  2  34.04
5  4  2  10.08
6  4  2  42.35
7  4  2  20.7
8  4  2  29.76
9  4  2  32.66
10  4  2  9.45
11  4  2  20.35
12  4  2  4.9
13  4  2  12.5
14  4  2  11.5
15  4  2  37.92
16  4  2  28.98
17  4  2  31.92
18  4  2  31.32
19  4  2  15.18
20  4  2  32.83
21  4  2  14.7
22  4  2  16.2
23  4  2  25.2
24  4  2  15.4
25  4  2  38.7
26  4  2  29.52
27  4  2  40.67
28  4  2  14.72
29  4  2  8.26
30  4  2  16.24
1  5  2  29.4
2  5  2  12.6
3  5  2  17.7
4  5  2  37.26
5  5  2  38.64
6  5  2  29.7
7  5  2  9.66
8  5  2  20.64
9  5  2  21.62
10  5  2  35.1
11  5  2  36.85
12  5  2  42.63
13  5  2  23
14  5  2  18.86
15  5  2  24
16  5  2  13.02
17  5  2  25.2
18  5  2  17.82
19  5  2  16.1
20  5  2  18.62
21  5  2  39.69
22  5  2  23.22
23  5  2  46.48
24  5  2  8.36
25  5  2  27
26  5  2  26.24
27  5  2  18.13
28  5  2  35.88
29  5  2  20.06
30  5  2  19.6
1  6  2  35.28
2  6  2  30
3  6  2  17.11
4  6  2  6.44
5  6  2  5.6
6  6  2  36.85
7  6  2  21.16
8  6  2  4.8
9  6  2  9.66
10  6  2  23.4
11  6  2  39.05
12  6  2  16.17
13  6  2  38.5
14  6  2  13.34
15  6  2  33.6
16  6  2  34.86
17  6  2  24.78
18  6  2  19.98
19  6  2  10.58
20  6  2  13.72
21  6  2  25.97
22  6  2  26.46
23  6  2  20.16
24  6  2  29.48
25  6  2  21.6
26  6  2  4.1
27  6  2  43.12
28  6  2  17.48
29  6  2  23.6
30  6  2  9.52
1  7  2  4.2
2  7  2  37.8
3  7  2  18.88
4  7  2  20.24
5  7  2  36.96
6  7  2  6.6
7  7  2  18.86
8  7  2  24
9  7  2  18.86
10  7  2  11.25
11  7  2  10.45
12  7  2  36.26
13  7  2  7.5
14  7  2  27.6
15  7  2  17.28
16  7  2  30.66
17  7  2  5.88
18  7  2  15.66
19  7  2  40.94
20  7  2  30.38
21  7  2  34.79
22  7  2  35.1
23  7  2  25.76
24  7  2  14.96
25  7  2  27.45
26  7  2  16.4
27  7  2  9.31
28  7  2  5.06
29  7  2  16.52
30  7  2  34.72
1  8  2  30.24
2  8  2  24.6
3  8  2  51.92
4  8  2  24.38
5  8  2  47.04
6  8  2  7.15
7  8  2  31.74
8  8  2  21.12
9  8  2  35.42
10  8  2  8.1
11  8  2  10.45
12  8  2  36.26
13  8  2  18
14  8  2  28.52
15  8  2  6.72
16  8  2  7.98
17  8  2  20.58
18  8  2  47.52
19  8  2  26.22
20  8  2  13.23
21  8  2  31.36
22  8  2  21.06
23  8  2  26.88
24  8  2  16.72
25  8  2  36.9
26  8  2  36.9
27  8  2  24.99
28  8  2  24.38
29  8  2  7.67
30  8  2  30.24
1  9  2  27.72
2  9  2  19.2
3  9  2  19.47
4  9  2  32.66
5  9  2  35.84
6  9  2  46.75
7  9  2  35.88
8  9  2  27.36
9  9  2  9.66
10  9  2  39.15
11  9  2  43.45
12  9  2  28.42
13  9  2  12
14  9  2  34.96
15  9  2  17.76
16  9  2  8.82
17  9  2  15.12
18  9  2  42.12
19  9  2  24.84
20  9  2  43.61
21  9  2  36.26
22  9  2  14.04
23  9  2  38.64
24  9  2  12.32
25  9  2  16.65
26  9  2  34.03
27  9  2  38.22
28  9  2  15.18
29  9  2  8.85
30  9  2  36.4
1  10  2  7.14
2  10  2  20.4
3  10  2  48.97
4  10  2  30.36
5  10  2  49.28
6  10  2  14.3
7  10  2  5.52
8  10  2  40.32
9  10  2  25.76
10  10  2  30.15
11  10  2  30.8
12  10  2  38.71
13  10  2  9.5
14  10  2  39.56
15  10  2  36.96
16  10  2  31.5
17  10  2  21
18  10  2  23.76
19  10  2  37.26
20  10  2  9.8
21  10  2  10.29
22  10  2  21.06
23  10  2  6.16
24  10  2  29.04
25  10  2  4.95
26  10  2  23.78
27  10  2  44.1
28  10  2  39.56
29  10  2  47.79
30  10  2  16.24
1  11  2  23.52
2  11  2  14.4
3  11  2  38.35
4  11  2  30.82
5  11  2  21.28
6  11  2  15.95
7  11  2  18.4
8  11  2  8.16
9  11  2  28.52
10  11  2  10.35
11  11  2  46.75
12  11  2  14.21
13  11  2  18.5
14  11  2  33.12
15  11  2  24.96
16  11  2  9.24
17  11  2  30.24
18  11  2  8.64
19  11  2  30.82
20  11  2  22.05
21  11  2  9.31
22  11  2  45.9
23  11  2  8.4
24  11  2  29.48
25  11  2  4.5
26  11  2  15.58
27  11  2  4.9
28  11  2  17.48
29  11  2  40.71
30  11  2  47.6
1  12  2  36.96
2  12  2  49.2
3  12  2  44.84
4  12  2  37.26
5  12  2  40.32
6  12  2  15.95
7  12  2  30.82
8  12  2  6.72
9  12  2  31.28
10  12  2  24.75
11  12  2  14.85
12  12  2  19.6
13  12  2  12.5
14  12  2  40.02
15  12  2  11.04
16  12  2  33.18
17  12  2  26.46
18  12  2  19.98
19  12  2  29.44
20  12  2  35.28
21  12  2  14.7
22  12  2  31.32
23  12  2  36.96
24  12  2  25.08
25  12  2  20.25
26  12  2  20.91
27  12  2  43.12
28  12  2  37.26
29  12  2  31.27
30  12  2  36.96
1  13  2  31.08
2  13  2  21.6
3  13  2  24.19
4  13  2  8.74
5  13  2  26.32
6  13  2  37.95
7  13  2  11.96
8  13  2  29.76
9  13  2  23.92
10  13  2  27.45
11  13  2  39.05
12  13  2  21.56
13  13  2  13.5
14  13  2  8.28
15  13  2  19.68
16  13  2  24.36
17  13  2  13.86
18  13  2  39.42
19  13  2  40.48
20  13  2  23.03
21  13  2  13.23
22  13  2  22.14
23  13  2  20.72
24  13  2  37.84
25  13  2  30.15
26  13  2  15.17
27  13  2  42.63
28  13  2  13.34
29  13  2  23.01
30  13  2  24.64
1  14  2  9.24
2  14  2  46.2
3  14  2  46.61
4  14  2  7.82
5  14  2  26.88
6  14  2  20.35
7  14  2  11.04
8  14  2  20.64
9  14  2  23
10  14  2  25.2
11  14  2  31.9
12  14  2  39.69
13  14  2  39.5
14  14  2  30.36
15  14  2  5.28
16  14  2  15.54
17  14  2  17.64
18  14  2  39.96
19  14  2  36.34
20  14  2  6.37
21  14  2  7.84
22  14  2  46.44
23  14  2  50.4
24  14  2  9.68
25  14  2  12.6
26  14  2  34.44
27  14  2  36.75
28  14  2  39.56
29  14  2  35.4
30  14  2  5.6
1  15  2  33.18
2  15  2  16.2
3  15  2  5.9
4  15  2  16.56
5  15  2  46.48
6  15  2  12.1
7  15  2  27.14
8  15  2  22.08
9  15  2  28.98
10  15  2  25.2
11  15  2  26.4
12  15  2  17.64
13  15  2  26
14  15  2  31.28
15  15  2  13.92
16  15  2  23.1
17  15  2  23.94
18  15  2  48.06
19  15  2  23.92
20  15  2  7.84
21  15  2  38.71
22  15  2  47.52
23  15  2  8.4
24  15  2  30.8
25  15  2  37.35
26  15  2  33.21
27  15  2  21.07
28  15  2  26.22
29  15  2  20.65
30  15  2  42
1  16  2  34.44
2  16  2  22.8
3  16  2  49.56
4  16  2  28.52
5  16  2  39.76
6  16  2  24.2
7  16  2  18.4
8  16  2  30.24
9  16  2  32.66
10  16  2  26.1
11  16  2  47.85
12  16  2  5.39
13  16  2  6.5
14  16  2  28.06
15  16  2  17.76
16  16  2  29.82
17  16  2  9.24
18  16  2  47.52
19  16  2  21.62
20  16  2  32.34
21  16  2  8.82
22  16  2  47.52
23  16  2  42
24  16  2  7.92
25  16  2  4.95
26  16  2  21.73
27  16  2  40.67
28  16  2  15.18
29  16  2  8.85
30  16  2  20.72
1  17  2  19.74
2  17  2  46.8
3  17  2  37.76
4  17  2  13.8
5  17  2  47.6
6  17  2  30.8
7  17  2  25.3
8  17  2  29.76
9  17  2  28.52
10  17  2  7.65
11  17  2  43.45
12  17  2  22.54
13  17  2  12.5
14  17  2  21.62
15  17  2  39.36
16  17  2  24.78
17  17  2  36.96
18  17  2  32.4
19  17  2  27.14
20  17  2  16.66
21  17  2  42.63
22  17  2  16.2
23  17  2  34.16
24  17  2  33
25  17  2  11.25
26  17  2  33.62
27  17  2  22.54
28  17  2  26.68
29  17  2  35.99
30  17  2  11.76
1  18  2  5.04
2  18  2  24.6
3  18  2  48.97
4  18  2  14.26
5  18  2  17.92
6  18  2  36.85
7  18  2  28.98
8  18  2  27.84
9  18  2  34.04
10  18  2  27.45
11  18  2  8.8
12  18  2  34.3
13  18  2  43.5
14  18  2  31.28
15  18  2  27.84
16  18  2  4.62
17  18  2  6.72
18  18  2  9.18
19  18  2  38.18
20  18  2  27.93
21  18  2  15.19
22  18  2  21.6
23  18  2  48.16
24  18  2  25.52
25  18  2  30.15
26  18  2  36.08
27  18  2  34.3
28  18  2  29.44
29  18  2  47.2
30  18  2  33.6
1  19  2  37.8
2  19  2  25.8
3  19  2  49.56
4  19  2  6.9
5  19  2  26.88
6  19  2  44
7  19  2  33.12
8  19  2  37.92
9  19  2  27.6
10  19  2  14.4
11  19  2  7.7
12  19  2  43.61
13  19  2  11.5
14  19  2  36.34
15  19  2  29.28
16  19  2  22.68
17  19  2  15.54
18  19  2  46.98
19  19  2  40.48
20  19  2  19.11
21  19  2  37.73
22  19  2  28.08
23  19  2  16.24
24  19  2  26.84
25  19  2  31.95
26  19  2  11.48
27  19  2  37.73
28  19  2  34.96
29  19  2  24.19
30  19  2  15.12
1  20  2  4.2
2  20  2  16.2
3  20  2  43.66
4  20  2  12.88
5  20  2  30.8
6  20  2  48.95
7  20  2  28.06
8  20  2  8.64
9  20  2  39.56
10  20  2  13.05
11  20  2  12.65
12  20  2  23.03
13  20  2  12.5
14  20  2  32.2
15  20  2  18.72
16  20  2  30.24
17  20  2  14.7
18  20  2  27
19  20  2  34.96
20  20  2  42.14
21  20  2  14.21
22  20  2  17.82
23  20  2  13.44
24  20  2  7.92
25  20  2  11.7
26  20  2  9.84
27  20  2  39.69
28  20  2  5.52
29  20  2  13.57
30  20  2  25.2
1  21  2  34.44
2  21  2  34.2
3  21  2  47.2
4  21  2  40.94
5  21  2  40.88
6  21  2  7.7
7  21  2  28.98
8  21  2  23.52
9  21  2  28.98
10  21  2  13.95
11  21  2  20.35
12  21  2  12.74
13  21  2  38
14  21  2  31.74
15  21  2  28.32
16  21  2  27.72
17  21  2  7.56
18  21  2  42.66
19  21  2  40.48
20  21  2  20.58
21  21  2  15.68
22  21  2  17.82
23  21  2  18.48
24  21  2  34.32
25  21  2  38.25
26  21  2  14.35
27  21  2  19.11
28  21  2  7.36
29  21  2  50.74
30  21  2  48.16
1  22  2  11.76
2  22  2  48.6
3  22  2  50.15
4  22  2  34.96
5  22  2  13.44
6  22  2  29.15
7  22  2  6.9
8  22  2  33.12
9  22  2  31.74
10  22  2  26.1
11  22  2  24.2
12  22  2  31.85
13  22  2  35
14  22  2  41.4
15  22  2  7.68
16  22  2  11.34
17  22  2  15.12
18  22  2  41.58
19  22  2  32.66
20  22  2  34.79
21  22  2  17.15
22  22  2  29.7
23  22  2  42.56
24  22  2  17.16
25  22  2  18.9
26  22  2  4.51
27  22  2  16.66
28  22  2  29.9
29  22  2  28.91
30  22  2  31.36
1  23  2  27.3
2  23  2  48.6
3  23  2  47.79
4  23  2  37.72
5  23  2  37.52
6  23  2  33
7  23  2  10.12
8  23  2  18.72
9  23  2  5.06
10  23  2  30.6
11  23  2  19.25
12  23  2  5.39
13  23  2  6
14  23  2  5.98
15  23  2  28.8
16  23  2  6.3
17  23  2  36.96
18  23  2  10.26
19  23  2  13.8
20  23  2  43.61
21  23  2  22.54
22  23  2  12.96
23  23  2  16.8
24  23  2  24.2
25  23  2  9.9
26  23  2  29.93
27  23  2  37.24
28  23  2  23
29  23  2  18.88
30  23  2  44.24
1  24  2  24.78
2  24  2  53.4
3  24  2  14.75
4  24  2  17.48
5  24  2  11.2
6  24  2  24.2
7  24  2  19.78
8  24  2  42.24
9  24  2  36.8
10  24  2  31.95
11  24  2  47.85
12  24  2  24.99
13  24  2  16.5
14  24  2  5.06
15  24  2  33.12
16  24  2  37.38
17  24  2  36.96
18  24  2  31.86
19  24  2  28.06
20  24  2  9.31
21  24  2  28.42
22  24  2  41.04
23  24  2  31.92
24  24  2  31.68
25  24  2  29.7
26  24  2  15.58
27  24  2  10.78
28  24  2  40.94
29  24  2  45.43
30  24  2  28.56
1  25  2  16.8
2  25  2  19.8
3  25  2  21.83
4  25  2  13.8
5  25  2  5.6
6  25  2  42.9
7  25  2  33.58
8  25  2  10.08
9  25  2  10.58
10  25  2  19.35
11  25  2  8.8
12  25  2  35.28
13  25  2  20
14  25  2  11.5
15  25  2  39.36
16  25  2  19.32
17  25  2  27.3
18  25  2  32.4
19  25  2  36.8
20  25  2  39.2
21  25  2  25.97
22  25  2  15.66
23  25  2  40.88
24  25  2  20.24
25  25  2  26.1
26  25  2  23.37
27  25  2  44.1
28  25  2  40.48
29  25  2  24.78
30  25  2  25.2
1  26  2  4.62
2  26  2  7.8
3  26  2  31.27
4  26  2  12.42
5  26  2  31.36
6  26  2  24.2
7  26  2  39.56
8  26  2  15.36
9  26  2  23
10  26  2  35.1
11  26  2  9.9
12  26  2  24.5
13  26  2  30.5
14  26  2  28.06
15  26  2  21.6
16  26  2  26.04
17  26  2  33.6
18  26  2  30.78
19  26  2  31.28
20  26  2  20.09
21  26  2  9.8
22  26  2  15.66
23  26  2  32.48
24  26  2  9.24
25  26  2  12.15
26  26  2  28.7
27  26  2  9.8
28  26  2  30.36
29  26  2  33.04
30  26  2  12.88
1  27  2  37.8
2  27  2  49.8
3  27  2  20.65
4  27  2  33.12
5  27  2  6.16
6  27  2  48.4
7  27  2  34.5
8  27  2  33.6
9  27  2  11.5
10  27  2  16.2
11  27  2  15.4
12  27  2  18.13
13  27  2  15.5
14  27  2  32.66
15  27  2  33.12
16  27  2  14.7
17  27  2  29.4
18  27  2  22.14
19  27  2  30.36
20  27  2  43.61
21  27  2  11.76
22  27  2  17.28
23  27  2  50.4
24  27  2  14.08
25  27  2  17.1
26  27  2  9.02
27  27  2  33.32
28  27  2  7.82
29  27  2  34.81
30  27  2  32.48
1  28  2  6.72
2  28  2  42
3  28  2  35.99
4  28  2  24.84
5  28  2  19.04
6  28  2  29.15
7  28  2  12.42
8  28  2  37.44
9  28  2  5.98
10  28  2  15.75
11  28  2  11
12  28  2  7.35
13  28  2  23
14  28  2  33.12
15  28  2  7.68
16  28  2  26.04
17  28  2  29.4
18  28  2  43.2
19  28  2  40.02
20  28  2  37.73
21  28  2  9.8
22  28  2  41.04
23  28  2  23.52
24  28  2  9.68
25  28  2  36.9
26  28  2  12.3
27  28  2  8.33
28  28  2  4.6
29  28  2  49.56
30  28  2  8.96
1  29  2  30.24
2  29  2  36
3  29  2  41.89
4  29  2  38.64
5  29  2  48.16
6  29  2  35.75
7  29  2  39.1
8  29  2  27.36
9  29  2  23
10  29  2  40.5
11  29  2  19.8
12  29  2  31.36
13  29  2  33
14  29  2  31.74
15  29  2  39.84
16  29  2  31.5
17  29  2  36.12
18  29  2  16.74
19  29  2  25.76
20  29  2  43.12
21  29  2  23.52
22  29  2  40.5
23  29  2  18.48
24  29  2  33
25  29  2  27.9
26  29  2  32.39
27  29  2  18.62
28  29  2  11.04
29  29  2  36.58
30  29  2  38.64
1  30  2  31.08
2  30  2  16.2
3  30  2  21.83
4  30  2  20.7
5  30  2  20.72
6  30  2  37.4
7  30  2  8.28
8  30  2  36.96
9  30  2  29.44
10  30  2  39.6
11  30  2  12.1
12  30  2  22.54
13  30  2  34.5
14  30  2  40.02
15  30  2  39.84
16  30  2  24.36
17  30  2  10.92
18  30  2  42.66
19  30  2  22.08
20  30  2  13.72
21  30  2  36.75
22  30  2  37.8
23  30  2  19.04
24  30  2  23.76
25  30  2  40.05
26  30  2  9.43
27  30  2  20.09
28  30  2  26.22
29  30  2  39.53
30  30  2  10.64
1  31  2  14.28
2  31  2  40.2
3  31  2  17.11
4  31  2  8.28
5  31  2  21.28
6  31  2  18.15
7  31  2  12.42
8  31  2  32.16
9  31  2  41.4
10  31  2  23.4
11  31  2  14.85
12  31  2  39.2
13  31  2  5
14  31  2  26.22
15  31  2  38.88
16  31  2  37.8
17  31  2  8.82
18  31  2  18.9
19  31  2  9.66
20  31  2  5.39
21  31  2  15.68
22  31  2  43.74
23  31  2  30.8
24  31  2  15.84
25  31  2  26.1
26  31  2  31.98
27  31  2  19.6
28  31  2  15.64
29  31  2  17.11
30  31  2  27.44
1  32  2  27.72
2  32  2  13.2
3  32  2  19.47
4  32  2  40.48
5  32  2  36.4
6  32  2  48.95
7  32  2  10.58
8  32  2  12
9  32  2  13.34
10  32  2  20.7
11  32  2  15.95
12  32  2  29.89
13  32  2  5
14  32  2  14.26
15  32  2  26.4
16  32  2  31.08
17  32  2  37.38
18  32  2  20.52
19  32  2  18.86
20  32  2  9.31
21  32  2  29.4
22  32  2  45.36
23  32  2  10.08
24  32  2  6.6
25  32  2  31.5
26  32  2  28.7
27  32  2  44.1
28  32  2  6.9
29  32  2  37.76
30  32  2  22.96
1  33  2  28.56
2  33  2  27
3  33  2  43.66
4  33  2  14.72
5  33  2  27.44
6  33  2  18.15
7  33  2  40.48
8  33  2  40.32
9  33  2  16.56
10  33  2  23.4
11  33  2  18.15
12  33  2  25.97
13  33  2  5
14  33  2  38.18
15  33  2  23.04
16  33  2  11.34
17  33  2  25.2
18  33  2  25.92
19  33  2  11.96
20  33  2  38.71
21  33  2  22.54
22  33  2  43.74
23  33  2  16.8
24  33  2  5.72
25  33  2  38.25
26  33  2  18.45
27  33  2  5.88
28  33  2  38.64
29  33  2  32.45
30  33  2  42.56
1  34  2  32.34
2  34  2  16.2
3  34  2  29.5
4  34  2  40.48
5  34  2  49.84
6  34  2  13.75
7  34  2  19.32
8  34  2  14.88
9  34  2  19.32
10  34  2  8.55
11  34  2  37.4
12  34  2  38.22
13  34  2  29
14  34  2  26.68
15  34  2  9.12
16  34  2  13.02
17  34  2  8.4
18  34  2  7.02
19  34  2  35.88
20  34  2  35.28
21  34  2  15.19
22  34  2  20.52
23  34  2  20.16
24  34  2  20.24
25  34  2  40.5
26  34  2  18.45
27  34  2  33.81
28  34  2  5.06
29  34  2  38.35
30  34  2  30.8
1  35  2  5.46
2  35  2  36
3  35  2  5.9
4  35  2  17.94
5  35  2  11.76
6  35  2  42.9
7  35  2  17.02
8  35  2  39.84
9  35  2  40.48
10  35  2  27.9
11  35  2  22
12  35  2  12.25
13  35  2  22
14  35  2  39.56
15  35  2  18.24
16  35  2  32.76
17  35  2  17.64
18  35  2  35.1
19  35  2  31.28
20  35  2  13.72
21  35  2  19.11
22  35  2  26.46
23  35  2  19.6
24  35  2  7.04
25  35  2  22.5
26  35  2  33.62
27  35  2  16.66
28  35  2  34.5
29  35  2  27.14
30  35  2  14.56
1  36  2  23.94
2  36  2  11.4
3  36  2  50.74
4  36  2  31.28
5  36  2  20.72
6  36  2  41.8
7  36  2  4.6
8  36  2  34.56
9  36  2  35.42
10  36  2  12.15
11  36  2  44.55
12  36  2  19.6
13  36  2  16.5
14  36  2  41.4
15  36  2  38.88
16  36  2  20.16
17  36  2  20.58
18  36  2  33.48
19  36  2  13.8
20  36  2  8.33
21  36  2  8.82
22  36  2  18.9
23  36  2  16.8
24  36  2  31.68
25  36  2  19.8
26  36  2  24.19
27  36  2  13.23
28  36  2  34.96
29  36  2  37.76
30  36  2  23.52
1  37  2  24.78
2  37  2  54
3  37  2  11.21
4  37  2  5.98
5  37  2  24.08
6  37  2  20.9
7  37  2  32.2
8  37  2  18.24
9  37  2  15.18
10  37  2  20.7
11  37  2  34.65
12  37  2  31.36
13  37  2  30.5
14  37  2  26.68
15  37  2  31.2
16  37  2  29.4
17  37  2  7.98
18  37  2  42.66
19  37  2  6.9
20  37  2  43.12
21  37  2  26.95
22  37  2  12.96
23  37  2  11.2
24  37  2  12.76
25  37  2  33.3
26  37  2  21.73
27  37  2  27.93
28  37  2  27.6
29  37  2  26.55
30  37  2  8.4
1  38  2  12.18
2  38  2  7.2
3  38  2  37.17
4  38  2  18.4
5  38  2  38.64
6  38  2  36.3
7  38  2  14.72
8  38  2  34.08
9  38  2  9.2
10  38  2  4.5
11  38  2  29.7
12  38  2  29.4
13  38  2  27.5
14  38  2  27.6
15  38  2  17.76
16  38  2  33.18
17  38  2  17.64
18  38  2  45.36
19  38  2  17.02
20  38  2  31.85
21  38  2  30.38
22  38  2  8.64
23  38  2  6.72
24  38  2  10.56
25  38  2  35.55
26  38  2  5.33
27  38  2  29.89
28  38  2  37.26
29  38  2  20.06
30  38  2  40.88
1  39  2  21
2  39  2  19.2
3  39  2  5.9
4  39  2  21.16
5  39  2  10.64
6  39  2  47.3
7  39  2  22.08
8  39  2  11.04
9  39  2  18.86
10  39  2  8.1
11  39  2  15.95
12  39  2  22.05
13  39  2  9
14  39  2  7.82
15  39  2  29.28
16  39  2  29.82
17  39  2  26.46
18  39  2  16.2
19  39  2  31.74
20  39  2  26.95
21  39  2  38.22
22  39  2  16.2
23  39  2  33.6
24  39  2  23.32
25  39  2  40.5
26  39  2  22.96
27  39  2  35.77
28  39  2  26.22
29  39  2  40.12
30  39  2  19.6
1  40  2  22.26
2  40  2  43.2
3  40  2  48.38
4  40  2  37.72
5  40  2  29.12
6  40  2  19.8
7  40  2  34.96
8  40  2  21.6
9  40  2  17.94
10  40  2  20.25
11  40  2  49.5
12  40  2  10.78
13  40  2  15.5
14  40  2  27.6
15  40  2  38.88
16  40  2  19.32
17  40  2  28.56
18  40  2  8.1
19  40  2  10.12
20  40  2  35.77
21  40  2  14.21
22  40  2  32.94
23  40  2  38.64
24  40  2  35.64
25  40  2  14.85
26  40  2  29.52
27  40  2  6.86
28  40  2  5.06
29  40  2  23.01
30  40  2  36.96
1  41  2  5.88
2  41  2  48
3  41  2  31.86
4  41  2  7.82
5  41  2  39.76
6  41  2  28.6
7  41  2  12.88
8  41  2  13.92
9  41  2  9.2
10  41  2  16.2
11  41  2  15.95
12  41  2  34.3
13  41  2  27.5
14  41  2  26.22
15  41  2  10.08
16  41  2  33.6
17  41  2  9.66
18  41  2  11.88
19  41  2  30.82
20  41  2  17.64
21  41  2  5.88
22  41  2  21.6
23  41  2  10.64
24  41  2  31.24
25  41  2  8.55
26  41  2  19.68
27  41  2  40.18
28  41  2  32.2
29  41  2  44.84
30  41  2  47.04
1  42  2  15.96
2  42  2  51.6
3  42  2  27.14
4  42  2  7.82
5  42  2  49.84
6  42  2  22.55
7  42  2  20.7
8  42  2  5.76
9  42  2  5.06
10  42  2  24.3
11  42  2  28.05
12  42  2  43.61
13  42  2  13
14  42  2  6.9
15  42  2  5.76
16  42  2  9.66
17  42  2  18.48
18  42  2  27
19  42  2  29.9
20  42  2  11.27
21  42  2  30.38
22  42  2  41.58
23  42  2  35.28
24  42  2  36.52
25  42  2  32.4
26  42  2  33.62
27  42  2  12.25
28  42  2  34.04
29  42  2  48.38
30  42  2  37.52
1  43  2  13.44
2  43  2  10.8
3  43  2  27.14
4  43  2  13.8
5  43  2  19.04
6  43  2  24.75
7  43  2  29.9
8  43  2  35.52
9  43  2  7.82
10  43  2  31.5
11  43  2  13.2
12  43  2  28.91
13  43  2  7.5
14  43  2  30.82
15  43  2  22.08
16  43  2  18.06
17  43  2  36.54
18  43  2  41.04
19  43  2  12.42
20  43  2  27.44
21  43  2  38.22
22  43  2  44.28
23  43  2  8.4
24  43  2  11
25  43  2  31.05
26  43  2  25.01
27  43  2  39.69
28  43  2  11.96
29  43  2  40.71
30  43  2  33.6
1  44  2  28.56
2  44  2  22.2
3  44  2  29.5
4  44  2  28.06
5  44  2  22.4
6  44  2  39.6
7  44  2  40.94
8  44  2  21.12
9  44  2  24.84
10  44  2  33.75
11  44  2  26.95
12  44  2  37.73
13  44  2  31.5
14  44  2  39.56
15  44  2  12.48
16  44  2  16.8
17  44  2  11.34
18  44  2  27
19  44  2  38.64
20  44  2  15.19
21  44  2  20.58
22  44  2  41.04
23  44  2  43.68
24  44  2  7.92
25  44  2  21.6
26  44  2  20.09
27  44  2  17.64
28  44  2  25.3
29  44  2  7.08
30  44  2  20.16
1  45  2  28.98
2  45  2  30
3  45  2  17.11
4  45  2  40.48
5  45  2  24.08
6  45  2  21.45
7  45  2  30.36
8  45  2  33.6
9  45  2  5.98
10  45  2  29.25
11  45  2  18.7
12  45  2  14.7
13  45  2  12.5
14  45  2  37.72
15  45  2  26.88
16  45  2  16.8
17  45  2  5.04
18  45  2  45.9
19  45  2  17.02
20  45  2  14.21
21  45  2  41.65
22  45  2  35.64
23  45  2  12.32
24  45  2  26.84
25  45  2  7.65
26  45  2  4.92
27  45  2  13.72
28  45  2  35.88
29  45  2  25.96
30  45  2  47.6
1  46  2  30.66
2  46  2  28.8
3  46  2  24.78
4  46  2  13.8
5  46  2  35.28
6  46  2  26.95
7  46  2  30.82
8  46  2  14.88
9  46  2  30.36
10  46  2  4.95
11  46  2  45.1
12  46  2  18.13
13  46  2  10.5
14  46  2  27.14
15  46  2  42.24
16  46  2  28.56
17  46  2  11.34
18  46  2  39.42
19  46  2  24.38
20  46  2  18.62
21  46  2  15.19
22  46  2  42.66
23  46  2  39.76
24  46  2  38.28
25  46  2  18.45
26  46  2  13.12
27  46  2  22.54
28  46  2  33.58
29  46  2  23.01
30  46  2  14.56
1  47  2  20.16
2  47  2  34.8
3  47  2  19.47
4  47  2  8.74
5  47  2  22.4
6  47  2  45.1
7  47  2  28.52
8  47  2  21.6
9  47  2  5.06
10  47  2  27
11  47  2  33
12  47  2  19.11
13  47  2  5
14  47  2  20.7
15  47  2  12.48
16  47  2  5.88
17  47  2  7.14
18  47  2  5.4
19  47  2  10.58
20  47  2  23.52
21  47  2  15.68
22  47  2  28.62
23  47  2  16.8
24  47  2  29.04
25  47  2  4.95
26  47  2  20.09
27  47  2  9.8
28  47  2  5.52
29  47  2  47.2
30  47  2  16.24
1  48  2  28.98
2  48  2  39.6
3  48  2  28.91
4  48  2  26.22
5  48  2  35.28
6  48  2  42.9
7  48  2  40.48
8  48  2  22.56
9  48  2  13.34
10  48  2  36.45
11  48  2  37.95
12  48  2  39.2
13  48  2  7
14  48  2  16.56
15  48  2  27.36
16  48  2  12.18
17  48  2  21.84
18  48  2  11.34
19  48  2  34.04
20  48  2  42.63
21  48  2  31.85
22  48  2  38.88
23  48  2  20.72
24  48  2  35.64
25  48  2  18.9
26  48  2  14.35
27  48  2  30.38
28  48  2  8.28
29  48  2  31.27
30  48  2  21.28
1  49  2  37.8
2  49  2  12
3  49  2  11.8
4  49  2  10.12
5  49  2  34.16
6  49  2  20.35
7  49  2  23
8  49  2  8.16
9  49  2  17.48
10  49  2  8.55
11  49  2  37.95
12  49  2  25.48
13  49  2  12
14  49  2  41.4
15  49  2  16.8
16  49  2  31.92
17  49  2  25.62
18  49  2  29.7
19  49  2  39.56
20  49  2  21.07
21  49  2  23.52
22  49  2  30.78
23  49  2  44.8
24  49  2  7.04
25  49  2  24.75
26  49  2  18.04
27  49  2  4.9
28  49  2  28.98
29  49  2  38.35
30  49  2  28.56
1  50  2  4.62
2  50  2  36.6
3  50  2  50.74
4  50  2  9.66
5  50  2  13.44
6  50  2  9.9
7  50  2  35.42
8  50  2  8.16
9  50  2  13.8
10  50  2  9.9
11  50  2  19.25
12  50  2  39.69
13  50  2  12
14  50  2  11.5
15  50  2  15.84
16  50  2  23.94
17  50  2  21
18  50  2  11.88
19  50  2  24.38
20  50  2  9.31
21  50  2  36.75
22  50  2  46.98
23  50  2  39.76
24  50  2  34.32
25  50  2  19.8
26  50  2  34.03
27  50  2  26.46
28  50  2  18.86
29  50  2  26.55
30  50  2  45.36
;

param xi_base :=
1  1  88
2  1  50
3  1  41
4  1  84
5  1  61
6  1  74
7  1  38
8  1  76
9  1  41
10  1  24
11  1  40
12  1  10
13  1  58
14  1  84
15  1  22
16  1  52
17  1  81
18  1  55
19  1  23
20  1  48
21  1  10
22  1  85
23  1  72
24  1  14
25  1  12
26  1  42
27  1  65
28  1  81
29  1  50
30  1  31
1  2  23
2  2  79
3  2  28
4  2  53
5  2  39
6  2  74
7  2  58
8  2  14
9  2  86
10  2  78
11  2  42
12  2  46
13  2  62
14  2  15
15  2  82
16  2  83
17  2  85
18  2  62
19  2  60
20  2  34
21  2  44
22  2  13
23  2  72
24  2  76
25  2  68
26  2  61
27  2  59
28  2  75
29  2  53
30  2  69
1  3  77
2  3  42
3  3  18
4  3  59
5  3  28
6  3  60
7  3  20
8  3  27
9  3  82
10  3  40
11  3  71
12  3  32
13  3  58
14  3  10
15  3  83
16  3  10
17  3  86
18  3  26
19  3  44
20  3  59
21  3  89
22  3  25
23  3  33
24  3  57
25  3  32
26  3  52
27  3  75
28  3  15
29  3  58
30  3  26
1  4  87
2  4  75
3  4  56
4  4  74
5  4  18
6  4  77
7  4  45
8  4  62
9  4  71
10  4  21
11  4  37
12  4  10
13  4  25
14  4  25
15  4  79
16  4  69
17  4  76
18  4  58
19  4  33
20  4  67
21  4  30
22  4  30
23  4  45
24  4  35
25  4  86
26  4  72
27  4  83
28  4  32
29  4  14
30  4  29
1  5  70
2  5  21
3  5  30
4  5  81
5  5  69
6  5  54
7  5  21
8  5  43
9  5  47
10  5  78
11  5  67
12  5  87
13  5  46
14  5  41
15  5  50
16  5  31
17  5  60
18  5  33
19  5  35
20  5  38
21  5  81
22  5  43
23  5  83
24  5  19
25  5  60
26  5  64
27  5  37
28  5  78
29  5  34
30  5  35
1  6  84
2  6  50
3  6  29
4  6  14
5  6  10
6  6  67
7  6  46
8  6  10
9  6  21
10  6  52
11  6  71
12  6  33
13  6  77
14  6  29
15  6  70
16  6  83
17  6  59
18  6  37
19  6  23
20  6  28
21  6  53
22  6  49
23  6  36
24  6  67
25  6  48
26  6  10
27  6  88
28  6  38
29  6  40
30  6  17
1  7  10
2  7  63
3  7  32
4  7  44
5  7  66
6  7  12
7  7  41
8  7  50
9  7  41
10  7  25
11  7  19
12  7  74
13  7  15
14  7  60
15  7  36
16  7  73
17  7  14
18  7  29
19  7  89
20  7  62
21  7  71
22  7  65
23  7  46
24  7  34
25  7  61
26  7  40
27  7  19
28  7  11
29  7  28
30  7  62
1  8  72
2  8  41
3  8  88
4  8  53
5  8  84
6  8  13
7  8  69
8  8  44
9  8  77
10  8  18
11  8  19
12  8  74
13  8  36
14  8  62
15  8  14
16  8  19
17  8  49
18  8  88
19  8  57
20  8  27
21  8  64
22  8  39
23  8  48
24  8  38
25  8  82
26  8  90
27  8  51
28  8  53
29  8  13
30  8  54
1  9  66
2  9  32
3  9  33
4  9  71
5  9  64
6  9  85
7  9  78
8  9  57
9  9  21
10  9  87
11  9  79
12  9  58
13  9  24
14  9  76
15  9  37
16  9  21
17  9  36
18  9  78
19  9  54
20  9  89
21  9  74
22  9  26
23  9  69
24  9  28
25  9  37
26  9  83
27  9  78
28  9  33
29  9  15
30  9  65
1  10  17
2  10  34
3  10  83
4  10  66
5  10  88
6  10  26
7  10  12
8  10  84
9  10  56
10  10  67
11  10  56
12  10  79
13  10  19
14  10  86
15  10  77
16  10  75
17  10  50
18  10  44
19  10  81
20  10  20
21  10  21
22  10  39
23  10  11
24  10  66
25  10  11
26  10  58
27  10  90
28  10  86
29  10  81
30  10  29
1  11  56
2  11  24
3  11  65
4  11  67
5  11  38
6  11  29
7  11  40
8  11  17
9  11  62
10  11  23
11  11  85
12  11  29
13  11  37
14  11  72
15  11  52
16  11  22
17  11  72
18  11  16
19  11  67
20  11  45
21  11  19
22  11  85
23  11  15
24  11  67
25  11  10
26  11  38
27  11  10
28  11  38
29  11  69
30  11  85
1  12  88
2  12  82
3  12  76
4  12  81
5  12  72
6  12  29
7  12  67
8  12  14
9  12  68
10  12  55
11  12  27
12  12  40
13  12  25
14  12  87
15  12  23
16  12  79
17  12  63
18  12  37
19  12  64
20  12  72
21  12  30
22  12  58
23  12  66
24  12  57
25  12  45
26  12  51
27  12  88
28  12  81
29  12  53
30  12  66
1  13  74
2  13  36
3  13  41
4  13  19
5  13  47
6  13  69
7  13  26
8  13  62
9  13  52
10  13  61
11  13  71
12  13  44
13  13  27
14  13  18
15  13  41
16  13  58
17  13  33
18  13  73
19  13  88
20  13  47
21  13  27
22  13  41
23  13  37
24  13  86
25  13  67
26  13  37
27  13  87
28  13  29
29  13  39
30  13  44
1  14  22
2  14  77
3  14  79
4  14  17
5  14  48
6  14  37
7  14  24
8  14  43
9  14  50
10  14  56
11  14  58
12  14  81
13  14  79
14  14  66
15  14  11
16  14  37
17  14  42
18  14  74
19  14  79
20  14  13
21  14  16
22  14  86
23  14  90
24  14  22
25  14  28
26  14  84
27  14  75
28  14  86
29  14  60
30  14  10
1  15  79
2  15  27
3  15  10
4  15  36
5  15  83
6  15  22
7  15  59
8  15  46
9  15  63
10  15  56
11  15  48
12  15  36
13  15  52
14  15  68
15  15  29
16  15  55
17  15  57
18  15  89
19  15  52
20  15  16
21  15  79
22  15  88
23  15  15
24  15  70
25  15  83
26  15  81
27  15  43
28  15  57
29  15  35
30  15  75
1  16  82
2  16  38
3  16  84
4  16  62
5  16  71
6  16  44
7  16  40
8  16  63
9  16  71
10  16  58
11  16  87
12  16  11
13  16  13
14  16  61
15  16  37
16  16  71
17  16  22
18  16  88
19  16  47
20  16  66
21  16  18
22  16  88
23  16  75
24  16  18
25  16  11
26  16  53
27  16  83
28  16  33
29  16  15
30  16  37
1  17  47
2  17  78
3  17  64
4  17  30
5  17  85
6  17  56
7  17  55
8  17  62
9  17  62
10  17  17
11  17  79
12  17  46
13  17  25
14  17  47
15  17  82
16  17  59
17  17  88
18  17  60
19  17  59
20  17  34
21  17  87
22  17  30
23  17  61
24  17  75
25  17  25
26  17  82
27  17  46
28  17  58
29  17  61
30  17  21
1  18  12
2  18  41
3  18  83
4  18  31
5  18  32
6  18  67
7  18  63
8  18  58
9  18  74
10  18  61
11  18  16
12  18  70
13  18  87
14  18  68
15  18  58
16  18  11
17  18  16
18  18  17
19  18  83
20  18  57
21  18  31
22  18  40
23  18  86
24  18  58
25  18  67
26  18  88
27  18  70
28  18  64
29  18  80
30  18  60
1  19  90
2  19  43
3  19  84
4  19  15
5  19  48
6  19  80
7  19  72
8  19  79
9  19  60
10  19  32
11  19  14
12  19  89
13  19  23
14  19  79
15  19  61
16  19  54
17  19  37
18  19  87
19  19  88
20  19  39
21  19  77
22  19  52
23  19  29
24  19  61
25  19  71
26  19  28
27  19  77
28  19  76
29  19  41
30  19  27
1  20  10
2  20  27
3  20  74
4  20  28
5  20  55
6  20  89
7  20  61
8  20  18
9  20  86
10  20  29
11  20  23
12  20  47
13  20  25
14  20  70
15  20  39
16  20  72
17  20  35
18  20  50
19  20  76
20  20  86
21  20  29
22  20  33
23  20  24
24  20  18
25  20  26
26  20  24
27  20  81
28  20  12
29  20  23
30  20  45
1  21  82
2  21  57
3  21  80
4  21  89
5  21  73
6  21  14
7  21  63
8  21  49
9  21  63
10  21  31
11  21  37
12  21  26
13  21  76
14  21  69
15  21  59
16  21  66
17  21  18
18  21  79
19  21  88
20  21  42
21  21  32
22  21  33
23  21  33
24  21  78
25  21  85
26  21  35
27  21  39
28  21  16
29  21  86
30  21  86
1  22  28
2  22  81
3  22  85
4  22  76
5  22  24
6  22  53
7  22  15
8  22  69
9  22  69
10  22  58
11  22  44
12  22  65
13  22  70
14  22  90
15  22  16
16  22  27
17  22  36
18  22  77
19  22  71
20  22  71
21  22  35
22  22  55
23  22  76
24  22  39
25  22  42
26  22  11
27  22  34
28  22  65
29  22  49
30  22  56
1  23  65
2  23  81
3  23  81
4  23  82
5  23  67
6  23  60
7  23  22
8  23  39
9  23  11
10  23  68
11  23  35
12  23  11
13  23  12
14  23  13
15  23  60
16  23  15
17  23  88
18  23  19
19  23  30
20  23  89
21  23  46
22  23  24
23  23  30
24  23  55
25  23  22
26  23  73
27  23  76
28  23  50
29  23  32
30  23  79
1  24  59
2  24  89
3  24  25
4  24  38
5  24  20
6  24  44
7  24  43
8  24  88
9  24  80
10  24  71
11  24  87
12  24  51
13  24  33
14  24  11
15  24  69
16  24  89
17  24  88
18  24  59
19  24  61
20  24  19
21  24  58
22  24  76
23  24  57
24  24  72
25  24  66
26  24  38
27  24  22
28  24  89
29  24  77
30  24  51
1  25  40
2  25  33
3  25  37
4  25  30
5  25  10
6  25  78
7  25  73
8  25  21
9  25  23
10  25  43
11  25  16
12  25  72
13  25  40
14  25  25
15  25  82
16  25  46
17  25  65
18  25  60
19  25  80
20  25  80
21  25  53
22  25  29
23  25  73
24  25  46
25  25  58
26  25  57
27  25  90
28  25  88
29  25  42
30  25  45
1  26  11
2  26  13
3  26  53
4  26  27
5  26  56
6  26  44
7  26  86
8  26  32
9  26  50
10  26  78
11  26  18
12  26  50
13  26  61
14  26  61
15  26  45
16  26  62
17  26  80
18  26  57
19  26  68
20  26  41
21  26  20
22  26  29
23  26  58
24  26  21
25  26  27
26  26  70
27  26  20
28  26  66
29  26  56
30  26  23
1  27  90
2  27  83
3  27  35
4  27  72
5  27  11
6  27  88
7  27  75
8  27  70
9  27  25
10  27  36
11  27  28
12  27  37
13  27  31
14  27  71
15  27  69
16  27  35
17  27  70
18  27  41
19  27  66
20  27  89
21  27  24
22  27  32
23  27  90
24  27  32
25  27  38
26  27  22
27  27  68
28  27  17
29  27  59
30  27  58
1  28  16
2  28  70
3  28  61
4  28  54
5  28  34
6  28  53
7  28  27
8  28  78
9  28  13
10  28  35
11  28  20
12  28  15
13  28  46
14  28  72
15  28  16
16  28  62
17  28  70
18  28  80
19  28  87
20  28  77
21  28  20
22  28  76
23  28  42
24  28  22
25  28  82
26  28  30
27  28  17
28  28  10
29  28  84
30  28  16
1  29  72
2  29  60
3  29  71
4  29  84
5  29  86
6  29  65
7  29  85
8  29  57
9  29  50
10  29  90
11  29  36
12  29  64
13  29  66
14  29  69
15  29  83
16  29  75
17  29  86
18  29  31
19  29  56
20  29  88
21  29  48
22  29  75
23  29  33
24  29  75
25  29  62
26  29  79
27  29  38
28  29  24
29  29  62
30  29  69
1  30  74
2  30  27
3  30  37
4  30  45
5  30  37
6  30  68
7  30  18
8  30  77
9  30  64
10  30  88
11  30  22
12  30  46
13  30  69
14  30  87
15  30  83
16  30  58
17  30  26
18  30  79
19  30  48
20  30  28
21  30  75
22  30  70
23  30  34
24  30  54
25  30  89
26  30  23
27  30  41
28  30  57
29  30  67
30  30  19
1  31  34
2  31  67
3  31  29
4  31  18
5  31  38
6  31  33
7  31  27
8  31  67
9  31  90
10  31  52
11  31  27
12  31  80
13  31  10
14  31  57
15  31  81
16  31  90
17  31  21
18  31  35
19  31  21
20  31  11
21  31  32
22  31  81
23  31  55
24  31  36
25  31  58
26  31  78
27  31  40
28  31  34
29  31  29
30  31  49
1  32  66
2  32  22
3  32  33
4  32  88
5  32  65
6  32  89
7  32  23
8  32  25
9  32  29
10  32  46
11  32  29
12  32  61
13  32  10
14  32  31
15  32  55
16  32  74
17  32  89
18  32  38
19  32  41
20  32  19
21  32  60
22  32  84
23  32  18
24  32  15
25  32  70
26  32  70
27  32  90
28  32  15
29  32  64
30  32  41
1  33  68
2  33  45
3  33  74
4  33  32
5  33  49
6  33  33
7  33  88
8  33  84
9  33  36
10  33  52
11  33  33
12  33  53
13  33  10
14  33  83
15  33  48
16  33  27
17  33  60
18  33  48
19  33  26
20  33  79
21  33  46
22  33  81
23  33  30
24  33  13
25  33  85
26  33  45
27  33  12
28  33  84
29  33  55
30  33  76
1  34  77
2  34  27
3  34  50
4  34  88
5  34  89
6  34  25
7  34  42
8  34  31
9  34  42
10  34  19
11  34  68
12  34  78
13  34  58
14  34  58
15  34  19
16  34  31
17  34  20
18  34  13
19  34  78
20  34  72
21  34  31
22  34  38
23  34  36
24  34  46
25  34  90
26  34  45
27  34  69
28  34  11
29  34  65
30  34  55
1  35  13
2  35  60
3  35  10
4  35  39
5  35  21
6  35  78
7  35  37
8  35  83
9  35  88
10  35  62
11  35  40
12  35  25
13  35  44
14  35  86
15  35  38
16  35  78
17  35  42
18  35  65
19  35  68
20  35  28
21  35  39
22  35  49
23  35  35
24  35  16
25  35  50
26  35  82
27  35  34
28  35  75
29  35  46
30  35  26
1  36  57
2  36  19
3  36  86
4  36  68
5  36  37
6  36  76
7  36  10
8  36  72
9  36  77
10  36  27
11  36  81
12  36  40
13  36  33
14  36  90
15  36  81
16  36  48
17  36  49
18  36  62
19  36  30
20  36  17
21  36  18
22  36  35
23  36  30
24  36  72
25  36  44
26  36  59
27  36  27
28  36  76
29  36  64
30  36  42
1  37  59
2  37  90
3  37  19
4  37  13
5  37  43
6  37  38
7  37  70
8  37  38
9  37  33
10  37  46
11  37  63
12  37  64
13  37  61
14  37  58
15  37  65
16  37  70
17  37  19
18  37  79
19  37  15
20  37  88
21  37  55
22  37  24
23  37  20
24  37  29
25  37  74
26  37  53
27  37  57
28  37  60
29  37  45
30  37  15
1  38  29
2  38  12
3  38  63
4  38  40
5  38  69
6  38  66
7  38  32
8  38  71
9  38  20
10  38  10
11  38  54
12  38  60
13  38  55
14  38  60
15  38  37
16  38  79
17  38  42
18  38  84
19  38  37
20  38  65
21  38  62
22  38  16
23  38  12
24  38  24
25  38  79
26  38  13
27  38  61
28  38  81
29  38  34
30  38  73
1  39  50
2  39  32
3  39  10
4  39  46
5  39  19
6  39  86
7  39  48
8  39  23
9  39  41
10  39  18
11  39  29
12  39  45
13  39  18
14  39  17
15  39  61
16  39  71
17  39  63
18  39  30
19  39  69
20  39  55
21  39  78
22  39  30
23  39  60
24  39  53
25  39  90
26  39  56
27  39  73
28  39  57
29  39  68
30  39  35
1  40  53
2  40  72
3  40  82
4  40  82
5  40  52
6  40  36
7  40  76
8  40  45
9  40  39
10  40  45
11  40  90
12  40  22
13  40  31
14  40  60
15  40  81
16  40  46
17  40  68
18  40  15
19  40  22
20  40  73
21  40  29
22  40  61
23  40  69
24  40  81
25  40  33
26  40  72
27  40  14
28  40  11
29  40  39
30  40  66
1  41  14
2  41  80
3  41  54
4  41  17
5  41  71
6  41  52
7  41  28
8  41  29
9  41  20
10  41  36
11  41  29
12  41  70
13  41  55
14  41  57
15  41  21
16  41  80
17  41  23
18  41  22
19  41  67
20  41  36
21  41  12
22  41  40
23  41  19
24  41  71
25  41  19
26  41  48
27  41  82
28  41  70
29  41  76
30  41  84
1  42  38
2  42  86
3  42  46
4  42  17
5  42  89
6  42  41
7  42  45
8  42  12
9  42  11
10  42  54
11  42  51
12  42  89
13  42  26
14  42  15
15  42  12
16  42  23
17  42  44
18  42  50
19  42  65
20  42  23
21  42  62
22  42  77
23  42  63
24  42  83
25  42  72
26  42  82
27  42  25
28  42  74
29  42  82
30  42  67
1  43  32
2  43  18
3  43  46
4  43  30
5  43  34
6  43  45
7  43  65
8  43  74
9  43  17
10  43  70
11  43  24
12  43  59
13  43  15
14  43  67
15  43  46
16  43  43
17  43  87
18  43  76
19  43  27
20  43  56
21  43  78
22  43  82
23  43  15
24  43  25
25  43  69
26  43  61
27  43  81
28  43  26
29  43  69
30  43  60
1  44  68
2  44  37
3  44  50
4  44  61
5  44  40
6  44  72
7  44  89
8  44  44
9  44  54
10  44  75
11  44  49
12  44  77
13  44  63
14  44  86
15  44  26
16  44  40
17  44  27
18  44  50
19  44  84
20  44  31
21  44  42
22  44  76
23  44  78
24  44  18
25  44  48
26  44  49
27  44  36
28  44  55
29  44  12
30  44  36
1  45  69
2  45  50
3  45  29
4  45  88
5  45  43
6  45  39
7  45  66
8  45  70
9  45  13
10  45  65
11  45  34
12  45  30
13  45  25
14  45  82
15  45  56
16  45  40
17  45  12
18  45  85
19  45  37
20  45  29
21  45  85
22  45  66
23  45  22
24  45  61
25  45  17
26  45  12
27  45  28
28  45  78
29  45  44
30  45  85
1  46  73
2  46  48
3  46  42
4  46  30
5  46  63
6  46  49
7  46  67
8  46  31
9  46  66
10  46  11
11  46  82
12  46  37
13  46  21
14  46  59
15  46  88
16  46  68
17  46  27
18  46  73
19  46  53
20  46  38
21  46  31
22  46  79
23  46  71
24  46  87
25  46  41
26  46  32
27  46  46
28  46  73
29  46  39
30  46  26
1  47  48
2  47  58
3  47  33
4  47  19
5  47  40
6  47  82
7  47  62
8  47  45
9  47  11
10  47  60
11  47  60
12  47  39
13  47  10
14  47  45
15  47  26
16  47  14
17  47  17
18  47  10
19  47  23
20  47  48
21  47  32
22  47  53
23  47  30
24  47  66
25  47  11
26  47  49
27  47  20
28  47  12
29  47  80
30  47  29
1  48  69
2  48  66
3  48  49
4  48  57
5  48  63
6  48  78
7  48  88
8  48  47
9  48  29
10  48  81
11  48  69
12  48  80
13  48  14
14  48  36
15  48  57
16  48  29
17  48  52
18  48  21
19  48  74
20  48  87
21  48  65
22  48  72
23  48  37
24  48  81
25  48  42
26  48  35
27  48  62
28  48  18
29  48  53
30  48  38
1  49  90
2  49  20
3  49  20
4  49  22
5  49  61
6  49  37
7  49  50
8  49  17
9  49  38
10  49  19
11  49  69
12  49  52
13  49  24
14  49  90
15  49  35
16  49  76
17  49  61
18  49  55
19  49  86
20  49  43
21  49  48
22  49  57
23  49  80
24  49  16
25  49  55
26  49  44
27  49  10
28  49  63
29  49  65
30  49  51
1  50  11
2  50  61
3  50  86
4  50  21
5  50  24
6  50  18
7  50  77
8  50  17
9  50  30
10  50  22
11  50  35
12  50  81
13  50  24
14  50  25
15  50  33
16  50  57
17  50  50
18  50  22
19  50  53
20  50  19
21  50  75
22  50  87
23  50  71
24  50  78
25  50  44
26  50  83
27  50  54
28  50  41
29  50  45
30  50  81
;

param a :=
1  1  1
2  1  0.42
1  2  1
2  2  0.6
1  3  1
2  3  0.59
1  4  1
2  4  0.46
1  5  1
2  5  0.56
1  6  1
2  6  0.55
1  7  1
2  7  0.46
1  8  1
2  8  0.48
1  9  1
2  9  0.46
1  10  1
2  10  0.45
1  11  1
2  11  0.55
1  12  1
2  12  0.49
1  13  1
2  13  0.5
1  14  1
2  14  0.46
1  15  1
2  15  0.48
1  16  1
2  16  0.42
1  17  1
2  17  0.42
1  18  1
2  18  0.54
1  19  1
2  19  0.46
1  20  1
2  20  0.49
1  21  1
2  21  0.49
1  22  1
2  22  0.54
1  23  1
2  23  0.56
1  24  1
2  24  0.44
1  25  1
2  25  0.45
1  26  1
2  26  0.41
1  27  1
2  27  0.49
1  28  1
2  28  0.46
1  29  1
2  29  0.59
1  30  1
2  30  0.56
;

