param com_measure1 := 1;

param com_measure2 := 1;

param kappa_max := 603.3067;

param U_tau := 529.4349;

param nT := 2;

param nS := 150;

param nL := 15;

param B := 577.28;

param w :=
1  3
2  2
3  2
4  2
5  1
6  1
7  2
8  1
9  3
10  2
11  3
12  2
13  1
14  2
15  3
;

param h :=
1  1  0
1  2  0
1  3  0
1  4  0
1  5  0
1  6  0
1  7  0
1  8  0
1  9  0
1  10  0
1  11  0
1  12  0
1  13  0
1  14  0
1  15  0
2  1  85.43
2  2  86.63
2  3  70.37
2  4  68.16
2  5  81.30
2  6  82.62
2  7  75.48
2  8  88.88
2  9  72.61
2  10  78.41
2  11  68.23
2  12  73.62
2  13  83.98
2  14  79.89
2  15  58.94
;

param xi :=
1  1  1  27
2  1  1  87
3  1  1  20
4  1  1  16
5  1  1  20
6  1  1  46
7  1  1  68
8  1  1  87
9  1  1  82
10  1  1  12
11  1  1  14
12  1  1  29
13  1  1  65
14  1  1  61
15  1  1  17
1  2  1  90
2  2  1  11
3  2  1  37
4  2  1  43
5  2  1  17
6  2  1  51
7  2  1  34
8  2  1  84
9  2  1  90
10  2  1  74
11  2  1  76
12  2  1  12
13  2  1  48
14  2  1  85
15  2  1  51
1  3  1  56
2  3  1  76
3  3  1  20
4  3  1  66
5  3  1  35
6  3  1  71
7  3  1  26
8  3  1  37
9  3  1  75
10  3  1  10
11  3  1  56
12  3  1  58
13  3  1  71
14  3  1  20
15  3  1  31
1  4  1  27
2  4  1  68
3  4  1  35
4  4  1  48
5  4  1  13
6  4  1  64
7  4  1  42
8  4  1  70
9  4  1  38
10  4  1  55
11  4  1  34
12  4  1  74
13  4  1  90
14  4  1  19
15  4  1  21
1  5  1  49
2  5  1  12
3  5  1  16
4  5  1  48
5  5  1  28
6  5  1  86
7  5  1  63
8  5  1  42
9  5  1  85
10  5  1  59
11  5  1  38
12  5  1  10
13  5  1  28
14  5  1  69
15  5  1  81
1  6  1  75
2  6  1  65
3  6  1  80
4  6  1  36
5  6  1  54
6  6  1  18
7  6  1  53
8  6  1  80
9  6  1  55
10  6  1  68
11  6  1  10
12  6  1  34
13  6  1  37
14  6  1  34
15  6  1  50
1  7  1  24
2  7  1  40
3  7  1  40
4  7  1  20
5  7  1  25
6  7  1  30
7  7  1  43
8  7  1  90
9  7  1  48
10  7  1  28
11  7  1  42
12  7  1  72
13  7  1  29
14  7  1  71
15  7  1  83
1  8  1  43
2  8  1  69
3  8  1  68
4  8  1  24
5  8  1  29
6  8  1  19
7  8  1  79
8  8  1  80
9  8  1  71
10  8  1  37
11  8  1  51
12  8  1  57
13  8  1  84
14  8  1  78
15  8  1  55
1  9  1  45
2  9  1  37
3  9  1  75
4  9  1  49
5  9  1  28
6  9  1  24
7  9  1  77
8  9  1  52
9  9  1  77
10  9  1  67
11  9  1  54
12  9  1  81
13  9  1  42
14  9  1  74
15  9  1  14
1  10  1  83
2  10  1  50
3  10  1  75
4  10  1  28
5  10  1  21
6  10  1  77
7  10  1  34
8  10  1  35
9  10  1  21
10  10  1  25
11  10  1  46
12  10  1  69
13  10  1  33
14  10  1  78
15  10  1  41
1  11  1  62
2  11  1  33
3  11  1  29
4  11  1  69
5  11  1  86
6  11  1  38
7  11  1  71
8  11  1  64
9  11  1  22
10  11  1  89
11  11  1  57
12  11  1  38
13  11  1  85
14  11  1  29
15  11  1  90
1  12  1  90
2  12  1  84
3  12  1  46
4  12  1  61
5  12  1  23
6  12  1  52
7  12  1  72
8  12  1  73
9  12  1  28
10  12  1  62
11  12  1  76
12  12  1  73
13  12  1  23
14  12  1  17
15  12  1  17
1  13  1  51
2  13  1  17
3  13  1  57
4  13  1  11
5  13  1  45
6  13  1  82
7  13  1  27
8  13  1  17
9  13  1  37
10  13  1  75
11  13  1  14
12  13  1  28
13  13  1  50
14  13  1  23
15  13  1  50
1  14  1  59
2  14  1  32
3  14  1  82
4  14  1  87
5  14  1  83
6  14  1  21
7  14  1  65
8  14  1  87
9  14  1  79
10  14  1  85
11  14  1  89
12  14  1  46
13  14  1  58
14  14  1  38
15  14  1  48
1  15  1  66
2  15  1  50
3  15  1  19
4  15  1  76
5  15  1  42
6  15  1  75
7  15  1  59
8  15  1  44
9  15  1  59
10  15  1  71
11  15  1  82
12  15  1  65
13  15  1  54
14  15  1  81
15  15  1  32
1  16  1  25
2  16  1  43
3  16  1  81
4  16  1  87
5  16  1  16
6  16  1  31
7  16  1  89
8  16  1  42
9  16  1  29
10  16  1  10
11  16  1  51
12  16  1  29
13  16  1  79
14  16  1  15
15  16  1  62
1  17  1  89
2  17  1  33
3  17  1  62
4  17  1  28
5  17  1  74
6  17  1  88
7  17  1  51
8  17  1  60
9  17  1  16
10  17  1  28
11  17  1  86
12  17  1  60
13  17  1  85
14  17  1  51
15  17  1  18
1  18  1  77
2  18  1  33
3  18  1  15
4  18  1  68
5  18  1  30
6  18  1  53
7  18  1  22
8  18  1  17
9  18  1  29
10  18  1  84
11  18  1  25
12  18  1  81
13  18  1  25
14  18  1  28
15  18  1  40
1  19  1  73
2  19  1  83
3  19  1  26
4  19  1  55
5  19  1  15
6  19  1  51
7  19  1  64
8  19  1  63
9  19  1  70
10  19  1  29
11  19  1  25
12  19  1  83
13  19  1  71
14  19  1  46
15  19  1  57
1  20  1  59
2  20  1  73
3  20  1  16
4  20  1  53
5  20  1  38
6  20  1  60
7  20  1  53
8  20  1  47
9  20  1  57
10  20  1  25
11  20  1  87
12  20  1  19
13  20  1  10
14  20  1  29
15  20  1  70
1  21  1  20
2  21  1  40
3  21  1  60
4  21  1  72
5  21  1  32
6  21  1  23
7  21  1  14
8  21  1  70
9  21  1  13
10  21  1  17
11  21  1  41
12  21  1  47
13  21  1  52
14  21  1  29
15  21  1  88
1  22  1  88
2  22  1  28
3  22  1  52
4  22  1  39
5  22  1  30
6  22  1  66
7  22  1  24
8  22  1  33
9  22  1  44
10  22  1  17
11  22  1  18
12  22  1  48
13  22  1  89
14  22  1  66
15  22  1  46
1  23  1  71
2  23  1  68
3  23  1  90
4  23  1  36
5  23  1  49
6  23  1  84
7  23  1  52
8  23  1  44
9  23  1  11
10  23  1  16
11  23  1  76
12  23  1  86
13  23  1  58
14  23  1  68
15  23  1  88
1  24  1  55
2  24  1  45
3  24  1  48
4  24  1  69
5  24  1  12
6  24  1  71
7  24  1  81
8  24  1  46
9  24  1  77
10  24  1  16
11  24  1  54
12  24  1  51
13  24  1  76
14  24  1  51
15  24  1  90
1  25  1  55
2  25  1  74
3  25  1  39
4  25  1  62
5  25  1  19
6  25  1  17
7  25  1  63
8  25  1  57
9  25  1  84
10  25  1  25
11  25  1  43
12  25  1  90
13  25  1  57
14  25  1  68
15  25  1  35
1  26  1  42
2  26  1  32
3  26  1  82
4  26  1  82
5  26  1  58
6  26  1  81
7  26  1  37
8  26  1  57
9  26  1  39
10  26  1  38
11  26  1  70
12  26  1  52
13  26  1  73
14  26  1  41
15  26  1  49
1  27  1  44
2  27  1  71
3  27  1  10
4  27  1  88
5  27  1  68
6  27  1  35
7  27  1  89
8  27  1  45
9  27  1  56
10  27  1  81
11  27  1  25
12  27  1  40
13  27  1  84
14  27  1  77
15  27  1  19
1  28  1  19
2  28  1  50
3  28  1  90
4  28  1  30
5  28  1  57
6  28  1  53
7  28  1  30
8  28  1  69
9  28  1  23
10  28  1  12
11  28  1  49
12  28  1  38
13  28  1  43
14  28  1  78
15  28  1  11
1  29  1  11
2  29  1  49
3  29  1  29
4  29  1  33
5  29  1  22
6  29  1  69
7  29  1  50
8  29  1  54
9  29  1  45
10  29  1  50
11  29  1  58
12  29  1  19
13  29  1  76
14  29  1  80
15  29  1  48
1  30  1  70
2  30  1  88
3  30  1  38
4  30  1  12
5  30  1  11
6  30  1  15
7  30  1  32
8  30  1  44
9  30  1  14
10  30  1  11
11  30  1  26
12  30  1  76
13  30  1  80
14  30  1  16
15  30  1  10
1  31  1  73
2  31  1  60
3  31  1  58
4  31  1  71
5  31  1  87
6  31  1  25
7  31  1  28
8  31  1  56
9  31  1  56
10  31  1  19
11  31  1  58
12  31  1  29
13  31  1  74
14  31  1  17
15  31  1  27
1  32  1  14
2  32  1  60
3  32  1  16
4  32  1  49
5  32  1  20
6  32  1  51
7  32  1  13
8  32  1  87
9  32  1  70
10  32  1  22
11  32  1  18
12  32  1  15
13  32  1  68
14  32  1  49
15  32  1  20
1  33  1  16
2  33  1  52
3  33  1  46
4  33  1  13
5  33  1  81
6  33  1  72
7  33  1  18
8  33  1  30
9  33  1  59
10  33  1  59
11  33  1  21
12  33  1  13
13  33  1  70
14  33  1  71
15  33  1  89
1  34  1  48
2  34  1  67
3  34  1  54
4  34  1  34
5  34  1  55
6  34  1  53
7  34  1  13
8  34  1  29
9  34  1  47
10  34  1  15
11  34  1  43
12  34  1  18
13  34  1  84
14  34  1  60
15  34  1  45
1  35  1  39
2  35  1  68
3  35  1  51
4  35  1  85
5  35  1  78
6  35  1  18
7  35  1  70
8  35  1  51
9  35  1  11
10  35  1  33
11  35  1  82
12  35  1  67
13  35  1  64
14  35  1  28
15  35  1  62
1  36  1  59
2  36  1  62
3  36  1  73
4  36  1  89
5  36  1  59
6  36  1  23
7  36  1  46
8  36  1  36
9  36  1  63
10  36  1  29
11  36  1  90
12  36  1  29
13  36  1  66
14  36  1  33
15  36  1  89
1  37  1  71
2  37  1  90
3  37  1  36
4  37  1  73
5  37  1  64
6  37  1  20
7  37  1  15
8  37  1  26
9  37  1  40
10  37  1  55
11  37  1  77
12  37  1  36
13  37  1  72
14  37  1  36
15  37  1  62
1  38  1  80
2  38  1  66
3  38  1  28
4  38  1  85
5  38  1  80
6  38  1  20
7  38  1  73
8  38  1  82
9  38  1  45
10  38  1  88
11  38  1  83
12  38  1  16
13  38  1  59
14  38  1  76
15  38  1  12
1  39  1  37
2  39  1  58
3  39  1  43
4  39  1  83
5  39  1  46
6  39  1  36
7  39  1  36
8  39  1  50
9  39  1  58
10  39  1  17
11  39  1  24
12  39  1  16
13  39  1  82
14  39  1  58
15  39  1  11
1  40  1  38
2  40  1  40
3  40  1  31
4  40  1  29
5  40  1  62
6  40  1  31
7  40  1  25
8  40  1  58
9  40  1  20
10  40  1  41
11  40  1  69
12  40  1  84
13  40  1  77
14  40  1  46
15  40  1  22
1  41  1  15
2  41  1  21
3  41  1  25
4  41  1  63
5  41  1  46
6  41  1  63
7  41  1  22
8  41  1  53
9  41  1  77
10  41  1  50
11  41  1  57
12  41  1  49
13  41  1  72
14  41  1  77
15  41  1  55
1  42  1  16
2  42  1  41
3  42  1  64
4  42  1  69
5  42  1  47
6  42  1  33
7  42  1  76
8  42  1  58
9  42  1  21
10  42  1  20
11  42  1  69
12  42  1  67
13  42  1  49
14  42  1  50
15  42  1  88
1  43  1  59
2  43  1  66
3  43  1  42
4  43  1  65
5  43  1  12
6  43  1  52
7  43  1  15
8  43  1  57
9  43  1  67
10  43  1  51
11  43  1  46
12  43  1  30
13  43  1  64
14  43  1  26
15  43  1  52
1  44  1  57
2  44  1  89
3  44  1  84
4  44  1  21
5  44  1  14
6  44  1  22
7  44  1  58
8  44  1  47
9  44  1  86
10  44  1  78
11  44  1  50
12  44  1  89
13  44  1  34
14  44  1  11
15  44  1  90
1  45  1  53
2  45  1  62
3  45  1  79
4  45  1  35
5  45  1  15
6  45  1  52
7  45  1  42
8  45  1  51
9  45  1  82
10  45  1  52
11  45  1  77
12  45  1  90
13  45  1  74
14  45  1  10
15  45  1  27
1  46  1  45
2  46  1  53
3  46  1  52
4  46  1  42
5  46  1  62
6  46  1  88
7  46  1  73
8  46  1  57
9  46  1  49
10  46  1  22
11  46  1  78
12  46  1  77
13  46  1  60
14  46  1  72
15  46  1  59
1  47  1  49
2  47  1  17
3  47  1  52
4  47  1  75
5  47  1  81
6  47  1  53
7  47  1  50
8  47  1  75
9  47  1  45
10  47  1  45
11  47  1  62
12  47  1  65
13  47  1  41
14  47  1  59
15  47  1  51
1  48  1  38
2  48  1  56
3  48  1  36
4  48  1  66
5  48  1  51
6  48  1  75
7  48  1  13
8  48  1  36
9  48  1  71
10  48  1  65
11  48  1  80
12  48  1  64
13  48  1  64
14  48  1  90
15  48  1  30
1  49  1  21
2  49  1  72
3  49  1  26
4  49  1  42
5  49  1  67
6  49  1  73
7  49  1  53
8  49  1  26
9  49  1  63
10  49  1  57
11  49  1  86
12  49  1  68
13  49  1  14
14  49  1  21
15  49  1  69
1  50  1  64
2  50  1  42
3  50  1  87
4  50  1  86
5  50  1  83
6  50  1  25
7  50  1  10
8  50  1  62
9  50  1  49
10  50  1  15
11  50  1  61
12  50  1  67
13  50  1  57
14  50  1  68
15  50  1  16
1  51  1  69
2  51  1  85
3  51  1  17
4  51  1  84
5  51  1  54
6  51  1  60
7  51  1  79
8  51  1  60
9  51  1  78
10  51  1  68
11  51  1  89
12  51  1  44
13  51  1  54
14  51  1  71
15  51  1  34
1  52  1  38
2  52  1  61
3  52  1  35
4  52  1  33
5  52  1  37
6  52  1  90
7  52  1  68
8  52  1  14
9  52  1  20
10  52  1  17
11  52  1  31
12  52  1  71
13  52  1  40
14  52  1  65
15  52  1  69
1  53  1  50
2  53  1  36
3  53  1  31
4  53  1  60
5  53  1  74
6  53  1  37
7  53  1  60
8  53  1  25
9  53  1  56
10  53  1  72
11  53  1  84
12  53  1  36
13  53  1  13
14  53  1  72
15  53  1  73
1  54  1  24
2  54  1  86
3  54  1  44
4  54  1  39
5  54  1  32
6  54  1  90
7  54  1  72
8  54  1  48
9  54  1  79
10  54  1  47
11  54  1  89
12  54  1  17
13  54  1  11
14  54  1  55
15  54  1  22
1  55  1  77
2  55  1  65
3  55  1  48
4  55  1  13
5  55  1  55
6  55  1  85
7  55  1  55
8  55  1  33
9  55  1  33
10  55  1  74
11  55  1  13
12  55  1  25
13  55  1  40
14  55  1  83
15  55  1  15
1  56  1  12
2  56  1  15
3  56  1  37
4  56  1  22
5  56  1  15
6  56  1  88
7  56  1  63
8  56  1  80
9  56  1  24
10  56  1  11
11  56  1  80
12  56  1  16
13  56  1  73
14  56  1  31
15  56  1  18
1  57  1  15
2  57  1  62
3  57  1  18
4  57  1  28
5  57  1  16
6  57  1  21
7  57  1  77
8  57  1  10
9  57  1  87
10  57  1  22
11  57  1  72
12  57  1  89
13  57  1  88
14  57  1  64
15  57  1  34
1  58  1  61
2  58  1  23
3  58  1  70
4  58  1  56
5  58  1  34
6  58  1  64
7  58  1  88
8  58  1  47
9  58  1  76
10  58  1  14
11  58  1  88
12  58  1  13
13  58  1  81
14  58  1  60
15  58  1  88
1  59  1  67
2  59  1  31
3  59  1  15
4  59  1  30
5  59  1  45
6  59  1  68
7  59  1  78
8  59  1  15
9  59  1  63
10  59  1  24
11  59  1  73
12  59  1  44
13  59  1  22
14  59  1  23
15  59  1  42
1  60  1  29
2  60  1  36
3  60  1  86
4  60  1  60
5  60  1  19
6  60  1  67
7  60  1  50
8  60  1  68
9  60  1  13
10  60  1  36
11  60  1  46
12  60  1  58
13  60  1  16
14  60  1  87
15  60  1  85
1  61  1  90
2  61  1  34
3  61  1  84
4  61  1  47
5  61  1  26
6  61  1  74
7  61  1  59
8  61  1  63
9  61  1  52
10  61  1  31
11  61  1  65
12  61  1  81
13  61  1  29
14  61  1  71
15  61  1  61
1  62  1  33
2  62  1  24
3  62  1  24
4  62  1  64
5  62  1  28
6  62  1  13
7  62  1  33
8  62  1  34
9  62  1  43
10  62  1  19
11  62  1  49
12  62  1  26
13  62  1  47
14  62  1  23
15  62  1  80
1  63  1  83
2  63  1  18
3  63  1  61
4  63  1  53
5  63  1  86
6  63  1  87
7  63  1  43
8  63  1  41
9  63  1  49
10  63  1  62
11  63  1  18
12  63  1  86
13  63  1  51
14  63  1  73
15  63  1  19
1  64  1  64
2  64  1  57
3  64  1  51
4  64  1  67
5  64  1  90
6  64  1  74
7  64  1  36
8  64  1  77
9  64  1  30
10  64  1  43
11  64  1  43
12  64  1  54
13  64  1  55
14  64  1  72
15  64  1  53
1  65  1  64
2  65  1  49
3  65  1  73
4  65  1  88
5  65  1  64
6  65  1  45
7  65  1  36
8  65  1  20
9  65  1  38
10  65  1  53
11  65  1  34
12  65  1  73
13  65  1  89
14  65  1  18
15  65  1  28
1  66  1  71
2  66  1  87
3  66  1  65
4  66  1  42
5  66  1  85
6  66  1  56
7  66  1  68
8  66  1  24
9  66  1  86
10  66  1  14
11  66  1  65
12  66  1  66
13  66  1  65
14  66  1  39
15  66  1  22
1  67  1  66
2  67  1  11
3  67  1  56
4  67  1  13
5  67  1  43
6  67  1  49
7  67  1  59
8  67  1  15
9  67  1  24
10  67  1  29
11  67  1  46
12  67  1  20
13  67  1  12
14  67  1  45
15  67  1  35
1  68  1  48
2  68  1  85
3  68  1  62
4  68  1  80
5  68  1  43
6  68  1  33
7  68  1  34
8  68  1  71
9  68  1  90
10  68  1  82
11  68  1  29
12  68  1  16
13  68  1  69
14  68  1  19
15  68  1  77
1  69  1  81
2  69  1  78
3  69  1  86
4  69  1  38
5  69  1  81
6  69  1  10
7  69  1  45
8  69  1  28
9  69  1  48
10  69  1  27
11  69  1  69
12  69  1  24
13  69  1  22
14  69  1  24
15  69  1  83
1  70  1  20
2  70  1  43
3  70  1  44
4  70  1  72
5  70  1  71
6  70  1  46
7  70  1  42
8  70  1  78
9  70  1  49
10  70  1  36
11  70  1  84
12  70  1  12
13  70  1  54
14  70  1  28
15  70  1  28
1  71  1  42
2  71  1  60
3  71  1  45
4  71  1  47
5  71  1  74
6  71  1  71
7  71  1  66
8  71  1  31
9  71  1  55
10  71  1  77
11  71  1  77
12  71  1  84
13  71  1  78
14  71  1  67
15  71  1  63
1  72  1  84
2  72  1  29
3  72  1  18
4  72  1  10
5  72  1  39
6  72  1  26
7  72  1  22
8  72  1  76
9  72  1  57
10  72  1  17
11  72  1  39
12  72  1  42
13  72  1  17
14  72  1  38
15  72  1  50
1  73  1  33
2  73  1  58
3  73  1  41
4  73  1  26
5  73  1  37
6  73  1  55
7  73  1  39
8  73  1  28
9  73  1  81
10  73  1  16
11  73  1  28
12  73  1  23
13  73  1  41
14  73  1  45
15  73  1  36
1  74  1  38
2  74  1  40
3  74  1  50
4  74  1  66
5  74  1  73
6  74  1  48
7  74  1  32
8  74  1  89
9  74  1  13
10  74  1  38
11  74  1  28
12  74  1  13
13  74  1  57
14  74  1  41
15  74  1  86
1  75  1  66
2  75  1  24
3  75  1  55
4  75  1  24
5  75  1  78
6  75  1  20
7  75  1  14
8  75  1  12
9  75  1  61
10  75  1  57
11  75  1  85
12  75  1  60
13  75  1  78
14  75  1  78
15  75  1  50
1  76  1  64
2  76  1  48
3  76  1  27
4  76  1  64
5  76  1  35
6  76  1  49
7  76  1  51
8  76  1  86
9  76  1  52
10  76  1  40
11  76  1  29
12  76  1  64
13  76  1  75
14  76  1  82
15  76  1  27
1  77  1  68
2  77  1  72
3  77  1  20
4  77  1  45
5  77  1  16
6  77  1  12
7  77  1  35
8  77  1  28
9  77  1  32
10  77  1  45
11  77  1  33
12  77  1  39
13  77  1  30
14  77  1  32
15  77  1  46
1  78  1  75
2  78  1  78
3  78  1  67
4  78  1  58
5  78  1  33
6  78  1  62
7  78  1  22
8  78  1  10
9  78  1  50
10  78  1  85
11  78  1  35
12  78  1  59
13  78  1  64
14  78  1  61
15  78  1  84
1  79  1  63
2  79  1  84
3  79  1  21
4  79  1  60
5  79  1  63
6  79  1  39
7  79  1  78
8  79  1  86
9  79  1  83
10  79  1  50
11  79  1  86
12  79  1  58
13  79  1  64
14  79  1  83
15  79  1  41
1  80  1  16
2  80  1  28
3  80  1  45
4  80  1  11
5  80  1  48
6  80  1  31
7  80  1  74
8  80  1  42
9  80  1  27
10  80  1  69
11  80  1  77
12  80  1  25
13  80  1  29
14  80  1  53
15  80  1  83
1  81  1  73
2  81  1  67
3  81  1  65
4  81  1  38
5  81  1  53
6  81  1  72
7  81  1  38
8  81  1  14
9  81  1  29
10  81  1  47
11  81  1  22
12  81  1  69
13  81  1  68
14  81  1  26
15  81  1  43
1  82  1  74
2  82  1  42
3  82  1  27
4  82  1  53
5  82  1  68
6  82  1  13
7  82  1  55
8  82  1  10
9  82  1  60
10  82  1  32
11  82  1  11
12  82  1  11
13  82  1  47
14  82  1  18
15  82  1  74
1  83  1  45
2  83  1  18
3  83  1  65
4  83  1  43
5  83  1  64
6  83  1  39
7  83  1  59
8  83  1  70
9  83  1  37
10  83  1  36
11  83  1  19
12  83  1  36
13  83  1  44
14  83  1  70
15  83  1  80
1  84  1  87
2  84  1  76
3  84  1  74
4  84  1  82
5  84  1  61
6  84  1  19
7  84  1  11
8  84  1  69
9  84  1  54
10  84  1  68
11  84  1  24
12  84  1  88
13  84  1  59
14  84  1  57
15  84  1  29
1  85  1  29
2  85  1  27
3  85  1  58
4  85  1  12
5  85  1  65
6  85  1  33
7  85  1  53
8  85  1  51
9  85  1  70
10  85  1  59
11  85  1  45
12  85  1  80
13  85  1  40
14  85  1  84
15  85  1  27
1  86  1  62
2  86  1  10
3  86  1  17
4  86  1  28
5  86  1  83
6  86  1  87
7  86  1  39
8  86  1  51
9  86  1  49
10  86  1  65
11  86  1  13
12  86  1  73
13  86  1  21
14  86  1  46
15  86  1  62
1  87  1  27
2  87  1  60
3  87  1  20
4  87  1  15
5  87  1  48
6  87  1  76
7  87  1  21
8  87  1  50
9  87  1  90
10  87  1  63
11  87  1  67
12  87  1  39
13  87  1  28
14  87  1  59
15  87  1  28
1  88  1  71
2  88  1  55
3  88  1  25
4  88  1  39
5  88  1  19
6  88  1  74
7  88  1  19
8  88  1  74
9  88  1  87
10  88  1  48
11  88  1  90
12  88  1  22
13  88  1  28
14  88  1  47
15  88  1  30
1  89  1  20
2  89  1  71
3  89  1  62
4  89  1  77
5  89  1  38
6  89  1  50
7  89  1  52
8  89  1  36
9  89  1  21
10  89  1  15
11  89  1  52
12  89  1  82
13  89  1  70
14  89  1  32
15  89  1  39
1  90  1  28
2  90  1  52
3  90  1  72
4  90  1  10
5  90  1  40
6  90  1  24
7  90  1  15
8  90  1  35
9  90  1  39
10  90  1  82
11  90  1  11
12  90  1  66
13  90  1  51
14  90  1  14
15  90  1  50
1  91  1  52
2  91  1  23
3  91  1  80
4  91  1  59
5  91  1  26
6  91  1  78
7  91  1  63
8  91  1  28
9  91  1  45
10  91  1  61
11  91  1  39
12  91  1  62
13  91  1  35
14  91  1  15
15  91  1  67
1  92  1  87
2  92  1  33
3  92  1  88
4  92  1  21
5  92  1  57
6  92  1  51
7  92  1  84
8  92  1  20
9  92  1  31
10  92  1  46
11  92  1  31
12  92  1  23
13  92  1  36
14  92  1  14
15  92  1  58
1  93  1  84
2  93  1  49
3  93  1  76
4  93  1  78
5  93  1  58
6  93  1  55
7  93  1  80
8  93  1  88
9  93  1  16
10  93  1  50
11  93  1  23
12  93  1  71
13  93  1  61
14  93  1  50
15  93  1  60
1  94  1  35
2  94  1  18
3  94  1  60
4  94  1  18
5  94  1  90
6  94  1  52
7  94  1  56
8  94  1  79
9  94  1  58
10  94  1  33
11  94  1  61
12  94  1  11
13  94  1  87
14  94  1  30
15  94  1  67
1  95  1  41
2  95  1  41
3  95  1  80
4  95  1  53
5  95  1  46
6  95  1  71
7  95  1  51
8  95  1  55
9  95  1  73
10  95  1  75
11  95  1  42
12  95  1  88
13  95  1  20
14  95  1  19
15  95  1  63
1  96  1  35
2  96  1  37
3  96  1  48
4  96  1  54
5  96  1  85
6  96  1  38
7  96  1  70
8  96  1  19
9  96  1  31
10  96  1  18
11  96  1  71
12  96  1  48
13  96  1  50
14  96  1  28
15  96  1  50
1  97  1  18
2  97  1  24
3  97  1  41
4  97  1  31
5  97  1  45
6  97  1  71
7  97  1  48
8  97  1  13
9  97  1  86
10  97  1  47
11  97  1  22
12  97  1  14
13  97  1  84
14  97  1  12
15  97  1  69
1  98  1  33
2  98  1  25
3  98  1  87
4  98  1  30
5  98  1  65
6  98  1  41
7  98  1  56
8  98  1  36
9  98  1  70
10  98  1  60
11  98  1  25
12  98  1  32
13  98  1  16
14  98  1  20
15  98  1  88
1  99  1  85
2  99  1  37
3  99  1  62
4  99  1  14
5  99  1  19
6  99  1  55
7  99  1  17
8  99  1  52
9  99  1  61
10  99  1  48
11  99  1  52
12  99  1  33
13  99  1  62
14  99  1  71
15  99  1  79
1  100  1  77
2  100  1  48
3  100  1  61
4  100  1  18
5  100  1  69
6  100  1  56
7  100  1  88
8  100  1  52
9  100  1  29
10  100  1  14
11  100  1  42
12  100  1  69
13  100  1  87
14  100  1  84
15  100  1  59
1  101  1  15
2  101  1  43
3  101  1  21
4  101  1  88
5  101  1  64
6  101  1  19
7  101  1  62
8  101  1  58
9  101  1  15
10  101  1  39
11  101  1  46
12  101  1  47
13  101  1  36
14  101  1  56
15  101  1  13
1  102  1  83
2  102  1  49
3  102  1  48
4  102  1  15
5  102  1  47
6  102  1  46
7  102  1  67
8  102  1  43
9  102  1  39
10  102  1  52
11  102  1  67
12  102  1  50
13  102  1  18
14  102  1  81
15  102  1  15
1  103  1  50
2  103  1  27
3  103  1  17
4  103  1  50
5  103  1  74
6  103  1  60
7  103  1  13
8  103  1  86
9  103  1  27
10  103  1  75
11  103  1  76
12  103  1  30
13  103  1  31
14  103  1  62
15  103  1  30
1  104  1  49
2  104  1  26
3  104  1  70
4  104  1  16
5  104  1  35
6  104  1  18
7  104  1  58
8  104  1  64
9  104  1  84
10  104  1  80
11  104  1  23
12  104  1  20
13  104  1  35
14  104  1  46
15  104  1  13
1  105  1  75
2  105  1  30
3  105  1  34
4  105  1  79
5  105  1  62
6  105  1  40
7  105  1  39
8  105  1  70
9  105  1  26
10  105  1  84
11  105  1  57
12  105  1  46
13  105  1  20
14  105  1  48
15  105  1  43
1  106  1  65
2  106  1  47
3  106  1  29
4  106  1  76
5  106  1  75
6  106  1  69
7  106  1  41
8  106  1  39
9  106  1  21
10  106  1  31
11  106  1  33
12  106  1  83
13  106  1  11
14  106  1  90
15  106  1  56
1  107  1  30
2  107  1  31
3  107  1  14
4  107  1  17
5  107  1  89
6  107  1  36
7  107  1  88
8  107  1  12
9  107  1  19
10  107  1  72
11  107  1  20
12  107  1  11
13  107  1  83
14  107  1  39
15  107  1  61
1  108  1  13
2  108  1  17
3  108  1  68
4  108  1  48
5  108  1  67
6  108  1  76
7  108  1  83
8  108  1  50
9  108  1  49
10  108  1  76
11  108  1  14
12  108  1  73
13  108  1  74
14  108  1  29
15  108  1  21
1  109  1  46
2  109  1  88
3  109  1  42
4  109  1  65
5  109  1  31
6  109  1  85
7  109  1  59
8  109  1  21
9  109  1  84
10  109  1  86
11  109  1  58
12  109  1  38
13  109  1  55
14  109  1  11
15  109  1  19
1  110  1  80
2  110  1  78
3  110  1  84
4  110  1  90
5  110  1  58
6  110  1  30
7  110  1  58
8  110  1  77
9  110  1  73
10  110  1  44
11  110  1  52
12  110  1  30
13  110  1  33
14  110  1  70
15  110  1  65
1  111  1  56
2  111  1  31
3  111  1  44
4  111  1  45
5  111  1  17
6  111  1  82
7  111  1  67
8  111  1  89
9  111  1  18
10  111  1  68
11  111  1  21
12  111  1  78
13  111  1  66
14  111  1  84
15  111  1  15
1  112  1  89
2  112  1  46
3  112  1  12
4  112  1  64
5  112  1  15
6  112  1  44
7  112  1  20
8  112  1  90
9  112  1  72
10  112  1  33
11  112  1  41
12  112  1  41
13  112  1  23
14  112  1  32
15  112  1  76
1  113  1  19
2  113  1  22
3  113  1  36
4  113  1  63
5  113  1  65
6  113  1  61
7  113  1  53
8  113  1  32
9  113  1  40
10  113  1  84
11  113  1  22
12  113  1  47
13  113  1  79
14  113  1  37
15  113  1  83
1  114  1  19
2  114  1  83
3  114  1  30
4  114  1  82
5  114  1  56
6  114  1  38
7  114  1  10
8  114  1  44
9  114  1  51
10  114  1  13
11  114  1  11
12  114  1  52
13  114  1  28
14  114  1  24
15  114  1  16
1  115  1  13
2  115  1  66
3  115  1  23
4  115  1  62
5  115  1  77
6  115  1  28
7  115  1  83
8  115  1  34
9  115  1  55
10  115  1  38
11  115  1  42
12  115  1  47
13  115  1  73
14  115  1  19
15  115  1  42
1  116  1  24
2  116  1  77
3  116  1  35
4  116  1  63
5  116  1  13
6  116  1  77
7  116  1  71
8  116  1  17
9  116  1  31
10  116  1  76
11  116  1  88
12  116  1  54
13  116  1  47
14  116  1  82
15  116  1  59
1  117  1  29
2  117  1  28
3  117  1  76
4  117  1  32
5  117  1  21
6  117  1  46
7  117  1  34
8  117  1  18
9  117  1  29
10  117  1  67
11  117  1  90
12  117  1  46
13  117  1  26
14  117  1  22
15  117  1  15
1  118  1  39
2  118  1  62
3  118  1  22
4  118  1  61
5  118  1  84
6  118  1  52
7  118  1  85
8  118  1  66
9  118  1  35
10  118  1  38
11  118  1  34
12  118  1  90
13  118  1  79
14  118  1  79
15  118  1  52
1  119  1  11
2  119  1  34
3  119  1  14
4  119  1  22
5  119  1  64
6  119  1  43
7  119  1  64
8  119  1  55
9  119  1  81
10  119  1  39
11  119  1  63
12  119  1  29
13  119  1  64
14  119  1  38
15  119  1  27
1  120  1  71
2  120  1  59
3  120  1  74
4  120  1  61
5  120  1  55
6  120  1  74
7  120  1  79
8  120  1  24
9  120  1  65
10  120  1  73
11  120  1  19
12  120  1  32
13  120  1  19
14  120  1  73
15  120  1  86
1  121  1  40
2  121  1  38
3  121  1  50
4  121  1  10
5  121  1  57
6  121  1  56
7  121  1  54
8  121  1  60
9  121  1  29
10  121  1  85
11  121  1  86
12  121  1  71
13  121  1  57
14  121  1  21
15  121  1  84
1  122  1  62
2  122  1  65
3  122  1  49
4  122  1  88
5  122  1  15
6  122  1  25
7  122  1  16
8  122  1  22
9  122  1  22
10  122  1  19
11  122  1  14
12  122  1  16
13  122  1  49
14  122  1  49
15  122  1  86
1  123  1  33
2  123  1  86
3  123  1  17
4  123  1  36
5  123  1  42
6  123  1  45
7  123  1  21
8  123  1  75
9  123  1  49
10  123  1  27
11  123  1  57
12  123  1  56
13  123  1  59
14  123  1  64
15  123  1  22
1  124  1  83
2  124  1  63
3  124  1  41
4  124  1  23
5  124  1  67
6  124  1  23
7  124  1  86
8  124  1  78
9  124  1  32
10  124  1  44
11  124  1  87
12  124  1  64
13  124  1  32
14  124  1  69
15  124  1  24
1  125  1  74
2  125  1  42
3  125  1  50
4  125  1  49
5  125  1  38
6  125  1  67
7  125  1  10
8  125  1  82
9  125  1  76
10  125  1  58
11  125  1  20
12  125  1  29
13  125  1  44
14  125  1  80
15  125  1  51
1  126  1  11
2  126  1  39
3  126  1  13
4  126  1  56
5  126  1  51
6  126  1  70
7  126  1  45
8  126  1  57
9  126  1  74
10  126  1  25
11  126  1  79
12  126  1  74
13  126  1  12
14  126  1  15
15  126  1  84
1  127  1  81
2  127  1  14
3  127  1  22
4  127  1  73
5  127  1  47
6  127  1  29
7  127  1  26
8  127  1  28
9  127  1  23
10  127  1  86
11  127  1  88
12  127  1  28
13  127  1  78
14  127  1  51
15  127  1  38
1  128  1  26
2  128  1  50
3  128  1  64
4  128  1  25
5  128  1  83
6  128  1  53
7  128  1  72
8  128  1  44
9  128  1  79
10  128  1  36
11  128  1  46
12  128  1  43
13  128  1  72
14  128  1  36
15  128  1  84
1  129  1  89
2  129  1  60
3  129  1  88
4  129  1  58
5  129  1  12
6  129  1  55
7  129  1  76
8  129  1  26
9  129  1  42
10  129  1  54
11  129  1  89
12  129  1  86
13  129  1  80
14  129  1  60
15  129  1  12
1  130  1  88
2  130  1  20
3  130  1  10
4  130  1  68
5  130  1  69
6  130  1  79
7  130  1  40
8  130  1  53
9  130  1  18
10  130  1  74
11  130  1  27
12  130  1  65
13  130  1  48
14  130  1  40
15  130  1  70
1  131  1  87
2  131  1  15
3  131  1  90
4  131  1  12
5  131  1  60
6  131  1  59
7  131  1  62
8  131  1  65
9  131  1  44
10  131  1  80
11  131  1  53
12  131  1  73
13  131  1  31
14  131  1  58
15  131  1  74
1  132  1  88
2  132  1  71
3  132  1  51
4  132  1  13
5  132  1  31
6  132  1  61
7  132  1  28
8  132  1  28
9  132  1  69
10  132  1  31
11  132  1  52
12  132  1  77
13  132  1  42
14  132  1  31
15  132  1  86
1  133  1  27
2  133  1  82
3  133  1  69
4  133  1  57
5  133  1  37
6  133  1  88
7  133  1  39
8  133  1  78
9  133  1  55
10  133  1  63
11  133  1  24
12  133  1  13
13  133  1  22
14  133  1  62
15  133  1  58
1  134  1  44
2  134  1  84
3  134  1  20
4  134  1  28
5  134  1  65
6  134  1  45
7  134  1  82
8  134  1  84
9  134  1  29
10  134  1  82
11  134  1  17
12  134  1  57
13  134  1  69
14  134  1  56
15  134  1  86
1  135  1  86
2  135  1  54
3  135  1  23
4  135  1  47
5  135  1  80
6  135  1  73
7  135  1  63
8  135  1  41
9  135  1  40
10  135  1  56
11  135  1  41
12  135  1  70
13  135  1  89
14  135  1  73
15  135  1  48
1  136  1  49
2  136  1  44
3  136  1  60
4  136  1  69
5  136  1  25
6  136  1  36
7  136  1  54
8  136  1  68
9  136  1  86
10  136  1  34
11  136  1  87
12  136  1  58
13  136  1  39
14  136  1  63
15  136  1  45
1  137  1  43
2  137  1  26
3  137  1  49
4  137  1  29
5  137  1  57
6  137  1  80
7  137  1  70
8  137  1  52
9  137  1  56
10  137  1  90
11  137  1  25
12  137  1  35
13  137  1  50
14  137  1  13
15  137  1  40
1  138  1  70
2  138  1  23
3  138  1  47
4  138  1  16
5  138  1  47
6  138  1  22
7  138  1  53
8  138  1  47
9  138  1  10
10  138  1  15
11  138  1  82
12  138  1  19
13  138  1  57
14  138  1  16
15  138  1  42
1  139  1  78
2  139  1  68
3  139  1  16
4  139  1  15
5  139  1  29
6  139  1  83
7  139  1  70
8  139  1  11
9  139  1  90
10  139  1  46
11  139  1  25
12  139  1  80
13  139  1  69
14  139  1  38
15  139  1  45
1  140  1  52
2  140  1  46
3  140  1  82
4  140  1  79
5  140  1  64
6  140  1  64
7  140  1  16
8  140  1  73
9  140  1  51
10  140  1  10
11  140  1  85
12  140  1  29
13  140  1  12
14  140  1  53
15  140  1  50
1  141  1  53
2  141  1  84
3  141  1  21
4  141  1  31
5  141  1  72
6  141  1  42
7  141  1  51
8  141  1  32
9  141  1  22
10  141  1  88
11  141  1  11
12  141  1  82
13  141  1  23
14  141  1  72
15  141  1  20
1  142  1  25
2  142  1  27
3  142  1  64
4  142  1  19
5  142  1  25
6  142  1  87
7  142  1  15
8  142  1  47
9  142  1  62
10  142  1  58
11  142  1  41
12  142  1  35
13  142  1  45
14  142  1  54
15  142  1  14
1  143  1  43
2  143  1  89
3  143  1  69
4  143  1  70
5  143  1  51
6  143  1  32
7  143  1  67
8  143  1  28
9  143  1  63
10  143  1  57
11  143  1  46
12  143  1  75
13  143  1  43
14  143  1  68
15  143  1  35
1  144  1  41
2  144  1  42
3  144  1  73
4  144  1  46
5  144  1  43
6  144  1  16
7  144  1  44
8  144  1  88
9  144  1  39
10  144  1  20
11  144  1  77
12  144  1  73
13  144  1  67
14  144  1  90
15  144  1  45
1  145  1  59
2  145  1  65
3  145  1  19
4  145  1  68
5  145  1  63
6  145  1  33
7  145  1  28
8  145  1  26
9  145  1  78
10  145  1  66
11  145  1  30
12  145  1  74
13  145  1  41
14  145  1  41
15  145  1  73
1  146  1  11
2  146  1  12
3  146  1  66
4  146  1  34
5  146  1  52
6  146  1  40
7  146  1  17
8  146  1  45
9  146  1  59
10  146  1  86
11  146  1  76
12  146  1  13
13  146  1  44
14  146  1  72
15  146  1  22
1  147  1  14
2  147  1  69
3  147  1  61
4  147  1  35
5  147  1  55
6  147  1  45
7  147  1  78
8  147  1  81
9  147  1  54
10  147  1  11
11  147  1  77
12  147  1  62
13  147  1  88
14  147  1  72
15  147  1  77
1  148  1  34
2  148  1  12
3  148  1  26
4  148  1  69
5  148  1  21
6  148  1  49
7  148  1  34
8  148  1  47
9  148  1  15
10  148  1  21
11  148  1  35
12  148  1  57
13  148  1  46
14  148  1  88
15  148  1  14
1  149  1  35
2  149  1  89
3  149  1  57
4  149  1  39
5  149  1  25
6  149  1  89
7  149  1  23
8  149  1  40
9  149  1  70
10  149  1  16
11  149  1  28
12  149  1  62
13  149  1  70
14  149  1  74
15  149  1  72
1  150  1  15
2  150  1  42
3  150  1  37
4  150  1  46
5  150  1  24
6  150  1  19
7  150  1  60
8  150  1  79
9  150  1  76
10  150  1  44
11  150  1  49
12  150  1  83
13  150  1  87
14  150  1  59
15  150  1  17
1  1  2  11.88
2  1  2  36.54
3  1  2  10.2
4  1  2  8.48
5  1  2  8.8
6  1  2  21.16
7  1  2  33.32
8  1  2  35.67
9  1  2  42.64
10  1  2  5.28
11  1  2  7.7
12  1  2  14.79
13  1  2  30.55
14  1  2  28.67
15  1  2  10.2
1  2  2  39.6
2  2  2  4.62
3  2  2  18.87
4  2  2  22.79
5  2  2  7.48
6  2  2  23.46
7  2  2  16.66
8  2  2  34.44
9  2  2  46.8
10  2  2  32.56
11  2  2  41.8
12  2  2  6.12
13  2  2  22.56
14  2  2  39.95
15  2  2  30.6
1  3  2  24.64
2  3  2  31.92
3  3  2  10.2
4  3  2  34.98
5  3  2  15.4
6  3  2  32.66
7  3  2  12.74
8  3  2  15.17
9  3  2  39
10  3  2  4.4
11  3  2  30.8
12  3  2  29.58
13  3  2  33.37
14  3  2  9.4
15  3  2  18.6
1  4  2  11.88
2  4  2  28.56
3  4  2  17.85
4  4  2  25.44
5  4  2  5.72
6  4  2  29.44
7  4  2  20.58
8  4  2  28.7
9  4  2  19.76
10  4  2  24.2
11  4  2  18.7
12  4  2  37.74
13  4  2  42.3
14  4  2  8.93
15  4  2  12.6
1  5  2  21.56
2  5  2  5.04
3  5  2  8.16
4  5  2  25.44
5  5  2  12.32
6  5  2  39.56
7  5  2  30.87
8  5  2  17.22
9  5  2  44.2
10  5  2  25.96
11  5  2  20.9
12  5  2  5.1
13  5  2  13.16
14  5  2  32.43
15  5  2  48.6
1  6  2  33
2  6  2  27.3
3  6  2  40.8
4  6  2  19.08
5  6  2  23.76
6  6  2  8.28
7  6  2  25.97
8  6  2  32.8
9  6  2  28.6
10  6  2  29.92
11  6  2  5.5
12  6  2  17.34
13  6  2  17.39
14  6  2  15.98
15  6  2  30
1  7  2  10.56
2  7  2  16.8
3  7  2  20.4
4  7  2  10.6
5  7  2  11
6  7  2  13.8
7  7  2  21.07
8  7  2  36.9
9  7  2  24.96
10  7  2  12.32
11  7  2  23.1
12  7  2  36.72
13  7  2  13.63
14  7  2  33.37
15  7  2  49.8
1  8  2  18.92
2  8  2  28.98
3  8  2  34.68
4  8  2  12.72
5  8  2  12.76
6  8  2  8.74
7  8  2  38.71
8  8  2  32.8
9  8  2  36.92
10  8  2  16.28
11  8  2  28.05
12  8  2  29.07
13  8  2  39.48
14  8  2  36.66
15  8  2  33
1  9  2  19.8
2  9  2  15.54
3  9  2  38.25
4  9  2  25.97
5  9  2  12.32
6  9  2  11.04
7  9  2  37.73
8  9  2  21.32
9  9  2  40.04
10  9  2  29.48
11  9  2  29.7
12  9  2  41.31
13  9  2  19.74
14  9  2  34.78
15  9  2  8.4
1  10  2  36.52
2  10  2  21
3  10  2  38.25
4  10  2  14.84
5  10  2  9.24
6  10  2  35.42
7  10  2  16.66
8  10  2  14.35
9  10  2  10.92
10  10  2  11
11  10  2  25.3
12  10  2  35.19
13  10  2  15.51
14  10  2  36.66
15  10  2  24.6
1  11  2  27.28
2  11  2  13.86
3  11  2  14.79
4  11  2  36.57
5  11  2  37.84
6  11  2  17.48
7  11  2  34.79
8  11  2  26.24
9  11  2  11.44
10  11  2  39.16
11  11  2  31.35
12  11  2  19.38
13  11  2  39.95
14  11  2  13.63
15  11  2  54
1  12  2  39.6
2  12  2  35.28
3  12  2  23.46
4  12  2  32.33
5  12  2  10.12
6  12  2  23.92
7  12  2  35.28
8  12  2  29.93
9  12  2  14.56
10  12  2  27.28
11  12  2  41.8
12  12  2  37.23
13  12  2  10.81
14  12  2  7.99
15  12  2  10.2
1  13  2  22.44
2  13  2  7.14
3  13  2  29.07
4  13  2  5.83
5  13  2  19.8
6  13  2  37.72
7  13  2  13.23
8  13  2  6.97
9  13  2  19.24
10  13  2  33
11  13  2  7.7
12  13  2  14.28
13  13  2  23.5
14  13  2  10.81
15  13  2  30
1  14  2  25.96
2  14  2  13.44
3  14  2  41.82
4  14  2  46.11
5  14  2  36.52
6  14  2  9.66
7  14  2  31.85
8  14  2  35.67
9  14  2  41.08
10  14  2  37.4
11  14  2  48.95
12  14  2  23.46
13  14  2  27.26
14  14  2  17.86
15  14  2  28.8
1  15  2  29.04
2  15  2  21
3  15  2  9.69
4  15  2  40.28
5  15  2  18.48
6  15  2  34.5
7  15  2  28.91
8  15  2  18.04
9  15  2  30.68
10  15  2  31.24
11  15  2  45.1
12  15  2  33.15
13  15  2  25.38
14  15  2  38.07
15  15  2  19.2
1  16  2  11
2  16  2  18.06
3  16  2  41.31
4  16  2  46.11
5  16  2  7.04
6  16  2  14.26
7  16  2  43.61
8  16  2  17.22
9  16  2  15.08
10  16  2  4.4
11  16  2  28.05
12  16  2  14.79
13  16  2  37.13
14  16  2  7.05
15  16  2  37.2
1  17  2  39.16
2  17  2  13.86
3  17  2  31.62
4  17  2  14.84
5  17  2  32.56
6  17  2  40.48
7  17  2  24.99
8  17  2  24.6
9  17  2  8.32
10  17  2  12.32
11  17  2  47.3
12  17  2  30.6
13  17  2  39.95
14  17  2  23.97
15  17  2  10.8
1  18  2  33.88
2  18  2  13.86
3  18  2  7.65
4  18  2  36.04
5  18  2  13.2
6  18  2  24.38
7  18  2  10.78
8  18  2  6.97
9  18  2  15.08
10  18  2  36.96
11  18  2  13.75
12  18  2  41.31
13  18  2  11.75
14  18  2  13.16
15  18  2  24
1  19  2  32.12
2  19  2  34.86
3  19  2  13.26
4  19  2  29.15
5  19  2  6.6
6  19  2  23.46
7  19  2  31.36
8  19  2  25.83
9  19  2  36.4
10  19  2  12.76
11  19  2  13.75
12  19  2  42.33
13  19  2  33.37
14  19  2  21.62
15  19  2  34.2
1  20  2  25.96
2  20  2  30.66
3  20  2  8.16
4  20  2  28.09
5  20  2  16.72
6  20  2  27.6
7  20  2  25.97
8  20  2  19.27
9  20  2  29.64
10  20  2  11
11  20  2  47.85
12  20  2  9.69
13  20  2  4.7
14  20  2  13.63
15  20  2  42
1  21  2  8.8
2  21  2  16.8
3  21  2  30.6
4  21  2  38.16
5  21  2  14.08
6  21  2  10.58
7  21  2  6.86
8  21  2  28.7
9  21  2  6.76
10  21  2  7.48
11  21  2  22.55
12  21  2  23.97
13  21  2  24.44
14  21  2  13.63
15  21  2  52.8
1  22  2  38.72
2  22  2  11.76
3  22  2  26.52
4  22  2  20.67
5  22  2  13.2
6  22  2  30.36
7  22  2  11.76
8  22  2  13.53
9  22  2  22.88
10  22  2  7.48
11  22  2  9.9
12  22  2  24.48
13  22  2  41.83
14  22  2  31.02
15  22  2  27.6
1  23  2  31.24
2  23  2  28.56
3  23  2  45.9
4  23  2  19.08
5  23  2  21.56
6  23  2  38.64
7  23  2  25.48
8  23  2  18.04
9  23  2  5.72
10  23  2  7.04
11  23  2  41.8
12  23  2  43.86
13  23  2  27.26
14  23  2  31.96
15  23  2  52.8
1  24  2  24.2
2  24  2  18.9
3  24  2  24.48
4  24  2  36.57
5  24  2  5.28
6  24  2  32.66
7  24  2  39.69
8  24  2  18.86
9  24  2  40.04
10  24  2  7.04
11  24  2  29.7
12  24  2  26.01
13  24  2  35.72
14  24  2  23.97
15  24  2  54
1  25  2  24.2
2  25  2  31.08
3  25  2  19.89
4  25  2  32.86
5  25  2  8.36
6  25  2  7.82
7  25  2  30.87
8  25  2  23.37
9  25  2  43.68
10  25  2  11
11  25  2  23.65
12  25  2  45.9
13  25  2  26.79
14  25  2  31.96
15  25  2  21
1  26  2  18.48
2  26  2  13.44
3  26  2  41.82
4  26  2  43.46
5  26  2  25.52
6  26  2  37.26
7  26  2  18.13
8  26  2  23.37
9  26  2  20.28
10  26  2  16.72
11  26  2  38.5
12  26  2  26.52
13  26  2  34.31
14  26  2  19.27
15  26  2  29.4
1  27  2  19.36
2  27  2  29.82
3  27  2  5.1
4  27  2  46.64
5  27  2  29.92
6  27  2  16.1
7  27  2  43.61
8  27  2  18.45
9  27  2  29.12
10  27  2  35.64
11  27  2  13.75
12  27  2  20.4
13  27  2  39.48
14  27  2  36.19
15  27  2  11.4
1  28  2  8.36
2  28  2  21
3  28  2  45.9
4  28  2  15.9
5  28  2  25.08
6  28  2  24.38
7  28  2  14.7
8  28  2  28.29
9  28  2  11.96
10  28  2  5.28
11  28  2  26.95
12  28  2  19.38
13  28  2  20.21
14  28  2  36.66
15  28  2  6.6
1  29  2  4.84
2  29  2  20.58
3  29  2  14.79
4  29  2  17.49
5  29  2  9.68
6  29  2  31.74
7  29  2  24.5
8  29  2  22.14
9  29  2  23.4
10  29  2  22
11  29  2  31.9
12  29  2  9.69
13  29  2  35.72
14  29  2  37.6
15  29  2  28.8
1  30  2  30.8
2  30  2  36.96
3  30  2  19.38
4  30  2  6.36
5  30  2  4.84
6  30  2  6.9
7  30  2  15.68
8  30  2  18.04
9  30  2  7.28
10  30  2  4.84
11  30  2  14.3
12  30  2  38.76
13  30  2  37.6
14  30  2  7.52
15  30  2  6
1  31  2  32.12
2  31  2  25.2
3  31  2  29.58
4  31  2  37.63
5  31  2  38.28
6  31  2  11.5
7  31  2  13.72
8  31  2  22.96
9  31  2  29.12
10  31  2  8.36
11  31  2  31.9
12  31  2  14.79
13  31  2  34.78
14  31  2  7.99
15  31  2  16.2
1  32  2  6.16
2  32  2  25.2
3  32  2  8.16
4  32  2  25.97
5  32  2  8.8
6  32  2  23.46
7  32  2  6.37
8  32  2  35.67
9  32  2  36.4
10  32  2  9.68
11  32  2  9.9
12  32  2  7.65
13  32  2  31.96
14  32  2  23.03
15  32  2  12
1  33  2  7.04
2  33  2  21.84
3  33  2  23.46
4  33  2  6.89
5  33  2  35.64
6  33  2  33.12
7  33  2  8.82
8  33  2  12.3
9  33  2  30.68
10  33  2  25.96
11  33  2  11.55
12  33  2  6.63
13  33  2  32.9
14  33  2  33.37
15  33  2  53.4
1  34  2  21.12
2  34  2  28.14
3  34  2  27.54
4  34  2  18.02
5  34  2  24.2
6  34  2  24.38
7  34  2  6.37
8  34  2  11.89
9  34  2  24.44
10  34  2  6.6
11  34  2  23.65
12  34  2  9.18
13  34  2  39.48
14  34  2  28.2
15  34  2  27
1  35  2  17.16
2  35  2  28.56
3  35  2  26.01
4  35  2  45.05
5  35  2  34.32
6  35  2  8.28
7  35  2  34.3
8  35  2  20.91
9  35  2  5.72
10  35  2  14.52
11  35  2  45.1
12  35  2  34.17
13  35  2  30.08
14  35  2  13.16
15  35  2  37.2
1  36  2  25.96
2  36  2  26.04
3  36  2  37.23
4  36  2  47.17
5  36  2  25.96
6  36  2  10.58
7  36  2  22.54
8  36  2  14.76
9  36  2  32.76
10  36  2  12.76
11  36  2  49.5
12  36  2  14.79
13  36  2  31.02
14  36  2  15.51
15  36  2  53.4
1  37  2  31.24
2  37  2  37.8
3  37  2  18.36
4  37  2  38.69
5  37  2  28.16
6  37  2  9.2
7  37  2  7.35
8  37  2  10.66
9  37  2  20.8
10  37  2  24.2
11  37  2  42.35
12  37  2  18.36
13  37  2  33.84
14  37  2  16.92
15  37  2  37.2
1  38  2  35.2
2  38  2  27.72
3  38  2  14.28
4  38  2  45.05
5  38  2  35.2
6  38  2  9.2
7  38  2  35.77
8  38  2  33.62
9  38  2  23.4
10  38  2  38.72
11  38  2  45.65
12  38  2  8.16
13  38  2  27.73
14  38  2  35.72
15  38  2  7.2
1  39  2  16.28
2  39  2  24.36
3  39  2  21.93
4  39  2  43.99
5  39  2  20.24
6  39  2  16.56
7  39  2  17.64
8  39  2  20.5
9  39  2  30.16
10  39  2  7.48
11  39  2  13.2
12  39  2  8.16
13  39  2  38.54
14  39  2  27.26
15  39  2  6.6
1  40  2  16.72
2  40  2  16.8
3  40  2  15.81
4  40  2  15.37
5  40  2  27.28
6  40  2  14.26
7  40  2  12.25
8  40  2  23.78
9  40  2  10.4
10  40  2  18.04
11  40  2  37.95
12  40  2  42.84
13  40  2  36.19
14  40  2  21.62
15  40  2  13.2
1  41  2  6.6
2  41  2  8.82
3  41  2  12.75
4  41  2  33.39
5  41  2  20.24
6  41  2  28.98
7  41  2  10.78
8  41  2  21.73
9  41  2  40.04
10  41  2  22
11  41  2  31.35
12  41  2  24.99
13  41  2  33.84
14  41  2  36.19
15  41  2  33
1  42  2  7.04
2  42  2  17.22
3  42  2  32.64
4  42  2  36.57
5  42  2  20.68
6  42  2  15.18
7  42  2  37.24
8  42  2  23.78
9  42  2  10.92
10  42  2  8.8
11  42  2  37.95
12  42  2  34.17
13  42  2  23.03
14  42  2  23.5
15  42  2  52.8
1  43  2  25.96
2  43  2  27.72
3  43  2  21.42
4  43  2  34.45
5  43  2  5.28
6  43  2  23.92
7  43  2  7.35
8  43  2  23.37
9  43  2  34.84
10  43  2  22.44
11  43  2  25.3
12  43  2  15.3
13  43  2  30.08
14  43  2  12.22
15  43  2  31.2
1  44  2  25.08
2  44  2  37.38
3  44  2  42.84
4  44  2  11.13
5  44  2  6.16
6  44  2  10.12
7  44  2  28.42
8  44  2  19.27
9  44  2  44.72
10  44  2  34.32
11  44  2  27.5
12  44  2  45.39
13  44  2  15.98
14  44  2  5.17
15  44  2  54
1  45  2  23.32
2  45  2  26.04
3  45  2  40.29
4  45  2  18.55
5  45  2  6.6
6  45  2  23.92
7  45  2  20.58
8  45  2  20.91
9  45  2  42.64
10  45  2  22.88
11  45  2  42.35
12  45  2  45.9
13  45  2  34.78
14  45  2  4.7
15  45  2  16.2
1  46  2  19.8
2  46  2  22.26
3  46  2  26.52
4  46  2  22.26
5  46  2  27.28
6  46  2  40.48
7  46  2  35.77
8  46  2  23.37
9  46  2  25.48
10  46  2  9.68
11  46  2  42.9
12  46  2  39.27
13  46  2  28.2
14  46  2  33.84
15  46  2  35.4
1  47  2  21.56
2  47  2  7.14
3  47  2  26.52
4  47  2  39.75
5  47  2  35.64
6  47  2  24.38
7  47  2  24.5
8  47  2  30.75
9  47  2  23.4
10  47  2  19.8
11  47  2  34.1
12  47  2  33.15
13  47  2  19.27
14  47  2  27.73
15  47  2  30.6
1  48  2  16.72
2  48  2  23.52
3  48  2  18.36
4  48  2  34.98
5  48  2  22.44
6  48  2  34.5
7  48  2  6.37
8  48  2  14.76
9  48  2  36.92
10  48  2  28.6
11  48  2  44
12  48  2  32.64
13  48  2  30.08
14  48  2  42.3
15  48  2  18
1  49  2  9.24
2  49  2  30.24
3  49  2  13.26
4  49  2  22.26
5  49  2  29.48
6  49  2  33.58
7  49  2  25.97
8  49  2  10.66
9  49  2  32.76
10  49  2  25.08
11  49  2  47.3
12  49  2  34.68
13  49  2  6.58
14  49  2  9.87
15  49  2  41.4
1  50  2  28.16
2  50  2  17.64
3  50  2  44.37
4  50  2  45.58
5  50  2  36.52
6  50  2  11.5
7  50  2  4.9
8  50  2  25.42
9  50  2  25.48
10  50  2  6.6
11  50  2  33.55
12  50  2  34.17
13  50  2  26.79
14  50  2  31.96
15  50  2  9.6
1  51  2  30.36
2  51  2  35.7
3  51  2  8.67
4  51  2  44.52
5  51  2  23.76
6  51  2  27.6
7  51  2  38.71
8  51  2  24.6
9  51  2  40.56
10  51  2  29.92
11  51  2  48.95
12  51  2  22.44
13  51  2  25.38
14  51  2  33.37
15  51  2  20.4
1  52  2  16.72
2  52  2  25.62
3  52  2  17.85
4  52  2  17.49
5  52  2  16.28
6  52  2  41.4
7  52  2  33.32
8  52  2  5.74
9  52  2  10.4
10  52  2  7.48
11  52  2  17.05
12  52  2  36.21
13  52  2  18.8
14  52  2  30.55
15  52  2  41.4
1  53  2  22
2  53  2  15.12
3  53  2  15.81
4  53  2  31.8
5  53  2  32.56
6  53  2  17.02
7  53  2  29.4
8  53  2  10.25
9  53  2  29.12
10  53  2  31.68
11  53  2  46.2
12  53  2  18.36
13  53  2  6.11
14  53  2  33.84
15  53  2  43.8
1  54  2  10.56
2  54  2  36.12
3  54  2  22.44
4  54  2  20.67
5  54  2  14.08
6  54  2  41.4
7  54  2  35.28
8  54  2  19.68
9  54  2  41.08
10  54  2  20.68
11  54  2  48.95
12  54  2  8.67
13  54  2  5.17
14  54  2  25.85
15  54  2  13.2
1  55  2  33.88
2  55  2  27.3
3  55  2  24.48
4  55  2  6.89
5  55  2  24.2
6  55  2  39.1
7  55  2  26.95
8  55  2  13.53
9  55  2  17.16
10  55  2  32.56
11  55  2  7.15
12  55  2  12.75
13  55  2  18.8
14  55  2  39.01
15  55  2  9
1  56  2  5.28
2  56  2  6.3
3  56  2  18.87
4  56  2  11.66
5  56  2  6.6
6  56  2  40.48
7  56  2  30.87
8  56  2  32.8
9  56  2  12.48
10  56  2  4.84
11  56  2  44
12  56  2  8.16
13  56  2  34.31
14  56  2  14.57
15  56  2  10.8
1  57  2  6.6
2  57  2  26.04
3  57  2  9.18
4  57  2  14.84
5  57  2  7.04
6  57  2  9.66
7  57  2  37.73
8  57  2  4.1
9  57  2  45.24
10  57  2  9.68
11  57  2  39.6
12  57  2  45.39
13  57  2  41.36
14  57  2  30.08
15  57  2  20.4
1  58  2  26.84
2  58  2  9.66
3  58  2  35.7
4  58  2  29.68
5  58  2  14.96
6  58  2  29.44
7  58  2  43.12
8  58  2  19.27
9  58  2  39.52
10  58  2  6.16
11  58  2  48.4
12  58  2  6.63
13  58  2  38.07
14  58  2  28.2
15  58  2  52.8
1  59  2  29.48
2  59  2  13.02
3  59  2  7.65
4  59  2  15.9
5  59  2  19.8
6  59  2  31.28
7  59  2  38.22
8  59  2  6.15
9  59  2  32.76
10  59  2  10.56
11  59  2  40.15
12  59  2  22.44
13  59  2  10.34
14  59  2  10.81
15  59  2  25.2
1  60  2  12.76
2  60  2  15.12
3  60  2  43.86
4  60  2  31.8
5  60  2  8.36
6  60  2  30.82
7  60  2  24.5
8  60  2  27.88
9  60  2  6.76
10  60  2  15.84
11  60  2  25.3
12  60  2  29.58
13  60  2  7.52
14  60  2  40.89
15  60  2  51
1  61  2  39.6
2  61  2  14.28
3  61  2  42.84
4  61  2  24.91
5  61  2  11.44
6  61  2  34.04
7  61  2  28.91
8  61  2  25.83
9  61  2  27.04
10  61  2  13.64
11  61  2  35.75
12  61  2  41.31
13  61  2  13.63
14  61  2  33.37
15  61  2  36.6
1  62  2  14.52
2  62  2  10.08
3  62  2  12.24
4  62  2  33.92
5  62  2  12.32
6  62  2  5.98
7  62  2  16.17
8  62  2  13.94
9  62  2  22.36
10  62  2  8.36
11  62  2  26.95
12  62  2  13.26
13  62  2  22.09
14  62  2  10.81
15  62  2  48
1  63  2  36.52
2  63  2  7.56
3  63  2  31.11
4  63  2  28.09
5  63  2  37.84
6  63  2  40.02
7  63  2  21.07
8  63  2  16.81
9  63  2  25.48
10  63  2  27.28
11  63  2  9.9
12  63  2  43.86
13  63  2  23.97
14  63  2  34.31
15  63  2  11.4
1  64  2  28.16
2  64  2  23.94
3  64  2  26.01
4  64  2  35.51
5  64  2  39.6
6  64  2  34.04
7  64  2  17.64
8  64  2  31.57
9  64  2  15.6
10  64  2  18.92
11  64  2  23.65
12  64  2  27.54
13  64  2  25.85
14  64  2  33.84
15  64  2  31.8
1  65  2  28.16
2  65  2  20.58
3  65  2  37.23
4  65  2  46.64
5  65  2  28.16
6  65  2  20.7
7  65  2  17.64
8  65  2  8.2
9  65  2  19.76
10  65  2  23.32
11  65  2  18.7
12  65  2  37.23
13  65  2  41.83
14  65  2  8.46
15  65  2  16.8
1  66  2  31.24
2  66  2  36.54
3  66  2  33.15
4  66  2  22.26
5  66  2  37.4
6  66  2  25.76
7  66  2  33.32
8  66  2  9.84
9  66  2  44.72
10  66  2  6.16
11  66  2  35.75
12  66  2  33.66
13  66  2  30.55
14  66  2  18.33
15  66  2  13.2
1  67  2  29.04
2  67  2  4.62
3  67  2  28.56
4  67  2  6.89
5  67  2  18.92
6  67  2  22.54
7  67  2  28.91
8  67  2  6.15
9  67  2  12.48
10  67  2  12.76
11  67  2  25.3
12  67  2  10.2
13  67  2  5.64
14  67  2  21.15
15  67  2  21
1  68  2  21.12
2  68  2  35.7
3  68  2  31.62
4  68  2  42.4
5  68  2  18.92
6  68  2  15.18
7  68  2  16.66
8  68  2  29.11
9  68  2  46.8
10  68  2  36.08
11  68  2  15.95
12  68  2  8.16
13  68  2  32.43
14  68  2  8.93
15  68  2  46.2
1  69  2  35.64
2  69  2  32.76
3  69  2  43.86
4  69  2  20.14
5  69  2  35.64
6  69  2  4.6
7  69  2  22.05
8  69  2  11.48
9  69  2  24.96
10  69  2  11.88
11  69  2  37.95
12  69  2  12.24
13  69  2  10.34
14  69  2  11.28
15  69  2  49.8
1  70  2  8.8
2  70  2  18.06
3  70  2  22.44
4  70  2  38.16
5  70  2  31.24
6  70  2  21.16
7  70  2  20.58
8  70  2  31.98
9  70  2  25.48
10  70  2  15.84
11  70  2  46.2
12  70  2  6.12
13  70  2  25.38
14  70  2  13.16
15  70  2  16.8
1  71  2  18.48
2  71  2  25.2
3  71  2  22.95
4  71  2  24.91
5  71  2  32.56
6  71  2  32.66
7  71  2  32.34
8  71  2  12.71
9  71  2  28.6
10  71  2  33.88
11  71  2  42.35
12  71  2  42.84
13  71  2  36.66
14  71  2  31.49
15  71  2  37.8
1  72  2  36.96
2  72  2  12.18
3  72  2  9.18
4  72  2  5.3
5  72  2  17.16
6  72  2  11.96
7  72  2  10.78
8  72  2  31.16
9  72  2  29.64
10  72  2  7.48
11  72  2  21.45
12  72  2  21.42
13  72  2  7.99
14  72  2  17.86
15  72  2  30
1  73  2  14.52
2  73  2  24.36
3  73  2  20.91
4  73  2  13.78
5  73  2  16.28
6  73  2  25.3
7  73  2  19.11
8  73  2  11.48
9  73  2  42.12
10  73  2  7.04
11  73  2  15.4
12  73  2  11.73
13  73  2  19.27
14  73  2  21.15
15  73  2  21.6
1  74  2  16.72
2  74  2  16.8
3  74  2  25.5
4  74  2  34.98
5  74  2  32.12
6  74  2  22.08
7  74  2  15.68
8  74  2  36.49
9  74  2  6.76
10  74  2  16.72
11  74  2  15.4
12  74  2  6.63
13  74  2  26.79
14  74  2  19.27
15  74  2  51.6
1  75  2  29.04
2  75  2  10.08
3  75  2  28.05
4  75  2  12.72
5  75  2  34.32
6  75  2  9.2
7  75  2  6.86
8  75  2  4.92
9  75  2  31.72
10  75  2  25.08
11  75  2  46.75
12  75  2  30.6
13  75  2  36.66
14  75  2  36.66
15  75  2  30
1  76  2  28.16
2  76  2  20.16
3  76  2  13.77
4  76  2  33.92
5  76  2  15.4
6  76  2  22.54
7  76  2  24.99
8  76  2  35.26
9  76  2  27.04
10  76  2  17.6
11  76  2  15.95
12  76  2  32.64
13  76  2  35.25
14  76  2  38.54
15  76  2  16.2
1  77  2  29.92
2  77  2  30.24
3  77  2  10.2
4  77  2  23.85
5  77  2  7.04
6  77  2  5.52
7  77  2  17.15
8  77  2  11.48
9  77  2  16.64
10  77  2  19.8
11  77  2  18.15
12  77  2  19.89
13  77  2  14.1
14  77  2  15.04
15  77  2  27.6
1  78  2  33
2  78  2  32.76
3  78  2  34.17
4  78  2  30.74
5  78  2  14.52
6  78  2  28.52
7  78  2  10.78
8  78  2  4.1
9  78  2  26
10  78  2  37.4
11  78  2  19.25
12  78  2  30.09
13  78  2  30.08
14  78  2  28.67
15  78  2  50.4
1  79  2  27.72
2  79  2  35.28
3  79  2  10.71
4  79  2  31.8
5  79  2  27.72
6  79  2  17.94
7  79  2  38.22
8  79  2  35.26
9  79  2  43.16
10  79  2  22
11  79  2  47.3
12  79  2  29.58
13  79  2  30.08
14  79  2  39.01
15  79  2  24.6
1  80  2  7.04
2  80  2  11.76
3  80  2  22.95
4  80  2  5.83
5  80  2  21.12
6  80  2  14.26
7  80  2  36.26
8  80  2  17.22
9  80  2  14.04
10  80  2  30.36
11  80  2  42.35
12  80  2  12.75
13  80  2  13.63
14  80  2  24.91
15  80  2  49.8
1  81  2  32.12
2  81  2  28.14
3  81  2  33.15
4  81  2  20.14
5  81  2  23.32
6  81  2  33.12
7  81  2  18.62
8  81  2  5.74
9  81  2  15.08
10  81  2  20.68
11  81  2  12.1
12  81  2  35.19
13  81  2  31.96
14  81  2  12.22
15  81  2  25.8
1  82  2  32.56
2  82  2  17.64
3  82  2  13.77
4  82  2  28.09
5  82  2  29.92
6  82  2  5.98
7  82  2  26.95
8  82  2  4.1
9  82  2  31.2
10  82  2  14.08
11  82  2  6.05
12  82  2  5.61
13  82  2  22.09
14  82  2  8.46
15  82  2  44.4
1  83  2  19.8
2  83  2  7.56
3  83  2  33.15
4  83  2  22.79
5  83  2  28.16
6  83  2  17.94
7  83  2  28.91
8  83  2  28.7
9  83  2  19.24
10  83  2  15.84
11  83  2  10.45
12  83  2  18.36
13  83  2  20.68
14  83  2  32.9
15  83  2  48
1  84  2  38.28
2  84  2  31.92
3  84  2  37.74
4  84  2  43.46
5  84  2  26.84
6  84  2  8.74
7  84  2  5.39
8  84  2  28.29
9  84  2  28.08
10  84  2  29.92
11  84  2  13.2
12  84  2  44.88
13  84  2  27.73
14  84  2  26.79
15  84  2  17.4
1  85  2  12.76
2  85  2  11.34
3  85  2  29.58
4  85  2  6.36
5  85  2  28.6
6  85  2  15.18
7  85  2  25.97
8  85  2  20.91
9  85  2  36.4
10  85  2  25.96
11  85  2  24.75
12  85  2  40.8
13  85  2  18.8
14  85  2  39.48
15  85  2  16.2
1  86  2  27.28
2  86  2  4.2
3  86  2  8.67
4  86  2  14.84
5  86  2  36.52
6  86  2  40.02
7  86  2  19.11
8  86  2  20.91
9  86  2  25.48
10  86  2  28.6
11  86  2  7.15
12  86  2  37.23
13  86  2  9.87
14  86  2  21.62
15  86  2  37.2
1  87  2  11.88
2  87  2  25.2
3  87  2  10.2
4  87  2  7.95
5  87  2  21.12
6  87  2  34.96
7  87  2  10.29
8  87  2  20.5
9  87  2  46.8
10  87  2  27.72
11  87  2  36.85
12  87  2  19.89
13  87  2  13.16
14  87  2  27.73
15  87  2  16.8
1  88  2  31.24
2  88  2  23.1
3  88  2  12.75
4  88  2  20.67
5  88  2  8.36
6  88  2  34.04
7  88  2  9.31
8  88  2  30.34
9  88  2  45.24
10  88  2  21.12
11  88  2  49.5
12  88  2  11.22
13  88  2  13.16
14  88  2  22.09
15  88  2  18
1  89  2  8.8
2  89  2  29.82
3  89  2  31.62
4  89  2  40.81
5  89  2  16.72
6  89  2  23
7  89  2  25.48
8  89  2  14.76
9  89  2  10.92
10  89  2  6.6
11  89  2  28.6
12  89  2  41.82
13  89  2  32.9
14  89  2  15.04
15  89  2  23.4
1  90  2  12.32
2  90  2  21.84
3  90  2  36.72
4  90  2  5.3
5  90  2  17.6
6  90  2  11.04
7  90  2  7.35
8  90  2  14.35
9  90  2  20.28
10  90  2  36.08
11  90  2  6.05
12  90  2  33.66
13  90  2  23.97
14  90  2  6.58
15  90  2  30
1  91  2  22.88
2  91  2  9.66
3  91  2  40.8
4  91  2  31.27
5  91  2  11.44
6  91  2  35.88
7  91  2  30.87
8  91  2  11.48
9  91  2  23.4
10  91  2  26.84
11  91  2  21.45
12  91  2  31.62
13  91  2  16.45
14  91  2  7.05
15  91  2  40.2
1  92  2  38.28
2  92  2  13.86
3  92  2  44.88
4  92  2  11.13
5  92  2  25.08
6  92  2  23.46
7  92  2  41.16
8  92  2  8.2
9  92  2  16.12
10  92  2  20.24
11  92  2  17.05
12  92  2  11.73
13  92  2  16.92
14  92  2  6.58
15  92  2  34.8
1  93  2  36.96
2  93  2  20.58
3  93  2  38.76
4  93  2  41.34
5  93  2  25.52
6  93  2  25.3
7  93  2  39.2
8  93  2  36.08
9  93  2  8.32
10  93  2  22
11  93  2  12.65
12  93  2  36.21
13  93  2  28.67
14  93  2  23.5
15  93  2  36
1  94  2  15.4
2  94  2  7.56
3  94  2  30.6
4  94  2  9.54
5  94  2  39.6
6  94  2  23.92
7  94  2  27.44
8  94  2  32.39
9  94  2  30.16
10  94  2  14.52
11  94  2  33.55
12  94  2  5.61
13  94  2  40.89
14  94  2  14.1
15  94  2  40.2
1  95  2  18.04
2  95  2  17.22
3  95  2  40.8
4  95  2  28.09
5  95  2  20.24
6  95  2  32.66
7  95  2  24.99
8  95  2  22.55
9  95  2  37.96
10  95  2  33
11  95  2  23.1
12  95  2  44.88
13  95  2  9.4
14  95  2  8.93
15  95  2  37.8
1  96  2  15.4
2  96  2  15.54
3  96  2  24.48
4  96  2  28.62
5  96  2  37.4
6  96  2  17.48
7  96  2  34.3
8  96  2  7.79
9  96  2  16.12
10  96  2  7.92
11  96  2  39.05
12  96  2  24.48
13  96  2  23.5
14  96  2  13.16
15  96  2  30
1  97  2  7.92
2  97  2  10.08
3  97  2  20.91
4  97  2  16.43
5  97  2  19.8
6  97  2  32.66
7  97  2  23.52
8  97  2  5.33
9  97  2  44.72
10  97  2  20.68
11  97  2  12.1
12  97  2  7.14
13  97  2  39.48
14  97  2  5.64
15  97  2  41.4
1  98  2  14.52
2  98  2  10.5
3  98  2  44.37
4  98  2  15.9
5  98  2  28.6
6  98  2  18.86
7  98  2  27.44
8  98  2  14.76
9  98  2  36.4
10  98  2  26.4
11  98  2  13.75
12  98  2  16.32
13  98  2  7.52
14  98  2  9.4
15  98  2  52.8
1  99  2  37.4
2  99  2  15.54
3  99  2  31.62
4  99  2  7.42
5  99  2  8.36
6  99  2  25.3
7  99  2  8.33
8  99  2  21.32
9  99  2  31.72
10  99  2  21.12
11  99  2  28.6
12  99  2  16.83
13  99  2  29.14
14  99  2  33.37
15  99  2  47.4
1  100  2  33.88
2  100  2  20.16
3  100  2  31.11
4  100  2  9.54
5  100  2  30.36
6  100  2  25.76
7  100  2  43.12
8  100  2  21.32
9  100  2  15.08
10  100  2  6.16
11  100  2  23.1
12  100  2  35.19
13  100  2  40.89
14  100  2  39.48
15  100  2  35.4
1  101  2  6.6
2  101  2  18.06
3  101  2  10.71
4  101  2  46.64
5  101  2  28.16
6  101  2  8.74
7  101  2  30.38
8  101  2  23.78
9  101  2  7.8
10  101  2  17.16
11  101  2  25.3
12  101  2  23.97
13  101  2  16.92
14  101  2  26.32
15  101  2  7.8
1  102  2  36.52
2  102  2  20.58
3  102  2  24.48
4  102  2  7.95
5  102  2  20.68
6  102  2  21.16
7  102  2  32.83
8  102  2  17.63
9  102  2  20.28
10  102  2  22.88
11  102  2  36.85
12  102  2  25.5
13  102  2  8.46
14  102  2  38.07
15  102  2  9
1  103  2  22
2  103  2  11.34
3  103  2  8.67
4  103  2  26.5
5  103  2  32.56
6  103  2  27.6
7  103  2  6.37
8  103  2  35.26
9  103  2  14.04
10  103  2  33
11  103  2  41.8
12  103  2  15.3
13  103  2  14.57
14  103  2  29.14
15  103  2  18
1  104  2  21.56
2  104  2  10.92
3  104  2  35.7
4  104  2  8.48
5  104  2  15.4
6  104  2  8.28
7  104  2  28.42
8  104  2  26.24
9  104  2  43.68
10  104  2  35.2
11  104  2  12.65
12  104  2  10.2
13  104  2  16.45
14  104  2  21.62
15  104  2  7.8
1  105  2  33
2  105  2  12.6
3  105  2  17.34
4  105  2  41.87
5  105  2  27.28
6  105  2  18.4
7  105  2  19.11
8  105  2  28.7
9  105  2  13.52
10  105  2  36.96
11  105  2  31.35
12  105  2  23.46
13  105  2  9.4
14  105  2  22.56
15  105  2  25.8
1  106  2  28.6
2  106  2  19.74
3  106  2  14.79
4  106  2  40.28
5  106  2  33
6  106  2  31.74
7  106  2  20.09
8  106  2  15.99
9  106  2  10.92
10  106  2  13.64
11  106  2  18.15
12  106  2  42.33
13  106  2  5.17
14  106  2  42.3
15  106  2  33.6
1  107  2  13.2
2  107  2  13.02
3  107  2  7.14
4  107  2  9.01
5  107  2  39.16
6  107  2  16.56
7  107  2  43.12
8  107  2  4.92
9  107  2  9.88
10  107  2  31.68
11  107  2  11
12  107  2  5.61
13  107  2  39.01
14  107  2  18.33
15  107  2  36.6
1  108  2  5.72
2  108  2  7.14
3  108  2  34.68
4  108  2  25.44
5  108  2  29.48
6  108  2  34.96
7  108  2  40.67
8  108  2  20.5
9  108  2  25.48
10  108  2  33.44
11  108  2  7.7
12  108  2  37.23
13  108  2  34.78
14  108  2  13.63
15  108  2  12.6
1  109  2  20.24
2  109  2  36.96
3  109  2  21.42
4  109  2  34.45
5  109  2  13.64
6  109  2  39.1
7  109  2  28.91
8  109  2  8.61
9  109  2  43.68
10  109  2  37.84
11  109  2  31.9
12  109  2  19.38
13  109  2  25.85
14  109  2  5.17
15  109  2  11.4
1  110  2  35.2
2  110  2  32.76
3  110  2  42.84
4  110  2  47.7
5  110  2  25.52
6  110  2  13.8
7  110  2  28.42
8  110  2  31.57
9  110  2  37.96
10  110  2  19.36
11  110  2  28.6
12  110  2  15.3
13  110  2  15.51
14  110  2  32.9
15  110  2  39
1  111  2  24.64
2  111  2  13.02
3  111  2  22.44
4  111  2  23.85
5  111  2  7.48
6  111  2  37.72
7  111  2  32.83
8  111  2  36.49
9  111  2  9.36
10  111  2  29.92
11  111  2  11.55
12  111  2  39.78
13  111  2  31.02
14  111  2  39.48
15  111  2  9
1  112  2  39.16
2  112  2  19.32
3  112  2  6.12
4  112  2  33.92
5  112  2  6.6
6  112  2  20.24
7  112  2  9.8
8  112  2  36.9
9  112  2  37.44
10  112  2  14.52
11  112  2  22.55
12  112  2  20.91
13  112  2  10.81
14  112  2  15.04
15  112  2  45.6
1  113  2  8.36
2  113  2  9.24
3  113  2  18.36
4  113  2  33.39
5  113  2  28.6
6  113  2  28.06
7  113  2  25.97
8  113  2  13.12
9  113  2  20.8
10  113  2  36.96
11  113  2  12.1
12  113  2  23.97
13  113  2  37.13
14  113  2  17.39
15  113  2  49.8
1  114  2  8.36
2  114  2  34.86
3  114  2  15.3
4  114  2  43.46
5  114  2  24.64
6  114  2  17.48
7  114  2  4.9
8  114  2  18.04
9  114  2  26.52
10  114  2  5.72
11  114  2  6.05
12  114  2  26.52
13  114  2  13.16
14  114  2  11.28
15  114  2  9.6
1  115  2  5.72
2  115  2  27.72
3  115  2  11.73
4  115  2  32.86
5  115  2  33.88
6  115  2  12.88
7  115  2  40.67
8  115  2  13.94
9  115  2  28.6
10  115  2  16.72
11  115  2  23.1
12  115  2  23.97
13  115  2  34.31
14  115  2  8.93
15  115  2  25.2
1  116  2  10.56
2  116  2  32.34
3  116  2  17.85
4  116  2  33.39
5  116  2  5.72
6  116  2  35.42
7  116  2  34.79
8  116  2  6.97
9  116  2  16.12
10  116  2  33.44
11  116  2  48.4
12  116  2  27.54
13  116  2  22.09
14  116  2  38.54
15  116  2  35.4
1  117  2  12.76
2  117  2  11.76
3  117  2  38.76
4  117  2  16.96
5  117  2  9.24
6  117  2  21.16
7  117  2  16.66
8  117  2  7.38
9  117  2  15.08
10  117  2  29.48
11  117  2  49.5
12  117  2  23.46
13  117  2  12.22
14  117  2  10.34
15  117  2  9
1  118  2  17.16
2  118  2  26.04
3  118  2  11.22
4  118  2  32.33
5  118  2  36.96
6  118  2  23.92
7  118  2  41.65
8  118  2  27.06
9  118  2  18.2
10  118  2  16.72
11  118  2  18.7
12  118  2  45.9
13  118  2  37.13
14  118  2  37.13
15  118  2  31.2
1  119  2  4.84
2  119  2  14.28
3  119  2  7.14
4  119  2  11.66
5  119  2  28.16
6  119  2  19.78
7  119  2  31.36
8  119  2  22.55
9  119  2  42.12
10  119  2  17.16
11  119  2  34.65
12  119  2  14.79
13  119  2  30.08
14  119  2  17.86
15  119  2  16.2
1  120  2  31.24
2  120  2  24.78
3  120  2  37.74
4  120  2  32.33
5  120  2  24.2
6  120  2  34.04
7  120  2  38.71
8  120  2  9.84
9  120  2  33.8
10  120  2  32.12
11  120  2  10.45
12  120  2  16.32
13  120  2  8.93
14  120  2  34.31
15  120  2  51.6
1  121  2  17.6
2  121  2  15.96
3  121  2  25.5
4  121  2  5.3
5  121  2  25.08
6  121  2  25.76
7  121  2  26.46
8  121  2  24.6
9  121  2  15.08
10  121  2  37.4
11  121  2  47.3
12  121  2  36.21
13  121  2  26.79
14  121  2  9.87
15  121  2  50.4
1  122  2  27.28
2  122  2  27.3
3  122  2  24.99
4  122  2  46.64
5  122  2  6.6
6  122  2  11.5
7  122  2  7.84
8  122  2  9.02
9  122  2  11.44
10  122  2  8.36
11  122  2  7.7
12  122  2  8.16
13  122  2  23.03
14  122  2  23.03
15  122  2  51.6
1  123  2  14.52
2  123  2  36.12
3  123  2  8.67
4  123  2  19.08
5  123  2  18.48
6  123  2  20.7
7  123  2  10.29
8  123  2  30.75
9  123  2  25.48
10  123  2  11.88
11  123  2  31.35
12  123  2  28.56
13  123  2  27.73
14  123  2  30.08
15  123  2  13.2
1  124  2  36.52
2  124  2  26.46
3  124  2  20.91
4  124  2  12.19
5  124  2  29.48
6  124  2  10.58
7  124  2  42.14
8  124  2  31.98
9  124  2  16.64
10  124  2  19.36
11  124  2  47.85
12  124  2  32.64
13  124  2  15.04
14  124  2  32.43
15  124  2  14.4
1  125  2  32.56
2  125  2  17.64
3  125  2  25.5
4  125  2  25.97
5  125  2  16.72
6  125  2  30.82
7  125  2  4.9
8  125  2  33.62
9  125  2  39.52
10  125  2  25.52
11  125  2  11
12  125  2  14.79
13  125  2  20.68
14  125  2  37.6
15  125  2  30.6
1  126  2  4.84
2  126  2  16.38
3  126  2  6.63
4  126  2  29.68
5  126  2  22.44
6  126  2  32.2
7  126  2  22.05
8  126  2  23.37
9  126  2  38.48
10  126  2  11
11  126  2  43.45
12  126  2  37.74
13  126  2  5.64
14  126  2  7.05
15  126  2  50.4
1  127  2  35.64
2  127  2  5.88
3  127  2  11.22
4  127  2  38.69
5  127  2  20.68
6  127  2  13.34
7  127  2  12.74
8  127  2  11.48
9  127  2  11.96
10  127  2  37.84
11  127  2  48.4
12  127  2  14.28
13  127  2  36.66
14  127  2  23.97
15  127  2  22.8
1  128  2  11.44
2  128  2  21
3  128  2  32.64
4  128  2  13.25
5  128  2  36.52
6  128  2  24.38
7  128  2  35.28
8  128  2  18.04
9  128  2  41.08
10  128  2  15.84
11  128  2  25.3
12  128  2  21.93
13  128  2  33.84
14  128  2  16.92
15  128  2  50.4
1  129  2  39.16
2  129  2  25.2
3  129  2  44.88
4  129  2  30.74
5  129  2  5.28
6  129  2  25.3
7  129  2  37.24
8  129  2  10.66
9  129  2  21.84
10  129  2  23.76
11  129  2  48.95
12  129  2  43.86
13  129  2  37.6
14  129  2  28.2
15  129  2  7.2
1  130  2  38.72
2  130  2  8.4
3  130  2  5.1
4  130  2  36.04
5  130  2  30.36
6  130  2  36.34
7  130  2  19.6
8  130  2  21.73
9  130  2  9.36
10  130  2  32.56
11  130  2  14.85
12  130  2  33.15
13  130  2  22.56
14  130  2  18.8
15  130  2  42
1  131  2  38.28
2  131  2  6.3
3  131  2  45.9
4  131  2  6.36
5  131  2  26.4
6  131  2  27.14
7  131  2  30.38
8  131  2  26.65
9  131  2  22.88
10  131  2  35.2
11  131  2  29.15
12  131  2  37.23
13  131  2  14.57
14  131  2  27.26
15  131  2  44.4
1  132  2  38.72
2  132  2  29.82
3  132  2  26.01
4  132  2  6.89
5  132  2  13.64
6  132  2  28.06
7  132  2  13.72
8  132  2  11.48
9  132  2  35.88
10  132  2  13.64
11  132  2  28.6
12  132  2  39.27
13  132  2  19.74
14  132  2  14.57
15  132  2  51.6
1  133  2  11.88
2  133  2  34.44
3  133  2  35.19
4  133  2  30.21
5  133  2  16.28
6  133  2  40.48
7  133  2  19.11
8  133  2  31.98
9  133  2  28.6
10  133  2  27.72
11  133  2  13.2
12  133  2  6.63
13  133  2  10.34
14  133  2  29.14
15  133  2  34.8
1  134  2  19.36
2  134  2  35.28
3  134  2  10.2
4  134  2  14.84
5  134  2  28.6
6  134  2  20.7
7  134  2  40.18
8  134  2  34.44
9  134  2  15.08
10  134  2  36.08
11  134  2  9.35
12  134  2  29.07
13  134  2  32.43
14  134  2  26.32
15  134  2  51.6
1  135  2  37.84
2  135  2  22.68
3  135  2  11.73
4  135  2  24.91
5  135  2  35.2
6  135  2  33.58
7  135  2  30.87
8  135  2  16.81
9  135  2  20.8
10  135  2  24.64
11  135  2  22.55
12  135  2  35.7
13  135  2  41.83
14  135  2  34.31
15  135  2  28.8
1  136  2  21.56
2  136  2  18.48
3  136  2  30.6
4  136  2  36.57
5  136  2  11
6  136  2  16.56
7  136  2  26.46
8  136  2  27.88
9  136  2  44.72
10  136  2  14.96
11  136  2  47.85
12  136  2  29.58
13  136  2  18.33
14  136  2  29.61
15  136  2  27
1  137  2  18.92
2  137  2  10.92
3  137  2  24.99
4  137  2  15.37
5  137  2  25.08
6  137  2  36.8
7  137  2  34.3
8  137  2  21.32
9  137  2  29.12
10  137  2  39.6
11  137  2  13.75
12  137  2  17.85
13  137  2  23.5
14  137  2  6.11
15  137  2  24
1  138  2  30.8
2  138  2  9.66
3  138  2  23.97
4  138  2  8.48
5  138  2  20.68
6  138  2  10.12
7  138  2  25.97
8  138  2  19.27
9  138  2  5.2
10  138  2  6.6
11  138  2  45.1
12  138  2  9.69
13  138  2  26.79
14  138  2  7.52
15  138  2  25.2
1  139  2  34.32
2  139  2  28.56
3  139  2  8.16
4  139  2  7.95
5  139  2  12.76
6  139  2  38.18
7  139  2  34.3
8  139  2  4.51
9  139  2  46.8
10  139  2  20.24
11  139  2  13.75
12  139  2  40.8
13  139  2  32.43
14  139  2  17.86
15  139  2  27
1  140  2  22.88
2  140  2  19.32
3  140  2  41.82
4  140  2  41.87
5  140  2  28.16
6  140  2  29.44
7  140  2  7.84
8  140  2  29.93
9  140  2  26.52
10  140  2  4.4
11  140  2  46.75
12  140  2  14.79
13  140  2  5.64
14  140  2  24.91
15  140  2  30
1  141  2  23.32
2  141  2  35.28
3  141  2  10.71
4  141  2  16.43
5  141  2  31.68
6  141  2  19.32
7  141  2  24.99
8  141  2  13.12
9  141  2  11.44
10  141  2  38.72
11  141  2  6.05
12  141  2  41.82
13  141  2  10.81
14  141  2  33.84
15  141  2  12
1  142  2  11
2  142  2  11.34
3  142  2  32.64
4  142  2  10.07
5  142  2  11
6  142  2  40.02
7  142  2  7.35
8  142  2  19.27
9  142  2  32.24
10  142  2  25.52
11  142  2  22.55
12  142  2  17.85
13  142  2  21.15
14  142  2  25.38
15  142  2  8.4
1  143  2  18.92
2  143  2  37.38
3  143  2  35.19
4  143  2  37.1
5  143  2  22.44
6  143  2  14.72
7  143  2  32.83
8  143  2  11.48
9  143  2  32.76
10  143  2  25.08
11  143  2  25.3
12  143  2  38.25
13  143  2  20.21
14  143  2  31.96
15  143  2  21
1  144  2  18.04
2  144  2  17.64
3  144  2  37.23
4  144  2  24.38
5  144  2  18.92
6  144  2  7.36
7  144  2  21.56
8  144  2  36.08
9  144  2  20.28
10  144  2  8.8
11  144  2  42.35
12  144  2  37.23
13  144  2  31.49
14  144  2  42.3
15  144  2  27
1  145  2  25.96
2  145  2  27.3
3  145  2  9.69
4  145  2  36.04
5  145  2  27.72
6  145  2  15.18
7  145  2  13.72
8  145  2  10.66
9  145  2  40.56
10  145  2  29.04
11  145  2  16.5
12  145  2  37.74
13  145  2  19.27
14  145  2  19.27
15  145  2  43.8
1  146  2  4.84
2  146  2  5.04
3  146  2  33.66
4  146  2  18.02
5  146  2  22.88
6  146  2  18.4
7  146  2  8.33
8  146  2  18.45
9  146  2  30.68
10  146  2  37.84
11  146  2  41.8
12  146  2  6.63
13  146  2  20.68
14  146  2  33.84
15  146  2  13.2
1  147  2  6.16
2  147  2  28.98
3  147  2  31.11
4  147  2  18.55
5  147  2  24.2
6  147  2  20.7
7  147  2  38.22
8  147  2  33.21
9  147  2  28.08
10  147  2  4.84
11  147  2  42.35
12  147  2  31.62
13  147  2  41.36
14  147  2  33.84
15  147  2  46.2
1  148  2  14.96
2  148  2  5.04
3  148  2  13.26
4  148  2  36.57
5  148  2  9.24
6  148  2  22.54
7  148  2  16.66
8  148  2  19.27
9  148  2  7.8
10  148  2  9.24
11  148  2  19.25
12  148  2  29.07
13  148  2  21.62
14  148  2  41.36
15  148  2  8.4
1  149  2  15.4
2  149  2  37.38
3  149  2  29.07
4  149  2  20.67
5  149  2  11
6  149  2  40.94
7  149  2  11.27
8  149  2  16.4
9  149  2  36.4
10  149  2  7.04
11  149  2  15.4
12  149  2  31.62
13  149  2  32.9
14  149  2  34.78
15  149  2  43.2
1  150  2  6.6
2  150  2  17.64
3  150  2  18.87
4  150  2  24.38
5  150  2  10.56
6  150  2  8.74
7  150  2  29.4
8  150  2  32.39
9  150  2  39.52
10  150  2  19.36
11  150  2  26.95
12  150  2  42.33
13  150  2  40.89
14  150  2  27.73
15  150  2  10.2
;

param xi_base :=
1  1  27
2  1  87
3  1  20
4  1  16
5  1  20
6  1  46
7  1  68
8  1  87
9  1  82
10  1  12
11  1  14
12  1  29
13  1  65
14  1  61
15  1  17
1  2  90
2  2  11
3  2  37
4  2  43
5  2  17
6  2  51
7  2  34
8  2  84
9  2  90
10  2  74
11  2  76
12  2  12
13  2  48
14  2  85
15  2  51
1  3  56
2  3  76
3  3  20
4  3  66
5  3  35
6  3  71
7  3  26
8  3  37
9  3  75
10  3  10
11  3  56
12  3  58
13  3  71
14  3  20
15  3  31
1  4  27
2  4  68
3  4  35
4  4  48
5  4  13
6  4  64
7  4  42
8  4  70
9  4  38
10  4  55
11  4  34
12  4  74
13  4  90
14  4  19
15  4  21
1  5  49
2  5  12
3  5  16
4  5  48
5  5  28
6  5  86
7  5  63
8  5  42
9  5  85
10  5  59
11  5  38
12  5  10
13  5  28
14  5  69
15  5  81
1  6  75
2  6  65
3  6  80
4  6  36
5  6  54
6  6  18
7  6  53
8  6  80
9  6  55
10  6  68
11  6  10
12  6  34
13  6  37
14  6  34
15  6  50
1  7  24
2  7  40
3  7  40
4  7  20
5  7  25
6  7  30
7  7  43
8  7  90
9  7  48
10  7  28
11  7  42
12  7  72
13  7  29
14  7  71
15  7  83
1  8  43
2  8  69
3  8  68
4  8  24
5  8  29
6  8  19
7  8  79
8  8  80
9  8  71
10  8  37
11  8  51
12  8  57
13  8  84
14  8  78
15  8  55
1  9  45
2  9  37
3  9  75
4  9  49
5  9  28
6  9  24
7  9  77
8  9  52
9  9  77
10  9  67
11  9  54
12  9  81
13  9  42
14  9  74
15  9  14
1  10  83
2  10  50
3  10  75
4  10  28
5  10  21
6  10  77
7  10  34
8  10  35
9  10  21
10  10  25
11  10  46
12  10  69
13  10  33
14  10  78
15  10  41
1  11  62
2  11  33
3  11  29
4  11  69
5  11  86
6  11  38
7  11  71
8  11  64
9  11  22
10  11  89
11  11  57
12  11  38
13  11  85
14  11  29
15  11  90
1  12  90
2  12  84
3  12  46
4  12  61
5  12  23
6  12  52
7  12  72
8  12  73
9  12  28
10  12  62
11  12  76
12  12  73
13  12  23
14  12  17
15  12  17
1  13  51
2  13  17
3  13  57
4  13  11
5  13  45
6  13  82
7  13  27
8  13  17
9  13  37
10  13  75
11  13  14
12  13  28
13  13  50
14  13  23
15  13  50
1  14  59
2  14  32
3  14  82
4  14  87
5  14  83
6  14  21
7  14  65
8  14  87
9  14  79
10  14  85
11  14  89
12  14  46
13  14  58
14  14  38
15  14  48
1  15  66
2  15  50
3  15  19
4  15  76
5  15  42
6  15  75
7  15  59
8  15  44
9  15  59
10  15  71
11  15  82
12  15  65
13  15  54
14  15  81
15  15  32
1  16  25
2  16  43
3  16  81
4  16  87
5  16  16
6  16  31
7  16  89
8  16  42
9  16  29
10  16  10
11  16  51
12  16  29
13  16  79
14  16  15
15  16  62
1  17  89
2  17  33
3  17  62
4  17  28
5  17  74
6  17  88
7  17  51
8  17  60
9  17  16
10  17  28
11  17  86
12  17  60
13  17  85
14  17  51
15  17  18
1  18  77
2  18  33
3  18  15
4  18  68
5  18  30
6  18  53
7  18  22
8  18  17
9  18  29
10  18  84
11  18  25
12  18  81
13  18  25
14  18  28
15  18  40
1  19  73
2  19  83
3  19  26
4  19  55
5  19  15
6  19  51
7  19  64
8  19  63
9  19  70
10  19  29
11  19  25
12  19  83
13  19  71
14  19  46
15  19  57
1  20  59
2  20  73
3  20  16
4  20  53
5  20  38
6  20  60
7  20  53
8  20  47
9  20  57
10  20  25
11  20  87
12  20  19
13  20  10
14  20  29
15  20  70
1  21  20
2  21  40
3  21  60
4  21  72
5  21  32
6  21  23
7  21  14
8  21  70
9  21  13
10  21  17
11  21  41
12  21  47
13  21  52
14  21  29
15  21  88
1  22  88
2  22  28
3  22  52
4  22  39
5  22  30
6  22  66
7  22  24
8  22  33
9  22  44
10  22  17
11  22  18
12  22  48
13  22  89
14  22  66
15  22  46
1  23  71
2  23  68
3  23  90
4  23  36
5  23  49
6  23  84
7  23  52
8  23  44
9  23  11
10  23  16
11  23  76
12  23  86
13  23  58
14  23  68
15  23  88
1  24  55
2  24  45
3  24  48
4  24  69
5  24  12
6  24  71
7  24  81
8  24  46
9  24  77
10  24  16
11  24  54
12  24  51
13  24  76
14  24  51
15  24  90
1  25  55
2  25  74
3  25  39
4  25  62
5  25  19
6  25  17
7  25  63
8  25  57
9  25  84
10  25  25
11  25  43
12  25  90
13  25  57
14  25  68
15  25  35
1  26  42
2  26  32
3  26  82
4  26  82
5  26  58
6  26  81
7  26  37
8  26  57
9  26  39
10  26  38
11  26  70
12  26  52
13  26  73
14  26  41
15  26  49
1  27  44
2  27  71
3  27  10
4  27  88
5  27  68
6  27  35
7  27  89
8  27  45
9  27  56
10  27  81
11  27  25
12  27  40
13  27  84
14  27  77
15  27  19
1  28  19
2  28  50
3  28  90
4  28  30
5  28  57
6  28  53
7  28  30
8  28  69
9  28  23
10  28  12
11  28  49
12  28  38
13  28  43
14  28  78
15  28  11
1  29  11
2  29  49
3  29  29
4  29  33
5  29  22
6  29  69
7  29  50
8  29  54
9  29  45
10  29  50
11  29  58
12  29  19
13  29  76
14  29  80
15  29  48
1  30  70
2  30  88
3  30  38
4  30  12
5  30  11
6  30  15
7  30  32
8  30  44
9  30  14
10  30  11
11  30  26
12  30  76
13  30  80
14  30  16
15  30  10
1  31  73
2  31  60
3  31  58
4  31  71
5  31  87
6  31  25
7  31  28
8  31  56
9  31  56
10  31  19
11  31  58
12  31  29
13  31  74
14  31  17
15  31  27
1  32  14
2  32  60
3  32  16
4  32  49
5  32  20
6  32  51
7  32  13
8  32  87
9  32  70
10  32  22
11  32  18
12  32  15
13  32  68
14  32  49
15  32  20
1  33  16
2  33  52
3  33  46
4  33  13
5  33  81
6  33  72
7  33  18
8  33  30
9  33  59
10  33  59
11  33  21
12  33  13
13  33  70
14  33  71
15  33  89
1  34  48
2  34  67
3  34  54
4  34  34
5  34  55
6  34  53
7  34  13
8  34  29
9  34  47
10  34  15
11  34  43
12  34  18
13  34  84
14  34  60
15  34  45
1  35  39
2  35  68
3  35  51
4  35  85
5  35  78
6  35  18
7  35  70
8  35  51
9  35  11
10  35  33
11  35  82
12  35  67
13  35  64
14  35  28
15  35  62
1  36  59
2  36  62
3  36  73
4  36  89
5  36  59
6  36  23
7  36  46
8  36  36
9  36  63
10  36  29
11  36  90
12  36  29
13  36  66
14  36  33
15  36  89
1  37  71
2  37  90
3  37  36
4  37  73
5  37  64
6  37  20
7  37  15
8  37  26
9  37  40
10  37  55
11  37  77
12  37  36
13  37  72
14  37  36
15  37  62
1  38  80
2  38  66
3  38  28
4  38  85
5  38  80
6  38  20
7  38  73
8  38  82
9  38  45
10  38  88
11  38  83
12  38  16
13  38  59
14  38  76
15  38  12
1  39  37
2  39  58
3  39  43
4  39  83
5  39  46
6  39  36
7  39  36
8  39  50
9  39  58
10  39  17
11  39  24
12  39  16
13  39  82
14  39  58
15  39  11
1  40  38
2  40  40
3  40  31
4  40  29
5  40  62
6  40  31
7  40  25
8  40  58
9  40  20
10  40  41
11  40  69
12  40  84
13  40  77
14  40  46
15  40  22
1  41  15
2  41  21
3  41  25
4  41  63
5  41  46
6  41  63
7  41  22
8  41  53
9  41  77
10  41  50
11  41  57
12  41  49
13  41  72
14  41  77
15  41  55
1  42  16
2  42  41
3  42  64
4  42  69
5  42  47
6  42  33
7  42  76
8  42  58
9  42  21
10  42  20
11  42  69
12  42  67
13  42  49
14  42  50
15  42  88
1  43  59
2  43  66
3  43  42
4  43  65
5  43  12
6  43  52
7  43  15
8  43  57
9  43  67
10  43  51
11  43  46
12  43  30
13  43  64
14  43  26
15  43  52
1  44  57
2  44  89
3  44  84
4  44  21
5  44  14
6  44  22
7  44  58
8  44  47
9  44  86
10  44  78
11  44  50
12  44  89
13  44  34
14  44  11
15  44  90
1  45  53
2  45  62
3  45  79
4  45  35
5  45  15
6  45  52
7  45  42
8  45  51
9  45  82
10  45  52
11  45  77
12  45  90
13  45  74
14  45  10
15  45  27
1  46  45
2  46  53
3  46  52
4  46  42
5  46  62
6  46  88
7  46  73
8  46  57
9  46  49
10  46  22
11  46  78
12  46  77
13  46  60
14  46  72
15  46  59
1  47  49
2  47  17
3  47  52
4  47  75
5  47  81
6  47  53
7  47  50
8  47  75
9  47  45
10  47  45
11  47  62
12  47  65
13  47  41
14  47  59
15  47  51
1  48  38
2  48  56
3  48  36
4  48  66
5  48  51
6  48  75
7  48  13
8  48  36
9  48  71
10  48  65
11  48  80
12  48  64
13  48  64
14  48  90
15  48  30
1  49  21
2  49  72
3  49  26
4  49  42
5  49  67
6  49  73
7  49  53
8  49  26
9  49  63
10  49  57
11  49  86
12  49  68
13  49  14
14  49  21
15  49  69
1  50  64
2  50  42
3  50  87
4  50  86
5  50  83
6  50  25
7  50  10
8  50  62
9  50  49
10  50  15
11  50  61
12  50  67
13  50  57
14  50  68
15  50  16
1  51  69
2  51  85
3  51  17
4  51  84
5  51  54
6  51  60
7  51  79
8  51  60
9  51  78
10  51  68
11  51  89
12  51  44
13  51  54
14  51  71
15  51  34
1  52  38
2  52  61
3  52  35
4  52  33
5  52  37
6  52  90
7  52  68
8  52  14
9  52  20
10  52  17
11  52  31
12  52  71
13  52  40
14  52  65
15  52  69
1  53  50
2  53  36
3  53  31
4  53  60
5  53  74
6  53  37
7  53  60
8  53  25
9  53  56
10  53  72
11  53  84
12  53  36
13  53  13
14  53  72
15  53  73
1  54  24
2  54  86
3  54  44
4  54  39
5  54  32
6  54  90
7  54  72
8  54  48
9  54  79
10  54  47
11  54  89
12  54  17
13  54  11
14  54  55
15  54  22
1  55  77
2  55  65
3  55  48
4  55  13
5  55  55
6  55  85
7  55  55
8  55  33
9  55  33
10  55  74
11  55  13
12  55  25
13  55  40
14  55  83
15  55  15
1  56  12
2  56  15
3  56  37
4  56  22
5  56  15
6  56  88
7  56  63
8  56  80
9  56  24
10  56  11
11  56  80
12  56  16
13  56  73
14  56  31
15  56  18
1  57  15
2  57  62
3  57  18
4  57  28
5  57  16
6  57  21
7  57  77
8  57  10
9  57  87
10  57  22
11  57  72
12  57  89
13  57  88
14  57  64
15  57  34
1  58  61
2  58  23
3  58  70
4  58  56
5  58  34
6  58  64
7  58  88
8  58  47
9  58  76
10  58  14
11  58  88
12  58  13
13  58  81
14  58  60
15  58  88
1  59  67
2  59  31
3  59  15
4  59  30
5  59  45
6  59  68
7  59  78
8  59  15
9  59  63
10  59  24
11  59  73
12  59  44
13  59  22
14  59  23
15  59  42
1  60  29
2  60  36
3  60  86
4  60  60
5  60  19
6  60  67
7  60  50
8  60  68
9  60  13
10  60  36
11  60  46
12  60  58
13  60  16
14  60  87
15  60  85
1  61  90
2  61  34
3  61  84
4  61  47
5  61  26
6  61  74
7  61  59
8  61  63
9  61  52
10  61  31
11  61  65
12  61  81
13  61  29
14  61  71
15  61  61
1  62  33
2  62  24
3  62  24
4  62  64
5  62  28
6  62  13
7  62  33
8  62  34
9  62  43
10  62  19
11  62  49
12  62  26
13  62  47
14  62  23
15  62  80
1  63  83
2  63  18
3  63  61
4  63  53
5  63  86
6  63  87
7  63  43
8  63  41
9  63  49
10  63  62
11  63  18
12  63  86
13  63  51
14  63  73
15  63  19
1  64  64
2  64  57
3  64  51
4  64  67
5  64  90
6  64  74
7  64  36
8  64  77
9  64  30
10  64  43
11  64  43
12  64  54
13  64  55
14  64  72
15  64  53
1  65  64
2  65  49
3  65  73
4  65  88
5  65  64
6  65  45
7  65  36
8  65  20
9  65  38
10  65  53
11  65  34
12  65  73
13  65  89
14  65  18
15  65  28
1  66  71
2  66  87
3  66  65
4  66  42
5  66  85
6  66  56
7  66  68
8  66  24
9  66  86
10  66  14
11  66  65
12  66  66
13  66  65
14  66  39
15  66  22
1  67  66
2  67  11
3  67  56
4  67  13
5  67  43
6  67  49
7  67  59
8  67  15
9  67  24
10  67  29
11  67  46
12  67  20
13  67  12
14  67  45
15  67  35
1  68  48
2  68  85
3  68  62
4  68  80
5  68  43
6  68  33
7  68  34
8  68  71
9  68  90
10  68  82
11  68  29
12  68  16
13  68  69
14  68  19
15  68  77
1  69  81
2  69  78
3  69  86
4  69  38
5  69  81
6  69  10
7  69  45
8  69  28
9  69  48
10  69  27
11  69  69
12  69  24
13  69  22
14  69  24
15  69  83
1  70  20
2  70  43
3  70  44
4  70  72
5  70  71
6  70  46
7  70  42
8  70  78
9  70  49
10  70  36
11  70  84
12  70  12
13  70  54
14  70  28
15  70  28
1  71  42
2  71  60
3  71  45
4  71  47
5  71  74
6  71  71
7  71  66
8  71  31
9  71  55
10  71  77
11  71  77
12  71  84
13  71  78
14  71  67
15  71  63
1  72  84
2  72  29
3  72  18
4  72  10
5  72  39
6  72  26
7  72  22
8  72  76
9  72  57
10  72  17
11  72  39
12  72  42
13  72  17
14  72  38
15  72  50
1  73  33
2  73  58
3  73  41
4  73  26
5  73  37
6  73  55
7  73  39
8  73  28
9  73  81
10  73  16
11  73  28
12  73  23
13  73  41
14  73  45
15  73  36
1  74  38
2  74  40
3  74  50
4  74  66
5  74  73
6  74  48
7  74  32
8  74  89
9  74  13
10  74  38
11  74  28
12  74  13
13  74  57
14  74  41
15  74  86
1  75  66
2  75  24
3  75  55
4  75  24
5  75  78
6  75  20
7  75  14
8  75  12
9  75  61
10  75  57
11  75  85
12  75  60
13  75  78
14  75  78
15  75  50
1  76  64
2  76  48
3  76  27
4  76  64
5  76  35
6  76  49
7  76  51
8  76  86
9  76  52
10  76  40
11  76  29
12  76  64
13  76  75
14  76  82
15  76  27
1  77  68
2  77  72
3  77  20
4  77  45
5  77  16
6  77  12
7  77  35
8  77  28
9  77  32
10  77  45
11  77  33
12  77  39
13  77  30
14  77  32
15  77  46
1  78  75
2  78  78
3  78  67
4  78  58
5  78  33
6  78  62
7  78  22
8  78  10
9  78  50
10  78  85
11  78  35
12  78  59
13  78  64
14  78  61
15  78  84
1  79  63
2  79  84
3  79  21
4  79  60
5  79  63
6  79  39
7  79  78
8  79  86
9  79  83
10  79  50
11  79  86
12  79  58
13  79  64
14  79  83
15  79  41
1  80  16
2  80  28
3  80  45
4  80  11
5  80  48
6  80  31
7  80  74
8  80  42
9  80  27
10  80  69
11  80  77
12  80  25
13  80  29
14  80  53
15  80  83
1  81  73
2  81  67
3  81  65
4  81  38
5  81  53
6  81  72
7  81  38
8  81  14
9  81  29
10  81  47
11  81  22
12  81  69
13  81  68
14  81  26
15  81  43
1  82  74
2  82  42
3  82  27
4  82  53
5  82  68
6  82  13
7  82  55
8  82  10
9  82  60
10  82  32
11  82  11
12  82  11
13  82  47
14  82  18
15  82  74
1  83  45
2  83  18
3  83  65
4  83  43
5  83  64
6  83  39
7  83  59
8  83  70
9  83  37
10  83  36
11  83  19
12  83  36
13  83  44
14  83  70
15  83  80
1  84  87
2  84  76
3  84  74
4  84  82
5  84  61
6  84  19
7  84  11
8  84  69
9  84  54
10  84  68
11  84  24
12  84  88
13  84  59
14  84  57
15  84  29
1  85  29
2  85  27
3  85  58
4  85  12
5  85  65
6  85  33
7  85  53
8  85  51
9  85  70
10  85  59
11  85  45
12  85  80
13  85  40
14  85  84
15  85  27
1  86  62
2  86  10
3  86  17
4  86  28
5  86  83
6  86  87
7  86  39
8  86  51
9  86  49
10  86  65
11  86  13
12  86  73
13  86  21
14  86  46
15  86  62
1  87  27
2  87  60
3  87  20
4  87  15
5  87  48
6  87  76
7  87  21
8  87  50
9  87  90
10  87  63
11  87  67
12  87  39
13  87  28
14  87  59
15  87  28
1  88  71
2  88  55
3  88  25
4  88  39
5  88  19
6  88  74
7  88  19
8  88  74
9  88  87
10  88  48
11  88  90
12  88  22
13  88  28
14  88  47
15  88  30
1  89  20
2  89  71
3  89  62
4  89  77
5  89  38
6  89  50
7  89  52
8  89  36
9  89  21
10  89  15
11  89  52
12  89  82
13  89  70
14  89  32
15  89  39
1  90  28
2  90  52
3  90  72
4  90  10
5  90  40
6  90  24
7  90  15
8  90  35
9  90  39
10  90  82
11  90  11
12  90  66
13  90  51
14  90  14
15  90  50
1  91  52
2  91  23
3  91  80
4  91  59
5  91  26
6  91  78
7  91  63
8  91  28
9  91  45
10  91  61
11  91  39
12  91  62
13  91  35
14  91  15
15  91  67
1  92  87
2  92  33
3  92  88
4  92  21
5  92  57
6  92  51
7  92  84
8  92  20
9  92  31
10  92  46
11  92  31
12  92  23
13  92  36
14  92  14
15  92  58
1  93  84
2  93  49
3  93  76
4  93  78
5  93  58
6  93  55
7  93  80
8  93  88
9  93  16
10  93  50
11  93  23
12  93  71
13  93  61
14  93  50
15  93  60
1  94  35
2  94  18
3  94  60
4  94  18
5  94  90
6  94  52
7  94  56
8  94  79
9  94  58
10  94  33
11  94  61
12  94  11
13  94  87
14  94  30
15  94  67
1  95  41
2  95  41
3  95  80
4  95  53
5  95  46
6  95  71
7  95  51
8  95  55
9  95  73
10  95  75
11  95  42
12  95  88
13  95  20
14  95  19
15  95  63
1  96  35
2  96  37
3  96  48
4  96  54
5  96  85
6  96  38
7  96  70
8  96  19
9  96  31
10  96  18
11  96  71
12  96  48
13  96  50
14  96  28
15  96  50
1  97  18
2  97  24
3  97  41
4  97  31
5  97  45
6  97  71
7  97  48
8  97  13
9  97  86
10  97  47
11  97  22
12  97  14
13  97  84
14  97  12
15  97  69
1  98  33
2  98  25
3  98  87
4  98  30
5  98  65
6  98  41
7  98  56
8  98  36
9  98  70
10  98  60
11  98  25
12  98  32
13  98  16
14  98  20
15  98  88
1  99  85
2  99  37
3  99  62
4  99  14
5  99  19
6  99  55
7  99  17
8  99  52
9  99  61
10  99  48
11  99  52
12  99  33
13  99  62
14  99  71
15  99  79
1  100  77
2  100  48
3  100  61
4  100  18
5  100  69
6  100  56
7  100  88
8  100  52
9  100  29
10  100  14
11  100  42
12  100  69
13  100  87
14  100  84
15  100  59
1  101  15
2  101  43
3  101  21
4  101  88
5  101  64
6  101  19
7  101  62
8  101  58
9  101  15
10  101  39
11  101  46
12  101  47
13  101  36
14  101  56
15  101  13
1  102  83
2  102  49
3  102  48
4  102  15
5  102  47
6  102  46
7  102  67
8  102  43
9  102  39
10  102  52
11  102  67
12  102  50
13  102  18
14  102  81
15  102  15
1  103  50
2  103  27
3  103  17
4  103  50
5  103  74
6  103  60
7  103  13
8  103  86
9  103  27
10  103  75
11  103  76
12  103  30
13  103  31
14  103  62
15  103  30
1  104  49
2  104  26
3  104  70
4  104  16
5  104  35
6  104  18
7  104  58
8  104  64
9  104  84
10  104  80
11  104  23
12  104  20
13  104  35
14  104  46
15  104  13
1  105  75
2  105  30
3  105  34
4  105  79
5  105  62
6  105  40
7  105  39
8  105  70
9  105  26
10  105  84
11  105  57
12  105  46
13  105  20
14  105  48
15  105  43
1  106  65
2  106  47
3  106  29
4  106  76
5  106  75
6  106  69
7  106  41
8  106  39
9  106  21
10  106  31
11  106  33
12  106  83
13  106  11
14  106  90
15  106  56
1  107  30
2  107  31
3  107  14
4  107  17
5  107  89
6  107  36
7  107  88
8  107  12
9  107  19
10  107  72
11  107  20
12  107  11
13  107  83
14  107  39
15  107  61
1  108  13
2  108  17
3  108  68
4  108  48
5  108  67
6  108  76
7  108  83
8  108  50
9  108  49
10  108  76
11  108  14
12  108  73
13  108  74
14  108  29
15  108  21
1  109  46
2  109  88
3  109  42
4  109  65
5  109  31
6  109  85
7  109  59
8  109  21
9  109  84
10  109  86
11  109  58
12  109  38
13  109  55
14  109  11
15  109  19
1  110  80
2  110  78
3  110  84
4  110  90
5  110  58
6  110  30
7  110  58
8  110  77
9  110  73
10  110  44
11  110  52
12  110  30
13  110  33
14  110  70
15  110  65
1  111  56
2  111  31
3  111  44
4  111  45
5  111  17
6  111  82
7  111  67
8  111  89
9  111  18
10  111  68
11  111  21
12  111  78
13  111  66
14  111  84
15  111  15
1  112  89
2  112  46
3  112  12
4  112  64
5  112  15
6  112  44
7  112  20
8  112  90
9  112  72
10  112  33
11  112  41
12  112  41
13  112  23
14  112  32
15  112  76
1  113  19
2  113  22
3  113  36
4  113  63
5  113  65
6  113  61
7  113  53
8  113  32
9  113  40
10  113  84
11  113  22
12  113  47
13  113  79
14  113  37
15  113  83
1  114  19
2  114  83
3  114  30
4  114  82
5  114  56
6  114  38
7  114  10
8  114  44
9  114  51
10  114  13
11  114  11
12  114  52
13  114  28
14  114  24
15  114  16
1  115  13
2  115  66
3  115  23
4  115  62
5  115  77
6  115  28
7  115  83
8  115  34
9  115  55
10  115  38
11  115  42
12  115  47
13  115  73
14  115  19
15  115  42
1  116  24
2  116  77
3  116  35
4  116  63
5  116  13
6  116  77
7  116  71
8  116  17
9  116  31
10  116  76
11  116  88
12  116  54
13  116  47
14  116  82
15  116  59
1  117  29
2  117  28
3  117  76
4  117  32
5  117  21
6  117  46
7  117  34
8  117  18
9  117  29
10  117  67
11  117  90
12  117  46
13  117  26
14  117  22
15  117  15
1  118  39
2  118  62
3  118  22
4  118  61
5  118  84
6  118  52
7  118  85
8  118  66
9  118  35
10  118  38
11  118  34
12  118  90
13  118  79
14  118  79
15  118  52
1  119  11
2  119  34
3  119  14
4  119  22
5  119  64
6  119  43
7  119  64
8  119  55
9  119  81
10  119  39
11  119  63
12  119  29
13  119  64
14  119  38
15  119  27
1  120  71
2  120  59
3  120  74
4  120  61
5  120  55
6  120  74
7  120  79
8  120  24
9  120  65
10  120  73
11  120  19
12  120  32
13  120  19
14  120  73
15  120  86
1  121  40
2  121  38
3  121  50
4  121  10
5  121  57
6  121  56
7  121  54
8  121  60
9  121  29
10  121  85
11  121  86
12  121  71
13  121  57
14  121  21
15  121  84
1  122  62
2  122  65
3  122  49
4  122  88
5  122  15
6  122  25
7  122  16
8  122  22
9  122  22
10  122  19
11  122  14
12  122  16
13  122  49
14  122  49
15  122  86
1  123  33
2  123  86
3  123  17
4  123  36
5  123  42
6  123  45
7  123  21
8  123  75
9  123  49
10  123  27
11  123  57
12  123  56
13  123  59
14  123  64
15  123  22
1  124  83
2  124  63
3  124  41
4  124  23
5  124  67
6  124  23
7  124  86
8  124  78
9  124  32
10  124  44
11  124  87
12  124  64
13  124  32
14  124  69
15  124  24
1  125  74
2  125  42
3  125  50
4  125  49
5  125  38
6  125  67
7  125  10
8  125  82
9  125  76
10  125  58
11  125  20
12  125  29
13  125  44
14  125  80
15  125  51
1  126  11
2  126  39
3  126  13
4  126  56
5  126  51
6  126  70
7  126  45
8  126  57
9  126  74
10  126  25
11  126  79
12  126  74
13  126  12
14  126  15
15  126  84
1  127  81
2  127  14
3  127  22
4  127  73
5  127  47
6  127  29
7  127  26
8  127  28
9  127  23
10  127  86
11  127  88
12  127  28
13  127  78
14  127  51
15  127  38
1  128  26
2  128  50
3  128  64
4  128  25
5  128  83
6  128  53
7  128  72
8  128  44
9  128  79
10  128  36
11  128  46
12  128  43
13  128  72
14  128  36
15  128  84
1  129  89
2  129  60
3  129  88
4  129  58
5  129  12
6  129  55
7  129  76
8  129  26
9  129  42
10  129  54
11  129  89
12  129  86
13  129  80
14  129  60
15  129  12
1  130  88
2  130  20
3  130  10
4  130  68
5  130  69
6  130  79
7  130  40
8  130  53
9  130  18
10  130  74
11  130  27
12  130  65
13  130  48
14  130  40
15  130  70
1  131  87
2  131  15
3  131  90
4  131  12
5  131  60
6  131  59
7  131  62
8  131  65
9  131  44
10  131  80
11  131  53
12  131  73
13  131  31
14  131  58
15  131  74
1  132  88
2  132  71
3  132  51
4  132  13
5  132  31
6  132  61
7  132  28
8  132  28
9  132  69
10  132  31
11  132  52
12  132  77
13  132  42
14  132  31
15  132  86
1  133  27
2  133  82
3  133  69
4  133  57
5  133  37
6  133  88
7  133  39
8  133  78
9  133  55
10  133  63
11  133  24
12  133  13
13  133  22
14  133  62
15  133  58
1  134  44
2  134  84
3  134  20
4  134  28
5  134  65
6  134  45
7  134  82
8  134  84
9  134  29
10  134  82
11  134  17
12  134  57
13  134  69
14  134  56
15  134  86
1  135  86
2  135  54
3  135  23
4  135  47
5  135  80
6  135  73
7  135  63
8  135  41
9  135  40
10  135  56
11  135  41
12  135  70
13  135  89
14  135  73
15  135  48
1  136  49
2  136  44
3  136  60
4  136  69
5  136  25
6  136  36
7  136  54
8  136  68
9  136  86
10  136  34
11  136  87
12  136  58
13  136  39
14  136  63
15  136  45
1  137  43
2  137  26
3  137  49
4  137  29
5  137  57
6  137  80
7  137  70
8  137  52
9  137  56
10  137  90
11  137  25
12  137  35
13  137  50
14  137  13
15  137  40
1  138  70
2  138  23
3  138  47
4  138  16
5  138  47
6  138  22
7  138  53
8  138  47
9  138  10
10  138  15
11  138  82
12  138  19
13  138  57
14  138  16
15  138  42
1  139  78
2  139  68
3  139  16
4  139  15
5  139  29
6  139  83
7  139  70
8  139  11
9  139  90
10  139  46
11  139  25
12  139  80
13  139  69
14  139  38
15  139  45
1  140  52
2  140  46
3  140  82
4  140  79
5  140  64
6  140  64
7  140  16
8  140  73
9  140  51
10  140  10
11  140  85
12  140  29
13  140  12
14  140  53
15  140  50
1  141  53
2  141  84
3  141  21
4  141  31
5  141  72
6  141  42
7  141  51
8  141  32
9  141  22
10  141  88
11  141  11
12  141  82
13  141  23
14  141  72
15  141  20
1  142  25
2  142  27
3  142  64
4  142  19
5  142  25
6  142  87
7  142  15
8  142  47
9  142  62
10  142  58
11  142  41
12  142  35
13  142  45
14  142  54
15  142  14
1  143  43
2  143  89
3  143  69
4  143  70
5  143  51
6  143  32
7  143  67
8  143  28
9  143  63
10  143  57
11  143  46
12  143  75
13  143  43
14  143  68
15  143  35
1  144  41
2  144  42
3  144  73
4  144  46
5  144  43
6  144  16
7  144  44
8  144  88
9  144  39
10  144  20
11  144  77
12  144  73
13  144  67
14  144  90
15  144  45
1  145  59
2  145  65
3  145  19
4  145  68
5  145  63
6  145  33
7  145  28
8  145  26
9  145  78
10  145  66
11  145  30
12  145  74
13  145  41
14  145  41
15  145  73
1  146  11
2  146  12
3  146  66
4  146  34
5  146  52
6  146  40
7  146  17
8  146  45
9  146  59
10  146  86
11  146  76
12  146  13
13  146  44
14  146  72
15  146  22
1  147  14
2  147  69
3  147  61
4  147  35
5  147  55
6  147  45
7  147  78
8  147  81
9  147  54
10  147  11
11  147  77
12  147  62
13  147  88
14  147  72
15  147  77
1  148  34
2  148  12
3  148  26
4  148  69
5  148  21
6  148  49
7  148  34
8  148  47
9  148  15
10  148  21
11  148  35
12  148  57
13  148  46
14  148  88
15  148  14
1  149  35
2  149  89
3  149  57
4  149  39
5  149  25
6  149  89
7  149  23
8  149  40
9  149  70
10  149  16
11  149  28
12  149  62
13  149  70
14  149  74
15  149  72
1  150  15
2  150  42
3  150  37
4  150  46
5  150  24
6  150  19
7  150  60
8  150  79
9  150  76
10  150  44
11  150  49
12  150  83
13  150  87
14  150  59
15  150  17
;

param a :=
1  1  1
2  1  0.44
1  2  1
2  2  0.42
1  3  1
2  3  0.51
1  4  1
2  4  0.53
1  5  1
2  5  0.44
1  6  1
2  6  0.46
1  7  1
2  7  0.49
1  8  1
2  8  0.41
1  9  1
2  9  0.52
1  10  1
2  10  0.44
1  11  1
2  11  0.55
1  12  1
2  12  0.51
1  13  1
2  13  0.47
1  14  1
2  14  0.47
1  15  1
2  15  0.6
;

