param com_measure1 := 0.61351;

param com_measure2 := 0.96696;

param kappa_max := 1260.4755;

param U_tau := 732.855;

param nT := 2;

param nS := 100;

param nL := 30;

param B := 2248.95;

param w :=
1  1
2  2
3  1
4  3
5  2
6  2
7  1
8  3
9  2
10  2
11  3
12  3
13  1
14  3
15  3
16  1
17  1
18  1
19  3
20  3
21  1
22  1
23  2
24  2
25  3
26  1
27  2
28  1
29  1
30  2
;

param h :=
1  1  0
1  2  0
1  3  0
1  4  0
1  5  0
1  6  0
1  7  0
1  8  0
1  9  0
1  10  0
1  11  0
1  12  0
1  13  0
1  14  0
1  15  0
1  16  0
1  17  0
1  18  0
1  19  0
1  20  0
1  21  0
1  22  0
1  23  0
1  24  0
1  25  0
1  26  0
1  27  0
1  28  0
1  29  0
1  30  0
2  1  153.28
2  2  147.83
2  3  157.36
2  4  143.36
2  5  136.48
2  6  144.96
2  7  150.27
2  8  160.78
2  9  158.45
2  10  151.65
2  11  140.92
2  12  167.58
2  13  156.59
2  14  151.69
2  15  154.32
2  16  151.87
2  17  167.19
2  18  132.33
2  19  142.55
2  20  130.96
2  21  142.28
2  22  155.61
2  23  141.28
2  24  152.53
2  25  165.15
2  26  153.01
2  27  145.51
2  28  146.95
2  29  140.17
2  30  155.00
;

param xi :=
1  1  1  26
2  1  1  33
3  1  1  50
4  1  1  25
5  1  1  11
6  1  1  27
7  1  1  42
8  1  1  80
9  1  1  74
10  1  1  47
11  1  1  77
12  1  1  83
13  1  1  56
14  1  1  18
15  1  1  85
16  1  1  73
17  1  1  57
18  1  1  21
19  1  1  77
20  1  1  11
21  1  1  90
22  1  1  82
23  1  1  69
24  1  1  81
25  1  1  62
26  1  1  27
27  1  1  24
28  1  1  49
29  1  1  14
30  1  1  84
1  2  1  43
2  2  1  83
3  2  1  78
4  2  1  32
5  2  1  62
6  2  1  76
7  2  1  74
8  2  1  38
9  2  1  69
10  2  1  56
11  2  1  90
12  2  1  61
13  2  1  38
14  2  1  56
15  2  1  60
16  2  1  80
17  2  1  77
18  2  1  56
19  2  1  73
20  2  1  52
21  2  1  33
22  2  1  15
23  2  1  26
24  2  1  32
25  2  1  28
26  2  1  56
27  2  1  89
28  2  1  79
29  2  1  83
30  2  1  67
1  3  1  60
2  3  1  17
3  3  1  83
4  3  1  61
5  3  1  24
6  3  1  86
7  3  1  77
8  3  1  80
9  3  1  39
10  3  1  60
11  3  1  40
12  3  1  27
13  3  1  84
14  3  1  39
15  3  1  22
16  3  1  31
17  3  1  61
18  3  1  40
19  3  1  71
20  3  1  67
21  3  1  57
22  3  1  60
23  3  1  28
24  3  1  63
25  3  1  64
26  3  1  56
27  3  1  43
28  3  1  31
29  3  1  35
30  3  1  41
1  4  1  17
2  4  1  61
3  4  1  89
4  4  1  64
5  4  1  90
6  4  1  58
7  4  1  37
8  4  1  66
9  4  1  77
10  4  1  61
11  4  1  32
12  4  1  58
13  4  1  18
14  4  1  37
15  4  1  25
16  4  1  30
17  4  1  84
18  4  1  17
19  4  1  62
20  4  1  20
21  4  1  38
22  4  1  73
23  4  1  77
24  4  1  40
25  4  1  52
26  4  1  70
27  4  1  22
28  4  1  31
29  4  1  46
30  4  1  87
1  5  1  44
2  5  1  38
3  5  1  60
4  5  1  78
5  5  1  68
6  5  1  75
7  5  1  54
8  5  1  30
9  5  1  59
10  5  1  22
11  5  1  45
12  5  1  70
13  5  1  20
14  5  1  60
15  5  1  77
16  5  1  33
17  5  1  60
18  5  1  54
19  5  1  32
20  5  1  14
21  5  1  51
22  5  1  89
23  5  1  15
24  5  1  13
25  5  1  42
26  5  1  55
27  5  1  68
28  5  1  38
29  5  1  85
30  5  1  89
1  6  1  55
2  6  1  57
3  6  1  86
4  6  1  31
5  6  1  58
6  6  1  78
7  6  1  58
8  6  1  85
9  6  1  36
10  6  1  37
11  6  1  53
12  6  1  68
13  6  1  31
14  6  1  21
15  6  1  25
16  6  1  27
17  6  1  85
18  6  1  78
19  6  1  26
20  6  1  16
21  6  1  26
22  6  1  51
23  6  1  57
24  6  1  48
25  6  1  57
26  6  1  27
27  6  1  72
28  6  1  22
29  6  1  76
30  6  1  33
1  7  1  10
2  7  1  67
3  7  1  32
4  7  1  65
5  7  1  45
6  7  1  32
7  7  1  89
8  7  1  37
9  7  1  74
10  7  1  38
11  7  1  13
12  7  1  81
13  7  1  75
14  7  1  59
15  7  1  23
16  7  1  17
17  7  1  41
18  7  1  57
19  7  1  24
20  7  1  64
21  7  1  71
22  7  1  83
23  7  1  27
24  7  1  13
25  7  1  82
26  7  1  76
27  7  1  26
28  7  1  72
29  7  1  23
30  7  1  48
1  8  1  74
2  8  1  15
3  8  1  16
4  8  1  76
5  8  1  36
6  8  1  68
7  8  1  11
8  8  1  20
9  8  1  79
10  8  1  87
11  8  1  42
12  8  1  24
13  8  1  69
14  8  1  40
15  8  1  89
16  8  1  52
17  8  1  65
18  8  1  32
19  8  1  36
20  8  1  30
21  8  1  57
22  8  1  55
23  8  1  33
24  8  1  48
25  8  1  45
26  8  1  89
27  8  1  30
28  8  1  49
29  8  1  10
30  8  1  64
1  9  1  25
2  9  1  24
3  9  1  65
4  9  1  66
5  9  1  82
6  9  1  31
7  9  1  62
8  9  1  26
9  9  1  68
10  9  1  71
11  9  1  38
12  9  1  26
13  9  1  90
14  9  1  19
15  9  1  11
16  9  1  67
17  9  1  81
18  9  1  48
19  9  1  48
20  9  1  31
21  9  1  61
22  9  1  77
23  9  1  25
24  9  1  30
25  9  1  46
26  9  1  34
27  9  1  11
28  9  1  66
29  9  1  71
30  9  1  33
1  10  1  54
2  10  1  17
3  10  1  60
4  10  1  16
5  10  1  83
6  10  1  60
7  10  1  47
8  10  1  87
9  10  1  69
10  10  1  71
11  10  1  61
12  10  1  70
13  10  1  46
14  10  1  36
15  10  1  56
16  10  1  83
17  10  1  48
18  10  1  67
19  10  1  24
20  10  1  54
21  10  1  11
22  10  1  65
23  10  1  68
24  10  1  67
25  10  1  87
26  10  1  59
27  10  1  57
28  10  1  89
29  10  1  68
30  10  1  18
1  11  1  74
2  11  1  77
3  11  1  45
4  11  1  10
5  11  1  17
6  11  1  35
7  11  1  22
8  11  1  33
9  11  1  60
10  11  1  30
11  11  1  80
12  11  1  31
13  11  1  71
14  11  1  67
15  11  1  18
16  11  1  72
17  11  1  88
18  11  1  36
19  11  1  23
20  11  1  30
21  11  1  51
22  11  1  30
23  11  1  77
24  11  1  83
25  11  1  51
26  11  1  46
27  11  1  19
28  11  1  56
29  11  1  46
30  11  1  41
1  12  1  61
2  12  1  49
3  12  1  83
4  12  1  41
5  12  1  78
6  12  1  50
7  12  1  35
8  12  1  63
9  12  1  20
10  12  1  14
11  12  1  59
12  12  1  83
13  12  1  13
14  12  1  56
15  12  1  56
16  12  1  59
17  12  1  89
18  12  1  18
19  12  1  64
20  12  1  82
21  12  1  69
22  12  1  81
23  12  1  48
24  12  1  79
25  12  1  15
26  12  1  12
27  12  1  78
28  12  1  73
29  12  1  73
30  12  1  39
1  13  1  13
2  13  1  62
3  13  1  21
4  13  1  10
5  13  1  10
6  13  1  30
7  13  1  10
8  13  1  78
9  13  1  42
10  13  1  68
11  13  1  10
12  13  1  73
13  13  1  52
14  13  1  66
15  13  1  24
16  13  1  85
17  13  1  45
18  13  1  15
19  13  1  89
20  13  1  22
21  13  1  29
22  13  1  67
23  13  1  71
24  13  1  52
25  13  1  35
26  13  1  38
27  13  1  18
28  13  1  41
29  13  1  27
30  13  1  68
1  14  1  48
2  14  1  18
3  14  1  78
4  14  1  44
5  14  1  18
6  14  1  18
7  14  1  50
8  14  1  70
9  14  1  73
10  14  1  29
11  14  1  41
12  14  1  46
13  14  1  43
14  14  1  19
15  14  1  25
16  14  1  89
17  14  1  55
18  14  1  10
19  14  1  46
20  14  1  59
21  14  1  33
22  14  1  50
23  14  1  45
24  14  1  21
25  14  1  30
26  14  1  18
27  14  1  79
28  14  1  68
29  14  1  26
30  14  1  53
1  15  1  12
2  15  1  26
3  15  1  57
4  15  1  77
5  15  1  47
6  15  1  41
7  15  1  34
8  15  1  33
9  15  1  32
10  15  1  59
11  15  1  51
12  15  1  34
13  15  1  29
14  15  1  56
15  15  1  17
16  15  1  69
17  15  1  87
18  15  1  62
19  15  1  64
20  15  1  89
21  15  1  46
22  15  1  30
23  15  1  53
24  15  1  11
25  15  1  88
26  15  1  17
27  15  1  29
28  15  1  50
29  15  1  36
30  15  1  65
1  16  1  86
2  16  1  66
3  16  1  75
4  16  1  28
5  16  1  27
6  16  1  64
7  16  1  17
8  16  1  86
9  16  1  44
10  16  1  33
11  16  1  46
12  16  1  89
13  16  1  26
14  16  1  38
15  16  1  20
16  16  1  55
17  16  1  24
18  16  1  56
19  16  1  63
20  16  1  22
21  16  1  55
22  16  1  33
23  16  1  42
24  16  1  84
25  16  1  55
26  16  1  40
27  16  1  79
28  16  1  57
29  16  1  71
30  16  1  43
1  17  1  16
2  17  1  62
3  17  1  59
4  17  1  66
5  17  1  38
6  17  1  74
7  17  1  69
8  17  1  88
9  17  1  73
10  17  1  54
11  17  1  86
12  17  1  27
13  17  1  28
14  17  1  23
15  17  1  24
16  17  1  19
17  17  1  59
18  17  1  84
19  17  1  69
20  17  1  73
21  17  1  65
22  17  1  88
23  17  1  36
24  17  1  31
25  17  1  11
26  17  1  71
27  17  1  88
28  17  1  65
29  17  1  45
30  17  1  72
1  18  1  19
2  18  1  12
3  18  1  31
4  18  1  36
5  18  1  78
6  18  1  81
7  18  1  18
8  18  1  57
9  18  1  75
10  18  1  74
11  18  1  47
12  18  1  67
13  18  1  32
14  18  1  71
15  18  1  90
16  18  1  89
17  18  1  88
18  18  1  68
19  18  1  45
20  18  1  33
21  18  1  38
22  18  1  78
23  18  1  81
24  18  1  82
25  18  1  36
26  18  1  50
27  18  1  73
28  18  1  41
29  18  1  85
30  18  1  42
1  19  1  45
2  19  1  33
3  19  1  68
4  19  1  21
5  19  1  29
6  19  1  12
7  19  1  44
8  19  1  31
9  19  1  71
10  19  1  29
11  19  1  50
12  19  1  24
13  19  1  51
14  19  1  27
15  19  1  33
16  19  1  40
17  19  1  11
18  19  1  82
19  19  1  87
20  19  1  17
21  19  1  38
22  19  1  35
23  19  1  35
24  19  1  34
25  19  1  33
26  19  1  37
27  19  1  11
28  19  1  13
29  19  1  55
30  19  1  84
1  20  1  14
2  20  1  12
3  20  1  13
4  20  1  29
5  20  1  71
6  20  1  36
7  20  1  30
8  20  1  58
9  20  1  54
10  20  1  31
11  20  1  79
12  20  1  84
13  20  1  48
14  20  1  89
15  20  1  22
16  20  1  87
17  20  1  54
18  20  1  76
19  20  1  11
20  20  1  18
21  20  1  65
22  20  1  58
23  20  1  18
24  20  1  33
25  20  1  24
26  20  1  58
27  20  1  50
28  20  1  17
29  20  1  22
30  20  1  89
1  21  1  82
2  21  1  82
3  21  1  31
4  21  1  56
5  21  1  24
6  21  1  21
7  21  1  90
8  21  1  20
9  21  1  24
10  21  1  29
11  21  1  33
12  21  1  42
13  21  1  86
14  21  1  88
15  21  1  12
16  21  1  85
17  21  1  35
18  21  1  76
19  21  1  17
20  21  1  74
21  21  1  32
22  21  1  42
23  21  1  18
24  21  1  52
25  21  1  48
26  21  1  62
27  21  1  70
28  21  1  25
29  21  1  53
30  21  1  49
1  22  1  70
2  22  1  52
3  22  1  57
4  22  1  12
5  22  1  45
6  22  1  41
7  22  1  72
8  22  1  59
9  22  1  15
10  22  1  85
11  22  1  83
12  22  1  45
13  22  1  69
14  22  1  70
15  22  1  68
16  22  1  34
17  22  1  52
18  22  1  21
19  22  1  59
20  22  1  31
21  22  1  82
22  22  1  45
23  22  1  90
24  22  1  26
25  22  1  49
26  22  1  15
27  22  1  53
28  22  1  45
29  22  1  14
30  22  1  82
1  23  1  40
2  23  1  67
3  23  1  74
4  23  1  51
5  23  1  71
6  23  1  89
7  23  1  23
8  23  1  12
9  23  1  36
10  23  1  63
11  23  1  24
12  23  1  64
13  23  1  64
14  23  1  17
15  23  1  15
16  23  1  66
17  23  1  84
18  23  1  49
19  23  1  51
20  23  1  26
21  23  1  54
22  23  1  30
23  23  1  10
24  23  1  16
25  23  1  18
26  23  1  56
27  23  1  54
28  23  1  68
29  23  1  77
30  23  1  11
1  24  1  73
2  24  1  81
3  24  1  35
4  24  1  27
5  24  1  75
6  24  1  59
7  24  1  70
8  24  1  62
9  24  1  38
10  24  1  88
11  24  1  87
12  24  1  26
13  24  1  21
14  24  1  84
15  24  1  10
16  24  1  58
17  24  1  70
18  24  1  88
19  24  1  25
20  24  1  53
21  24  1  36
22  24  1  54
23  24  1  38
24  24  1  66
25  24  1  62
26  24  1  89
27  24  1  17
28  24  1  44
29  24  1  17
30  24  1  62
1  25  1  81
2  25  1  12
3  25  1  37
4  25  1  46
5  25  1  33
6  25  1  88
7  25  1  66
8  25  1  58
9  25  1  19
10  25  1  31
11  25  1  18
12  25  1  73
13  25  1  76
14  25  1  38
15  25  1  19
16  25  1  37
17  25  1  57
18  25  1  61
19  25  1  60
20  25  1  23
21  25  1  80
22  25  1  51
23  25  1  11
24  25  1  81
25  25  1  77
26  25  1  20
27  25  1  25
28  25  1  40
29  25  1  69
30  25  1  25
1  26  1  76
2  26  1  76
3  26  1  82
4  26  1  21
5  26  1  49
6  26  1  37
7  26  1  82
8  26  1  52
9  26  1  56
10  26  1  14
11  26  1  66
12  26  1  29
13  26  1  68
14  26  1  64
15  26  1  68
16  26  1  76
17  26  1  87
18  26  1  68
19  26  1  52
20  26  1  28
21  26  1  73
22  26  1  83
23  26  1  16
24  26  1  75
25  26  1  36
26  26  1  32
27  26  1  86
28  26  1  81
29  26  1  70
30  26  1  58
1  27  1  22
2  27  1  75
3  27  1  55
4  27  1  76
5  27  1  26
6  27  1  42
7  27  1  81
8  27  1  43
9  27  1  74
10  27  1  58
11  27  1  10
12  27  1  45
13  27  1  48
14  27  1  76
15  27  1  34
16  27  1  55
17  27  1  56
18  27  1  59
19  27  1  74
20  27  1  39
21  27  1  33
22  27  1  43
23  27  1  24
24  27  1  89
25  27  1  32
26  27  1  32
27  27  1  21
28  27  1  89
29  27  1  61
30  27  1  31
1  28  1  66
2  28  1  22
3  28  1  22
4  28  1  51
5  28  1  56
6  28  1  50
7  28  1  15
8  28  1  90
9  28  1  59
10  28  1  68
11  28  1  65
12  28  1  63
13  28  1  80
14  28  1  82
15  28  1  79
16  28  1  30
17  28  1  14
18  28  1  89
19  28  1  64
20  28  1  27
21  28  1  82
22  28  1  62
23  28  1  13
24  28  1  20
25  28  1  76
26  28  1  11
27  28  1  46
28  28  1  20
29  28  1  39
30  28  1  36
1  29  1  31
2  29  1  63
3  29  1  34
4  29  1  57
5  29  1  64
6  29  1  62
7  29  1  77
8  29  1  30
9  29  1  56
10  29  1  80
11  29  1  87
12  29  1  30
13  29  1  80
14  29  1  40
15  29  1  58
16  29  1  51
17  29  1  83
18  29  1  31
19  29  1  24
20  29  1  73
21  29  1  14
22  29  1  34
23  29  1  15
24  29  1  22
25  29  1  64
26  29  1  69
27  29  1  51
28  29  1  70
29  29  1  10
30  29  1  67
1  30  1  57
2  30  1  39
3  30  1  73
4  30  1  78
5  30  1  40
6  30  1  40
7  30  1  24
8  30  1  27
9  30  1  84
10  30  1  62
11  30  1  21
12  30  1  46
13  30  1  76
14  30  1  73
15  30  1  59
16  30  1  81
17  30  1  90
18  30  1  22
19  30  1  28
20  30  1  19
21  30  1  26
22  30  1  17
23  30  1  65
24  30  1  45
25  30  1  86
26  30  1  76
27  30  1  26
28  30  1  17
29  30  1  38
30  30  1  86
1  31  1  84
2  31  1  51
3  31  1  44
4  31  1  16
5  31  1  75
6  31  1  33
7  31  1  81
8  31  1  56
9  31  1  56
10  31  1  53
11  31  1  12
12  31  1  25
13  31  1  32
14  31  1  40
15  31  1  46
16  31  1  21
17  31  1  25
18  31  1  68
19  31  1  47
20  31  1  20
21  31  1  73
22  31  1  83
23  31  1  58
24  31  1  73
25  31  1  61
26  31  1  27
27  31  1  33
28  31  1  32
29  31  1  43
30  31  1  25
1  32  1  90
2  32  1  59
3  32  1  89
4  32  1  71
5  32  1  70
6  32  1  71
7  32  1  41
8  32  1  65
9  32  1  80
10  32  1  57
11  32  1  59
12  32  1  26
13  32  1  83
14  32  1  26
15  32  1  56
16  32  1  66
17  32  1  84
18  32  1  40
19  32  1  52
20  32  1  90
21  32  1  34
22  32  1  60
23  32  1  76
24  32  1  67
25  32  1  37
26  32  1  75
27  32  1  15
28  32  1  78
29  32  1  26
30  32  1  85
1  33  1  82
2  33  1  85
3  33  1  16
4  33  1  67
5  33  1  27
6  33  1  58
7  33  1  52
8  33  1  77
9  33  1  43
10  33  1  75
11  33  1  59
12  33  1  19
13  33  1  16
14  33  1  57
15  33  1  21
16  33  1  30
17  33  1  57
18  33  1  28
19  33  1  13
20  33  1  26
21  33  1  31
22  33  1  74
23  33  1  80
24  33  1  28
25  33  1  78
26  33  1  83
27  33  1  34
28  33  1  28
29  33  1  32
30  33  1  33
1  34  1  89
2  34  1  48
3  34  1  76
4  34  1  40
5  34  1  53
6  34  1  29
7  34  1  75
8  34  1  89
9  34  1  51
10  34  1  30
11  34  1  18
12  34  1  62
13  34  1  88
14  34  1  52
15  34  1  26
16  34  1  90
17  34  1  79
18  34  1  23
19  34  1  46
20  34  1  13
21  34  1  60
22  34  1  14
23  34  1  24
24  34  1  54
25  34  1  79
26  34  1  72
27  34  1  66
28  34  1  81
29  34  1  89
30  34  1  25
1  35  1  71
2  35  1  28
3  35  1  77
4  35  1  57
5  35  1  76
6  35  1  23
7  35  1  34
8  35  1  46
9  35  1  74
10  35  1  44
11  35  1  75
12  35  1  78
13  35  1  29
14  35  1  26
15  35  1  37
16  35  1  39
17  35  1  90
18  35  1  26
19  35  1  35
20  35  1  56
21  35  1  17
22  35  1  64
23  35  1  52
24  35  1  49
25  35  1  23
26  35  1  73
27  35  1  50
28  35  1  38
29  35  1  31
30  35  1  32
1  36  1  23
2  36  1  19
3  36  1  75
4  36  1  66
5  36  1  31
6  36  1  26
7  36  1  40
8  36  1  24
9  36  1  61
10  36  1  14
11  36  1  31
12  36  1  27
13  36  1  38
14  36  1  13
15  36  1  13
16  36  1  47
17  36  1  86
18  36  1  41
19  36  1  90
20  36  1  10
21  36  1  17
22  36  1  78
23  36  1  18
24  36  1  61
25  36  1  86
26  36  1  69
27  36  1  15
28  36  1  84
29  36  1  23
30  36  1  51
1  37  1  50
2  37  1  21
3  37  1  31
4  37  1  70
5  37  1  12
6  37  1  17
7  37  1  13
8  37  1  14
9  37  1  19
10  37  1  46
11  37  1  14
12  37  1  85
13  37  1  45
14  37  1  70
15  37  1  30
16  37  1  90
17  37  1  33
18  37  1  56
19  37  1  65
20  37  1  65
21  37  1  51
22  37  1  11
23  37  1  49
24  37  1  17
25  37  1  16
26  37  1  50
27  37  1  58
28  37  1  29
29  37  1  46
30  37  1  85
1  38  1  37
2  38  1  38
3  38  1  41
4  38  1  40
5  38  1  68
6  38  1  79
7  38  1  59
8  38  1  66
9  38  1  40
10  38  1  85
11  38  1  13
12  38  1  18
13  38  1  57
14  38  1  72
15  38  1  64
16  38  1  11
17  38  1  50
18  38  1  20
19  38  1  17
20  38  1  66
21  38  1  15
22  38  1  48
23  38  1  70
24  38  1  66
25  38  1  40
26  38  1  71
27  38  1  64
28  38  1  42
29  38  1  40
30  38  1  64
1  39  1  22
2  39  1  34
3  39  1  82
4  39  1  84
5  39  1  13
6  39  1  68
7  39  1  70
8  39  1  14
9  39  1  37
10  39  1  12
11  39  1  16
12  39  1  34
13  39  1  31
14  39  1  67
15  39  1  77
16  39  1  17
17  39  1  67
18  39  1  42
19  39  1  81
20  39  1  18
21  39  1  34
22  39  1  26
23  39  1  44
24  39  1  81
25  39  1  53
26  39  1  18
27  39  1  20
28  39  1  67
29  39  1  50
30  39  1  38
1  40  1  90
2  40  1  83
3  40  1  22
4  40  1  12
5  40  1  40
6  40  1  56
7  40  1  16
8  40  1  85
9  40  1  22
10  40  1  49
11  40  1  66
12  40  1  69
13  40  1  27
14  40  1  15
15  40  1  37
16  40  1  52
17  40  1  18
18  40  1  41
19  40  1  90
20  40  1  78
21  40  1  50
22  40  1  70
23  40  1  27
24  40  1  76
25  40  1  86
26  40  1  57
27  40  1  59
28  40  1  37
29  40  1  42
30  40  1  75
1  41  1  86
2  41  1  78
3  41  1  19
4  41  1  35
5  41  1  33
6  41  1  41
7  41  1  60
8  41  1  53
9  41  1  33
10  41  1  60
11  41  1  15
12  41  1  87
13  41  1  78
14  41  1  64
15  41  1  70
16  41  1  11
17  41  1  42
18  41  1  64
19  41  1  72
20  41  1  73
21  41  1  62
22  41  1  72
23  41  1  89
24  41  1  40
25  41  1  40
26  41  1  35
27  41  1  70
28  41  1  57
29  41  1  51
30  41  1  63
1  42  1  27
2  42  1  19
3  42  1  41
4  42  1  24
5  42  1  34
6  42  1  37
7  42  1  51
8  42  1  45
9  42  1  15
10  42  1  18
11  42  1  69
12  42  1  83
13  42  1  33
14  42  1  37
15  42  1  57
16  42  1  37
17  42  1  23
18  42  1  88
19  42  1  25
20  42  1  58
21  42  1  31
22  42  1  19
23  42  1  39
24  42  1  84
25  42  1  62
26  42  1  10
27  42  1  66
28  42  1  35
29  42  1  70
30  42  1  18
1  43  1  26
2  43  1  83
3  43  1  12
4  43  1  46
5  43  1  32
6  43  1  16
7  43  1  68
8  43  1  43
9  43  1  49
10  43  1  39
11  43  1  26
12  43  1  10
13  43  1  53
14  43  1  77
15  43  1  39
16  43  1  66
17  43  1  85
18  43  1  15
19  43  1  33
20  43  1  81
21  43  1  73
22  43  1  70
23  43  1  80
24  43  1  43
25  43  1  47
26  43  1  60
27  43  1  30
28  43  1  60
29  43  1  87
30  43  1  43
1  44  1  69
2  44  1  76
3  44  1  57
4  44  1  36
5  44  1  13
6  44  1  84
7  44  1  75
8  44  1  82
9  44  1  23
10  44  1  31
11  44  1  79
12  44  1  82
13  44  1  56
14  44  1  27
15  44  1  13
16  44  1  36
17  44  1  68
18  44  1  49
19  44  1  77
20  44  1  59
21  44  1  59
22  44  1  10
23  44  1  63
24  44  1  53
25  44  1  17
26  44  1  40
27  44  1  19
28  44  1  65
29  44  1  63
30  44  1  41
1  45  1  21
2  45  1  61
3  45  1  21
4  45  1  49
5  45  1  29
6  45  1  77
7  45  1  11
8  45  1  37
9  45  1  52
10  45  1  73
11  45  1  18
12  45  1  82
13  45  1  35
14  45  1  71
15  45  1  61
16  45  1  23
17  45  1  27
18  45  1  83
19  45  1  60
20  45  1  79
21  45  1  49
22  45  1  46
23  45  1  73
24  45  1  26
25  45  1  76
26  45  1  49
27  45  1  59
28  45  1  38
29  45  1  12
30  45  1  85
1  46  1  66
2  46  1  59
3  46  1  30
4  46  1  89
5  46  1  20
6  46  1  64
7  46  1  25
8  46  1  43
9  46  1  12
10  46  1  28
11  46  1  23
12  46  1  19
13  46  1  13
14  46  1  27
15  46  1  90
16  46  1  54
17  46  1  51
18  46  1  19
19  46  1  61
20  46  1  69
21  46  1  34
22  46  1  66
23  46  1  73
24  46  1  16
25  46  1  78
26  46  1  49
27  46  1  76
28  46  1  11
29  46  1  31
30  46  1  17
1  47  1  87
2  47  1  24
3  47  1  30
4  47  1  81
5  47  1  47
6  47  1  84
7  47  1  68
8  47  1  40
9  47  1  56
10  47  1  65
11  47  1  89
12  47  1  45
13  47  1  77
14  47  1  68
15  47  1  89
16  47  1  26
17  47  1  30
18  47  1  42
19  47  1  48
20  47  1  17
21  47  1  25
22  47  1  74
23  47  1  38
24  47  1  81
25  47  1  21
26  47  1  63
27  47  1  90
28  47  1  83
29  47  1  76
30  47  1  59
1  48  1  38
2  48  1  36
3  48  1  30
4  48  1  75
5  48  1  22
6  48  1  29
7  48  1  63
8  48  1  51
9  48  1  22
10  48  1  70
11  48  1  86
12  48  1  89
13  48  1  19
14  48  1  45
15  48  1  82
16  48  1  43
17  48  1  41
18  48  1  41
19  48  1  18
20  48  1  48
21  48  1  20
22  48  1  81
23  48  1  85
24  48  1  16
25  48  1  69
26  48  1  77
27  48  1  71
28  48  1  38
29  48  1  45
30  48  1  79
1  49  1  41
2  49  1  66
3  49  1  89
4  49  1  25
5  49  1  11
6  49  1  89
7  49  1  68
8  49  1  65
9  49  1  60
10  49  1  69
11  49  1  74
12  49  1  21
13  49  1  71
14  49  1  76
15  49  1  66
16  49  1  84
17  49  1  79
18  49  1  28
19  49  1  62
20  49  1  40
21  49  1  39
22  49  1  46
23  49  1  35
24  49  1  89
25  49  1  70
26  49  1  89
27  49  1  49
28  49  1  58
29  49  1  61
30  49  1  87
1  50  1  73
2  50  1  16
3  50  1  47
4  50  1  20
5  50  1  88
6  50  1  68
7  50  1  45
8  50  1  58
9  50  1  58
10  50  1  19
11  50  1  21
12  50  1  85
13  50  1  28
14  50  1  90
15  50  1  90
16  50  1  77
17  50  1  88
18  50  1  34
19  50  1  58
20  50  1  23
21  50  1  38
22  50  1  71
23  50  1  83
24  50  1  86
25  50  1  16
26  50  1  83
27  50  1  22
28  50  1  40
29  50  1  78
30  50  1  27
1  51  1  76
2  51  1  70
3  51  1  71
4  51  1  21
5  51  1  22
6  51  1  72
7  51  1  64
8  51  1  44
9  51  1  76
10  51  1  19
11  51  1  32
12  51  1  88
13  51  1  45
14  51  1  80
15  51  1  73
16  51  1  54
17  51  1  69
18  51  1  22
19  51  1  12
20  51  1  67
21  51  1  50
22  51  1  86
23  51  1  68
24  51  1  69
25  51  1  36
26  51  1  17
27  51  1  45
28  51  1  48
29  51  1  40
30  51  1  53
1  52  1  40
2  52  1  16
3  52  1  42
4  52  1  21
5  52  1  45
6  52  1  27
7  52  1  74
8  52  1  16
9  52  1  35
10  52  1  81
11  52  1  46
12  52  1  82
13  52  1  74
14  52  1  74
15  52  1  31
16  52  1  26
17  52  1  78
18  52  1  40
19  52  1  62
20  52  1  18
21  52  1  83
22  52  1  57
23  52  1  28
24  52  1  36
25  52  1  81
26  52  1  77
27  52  1  77
28  52  1  50
29  52  1  58
30  52  1  14
1  53  1  32
2  53  1  58
3  53  1  60
4  53  1  66
5  53  1  38
6  53  1  76
7  53  1  47
8  53  1  53
9  53  1  82
10  53  1  81
11  53  1  23
12  53  1  69
13  53  1  72
14  53  1  55
15  53  1  27
16  53  1  65
17  53  1  36
18  53  1  21
19  53  1  66
20  53  1  20
21  53  1  72
22  53  1  61
23  53  1  11
24  53  1  60
25  53  1  33
26  53  1  84
27  53  1  43
28  53  1  28
29  53  1  25
30  53  1  87
1  54  1  26
2  54  1  83
3  54  1  54
4  54  1  12
5  54  1  47
6  54  1  24
7  54  1  90
8  54  1  16
9  54  1  18
10  54  1  57
11  54  1  58
12  54  1  10
13  54  1  55
14  54  1  77
15  54  1  89
16  54  1  70
17  54  1  55
18  54  1  43
19  54  1  70
20  54  1  82
21  54  1  46
22  54  1  11
23  54  1  89
24  54  1  63
25  54  1  79
26  54  1  82
27  54  1  11
28  54  1  11
29  54  1  74
30  54  1  38
1  55  1  57
2  55  1  77
3  55  1  78
4  55  1  22
5  55  1  60
6  55  1  48
7  55  1  72
8  55  1  76
9  55  1  75
10  55  1  77
11  55  1  84
12  55  1  16
13  55  1  71
14  55  1  12
15  55  1  57
16  55  1  33
17  55  1  31
18  55  1  54
19  55  1  58
20  55  1  45
21  55  1  56
22  55  1  17
23  55  1  74
24  55  1  40
25  55  1  38
26  55  1  78
27  55  1  15
28  55  1  43
29  55  1  59
30  55  1  28
1  56  1  14
2  56  1  13
3  56  1  53
4  56  1  35
5  56  1  65
6  56  1  88
7  56  1  51
8  56  1  52
9  56  1  23
10  56  1  10
11  56  1  43
12  56  1  62
13  56  1  38
14  56  1  55
15  56  1  45
16  56  1  82
17  56  1  38
18  56  1  41
19  56  1  37
20  56  1  36
21  56  1  16
22  56  1  89
23  56  1  72
24  56  1  78
25  56  1  88
26  56  1  29
27  56  1  17
28  56  1  40
29  56  1  89
30  56  1  45
1  57  1  82
2  57  1  10
3  57  1  22
4  57  1  16
5  57  1  28
6  57  1  11
7  57  1  67
8  57  1  17
9  57  1  90
10  57  1  55
11  57  1  38
12  57  1  32
13  57  1  87
14  57  1  38
15  57  1  11
16  57  1  55
17  57  1  16
18  57  1  26
19  57  1  62
20  57  1  23
21  57  1  82
22  57  1  34
23  57  1  31
24  57  1  48
25  57  1  37
26  57  1  34
27  57  1  28
28  57  1  43
29  57  1  20
30  57  1  13
1  58  1  12
2  58  1  29
3  58  1  31
4  58  1  70
5  58  1  41
6  58  1  24
7  58  1  36
8  58  1  53
9  58  1  86
10  58  1  10
11  58  1  42
12  58  1  70
13  58  1  52
14  58  1  29
15  58  1  83
16  58  1  56
17  58  1  20
18  58  1  86
19  58  1  67
20  58  1  72
21  58  1  65
22  58  1  38
23  58  1  32
24  58  1  69
25  58  1  41
26  58  1  40
27  58  1  64
28  58  1  83
29  58  1  23
30  58  1  36
1  59  1  80
2  59  1  52
3  59  1  44
4  59  1  32
5  59  1  62
6  59  1  81
7  59  1  15
8  59  1  50
9  59  1  69
10  59  1  48
11  59  1  72
12  59  1  78
13  59  1  70
14  59  1  71
15  59  1  48
16  59  1  29
17  59  1  73
18  59  1  13
19  59  1  30
20  59  1  59
21  59  1  62
22  59  1  11
23  59  1  46
24  59  1  56
25  59  1  66
26  59  1  44
27  59  1  21
28  59  1  62
29  59  1  83
30  59  1  30
1  60  1  57
2  60  1  19
3  60  1  60
4  60  1  65
5  60  1  27
6  60  1  75
7  60  1  50
8  60  1  60
9  60  1  75
10  60  1  13
11  60  1  59
12  60  1  57
13  60  1  83
14  60  1  58
15  60  1  57
16  60  1  10
17  60  1  38
18  60  1  27
19  60  1  19
20  60  1  85
21  60  1  55
22  60  1  13
23  60  1  71
24  60  1  13
25  60  1  57
26  60  1  53
27  60  1  12
28  60  1  84
29  60  1  41
30  60  1  85
1  61  1  28
2  61  1  69
3  61  1  72
4  61  1  26
5  61  1  85
6  61  1  65
7  61  1  55
8  61  1  59
9  61  1  57
10  61  1  51
11  61  1  53
12  61  1  11
13  61  1  20
14  61  1  59
15  61  1  63
16  61  1  75
17  61  1  44
18  61  1  88
19  61  1  20
20  61  1  66
21  61  1  64
22  61  1  13
23  61  1  79
24  61  1  72
25  61  1  48
26  61  1  78
27  61  1  83
28  61  1  35
29  61  1  28
30  61  1  79
1  62  1  23
2  62  1  41
3  62  1  46
4  62  1  14
5  62  1  47
6  62  1  32
7  62  1  39
8  62  1  81
9  62  1  21
10  62  1  26
11  62  1  26
12  62  1  62
13  62  1  77
14  62  1  35
15  62  1  27
16  62  1  82
17  62  1  55
18  62  1  15
19  62  1  32
20  62  1  17
21  62  1  71
22  62  1  48
23  62  1  15
24  62  1  57
25  62  1  10
26  62  1  36
27  62  1  40
28  62  1  58
29  62  1  42
30  62  1  46
1  63  1  18
2  63  1  16
3  63  1  48
4  63  1  42
5  63  1  88
6  63  1  49
7  63  1  60
8  63  1  64
9  63  1  59
10  63  1  43
11  63  1  47
12  63  1  57
13  63  1  28
14  63  1  60
15  63  1  32
16  63  1  65
17  63  1  34
18  63  1  33
19  63  1  60
20  63  1  53
21  63  1  46
22  63  1  65
23  63  1  64
24  63  1  49
25  63  1  79
26  63  1  66
27  63  1  53
28  63  1  52
29  63  1  38
30  63  1  81
1  64  1  31
2  64  1  12
3  64  1  44
4  64  1  33
5  64  1  55
6  64  1  47
7  64  1  17
8  64  1  77
9  64  1  74
10  64  1  30
11  64  1  12
12  64  1  57
13  64  1  83
14  64  1  36
15  64  1  85
16  64  1  71
17  64  1  54
18  64  1  45
19  64  1  16
20  64  1  29
21  64  1  54
22  64  1  25
23  64  1  28
24  64  1  18
25  64  1  67
26  64  1  75
27  64  1  33
28  64  1  25
29  64  1  55
30  64  1  27
1  65  1  43
2  65  1  36
3  65  1  22
4  65  1  25
5  65  1  28
6  65  1  90
7  65  1  83
8  65  1  27
9  65  1  87
10  65  1  36
11  65  1  58
12  65  1  65
13  65  1  57
14  65  1  44
15  65  1  34
16  65  1  80
17  65  1  79
18  65  1  63
19  65  1  11
20  65  1  45
21  65  1  27
22  65  1  55
23  65  1  39
24  65  1  46
25  65  1  60
26  65  1  38
27  65  1  47
28  65  1  63
29  65  1  23
30  65  1  73
1  66  1  74
2  66  1  44
3  66  1  23
4  66  1  78
5  66  1  28
6  66  1  73
7  66  1  44
8  66  1  85
9  66  1  30
10  66  1  78
11  66  1  23
12  66  1  81
13  66  1  26
14  66  1  90
15  66  1  70
16  66  1  16
17  66  1  34
18  66  1  20
19  66  1  61
20  66  1  40
21  66  1  15
22  66  1  73
23  66  1  30
24  66  1  44
25  66  1  52
26  66  1  41
27  66  1  84
28  66  1  35
29  66  1  48
30  66  1  72
1  67  1  37
2  67  1  64
3  67  1  84
4  67  1  58
5  67  1  82
6  67  1  22
7  67  1  84
8  67  1  65
9  67  1  54
10  67  1  13
11  67  1  30
12  67  1  79
13  67  1  50
14  67  1  79
15  67  1  88
16  67  1  75
17  67  1  82
18  67  1  30
19  67  1  82
20  67  1  38
21  67  1  84
22  67  1  45
23  67  1  30
24  67  1  64
25  67  1  16
26  67  1  59
27  67  1  66
28  67  1  64
29  67  1  89
30  67  1  69
1  68  1  32
2  68  1  31
3  68  1  11
4  68  1  15
5  68  1  16
6  68  1  73
7  68  1  55
8  68  1  12
9  68  1  62
10  68  1  54
11  68  1  82
12  68  1  87
13  68  1  13
14  68  1  39
15  68  1  88
16  68  1  23
17  68  1  10
18  68  1  79
19  68  1  14
20  68  1  80
21  68  1  67
22  68  1  29
23  68  1  52
24  68  1  69
25  68  1  49
26  68  1  27
27  68  1  53
28  68  1  90
29  68  1  23
30  68  1  16
1  69  1  78
2  69  1  72
3  69  1  64
4  69  1  74
5  69  1  81
6  69  1  49
7  69  1  63
8  69  1  51
9  69  1  66
10  69  1  85
11  69  1  83
12  69  1  15
13  69  1  54
14  69  1  58
15  69  1  21
16  69  1  17
17  69  1  69
18  69  1  43
19  69  1  37
20  69  1  22
21  69  1  60
22  69  1  22
23  69  1  84
24  69  1  17
25  69  1  67
26  69  1  12
27  69  1  58
28  69  1  40
29  69  1  50
30  69  1  12
1  70  1  61
2  70  1  83
3  70  1  84
4  70  1  49
5  70  1  79
6  70  1  28
7  70  1  76
8  70  1  63
9  70  1  34
10  70  1  26
11  70  1  40
12  70  1  26
13  70  1  50
14  70  1  51
15  70  1  33
16  70  1  86
17  70  1  63
18  70  1  62
19  70  1  90
20  70  1  21
21  70  1  55
22  70  1  30
23  70  1  55
24  70  1  27
25  70  1  68
26  70  1  32
27  70  1  15
28  70  1  41
29  70  1  60
30  70  1  34
1  71  1  81
2  71  1  45
3  71  1  57
4  71  1  36
5  71  1  41
6  71  1  74
7  71  1  25
8  71  1  64
9  71  1  57
10  71  1  67
11  71  1  70
12  71  1  13
13  71  1  63
14  71  1  61
15  71  1  30
16  71  1  41
17  71  1  53
18  71  1  63
19  71  1  82
20  71  1  53
21  71  1  42
22  71  1  45
23  71  1  46
24  71  1  48
25  71  1  71
26  71  1  23
27  71  1  65
28  71  1  67
29  71  1  32
30  71  1  40
1  72  1  61
2  72  1  72
3  72  1  33
4  72  1  69
5  72  1  22
6  72  1  82
7  72  1  74
8  72  1  53
9  72  1  66
10  72  1  85
11  72  1  13
12  72  1  12
13  72  1  55
14  72  1  64
15  72  1  67
16  72  1  80
17  72  1  26
18  72  1  18
19  72  1  24
20  72  1  63
21  72  1  72
22  72  1  66
23  72  1  77
24  72  1  26
25  72  1  33
26  72  1  41
27  72  1  65
28  72  1  79
29  72  1  41
30  72  1  72
1  73  1  48
2  73  1  23
3  73  1  27
4  73  1  79
5  73  1  38
6  73  1  19
7  73  1  42
8  73  1  74
9  73  1  72
10  73  1  31
11  73  1  13
12  73  1  89
13  73  1  86
14  73  1  55
15  73  1  88
16  73  1  72
17  73  1  54
18  73  1  81
19  73  1  33
20  73  1  36
21  73  1  32
22  73  1  10
23  73  1  21
24  73  1  73
25  73  1  69
26  73  1  45
27  73  1  85
28  73  1  51
29  73  1  23
30  73  1  63
1  74  1  85
2  74  1  11
3  74  1  21
4  74  1  17
5  74  1  47
6  74  1  63
7  74  1  67
8  74  1  57
9  74  1  35
10  74  1  31
11  74  1  27
12  74  1  30
13  74  1  71
14  74  1  68
15  74  1  85
16  74  1  79
17  74  1  60
18  74  1  37
19  74  1  10
20  74  1  74
21  74  1  66
22  74  1  66
23  74  1  80
24  74  1  34
25  74  1  33
26  74  1  18
27  74  1  34
28  74  1  63
29  74  1  68
30  74  1  84
1  75  1  36
2  75  1  74
3  75  1  60
4  75  1  11
5  75  1  34
6  75  1  64
7  75  1  16
8  75  1  34
9  75  1  25
10  75  1  30
11  75  1  82
12  75  1  49
13  75  1  87
14  75  1  12
15  75  1  13
16  75  1  64
17  75  1  65
18  75  1  64
19  75  1  87
20  75  1  53
21  75  1  64
22  75  1  54
23  75  1  52
24  75  1  31
25  75  1  78
26  75  1  71
27  75  1  71
28  75  1  42
29  75  1  42
30  75  1  78
1  76  1  87
2  76  1  28
3  76  1  86
4  76  1  90
5  76  1  86
6  76  1  45
7  76  1  54
8  76  1  30
9  76  1  86
10  76  1  68
11  76  1  13
12  76  1  89
13  76  1  79
14  76  1  65
15  76  1  47
16  76  1  22
17  76  1  40
18  76  1  69
19  76  1  16
20  76  1  48
21  76  1  54
22  76  1  52
23  76  1  57
24  76  1  51
25  76  1  90
26  76  1  40
27  76  1  18
28  76  1  18
29  76  1  29
30  76  1  33
1  77  1  34
2  77  1  12
3  77  1  86
4  77  1  75
5  77  1  86
6  77  1  68
7  77  1  90
8  77  1  78
9  77  1  58
10  77  1  37
11  77  1  65
12  77  1  85
13  77  1  48
14  77  1  71
15  77  1  35
16  77  1  24
17  77  1  62
18  77  1  53
19  77  1  27
20  77  1  63
21  77  1  69
22  77  1  55
23  77  1  41
24  77  1  19
25  77  1  84
26  77  1  77
27  77  1  74
28  77  1  37
29  77  1  78
30  77  1  43
1  78  1  26
2  78  1  86
3  78  1  70
4  78  1  73
5  78  1  81
6  78  1  34
7  78  1  39
8  78  1  39
9  78  1  43
10  78  1  69
11  78  1  70
12  78  1  85
13  78  1  42
14  78  1  44
15  78  1  45
16  78  1  63
17  78  1  70
18  78  1  30
19  78  1  29
20  78  1  34
21  78  1  52
22  78  1  90
23  78  1  17
24  78  1  14
25  78  1  87
26  78  1  71
27  78  1  86
28  78  1  24
29  78  1  24
30  78  1  47
1  79  1  16
2  79  1  11
3  79  1  57
4  79  1  38
5  79  1  46
6  79  1  34
7  79  1  86
8  79  1  61
9  79  1  58
10  79  1  19
11  79  1  74
12  79  1  59
13  79  1  85
14  79  1  62
15  79  1  80
16  79  1  30
17  79  1  41
18  79  1  16
19  79  1  38
20  79  1  43
21  79  1  86
22  79  1  49
23  79  1  45
24  79  1  36
25  79  1  16
26  79  1  85
27  79  1  78
28  79  1  61
29  79  1  65
30  79  1  87
1  80  1  17
2  80  1  37
3  80  1  62
4  80  1  69
5  80  1  37
6  80  1  65
7  80  1  82
8  80  1  84
9  80  1  21
10  80  1  80
11  80  1  16
12  80  1  59
13  80  1  53
14  80  1  72
15  80  1  70
16  80  1  58
17  80  1  62
18  80  1  89
19  80  1  18
20  80  1  48
21  80  1  80
22  80  1  49
23  80  1  73
24  80  1  69
25  80  1  54
26  80  1  57
27  80  1  82
28  80  1  44
29  80  1  75
30  80  1  83
1  81  1  41
2  81  1  31
3  81  1  50
4  81  1  71
5  81  1  19
6  81  1  33
7  81  1  78
8  81  1  80
9  81  1  86
10  81  1  44
11  81  1  62
12  81  1  18
13  81  1  23
14  81  1  83
15  81  1  70
16  81  1  63
17  81  1  19
18  81  1  49
19  81  1  78
20  81  1  62
21  81  1  34
22  81  1  58
23  81  1  46
24  81  1  24
25  81  1  49
26  81  1  31
27  81  1  41
28  81  1  13
29  81  1  55
30  81  1  49
1  82  1  30
2  82  1  66
3  82  1  79
4  82  1  53
5  82  1  32
6  82  1  88
7  82  1  28
8  82  1  68
9  82  1  53
10  82  1  90
11  82  1  72
12  82  1  89
13  82  1  62
14  82  1  48
15  82  1  64
16  82  1  17
17  82  1  83
18  82  1  53
19  82  1  26
20  82  1  24
21  82  1  40
22  82  1  51
23  82  1  23
24  82  1  89
25  82  1  17
26  82  1  46
27  82  1  14
28  82  1  59
29  82  1  50
30  82  1  72
1  83  1  83
2  83  1  85
3  83  1  29
4  83  1  69
5  83  1  13
6  83  1  26
7  83  1  30
8  83  1  71
9  83  1  64
10  83  1  41
11  83  1  11
12  83  1  76
13  83  1  24
14  83  1  18
15  83  1  30
16  83  1  83
17  83  1  77
18  83  1  14
19  83  1  74
20  83  1  75
21  83  1  67
22  83  1  48
23  83  1  49
24  83  1  53
25  83  1  84
26  83  1  83
27  83  1  62
28  83  1  62
29  83  1  30
30  83  1  74
1  84  1  22
2  84  1  59
3  84  1  21
4  84  1  63
5  84  1  80
6  84  1  77
7  84  1  10
8  84  1  16
9  84  1  40
10  84  1  90
11  84  1  71
12  84  1  63
13  84  1  14
14  84  1  63
15  84  1  78
16  84  1  52
17  84  1  64
18  84  1  78
19  84  1  44
20  84  1  32
21  84  1  54
22  84  1  66
23  84  1  73
24  84  1  61
25  84  1  11
26  84  1  57
27  84  1  79
28  84  1  86
29  84  1  19
30  84  1  59
1  85  1  60
2  85  1  47
3  85  1  31
4  85  1  78
5  85  1  10
6  85  1  30
7  85  1  81
8  85  1  51
9  85  1  47
10  85  1  86
11  85  1  31
12  85  1  53
13  85  1  22
14  85  1  74
15  85  1  40
16  85  1  45
17  85  1  71
18  85  1  12
19  85  1  22
20  85  1  73
21  85  1  10
22  85  1  31
23  85  1  89
24  85  1  22
25  85  1  72
26  85  1  74
27  85  1  48
28  85  1  84
29  85  1  28
30  85  1  37
1  86  1  32
2  86  1  47
3  86  1  84
4  86  1  58
5  86  1  27
6  86  1  42
7  86  1  90
8  86  1  50
9  86  1  83
10  86  1  79
11  86  1  71
12  86  1  75
13  86  1  27
14  86  1  62
15  86  1  84
16  86  1  62
17  86  1  49
18  86  1  27
19  86  1  69
20  86  1  80
21  86  1  55
22  86  1  48
23  86  1  76
24  86  1  34
25  86  1  81
26  86  1  55
27  86  1  70
28  86  1  25
29  86  1  51
30  86  1  82
1  87  1  52
2  87  1  58
3  87  1  39
4  87  1  19
5  87  1  18
6  87  1  57
7  87  1  29
8  87  1  48
9  87  1  53
10  87  1  84
11  87  1  38
12  87  1  73
13  87  1  34
14  87  1  29
15  87  1  41
16  87  1  70
17  87  1  13
18  87  1  11
19  87  1  50
20  87  1  58
21  87  1  54
22  87  1  78
23  87  1  64
24  87  1  19
25  87  1  89
26  87  1  30
27  87  1  22
28  87  1  53
29  87  1  16
30  87  1  47
1  88  1  84
2  88  1  41
3  88  1  53
4  88  1  61
5  88  1  72
6  88  1  67
7  88  1  33
8  88  1  62
9  88  1  14
10  88  1  51
11  88  1  72
12  88  1  44
13  88  1  86
14  88  1  31
15  88  1  33
16  88  1  34
17  88  1  57
18  88  1  14
19  88  1  12
20  88  1  24
21  88  1  13
22  88  1  83
23  88  1  10
24  88  1  63
25  88  1  46
26  88  1  20
27  88  1  69
28  88  1  38
29  88  1  57
30  88  1  59
1  89  1  25
2  89  1  87
3  89  1  73
4  89  1  83
5  89  1  68
6  89  1  72
7  89  1  54
8  89  1  74
9  89  1  13
10  89  1  25
11  89  1  12
12  89  1  19
13  89  1  86
14  89  1  25
15  89  1  13
16  89  1  10
17  89  1  32
18  89  1  44
19  89  1  73
20  89  1  46
21  89  1  87
22  89  1  69
23  89  1  13
24  89  1  59
25  89  1  64
26  89  1  20
27  89  1  16
28  89  1  25
29  89  1  27
30  89  1  60
1  90  1  63
2  90  1  31
3  90  1  13
4  90  1  66
5  90  1  25
6  90  1  85
7  90  1  39
8  90  1  48
9  90  1  71
10  90  1  22
11  90  1  15
12  90  1  52
13  90  1  61
14  90  1  81
15  90  1  88
16  90  1  90
17  90  1  21
18  90  1  59
19  90  1  73
20  90  1  16
21  90  1  41
22  90  1  10
23  90  1  69
24  90  1  62
25  90  1  38
26  90  1  88
27  90  1  32
28  90  1  30
29  90  1  10
30  90  1  33
1  91  1  22
2  91  1  35
3  91  1  82
4  91  1  89
5  91  1  62
6  91  1  42
7  91  1  38
8  91  1  25
9  91  1  59
10  91  1  44
11  91  1  74
12  91  1  58
13  91  1  77
14  91  1  12
15  91  1  38
16  91  1  63
17  91  1  32
18  91  1  11
19  91  1  10
20  91  1  13
21  91  1  82
22  91  1  74
23  91  1  27
24  91  1  80
25  91  1  42
26  91  1  35
27  91  1  24
28  91  1  47
29  91  1  90
30  91  1  46
1  92  1  89
2  92  1  11
3  92  1  84
4  92  1  34
5  92  1  26
6  92  1  18
7  92  1  20
8  92  1  17
9  92  1  50
10  92  1  33
11  92  1  39
12  92  1  18
13  92  1  42
14  92  1  39
15  92  1  17
16  92  1  28
17  92  1  53
18  92  1  85
19  92  1  88
20  92  1  10
21  92  1  66
22  92  1  38
23  92  1  24
24  92  1  90
25  92  1  80
26  92  1  84
27  92  1  16
28  92  1  61
29  92  1  19
30  92  1  24
1  93  1  28
2  93  1  49
3  93  1  47
4  93  1  40
5  93  1  24
6  93  1  51
7  93  1  22
8  93  1  19
9  93  1  58
10  93  1  47
11  93  1  71
12  93  1  43
13  93  1  49
14  93  1  51
15  93  1  27
16  93  1  10
17  93  1  88
18  93  1  29
19  93  1  12
20  93  1  16
21  93  1  35
22  93  1  47
23  93  1  64
24  93  1  16
25  93  1  15
26  93  1  22
27  93  1  87
28  93  1  15
29  93  1  45
30  93  1  69
1  94  1  90
2  94  1  27
3  94  1  29
4  94  1  51
5  94  1  10
6  94  1  12
7  94  1  54
8  94  1  80
9  94  1  18
10  94  1  38
11  94  1  40
12  94  1  88
13  94  1  52
14  94  1  12
15  94  1  16
16  94  1  55
17  94  1  87
18  94  1  23
19  94  1  53
20  94  1  37
21  94  1  16
22  94  1  44
23  94  1  59
24  94  1  54
25  94  1  23
26  94  1  26
27  94  1  52
28  94  1  50
29  94  1  26
30  94  1  52
1  95  1  84
2  95  1  89
3  95  1  79
4  95  1  77
5  95  1  77
6  95  1  11
7  95  1  52
8  95  1  17
9  95  1  41
10  95  1  47
11  95  1  79
12  95  1  89
13  95  1  73
14  95  1  54
15  95  1  89
16  95  1  64
17  95  1  38
18  95  1  38
19  95  1  39
20  95  1  25
21  95  1  28
22  95  1  71
23  95  1  24
24  95  1  46
25  95  1  48
26  95  1  56
27  95  1  27
28  95  1  53
29  95  1  16
30  95  1  33
1  96  1  46
2  96  1  84
3  96  1  77
4  96  1  82
5  96  1  34
6  96  1  78
7  96  1  13
8  96  1  74
9  96  1  60
10  96  1  41
11  96  1  84
12  96  1  41
13  96  1  61
14  96  1  22
15  96  1  61
16  96  1  55
17  96  1  40
18  96  1  36
19  96  1  47
20  96  1  83
21  96  1  66
22  96  1  77
23  96  1  14
24  96  1  87
25  96  1  85
26  96  1  58
27  96  1  53
28  96  1  45
29  96  1  68
30  96  1  79
1  97  1  64
2  97  1  35
3  97  1  45
4  97  1  69
5  97  1  46
6  97  1  16
7  97  1  19
8  97  1  68
9  97  1  43
10  97  1  79
11  97  1  19
12  97  1  72
13  97  1  55
14  97  1  73
15  97  1  42
16  97  1  75
17  97  1  56
18  97  1  77
19  97  1  39
20  97  1  67
21  97  1  61
22  97  1  19
23  97  1  13
24  97  1  28
25  97  1  23
26  97  1  75
27  97  1  28
28  97  1  39
29  97  1  15
30  97  1  44
1  98  1  54
2  98  1  43
3  98  1  35
4  98  1  50
5  98  1  11
6  98  1  89
7  98  1  41
8  98  1  15
9  98  1  59
10  98  1  87
11  98  1  44
12  98  1  21
13  98  1  59
14  98  1  15
15  98  1  49
16  98  1  63
17  98  1  50
18  98  1  70
19  98  1  86
20  98  1  20
21  98  1  60
22  98  1  65
23  98  1  82
24  98  1  90
25  98  1  35
26  98  1  27
27  98  1  32
28  98  1  69
29  98  1  27
30  98  1  36
1  99  1  52
2  99  1  25
3  99  1  60
4  99  1  14
5  99  1  16
6  99  1  27
7  99  1  90
8  99  1  41
9  99  1  13
10  99  1  11
11  99  1  30
12  99  1  13
13  99  1  88
14  99  1  47
15  99  1  47
16  99  1  46
17  99  1  83
18  99  1  52
19  99  1  37
20  99  1  41
21  99  1  60
22  99  1  17
23  99  1  12
24  99  1  53
25  99  1  87
26  99  1  53
27  99  1  61
28  99  1  21
29  99  1  69
30  99  1  30
1  100  1  86
2  100  1  75
3  100  1  40
4  100  1  49
5  100  1  23
6  100  1  44
7  100  1  64
8  100  1  71
9  100  1  83
10  100  1  16
11  100  1  13
12  100  1  29
13  100  1  56
14  100  1  59
15  100  1  17
16  100  1  71
17  100  1  85
18  100  1  42
19  100  1  36
20  100  1  46
21  100  1  79
22  100  1  64
23  100  1  89
24  100  1  37
25  100  1  37
26  100  1  90
27  100  1  54
28  100  1  42
29  100  1  35
30  100  1  74
1  1  2  9.19
2  1  2  21.64
3  1  2  31.64
4  1  2  12.99
5  1  2  6.17
6  1  2  8.89
7  1  2  20.01
8  1  2  18.45
9  1  2  21.95
10  1  2  19.36
11  1  2  59.27
12  1  2  45.37
13  1  2  40.84
14  1  2  8.81
15  1  2  64.26
16  1  2  52.14
17  1  2  25.45
18  1  2  6.35
19  1  2  52.14
20  1  2  6.41
21  1  2  48.47
22  1  2  18.23
23  1  2  36.00
24  1  2  22.14
25  1  2  43.68
26  1  2  6.20
27  1  2  18.13
28  1  2  29.86
29  1  2  5.24
30  1  2  25.90
1  2  2  32.19
2  2  2  47.45
3  2  2  52.49
4  2  2  21.69
5  2  2  47.26
6  2  2  48.87
7  2  2  54.64
8  2  2  7.84
9  2  2  25.91
10  2  2  24.85
11  2  2  64.93
12  2  2  24.49
13  2  2  27.09
14  2  2  43.91
15  2  2  19.40
16  2  2  44.01
17  2  2  30.02
18  2  2  11.71
19  2  2  30.21
20  2  2  19.60
21  2  2  18.29
22  2  2  3.91
23  2  2  18.59
24  2  2  22.95
25  2  2  10.54
26  2  2  43.38
27  2  2  34.53
28  2  2  40.58
29  2  2  46.14
30  2  2  23.16
1  3  2  14.29
2  3  2  7.99
3  3  2  51.80
4  3  2  24.52
5  3  2  8.65
6  3  2  49.86
7  3  2  45.29
8  3  2  62.20
9  3  2  22.52
10  3  2  38.48
11  3  2  17.53
12  3  2  13.35
13  3  2  56.43
14  3  2  20.55
15  3  2  11.27
16  3  2  6.71
17  3  2  25.31
18  3  2  12.46
19  3  2  51.33
20  3  2  32.65
21  3  2  32.14
22  3  2  15.11
23  3  2  6.70
24  3  2  22.41
25  3  2  43.52
26  3  2  27.44
27  3  2  21.64
28  3  2  24.22
29  3  2  21.74
30  3  2  13.12
1  4  2  9.37
2  4  2  32.55
3  4  2  26.71
4  4  2  37.33
5  4  2  36.46
6  4  2  40.24
7  4  2  12.33
8  4  2  14.48
9  4  2  26.99
10  4  2  15.40
11  4  2  25.52
12  4  2  22.32
13  4  2  8.96
14  4  2  17.69
15  4  2  5.51
16  4  2  8.32
17  4  2  65.41
18  4  2  9.52
19  4  2  14.25
20  4  2  5.43
21  4  2  25.04
22  4  2  15.74
23  4  2  57.53
24  4  2  12.42
25  4  2  39.79
26  4  2  27.71
27  4  2  13.30
28  4  2  16.58
29  4  2  26.40
30  4  2  65.86
1  5  2  10.27
2  5  2  20.33
3  5  2  41.13
4  5  2  28.79
5  5  2  15.19
6  5  2  50.62
7  5  2  30.84
8  5  2  12.64
9  5  2  34.40
10  5  2  13.31
11  5  2  11.64
12  5  2  27.18
13  5  2  13.96
14  5  2  22.47
15  5  2  36.28
16  5  2  8.53
17  5  2  36.15
18  5  2  25.65
19  5  2  11.44
20  5  2  7.89
21  5  2  21.58
22  5  2  33.60
23  5  2  5.78
24  5  2  10.40
25  5  2  15.57
26  5  2  33.05
27  5  2  27.93
28  5  2  26.36
29  5  2  60.07
30  5  2  47.23
1  6  2  15.95
2  6  2  39.94
3  6  2  39.83
4  6  2  14.36
5  6  2  30.55
6  6  2  25.16
7  6  2  31.61
8  6  2  44.98
9  6  2  25.97
10  6  2  25.82
11  6  2  35.39
12  6  2  17.31
13  6  2  11.40
14  6  2  7.62
15  6  2  14.39
16  6  2  14.42
17  6  2  18.13
18  6  2  52.74
19  6  2  9.39
20  6  2  12.21
21  6  2  18.52
22  6  2  13.77
23  6  2  42.54
24  6  2  29.13
25  6  2  38.31
26  6  2  21.35
27  6  2  45.54
28  6  2  14.18
29  6  2  36.04
30  6  2  19.30
1  7  2  5.38
2  7  2  21.77
3  7  2  14.56
4  7  2  42.36
5  7  2  27.94
6  7  2  20.03
7  7  2  23.78
8  7  2  10.61
9  7  2  30.87
10  7  2  28.11
11  7  2  8.28
12  7  2  31.60
13  7  2  17.98
14  7  2  18.62
15  7  2  16.07
16  7  2  8.12
17  7  2  20.45
18  7  2  28.76
19  7  2  12.34
20  7  2  37.01
21  7  2  30.59
22  7  2  64.43
23  7  2  11.00
24  7  2  3.02
25  7  2  55.15
26  7  2  51.68
27  7  2  14.48
28  7  2  50.28
29  7  2  7.53
30  7  2  21.91
1  8  2  52.78
2  8  2  6.34
3  8  2  4.32
4  8  2  39.83
5  8  2  18.19
6  8  2  34.88
7  8  2  5.01
8  8  2  12.46
9  8  2  45.45
10  8  2  61.61
11  8  2  9.17
12  8  2  11.04
13  8  2  23.96
14  8  2  10.56
15  8  2  26.60
16  8  2  34.66
17  8  2  25.21
18  8  2  11.67
19  8  2  17.62
20  8  2  23.59
21  8  2  21.04
22  8  2  42.93
23  8  2  17.94
24  8  2  25.21
25  8  2  9.35
26  8  2  18.80
27  8  2  11.11
28  8  2  30.80
29  8  2  5.86
30  8  2  39.16
1  9  2  14.13
2  9  2  7.56
3  9  2  13.40
4  9  2  44.97
5  9  2  29.51
6  9  2  19.76
7  9  2  35.11
8  9  2  20.05
9  9  2  17.66
10  9  2  44.52
11  9  2  16.68
12  9  2  20.77
13  9  2  36.40
14  9  2  5.05
15  9  2  2.93
16  9  2  37.71
17  9  2  35.58
18  9  2  30.41
19  9  2  22.54
20  9  2  14.30
21  9  2  38.32
22  9  2  41.15
23  9  2  5.84
24  9  2  13.67
25  9  2  17.69
26  9  2  12.58
27  9  2  2.53
28  9  2  28.76
29  9  2  51.40
30  9  2  16.37
1  10  2  32.66
2  10  2  8.01
3  10  2  32.83
4  10  2  8.30
5  10  2  47.43
6  10  2  13.28
7  10  2  25.09
8  10  2  42.74
9  10  2  15.76
10  10  2  38.03
11  10  2  17.84
12  10  2  40.27
13  10  2  17.70
14  10  2  7.26
15  10  2  37.88
16  10  2  65.59
17  10  2  29.74
18  10  2  44.72
19  10  2  17.60
20  10  2  22.32
21  10  2  2.40
22  10  2  34.77
23  10  2  40.54
24  10  2  35.62
25  10  2  60.92
26  10  2  46.21
27  10  2  17.71
28  10  2  31.05
29  10  2  20.25
30  10  2  14.11
1  11  2  23.97
2  11  2  25.58
3  11  2  9.92
4  11  2  3.05
5  11  2  5.60
6  11  2  26.98
7  11  2  14.99
8  11  2  13.31
9  11  2  32.26
10  11  2  18.15
11  11  2  61.77
12  11  2  15.76
13  11  2  28.75
14  11  2  49.70
15  11  2  5.61
16  11  2  55.99
17  11  2  65.64
18  11  2  17.89
19  11  2  5.40
20  11  2  23.89
21  11  2  11.65
22  11  2  23.19
23  11  2  46.71
24  11  2  20.38
25  11  2  12.85
26  11  2  13.09
27  11  2  12.83
28  11  2  17.18
29  11  2  19.74
30  11  2  28.39
1  12  2  20.70
2  12  2  36.79
3  12  2  42.92
4  12  2  28.57
5  12  2  35.65
6  12  2  12.50
7  12  2  19.47
8  12  2  33.17
9  12  2  9.64
10  12  2  5.83
11  12  2  12.02
12  12  2  50.32
13  12  2  6.74
14  12  2  15.50
15  12  2  35.77
16  12  2  47.15
17  12  2  53.97
18  12  2  12.80
19  12  2  20.62
20  12  2  43.99
21  12  2  14.68
22  12  2  24.33
23  12  2  14.73
24  12  2  37.33
25  12  2  5.56
26  12  2  2.92
27  12  2  31.91
28  12  2  25.41
29  12  2  17.88
30  12  2  25.86
1  13  2  5.34
2  13  2  16.26
3  13  2  4.64
4  13  2  5.52
5  13  2  7.22
6  13  2  7.36
7  13  2  2.71
8  13  2  56.44
9  13  2  21.89
10  13  2  28.67
11  13  2  6.24
12  13  2  19.29
13  13  2  27.14
14  13  2  48.78
15  13  2  9.97
16  13  2  38.12
17  13  2  14.91
18  13  2  3.03
19  13  2  66.68
20  13  2  15.67
21  13  2  16.19
22  13  2  33.84
23  13  2  25.22
24  13  2  34.89
25  13  2  20.44
26  13  2  19.34
27  13  2  7.00
28  13  2  10.53
29  13  2  12.82
30  13  2  53.53
1  14  2  23.89
2  14  2  5.58
3  14  2  37.73
4  14  2  31.27
5  14  2  10.92
6  14  2  3.67
7  14  2  20.54
8  14  2  54.50
9  14  2  23.82
10  14  2  14.71
11  14  2  20.19
12  14  2  28.10
13  14  2  26.55
14  14  2  12.23
15  14  2  8.89
16  14  2  37.77
17  14  2  36.59
18  14  2  6.67
19  14  2  32.38
20  14  2  37.16
21  14  2  20.69
22  14  2  23.43
23  14  2  13.69
24  14  2  8.30
25  14  2  7.07
26  14  2  14.22
27  14  2  22.44
28  14  2  53.42
29  14  2  15.21
30  14  2  31.05
1  15  2  4.53
2  15  2  13.83
3  15  2  27.66
4  15  2  32.58
5  15  2  14.91
6  15  2  22.11
7  15  2  25.60
8  15  2  19.17
9  15  2  13.80
10  15  2  25.93
11  15  2  26.48
12  15  2  12.05
13  15  2  14.05
14  15  2  22.13
15  15  2  5.91
16  15  2  16.05
17  15  2  30.11
18  15  2  32.95
19  15  2  30.10
20  15  2  32.19
21  15  2  27.65
22  15  2  18.88
23  15  2  21.72
24  15  2  2.53
25  15  2  29.72
26  15  2  3.52
27  15  2  12.35
28  15  2  12.36
29  15  2  12.75
30  15  2  33.76
1  16  2  61.09
2  16  2  28.60
3  16  2  53.81
4  16  2  10.92
5  16  2  14.65
6  16  2  18.18
7  16  2  8.99
8  16  2  39.84
9  16  2  20.19
10  16  2  22.68
11  16  2  26.26
12  16  2  70.81
13  16  2  15.43
14  16  2  14.58
15  16  2  15.23
16  16  2  11.04
17  16  2  9.93
18  16  2  17.07
19  16  2  14.51
20  16  2  14.19
21  16  2  13.11
22  16  2  23.50
23  16  2  22.32
24  16  2  35.13
25  16  2  24.69
26  16  2  24.16
27  16  2  33.74
28  16  2  33.94
29  16  2  29.48
30  16  2  16.96
1  17  2  6.81
2  17  2  24.33
3  17  2  45.72
4  17  2  49.63
5  17  2  21.65
6  17  2  54.62
7  17  2  32.20
8  17  2  52.93
9  17  2  44.27
10  17  2  38.31
11  17  2  47.74
12  17  2  13.29
13  17  2  6.14
14  17  2  6.65
15  17  2  11.62
16  17  2  14.55
17  17  2  46.29
18  17  2  31.22
19  17  2  43.93
20  17  2  29.97
21  17  2  46.01
22  17  2  33.84
23  17  2  13.78
24  17  2  23.95
25  17  2  8.17
26  17  2  21.42
27  17  2  65.01
28  17  2  21.11
29  17  2  14.31
30  17  2  24.94
1  18  2  10.37
2  18  2  7.02
3  18  2  12.02
4  18  2  14.95
5  18  2  60.52
6  18  2  31.39
7  18  2  7.48
8  18  2  11.41
9  18  2  58.51
10  18  2  20.75
11  18  2  27.99
12  18  2  47.85
13  18  2  16.17
14  18  2  49.81
15  18  2  19.09
16  18  2  64.72
17  18  2  45.17
18  18  2  35.63
19  18  2  27.77
20  18  2  7.68
21  18  2  27.38
22  18  2  21.62
23  18  2  54.95
24  18  2  57.28
25  18  2  25.71
26  18  2  19.19
27  18  2  48.76
28  18  2  29.05
29  18  2  54.29
30  18  2  9.18
1  19  2  17.04
2  19  2  25.82
3  19  2  47.32
4  19  2  10.78
5  19  2  6.85
6  19  2  5.66
7  19  2  13.77
8  19  2  17.35
9  19  2  31.01
10  19  2  7.88
11  19  2  32.34
12  19  2  7.72
13  19  2  12.77
14  19  2  16.22
15  19  2  10.40
16  19  2  23.84
17  19  2  6.47
18  19  2  51.87
19  19  2  28.70
20  19  2  5.53
21  19  2  24.71
22  19  2  23.88
23  19  2  8.50
24  19  2  15.11
25  19  2  12.11
26  19  2  13.70
27  19  2  8.66
28  19  2  9.28
29  19  2  15.20
30  19  2  63.16
1  20  2  2.83
2  20  2  7.23
3  20  2  9.19
4  20  2  13.91
5  20  2  23.00
6  20  2  26.83
7  20  2  17.07
8  20  2  31.30
9  20  2  30.68
10  20  2  13.60
11  20  2  23.56
12  20  2  40.18
13  20  2  23.48
14  20  2  62.10
15  20  2  10.86
16  20  2  30.63
17  20  2  34.03
18  20  2  22.69
19  20  2  3.23
20  20  2  4.78
21  20  2  27.51
22  20  2  19.85
23  20  2  13.31
24  20  2  12.27
25  20  2  12.09
26  20  2  29.00
27  20  2  16.30
28  20  2  3.66
29  20  2  11.19
30  20  2  67.30
1  21  2  38.21
2  21  2  26.01
3  21  2  7.53
4  21  2  16.02
5  21  2  5.51
6  21  2  8.74
7  21  2  71.65
8  21  2  10.11
9  21  2  18.75
10  21  2  9.94
11  21  2  25.92
12  21  2  33.04
13  21  2  41.67
14  21  2  34.90
15  21  2  4.62
16  21  2  62.28
17  21  2  20.82
18  21  2  57.09
19  21  2  10.60
20  21  2  30.59
21  21  2  16.91
22  21  2  13.39
23  21  2  11.70
24  21  2  21.15
25  21  2  16.83
26  21  2  35.11
27  21  2  31.87
28  21  2  15.67
29  21  2  14.53
30  21  2  19.82
1  22  2  22.13
2  22  2  36.31
3  22  2  44.23
4  22  2  6.46
5  22  2  26.09
6  22  2  13.40
7  22  2  43.38
8  22  2  44.20
9  22  2  10.20
10  22  2  41.82
11  22  2  31.75
12  22  2  18.48
13  22  2  46.93
14  22  2  24.93
15  22  2  20.05
16  22  2  13.53
17  22  2  28.96
18  22  2  7.20
19  22  2  47.17
20  22  2  20.10
21  22  2  34.12
22  22  2  15.78
23  22  2  68.32
24  22  2  17.50
25  22  2  17.88
26  22  2  11.11
27  22  2  39.43
28  22  2  23.33
29  22  2  3.83
30  22  2  54.06
1  23  2  8.87
2  23  2  52.39
3  23  2  21.70
4  23  2  20.70
5  23  2  22.41
6  23  2  52.80
7  23  2  15.64
8  23  2  5.39
9  23  2  8.88
10  23  2  44.19
11  23  2  11.97
12  23  2  31.69
13  23  2  47.50
14  23  2  8.01
15  23  2  4.33
16  23  2  37.30
17  23  2  64.36
18  23  2  22.60
19  23  2  22.86
20  23  2  20.38
21  23  2  35.11
22  23  2  6.56
23  23  2  7.75
24  23  2  8.63
25  23  2  11.85
26  23  2  33.46
27  23  2  12.19
28  23  2  43.30
29  23  2  36.79
30  23  2  7.73
1  24  2  42.52
2  24  2  18.38
3  24  2  9.02
4  24  2  11.15
5  24  2  38.22
6  24  2  41.39
7  24  2  49.91
8  24  2  42.15
9  24  2  16.43
10  24  2  41.88
11  24  2  45.59
12  24  2  12.45
13  24  2  16.56
14  24  2  30.56
15  24  2  4.03
16  24  2  22.69
17  24  2  38.83
18  24  2  24.49
19  24  2  18.95
20  24  2  11.54
21  24  2  15.64
22  24  2  21.55
23  24  2  24.40
24  24  2  38.51
25  24  2  16.01
26  24  2  47.69
27  24  2  4.04
28  24  2  17.14
29  24  2  10.26
30  24  2  33.75
1  25  2  52.98
2  25  2  3.08
3  25  2  28.58
4  25  2  34.32
5  25  2  16.78
6  25  2  49.03
7  25  2  44.81
8  25  2  24.55
9  25  2  6.88
10  25  2  8.04
11  25  2  6.85
12  25  2  46.71
13  25  2  21.53
14  25  2  27.20
15  25  2  13.44
16  25  2  19.52
17  25  2  29.78
18  25  2  19.44
19  25  2  17.04
20  25  2  4.88
21  25  2  30.45
22  25  2  13.06
23  25  2  6.97
24  25  2  39.83
25  25  2  33.92
26  25  2  11.35
27  25  2  18.02
28  25  2  30.01
29  25  2  44.94
30  25  2  6.86
1  26  2  49.07
2  26  2  49.06
3  26  2  49.56
4  26  2  5.81
5  26  2  37.75
6  26  2  18.82
7  26  2  17.28
8  26  2  29.55
9  26  2  42.20
10  26  2  4.37
11  26  2  34.76
12  26  2  12.73
13  26  2  29.22
14  26  2  14.36
15  26  2  29.26
16  26  2  46.05
17  26  2  25.03
18  26  2  37.78
19  26  2  34.26
20  26  2  7.52
21  26  2  53.01
22  26  2  58.96
23  26  2  7.25
24  26  2  33.81
25  26  2  8.80
26  26  2  11.34
27  26  2  39.13
28  26  2  36.02
29  26  2  36.77
30  26  2  13.55
1  27  2  12.52
2  27  2  27.42
3  27  2  28.56
4  27  2  39.88
5  27  2  18.26
6  27  2  26.86
7  27  2  48.53
8  27  2  20.81
9  27  2  35.48
10  27  2  43.74
11  27  2  2.87
12  27  2  23.47
13  27  2  33.58
14  27  2  52.51
15  27  2  23.53
16  27  2  11.22
17  27  2  44.72
18  27  2  13.01
19  27  2  50.27
20  27  2  17.69
21  27  2  15.96
22  27  2  11.75
23  27  2  16.86
24  27  2  70.39
25  27  2  13.33
26  27  2  9.02
27  27  2  11.13
28  27  2  54.58
29  27  2  12.29
30  27  2  22.45
1  28  2  18.47
2  28  2  11.05
3  28  2  15.37
4  28  2  24.08
5  28  2  40.12
6  28  2  21.31
7  28  2  3.71
8  28  2  44.01
9  28  2  32.09
10  28  2  35.83
11  28  2  23.70
12  28  2  25.01
13  28  2  32.62
14  28  2  48.99
15  28  2  62.43
16  28  2  11.86
17  28  2  5.63
18  28  2  34.61
19  28  2  50.11
20  28  2  7.45
21  28  2  47.11
22  28  2  29.84
23  28  2  6.11
24  28  2  11.04
25  28  2  27.39
26  28  2  8.44
27  28  2  36.75
28  28  2  8.68
29  28  2  19.12
30  28  2  16.16
1  29  2  12.79
2  29  2  21.99
3  29  2  26.04
4  29  2  18.79
5  29  2  17.87
6  29  2  34.62
7  29  2  19.34
8  29  2  13.98
9  29  2  27.70
10  29  2  16.13
11  29  2  49.08
12  29  2  14.76
13  29  2  29.13
14  29  2  20.21
15  29  2  17.93
16  29  2  34.13
17  29  2  64.96
18  29  2  9.88
19  29  2  5.52
20  29  2  38.87
21  29  2  3.99
22  29  2  11.90
23  29  2  7.27
24  29  2  15.91
25  29  2  18.11
26  29  2  15.09
27  29  2  12.25
28  29  2  33.95
29  29  2  4.43
30  29  2  49.98
1  30  2  11.81
2  30  2  18.70
3  30  2  49.96
4  30  2  58.75
5  30  2  26.73
6  30  2  10.53
7  30  2  15.57
8  30  2  17.82
9  30  2  21.87
10  30  2  19.81
11  30  2  9.04
12  30  2  21.47
13  30  2  28.67
14  30  2  47.56
15  30  2  40.81
16  30  2  25.51
17  30  2  32.33
18  30  2  14.14
19  30  2  18.25
20  30  2  4.77
21  30  2  17.93
22  30  2  5.73
23  30  2  25.67
24  30  2  11.60
25  30  2  52.54
26  30  2  48.77
27  30  2  10.81
28  30  2  6.18
29  30  2  27.76
30  30  2  40.27
1  31  2  57.06
2  31  2  18.01
3  31  2  9.23
4  31  2  7.31
5  31  2  31.86
6  31  2  17.17
7  31  2  45.91
8  31  2  42.85
9  31  2  44.26
10  31  2  34.77
11  31  2  5.71
12  31  2  10.32
13  31  2  13.38
14  31  2  15.24
15  31  2  21.02
16  31  2  11.06
17  31  2  8.97
18  31  2  45.73
19  31  2  11.55
20  31  2  15.76
21  31  2  30.19
22  31  2  41.04
23  31  2  35.46
24  31  2  38.14
25  31  2  13.43
26  31  2  20.44
27  31  2  19.83
28  31  2  10.96
29  31  2  18.12
30  31  2  15.54
1  32  2  62.14
2  32  2  22.99
3  32  2  34.76
4  32  2  23.12
5  32  2  14.95
6  32  2  38.51
7  32  2  11.21
8  32  2  22.61
9  32  2  26.96
10  32  2  33.28
11  32  2  35.71
12  32  2  18.05
13  32  2  36.03
14  32  2  19.56
15  32  2  27.59
16  32  2  47.22
17  32  2  63.86
18  32  2  20.32
19  32  2  31.25
20  32  2  21.77
21  32  2  26.51
22  32  2  36.36
23  32  2  46.24
24  32  2  49.22
25  32  2  10.06
26  32  2  52.80
27  32  2  9.78
28  32  2  48.36
29  32  2  18.83
30  32  2  31.56
1  33  2  54.99
2  33  2  42.26
3  33  2  9.54
4  33  2  29.59
5  33  2  12.75
6  33  2  40.11
7  33  2  27.63
8  33  2  42.25
9  33  2  15.73
10  33  2  40.34
11  33  2  35.14
12  33  2  14.02
13  33  2  3.56
14  33  2  12.46
15  33  2  4.36
16  33  2  20.21
17  33  2  15.37
18  33  2  22.05
19  33  2  10.07
20  33  2  19.63
21  33  2  13.19
22  33  2  51.10
23  33  2  45.14
24  33  2  10.87
25  33  2  54.06
26  33  2  20.66
27  33  2  19.77
28  33  2  7.44
29  33  2  15.06
30  33  2  14.23
1  34  2  23.03
2  34  2  12.47
3  34  2  42.59
4  34  2  12.00
5  34  2  13.57
6  34  2  10.77
7  34  2  31.58
8  34  2  28.40
9  34  2  30.07
10  34  2  18.21
11  34  2  6.45
12  34  2  20.63
13  34  2  50.45
14  34  2  16.10
15  34  2  5.44
16  34  2  56.85
17  34  2  54.29
18  34  2  6.88
19  34  2  29.09
20  34  2  9.98
21  34  2  34.58
22  34  2  5.89
23  34  2  4.84
24  34  2  19.97
25  34  2  48.80
26  34  2  34.99
27  34  2  30.22
28  34  2  35.02
29  34  2  45.37
30  34  2  18.14
1  35  2  33.86
2  35  2  13.77
3  35  2  42.52
4  35  2  27.12
5  35  2  29.31
6  35  2  10.64
7  35  2  24.53
8  35  2  14.79
9  35  2  27.57
10  35  2  15.22
11  35  2  38.45
12  35  2  27.26
13  35  2  20.31
14  35  2  11.18
15  35  2  23.14
16  35  2  29.45
17  35  2  20.59
18  35  2  19.12
19  35  2  11.96
20  35  2  20.26
21  35  2  11.60
22  35  2  27.23
23  35  2  39.44
24  35  2  35.41
25  35  2  9.43
26  35  2  18.39
27  35  2  38.49
28  35  2  28.02
29  35  2  16.96
30  35  2  18.07
1  36  2  5.26
2  36  2  8.20
3  36  2  58.37
4  36  2  50.39
5  36  2  10.45
6  36  2  8.22
7  36  2  22.50
8  36  2  13.28
9  36  2  31.32
10  36  2  4.16
11  36  2  14.90
12  36  2  6.75
13  36  2  10.14
14  36  2  8.16
15  36  2  5.82
16  36  2  37.24
17  36  2  68.03
18  36  2  28.03
19  36  2  70.80
20  36  2  7.74
21  36  2  9.64
22  36  2  24.99
23  36  2  7.27
24  36  2  18.69
25  36  2  48.21
26  36  2  30.59
27  36  2  6.82
28  36  2  65.99
29  36  2  16.14
30  36  2  26.86
1  37  2  20.00
2  37  2  8.89
3  37  2  20.55
4  37  2  45.11
5  37  2  9.10
6  37  2  7.87
7  37  2  5.01
8  37  2  5.97
9  37  2  13.61
10  37  2  26.96
11  37  2  3.53
12  37  2  19.03
13  37  2  31.74
14  37  2  35.39
15  37  2  12.13
16  37  2  50.91
17  37  2  7.24
18  37  2  42.22
19  37  2  49.05
20  37  2  42.50
21  37  2  22.68
22  37  2  6.00
23  37  2  28.16
24  37  2  10.89
25  37  2  9.00
26  37  2  21.97
27  37  2  40.65
28  37  2  18.76
29  37  2  15.43
30  37  2  19.88
1  38  2  18.77
2  38  2  23.72
3  38  2  20.94
4  38  2  9.36
5  38  2  15.20
6  38  2  46.46
7  38  2  23.85
8  38  2  32.66
9  38  2  22.74
10  38  2  28.04
11  38  2  3.64
12  38  2  14.22
13  38  2  36.75
14  38  2  45.43
15  38  2  23.94
16  38  2  8.68
17  38  2  39.64
18  38  2  4.08
19  38  2  3.48
20  38  2  35.17
21  38  2  3.41
22  38  2  31.41
23  38  2  47.67
24  38  2  35.97
25  38  2  12.34
26  38  2  29.16
27  38  2  26.53
28  38  2  12.39
29  38  2  25.62
30  38  2  46.80
1  39  2  10.48
2  39  2  21.69
3  39  2  20.70
4  39  2  29.21
5  39  2  9.71
6  39  2  25.26
7  39  2  39.88
8  39  2  5.84
9  39  2  22.73
10  39  2  6.92
11  39  2  7.16
12  39  2  10.45
13  39  2  15.77
14  39  2  19.46
15  39  2  15.60
16  39  2  9.84
17  39  2  29.25
18  39  2  14.16
19  39  2  39.55
20  39  2  13.37
21  39  2  25.38
22  39  2  10.80
23  39  2  29.29
24  39  2  29.97
25  39  2  27.16
26  39  2  5.79
27  39  2  5.03
28  39  2  27.48
29  39  2  18.43
30  39  2  11.21
1  40  2  31.84
2  40  2  40.70
3  40  2  10.96
4  40  2  7.61
5  40  2  10.61
6  40  2  14.92
7  40  2  8.20
8  40  2  49.42
9  40  2  5.94
10  40  2  32.04
11  40  2  28.29
12  40  2  54.30
13  40  2  13.85
14  40  2  10.75
15  40  2  13.21
16  40  2  20.18
17  40  2  13.32
18  40  2  26.64
19  40  2  53.87
20  40  2  34.24
21  40  2  33.75
22  40  2  55.88
23  40  2  6.85
24  40  2  31.41
25  40  2  33.93
26  40  2  14.86
27  40  2  30.41
28  40  2  10.57
29  40  2  17.64
30  40  2  28.03
1  41  2  44.54
2  41  2  58.52
3  41  2  11.25
4  41  2  22.68
5  41  2  17.32
6  41  2  18.35
7  41  2  21.05
8  41  2  15.42
9  41  2  16.55
10  41  2  37.49
11  41  2  6.02
12  41  2  44.48
13  41  2  22.47
14  41  2  34.65
15  41  2  24.10
16  41  2  2.55
17  41  2  27.20
18  41  2  28.22
19  41  2  51.79
20  41  2  14.83
21  41  2  29.34
22  41  2  57.28
23  41  2  46.18
24  41  2  14.14
25  41  2  20.68
26  41  2  13.27
27  41  2  31.60
28  41  2  31.89
29  41  2  20.08
30  41  2  38.55
1  42  2  10.18
2  42  2  9.44
3  42  2  26.12
4  42  2  18.73
5  42  2  10.01
6  42  2  14.33
7  42  2  23.92
8  42  2  25.30
9  42  2  8.86
10  42  2  10.43
11  42  2  51.05
12  42  2  33.65
13  42  2  8.88
14  42  2  8.54
15  42  2  27.70
16  42  2  21.82
17  42  2  15.72
18  42  2  37.38
19  42  2  15.42
20  42  2  36.17
21  42  2  21.03
22  42  2  8.91
23  42  2  19.57
24  42  2  34.48
25  42  2  34.99
26  42  2  4.86
27  42  2  14.75
28  42  2  18.59
29  42  2  48.09
30  42  2  6.10
1  43  2  10.78
2  43  2  46.84
3  43  2  4.48
4  43  2  22.12
5  43  2  13.49
6  43  2  6.87
7  43  2  50.86
8  43  2  14.42
9  43  2  31.70
10  43  2  21.69
11  43  2  10.22
12  43  2  6.88
13  43  2  12.49
14  43  2  55.23
15  43  2  29.58
16  43  2  35.29
17  43  2  58.34
18  43  2  10.31
19  43  2  23.32
20  43  2  61.18
21  43  2  28.26
22  43  2  36.78
23  43  2  20.64
24  43  2  32.45
25  43  2  30.94
26  43  2  16.02
27  43  2  8.94
28  43  2  21.37
29  43  2  60.42
30  43  2  9.56
1  44  2  26.51
2  44  2  18.83
3  44  2  16.75
4  44  2  8.57
5  44  2  5.64
6  44  2  38.11
7  44  2  28.06
8  44  2  24.39
9  44  2  8.07
10  44  2  6.39
11  44  2  43.52
12  44  2  21.07
13  44  2  38.95
14  44  2  18.55
15  44  2  4.20
16  44  2  24.75
17  44  2  42.17
18  44  2  16.21
19  44  2  46.69
20  44  2  33.38
21  44  2  12.74
22  44  2  6.23
23  44  2  39.21
24  44  2  27.86
25  44  2  7.72
26  44  2  30.45
27  44  2  14.19
28  44  2  21.58
29  44  2  41.55
30  44  2  8.75
1  45  2  7.80
2  45  2  27.62
3  45  2  12.33
4  45  2  16.84
5  45  2  23.01
6  45  2  19.94
7  45  2  4.65
8  45  2  21.89
9  45  2  12.70
10  45  2  29.85
11  45  2  7.88
12  45  2  34.24
13  45  2  8.98
14  45  2  38.62
15  45  2  30.00
16  45  2  9.83
17  45  2  12.12
18  45  2  46.40
19  45  2  27.77
20  45  2  25.58
21  45  2  37.33
22  45  2  32.52
23  45  2  58.09
24  45  2  6.75
25  45  2  18.93
26  45  2  38.86
27  45  2  45.69
28  45  2  21.20
29  45  2  7.24
30  45  2  22.42
1  46  2  29.41
2  46  2  27.19
3  46  2  16.24
4  46  2  63.67
5  46  2  9.06
6  46  2  49.19
7  46  2  6.29
8  46  2  9.79
9  46  2  6.00
10  46  2  9.53
11  46  2  8.85
12  46  2  8.52
13  46  2  9.35
14  46  2  9.35
15  46  2  22.21
16  46  2  23.46
17  46  2  14.51
18  46  2  13.19
19  46  2  46.05
20  46  2  24.38
21  46  2  20.12
22  46  2  16.89
23  46  2  28.24
24  46  2  9.15
25  46  2  25.72
26  46  2  10.12
27  46  2  26.41
28  46  2  6.02
29  46  2  20.99
30  46  2  6.75
1  47  2  18.90
2  47  2  18.92
3  47  2  18.64
4  47  2  42.12
5  47  2  30.99
6  47  2  59.34
7  47  2  51.63
8  47  2  28.85
9  47  2  29.16
10  47  2  22.68
11  47  2  42.26
12  47  2  34.67
13  47  2  58.75
14  47  2  19.12
15  47  2  55.40
16  47  2  19.14
17  47  2  7.15
18  47  2  29.23
19  47  2  24.06
20  47  2  13.52
21  47  2  13.08
22  47  2  25.24
23  47  2  29.66
24  47  2  24.60
25  47  2  6.87
26  47  2  44.20
27  47  2  65.38
28  47  2  29.25
29  47  2  59.30
30  47  2  36.80
1  48  2  8.99
2  48  2  26.53
3  48  2  7.57
4  48  2  54.18
5  48  2  4.96
6  48  2  10.30
7  48  2  26.21
8  48  2  32.36
9  48  2  11.40
10  48  2  44.09
11  48  2  57.53
12  48  2  42.47
13  48  2  8.53
14  48  2  35.28
15  48  2  27.41
16  48  2  25.48
17  48  2  18.69
18  48  2  18.00
19  48  2  5.68
20  48  2  19.81
21  48  2  10.16
22  48  2  27.07
23  48  2  20.11
24  48  2  9.08
25  48  2  49.72
26  48  2  24.36
27  48  2  47.67
28  48  2  13.37
29  48  2  28.73
30  48  2  40.85
1  49  2  20.21
2  49  2  28.77
3  49  2  38.46
4  49  2  13.96
5  49  2  2.96
6  49  2  71.04
7  49  2  43.03
8  49  2  18.85
9  49  2  44.21
10  49  2  27.20
11  49  2  54.00
12  49  2  13.00
13  49  2  55.52
14  49  2  37.11
15  49  2  25.99
16  49  2  66.26
17  49  2  27.37
18  49  2  14.77
19  49  2  37.62
20  49  2  26.02
21  49  2  9.30
22  49  2  25.47
23  49  2  9.34
24  49  2  27.73
25  49  2  34.23
26  49  2  36.53
27  49  2  10.58
28  49  2  27.77
29  49  2  26.84
30  49  2  45.04
1  50  2  49.12
2  50  2  3.31
3  50  2  20.02
4  50  2  4.30
5  50  2  46.66
6  50  2  27.01
7  50  2  10.46
8  50  2  21.20
9  50  2  29.49
10  50  2  11.71
11  50  2  10.66
12  50  2  64.68
13  50  2  15.85
14  50  2  23.38
15  50  2  25.46
16  50  2  52.31
17  50  2  44.17
18  50  2  20.48
19  50  2  12.49
20  50  2  12.32
21  50  2  13.43
22  50  2  52.42
23  50  2  20.98
24  50  2  24.38
25  50  2  9.20
26  50  2  41.32
27  50  2  9.53
28  50  2  27.77
29  50  2  45.21
30  50  2  20.51
1  51  2  45.11
2  51  2  51.07
3  51  2  37.32
4  51  2  8.19
5  51  2  15.85
6  51  2  51.42
7  51  2  34.76
8  51  2  34.66
9  51  2  52.48
10  51  2  5.55
11  51  2  24.36
12  51  2  35.37
13  51  2  34.39
14  51  2  48.42
15  51  2  48.78
16  51  2  38.02
17  51  2  27.41
18  51  2  13.29
19  51  2  6.45
20  51  2  32.50
21  51  2  13.31
22  51  2  36.98
23  51  2  20.27
24  51  2  41.63
25  51  2  25.04
26  51  2  3.71
27  51  2  20.14
28  51  2  15.85
29  51  2  19.98
30  51  2  33.17
1  52  2  28.22
2  52  2  10.83
3  52  2  13.43
4  52  2  12.20
5  52  2  25.71
6  52  2  7.58
7  52  2  25.69
8  52  2  6.58
9  52  2  10.18
10  52  2  62.28
11  52  2  14.71
12  52  2  19.12
13  52  2  21.47
14  52  2  32.54
15  52  2  7.52
16  52  2  11.91
17  52  2  45.58
18  52  2  11.39
19  52  2  29.11
20  52  2  7.99
21  52  2  27.97
22  52  2  33.74
23  52  2  20.50
24  52  2  8.62
25  52  2  25.89
26  52  2  45.91
27  52  2  41.07
28  52  2  17.82
29  52  2  37.70
30  52  2  8.15
1  53  2  8.96
2  53  2  43.57
3  53  2  31.13
4  53  2  25.01
5  53  2  20.14
6  53  2  56.62
7  53  2  35.09
8  53  2  41.99
9  53  2  27.65
10  53  2  23.60
11  53  2  16.32
12  53  2  36.58
13  53  2  55.59
14  53  2  15.72
15  53  2  14.81
16  53  2  25.00
17  53  2  22.81
18  53  2  15.56
19  53  2  16.03
20  53  2  12.79
21  53  2  51.92
22  53  2  18.71
23  53  2  3.52
24  53  2  44.87
25  53  2  22.19
26  53  2  33.88
27  53  2  15.65
28  53  2  19.11
29  53  2  13.92
30  53  2  65.25
1  54  2  18.08
2  54  2  20.87
3  54  2  41.79
4  54  2  7.36
5  54  2  17.56
6  54  2  6.06
7  54  2  71.02
8  54  2  4.59
9  54  2  5.48
10  54  2  13.00
11  54  2  46.35
12  54  2  5.74
13  54  2  29.20
14  54  2  36.43
15  54  2  38.76
16  54  2  20.85
17  54  2  28.48
18  54  2  28.96
19  54  2  16.26
20  54  2  40.09
21  54  2  13.71
22  54  2  7.87
23  54  2  25.27
24  54  2  40.81
25  54  2  34.63
26  54  2  33.37
27  54  2  2.39
28  54  2  6.65
29  54  2  38.05
30  54  2  13.06
1  55  2  13.69
2  55  2  20.16
3  55  2  20.07
4  55  2  6.45
5  55  2  20.78
6  55  2  17.52
7  55  2  32.66
8  55  2  39.71
9  55  2  21.66
10  55  2  58.01
11  55  2  32.14
12  55  2  3.29
13  55  2  49.82
14  55  2  6.37
15  55  2  40.25
16  55  2  10.40
17  55  2  10.96
18  55  2  31.19
19  55  2  28.09
20  55  2  29.99
21  55  2  40.09
22  55  2  11.98
23  55  2  56.95
24  55  2  18.98
25  55  2  20.11
26  55  2  28.38
27  55  2  10.15
28  55  2  9.84
29  55  2  18.99
30  55  2  15.93
1  56  2  8.84
2  56  2  9.78
3  56  2  33.00
4  56  2  24.32
5  56  2  31.62
6  56  2  61.31
7  56  2  25.43
8  56  2  10.47
9  56  2  10.25
10  56  2  3.20
11  56  2  19.59
12  56  2  23.18
13  56  2  24.78
14  56  2  37.99
15  56  2  28.64
16  56  2  63.38
17  56  2  19.91
18  56  2  28.56
19  56  2  15.32
20  56  2  23.23
21  56  2  10.43
22  56  2  45.83
23  56  2  45.85
24  56  2  36.37
25  56  2  51.42
26  56  2  9.16
27  56  2  11.10
28  56  2  13.85
29  56  2  33.86
30  56  2  9.19
1  57  2  62.98
2  57  2  3.47
3  57  2  5.10
4  57  2  7.76
5  57  2  11.73
6  57  2  8.61
7  57  2  28.22
8  57  2  9.63
9  57  2  38.91
10  57  2  37.83
11  57  2  23.73
12  57  2  12.48
13  57  2  51.65
14  57  2  28.16
15  57  2  8.57
16  57  2  17.65
17  57  2  4.90
18  57  2  16.08
19  57  2  34.09
20  57  2  9.55
21  57  2  26.68
22  57  2  19.84
23  57  2  18.07
24  57  2  35.92
25  57  2  13.06
26  57  2  11.05
27  57  2  8.49
28  57  2  17.12
29  57  2  4.94
30  57  2  9.00
1  58  2  9.37
2  58  2  12.21
3  58  2  24.58
4  58  2  45.37
5  58  2  14.00
6  58  2  6.25
7  58  2  8.54
8  58  2  13.18
9  58  2  36.22
10  58  2  6.09
11  58  2  15.50
12  58  2  54.82
13  58  2  21.12
14  58  2  19.38
15  58  2  60.27
16  58  2  22.03
17  58  2  11.10
18  58  2  57.70
19  58  2  14.79
20  58  2  45.66
21  58  2  38.47
22  58  2  14.44
23  58  2  11.12
24  58  2  26.83
25  58  2  20.02
26  58  2  28.88
27  58  2  27.17
28  58  2  52.73
29  58  2  13.56
30  58  2  21.53
1  59  2  45.95
2  59  2  33.84
3  59  2  12.55
4  59  2  16.06
5  59  2  25.97
6  59  2  55.24
7  59  2  3.59
8  59  2  11.78
9  59  2  22.49
10  59  2  12.67
11  59  2  27.94
12  59  2  15.77
13  59  2  35.80
14  59  2  49.62
15  59  2  21.31
16  59  2  17.17
17  59  2  15.45
18  59  2  9.35
19  59  2  17.96
20  59  2  40.16
21  59  2  17.32
22  59  2  6.39
23  59  2  12.53
24  59  2  18.19
25  59  2  36.44
26  59  2  34.99
27  59  2  14.84
28  59  2  35.06
29  59  2  21.68
30  59  2  12.96
1  60  2  27.00
2  60  2  14.81
3  60  2  28.68
4  60  2  19.72
5  60  2  14.53
6  60  2  37.04
7  60  2  35.28
8  60  2  46.91
9  60  2  48.07
10  60  2  4.03
11  60  2  34.18
12  60  2  11.43
13  60  2  61.04
14  60  2  31.50
15  60  2  16.71
16  60  2  4.49
17  60  2  9.50
18  60  2  16.80
19  60  2  13.79
20  60  2  43.19
21  60  2  33.98
22  60  2  7.11
23  60  2  25.13
24  60  2  6.40
25  60  2  40.91
26  60  2  33.63
27  60  2  3.99
28  60  2  58.56
29  60  2  16.00
30  60  2  30.87
1  61  2  8.24
2  61  2  43.55
3  61  2  40.25
4  61  2  18.07
5  61  2  20.37
6  61  2  39.14
7  61  2  42.99
8  61  2  34.01
9  61  2  27.75
10  61  2  14.11
11  61  2  10.67
12  61  2  7.12
13  61  2  8.11
14  61  2  43.74
15  61  2  32.01
16  61  2  58.11
17  61  2  29.71
18  61  2  67.96
19  61  2  13.19
20  61  2  38.75
21  61  2  49.26
22  61  2  7.82
23  61  2  59.03
24  61  2  38.15
25  61  2  36.98
26  61  2  60.97
27  61  2  29.03
28  61  2  24.55
29  61  2  5.75
30  61  2  55.06
1  62  2  13.66
2  62  2  31.23
3  62  2  12.43
4  62  2  5.04
5  62  2  34.28
6  62  2  18.72
7  62  2  21.68
8  62  2  64.63
9  62  2  4.83
10  62  2  9.22
11  62  2  14.76
12  62  2  32.14
13  62  2  16.28
14  62  2  20.44
15  62  2  9.59
16  62  2  48.60
17  62  2  35.44
18  62  2  7.99
19  62  2  8.26
20  62  2  7.07
21  62  2  31.60
22  62  2  34.93
23  62  2  3.07
24  62  2  26.33
25  62  2  3.18
26  62  2  15.33
27  62  2  10.98
28  62  2  36.73
29  62  2  33.46
30  62  2  19.91
1  63  2  10.16
2  63  2  6.45
3  63  2  9.94
4  63  2  25.15
5  63  2  38.85
6  63  2  21.26
7  63  2  15.57
8  63  2  25.82
9  63  2  26.05
10  63  2  20.36
11  63  2  28.68
12  63  2  14.02
13  63  2  10.55
14  63  2  43.68
15  63  2  10.08
16  63  2  16.23
17  63  2  13.90
18  63  2  18.93
19  63  2  40.85
20  63  2  41.44
21  63  2  24.27
22  63  2  49.19
23  63  2  18.63
24  63  2  23.52
25  63  2  25.93
26  63  2  24.56
27  63  2  40.41
28  63  2  25.74
29  63  2  29.53
30  63  2  44.40
1  64  2  17.80
2  64  2  4.66
3  64  2  29.22
4  64  2  22.30
5  64  2  21.05
6  64  2  21.77
7  64  2  4.56
8  64  2  28.21
9  64  2  58.16
10  64  2  13.96
11  64  2  4.65
12  64  2  18.81
13  64  2  51.24
14  64  2  19.62
15  64  2  66.69
16  64  2  32.42
17  64  2  28.00
18  64  2  31.36
19  64  2  7.16
20  64  2  11.16
21  64  2  29.87
22  64  2  12.66
23  64  2  17.11
24  64  2  9.24
25  64  2  29.45
26  64  2  52.85
27  64  2  9.78
28  64  2  6.77
29  64  2  17.34
30  64  2  14.23
1  65  2  16.81
2  65  2  10.62
3  65  2  12.22
4  65  2  13.44
5  65  2  12.98
6  65  2  67.39
7  65  2  47.87
8  65  2  10.60
9  65  2  30.58
10  65  2  16.33
11  65  2  20.12
12  65  2  25.86
13  65  2  44.97
14  65  2  27.96
15  65  2  7.34
16  65  2  39.42
17  65  2  15.92
18  65  2  40.40
19  65  2  2.29
20  65  2  12.74
21  65  2  10.82
22  65  2  43.65
23  65  2  10.99
24  65  2  26.87
25  65  2  16.08
26  65  2  20.99
27  65  2  33.76
28  65  2  43.65
29  65  2  10.44
30  65  2  39.15
1  66  2  41.07
2  66  2  13.58
3  66  2  11.96
4  66  2  44.24
5  66  2  10.34
6  66  2  45.31
7  66  2  11.62
8  66  2  49.89
9  66  2  20.39
10  66  2  41.33
11  66  2  10.30
12  66  2  42.22
13  66  2  10.02
14  66  2  27.68
15  66  2  42.81
16  66  2  8.10
17  66  2  15.53
18  66  2  14.01
19  66  2  31.54
20  66  2  25.39
21  66  2  5.24
22  66  2  40.05
23  66  2  21.50
24  66  2  10.30
25  66  2  35.81
26  66  2  31.29
27  66  2  46.60
28  66  2  23.61
29  66  2  11.45
30  66  2  57.32
1  67  2  17.91
2  67  2  37.61
3  67  2  28.30
4  67  2  33.69
5  67  2  32.29
6  67  2  9.39
7  67  2  38.55
8  67  2  43.16
9  67  2  37.20
10  67  2  6.74
11  67  2  6.36
12  67  2  32.33
13  67  2  32.16
14  67  2  21.55
15  67  2  22.03
16  67  2  31.64
17  67  2  52.90
18  67  2  21.93
19  67  2  61.70
20  67  2  28.06
21  67  2  36.37
22  67  2  15.28
23  67  2  18.04
24  67  2  30.76
25  67  2  6.97
26  67  2  37.01
27  67  2  37.23
28  67  2  14.09
29  67  2  19.75
30  67  2  43.75
1  68  2  23.38
2  68  2  7.20
3  68  2  5.07
4  68  2  3.96
5  68  2  5.52
6  68  2  53.52
7  68  2  16.78
8  68  2  6.97
9  68  2  29.55
10  68  2  17.28
11  68  2  48.64
12  68  2  19.79
13  68  2  3.41
14  68  2  10.70
15  68  2  47.91
16  68  2  18.13
17  68  2  2.84
18  68  2  23.16
19  68  2  8.82
20  68  2  31.38
21  68  2  29.74
22  68  2  17.79
23  68  2  36.42
24  68  2  42.43
25  68  2  31.03
26  68  2  19.58
27  68  2  22.80
28  68  2  30.63
29  68  2  18.16
30  68  2  7.05
1  69  2  32.08
2  69  2  26.37
3  69  2  41.79
4  69  2  20.68
5  69  2  63.36
6  69  2  35.81
7  69  2  32.08
8  69  2  20.78
9  69  2  46.36
10  69  2  59.69
11  69  2  39.04
12  69  2  7.33
13  69  2  27.83
14  69  2  19.23
15  69  2  9.35
16  69  2  5.09
17  69  2  17.89
18  69  2  26.33
19  69  2  7.59
20  69  2  7.69
21  69  2  19.63
22  69  2  16.69
23  69  2  34.18
24  69  2  3.97
25  69  2  26.16
26  69  2  7.96
27  69  2  19.38
28  69  2  27.09
29  69  2  15.03
30  69  2  7.25
1  70  2  14.70
2  70  2  47.17
3  70  2  52.50
4  70  2  9.99
5  70  2  58.42
6  70  2  5.96
7  70  2  34.06
8  70  2  45.74
9  70  2  11.42
10  70  2  14.47
11  70  2  9.03
12  70  2  7.63
13  70  2  35.58
14  70  2  14.31
15  70  2  12.20
16  70  2  61.80
17  70  2  28.05
18  70  2  48.23
19  70  2  59.34
20  70  2  13.66
21  70  2  40.93
22  70  2  20.88
23  70  2  15.23
24  70  2  14.45
25  70  2  32.56
26  70  2  11.26
27  70  2  3.71
28  70  2  16.53
29  70  2  33.44
30  70  2  23.66
1  71  2  54.12
2  71  2  13.61
3  71  2  40.05
4  71  2  22.87
5  71  2  13.56
6  71  2  47.26
7  71  2  17.53
8  71  2  17.45
9  71  2  24.98
10  71  2  52.65
11  71  2  22.34
12  71  2  4.73
13  71  2  13.45
14  71  2  37.82
15  71  2  11.58
16  71  2  23.31
17  71  2  18.34
18  71  2  19.72
19  71  2  36.98
20  71  2  28.90
21  71  2  20.46
22  71  2  10.51
23  71  2  32.15
24  71  2  38.26
25  71  2  48.55
26  71  2  17.83
27  71  2  44.40
28  71  2  40.23
29  71  2  14.83
30  71  2  20.91
1  72  2  42.74
2  72  2  51.34
3  72  2  12.17
4  72  2  21.07
5  72  2  12.23
6  72  2  32.90
7  72  2  43.55
8  72  2  14.13
9  72  2  15.44
10  72  2  34.18
11  72  2  7.50
12  72  2  5.37
13  72  2  29.68
14  72  2  49.23
15  72  2  21.33
16  72  2  47.42
17  72  2  16.49
18  72  2  4.19
19  72  2  10.28
20  72  2  49.40
21  72  2  36.95
22  72  2  33.17
23  72  2  41.01
24  72  2  17.01
25  72  2  14.71
26  72  2  32.53
27  72  2  41.32
28  72  2  41.56
29  72  2  15.63
30  72  2  46.52
1  73  2  32.03
2  73  2  4.77
3  73  2  20.95
4  73  2  52.12
5  73  2  26.97
6  73  2  4.79
7  73  2  9.23
8  73  2  30.64
9  73  2  52.13
10  73  2  23.86
11  73  2  10.09
12  73  2  49.37
13  73  2  58.55
14  73  2  43.66
15  73  2  20.54
16  73  2  32.34
17  73  2  12.59
18  73  2  49.52
19  73  2  14.35
20  73  2  13.96
21  73  2  16.83
22  73  2  7.24
23  73  2  14.61
24  73  2  41.83
25  73  2  15.04
26  73  2  34.95
27  73  2  52.30
28  73  2  21.72
29  73  2  9.92
30  73  2  18.84
1  74  2  27.72
2  74  2  8.04
3  74  2  10.79
4  74  2  7.89
5  74  2  23.61
6  74  2  47.98
7  74  2  39.55
8  74  2  32.25
9  74  2  16.28
10  74  2  17.60
11  74  2  16.52
12  74  2  7.27
13  74  2  20.40
14  74  2  52.79
15  74  2  54.34
16  74  2  24.17
17  74  2  38.24
18  74  2  10.61
19  74  2  3.75
20  74  2  56.11
21  74  2  43.45
22  74  2  30.36
23  74  2  59.43
24  74  2  22.77
25  74  2  13.51
26  74  2  11.71
27  74  2  21.34
28  74  2  36.80
29  74  2  28.86
30  74  2  60.39
1  75  2  26.73
2  75  2  21.15
3  75  2  33.66
4  75  2  6.10
5  75  2  23.98
6  75  2  43.56
7  75  2  9.53
8  75  2  26.66
9  75  2  9.34
10  75  2  11.70
11  75  2  44.06
12  75  2  34.34
13  75  2  39.88
14  75  2  9.11
15  75  2  9.13
16  75  2  49.37
17  75  2  36.44
18  75  2  24.02
19  75  2  56.29
20  75  2  12.17
21  75  2  49.43
22  75  2  15.37
23  75  2  34.88
24  75  2  21.38
25  75  2  33.11
26  75  2  24.15
27  75  2  53.37
28  75  2  18.68
29  75  2  18.32
30  75  2  48.19
1  76  2  17.65
2  76  2  16.33
3  76  2  37.16
4  76  2  41.00
5  76  2  40.23
6  76  2  33.80
7  76  2  27.57
8  76  2  10.12
9  76  2  61.45
10  76  2  30.69
11  76  2  7.57
12  76  2  21.80
13  76  2  27.24
14  76  2  40.92
15  76  2  29.62
16  76  2  13.38
17  76  2  27.30
18  76  2  46.44
19  76  2  8.82
20  76  2  28.95
21  76  2  23.55
22  76  2  19.63
23  76  2  28.41
24  76  2  38.32
25  76  2  27.54
26  76  2  26.24
27  76  2  13.41
28  76  2  10.47
29  76  2  17.90
30  76  2  18.18
1  77  2  23.44
2  77  2  6.68
3  77  2  26.18
4  77  2  20.16
5  77  2  62.49
6  77  2  22.03
7  77  2  38.53
8  77  2  50.29
9  77  2  16.82
10  77  2  17.25
11  77  2  30.77
12  77  2  50.80
13  77  2  11.43
14  77  2  16.64
15  77  2  8.00
16  77  2  9.05
17  77  2  46.27
18  77  2  41.39
19  77  2  8.36
20  77  2  23.01
21  77  2  50.86
22  77  2  36.15
23  77  2  26.39
24  77  2  7.32
25  77  2  47.52
26  77  2  24.74
27  77  2  29.39
28  77  2  24.35
29  77  2  28.03
30  77  2  30.73
1  78  2  14.63
2  78  2  27.84
3  78  2  49.79
4  78  2  38.32
5  78  2  54.77
6  78  2  8.12
7  78  2  20.57
8  78  2  9.29
9  78  2  19.42
10  78  2  20.67
11  78  2  34.53
12  78  2  26.90
13  78  2  33.49
14  78  2  12.72
15  78  2  10.00
16  78  2  21.39
17  78  2  30.04
18  78  2  16.01
19  78  2  23.16
20  78  2  21.54
21  78  2  30.22
22  78  2  70.75
23  78  2  3.67
24  78  2  7.57
25  78  2  36.19
26  78  2  39.00
27  78  2  68.68
28  78  2  18.85
29  78  2  15.17
30  78  2  19.23
1  79  2  6.59
2  79  2  7.70
3  79  2  21.23
4  79  2  20.97
5  79  2  31.97
6  79  2  23.21
7  79  2  38.42
8  79  2  37.93
9  79  2  43.91
10  79  2  13.17
11  79  2  19.30
12  79  2  39.88
13  79  2  21.87
14  79  2  42.91
15  79  2  50.10
16  79  2  10.66
17  79  2  15.47
18  79  2  6.30
19  79  2  9.43
20  79  2  32.29
21  79  2  43.03
22  79  2  22.26
23  79  2  10.62
24  79  2  21.23
25  79  2  7.99
26  79  2  31.34
27  79  2  24.66
28  79  2  17.76
29  79  2  48.92
30  79  2  37.52
1  80  2  8.15
2  80  2  8.76
3  80  2  21.03
4  80  2  29.78
5  80  2  19.11
6  80  2  40.32
7  80  2  49.92
8  80  2  19.10
9  80  2  12.34
10  80  2  20.04
11  80  2  7.54
12  80  2  38.19
13  80  2  13.67
14  80  2  20.84
15  80  2  46.21
16  80  2  18.35
17  80  2  16.34
18  80  2  39.96
19  80  2  5.13
20  80  2  21.55
21  80  2  63.02
22  80  2  32.84
23  80  2  53.75
24  80  2  55.17
25  80  2  30.92
26  80  2  27.95
27  80  2  27.22
28  80  2  31.10
29  80  2  16.15
30  80  2  21.04
1  81  2  18.94
2  81  2  10.36
3  81  2  15.81
4  81  2  20.86
5  81  2  12.36
6  81  2  16.94
7  81  2  17.11
8  81  2  26.03
9  81  2  28.68
10  81  2  18.90
11  81  2  25.60
12  81  2  5.98
13  81  2  5.61
14  81  2  41.78
15  81  2  26.71
16  81  2  21.87
17  81  2  7.77
18  81  2  13.62
19  81  2  48.85
20  81  2  19.53
21  81  2  22.70
22  81  2  35.81
23  81  2  25.50
24  81  2  6.04
25  81  2  29.44
26  81  2  10.82
27  81  2  19.19
28  81  2  8.41
29  81  2  28.05
30  81  2  35.94
1  82  2  10.40
2  82  2  15.45
3  82  2  47.21
4  82  2  18.47
5  82  2  14.67
6  82  2  36.14
7  82  2  20.61
8  82  2  40.13
9  82  2  31.95
10  82  2  51.21
11  82  2  39.29
12  82  2  23.30
13  82  2  23.92
14  82  2  31.74
15  82  2  32.45
16  82  2  13.26
17  82  2  51.71
18  82  2  23.71
19  82  2  10.97
20  82  2  16.35
21  82  2  29.93
22  82  2  29.99
23  82  2  11.41
24  82  2  59.45
25  82  2  11.50
26  82  2  30.54
27  82  2  8.34
28  82  2  44.80
29  82  2  27.11
30  82  2  20.41
1  83  2  30.99
2  83  2  39.05
3  83  2  7.16
4  83  2  14.49
5  83  2  3.07
6  83  2  9.09
7  83  2  15.75
8  83  2  29.66
9  83  2  35.21
10  83  2  10.42
11  83  2  3.53
12  83  2  28.79
13  83  2  17.97
14  83  2  13.81
15  83  2  21.90
16  83  2  60.50
17  83  2  39.37
18  83  2  8.94
19  83  2  16.98
20  83  2  15.54
21  83  2  22.91
22  83  2  25.17
23  83  2  32.57
24  83  2  15.41
25  83  2  23.04
26  83  2  39.36
27  83  2  13.01
28  83  2  28.07
29  83  2  9.69
30  83  2  15.43
1  84  2  15.52
2  84  2  25.61
3  84  2  14.04
4  84  2  47.18
5  84  2  59.35
6  84  2  61.15
7  84  2  6.36
8  84  2  6.98
9  84  2  15.22
10  84  2  38.43
11  84  2  38.94
12  84  2  33.31
13  84  2  9.90
14  84  2  37.36
15  84  2  59.26
16  84  2  41.00
17  84  2  39.67
18  84  2  62.24
19  84  2  31.85
20  84  2  20.39
21  84  2  16.97
22  84  2  34.97
23  84  2  44.37
24  84  2  29.67
25  84  2  6.79
26  84  2  23.28
27  84  2  62.56
28  84  2  60.72
29  84  2  6.38
30  84  2  17.58
1  85  2  26.34
2  85  2  13.57
3  85  2  12.01
4  85  2  59.14
5  85  2  5.33
6  85  2  11.10
7  85  2  46.62
8  85  2  37.44
9  85  2  32.01
10  85  2  21.43
11  85  2  14.84
12  85  2  40.30
13  85  2  15.15
14  85  2  43.55
15  85  2  10.08
16  85  2  16.35
17  85  2  14.84
18  85  2  5.54
19  85  2  13.50
20  85  2  43.20
21  85  2  6.78
22  85  2  22.38
23  85  2  46.00
24  85  2  8.26
25  85  2  35.32
26  85  2  18.22
27  85  2  29.77
28  85  2  25.13
29  85  2  10.09
30  85  2  21.91
1  86  2  23.79
2  86  2  16.31
3  86  2  67.07
4  86  2  38.03
5  86  2  7.84
6  86  2  13.54
7  86  2  40.44
8  86  2  13.01
9  86  2  63.32
10  86  2  57.78
11  86  2  46.47
12  86  2  59.73
13  86  2  8.77
14  86  2  16.82
15  86  2  40.69
16  86  2  16.90
17  86  2  17.07
18  86  2  20.42
19  86  2  46.69
20  86  2  59.11
21  86  2  37.79
22  86  2  21.92
23  86  2  30.23
24  86  2  22.71
25  86  2  33.39
26  86  2  40.11
27  86  2  14.10
28  86  2  5.81
29  86  2  34.18
30  86  2  25.00
1  87  2  39.70
2  87  2  21.39
3  87  2  22.48
4  87  2  13.22
5  87  2  7.64
6  87  2  44.76
7  87  2  8.09
8  87  2  10.92
9  87  2  26.23
10  87  2  35.33
11  87  2  26.08
12  87  2  52.06
13  87  2  17.58
14  87  2  6.05
15  87  2  17.97
16  87  2  25.80
17  87  2  4.97
18  87  2  5.38
19  87  2  27.13
20  87  2  25.32
21  87  2  31.92
22  87  2  22.88
23  87  2  14.15
24  87  2  8.42
25  87  2  23.56
26  87  2  11.64
27  87  2  8.72
28  87  2  23.55
29  87  2  6.93
30  87  2  17.06
1  88  2  35.70
2  88  2  27.24
3  88  2  29.34
4  88  2  13.79
5  88  2  22.12
6  88  2  42.86
7  88  2  17.21
8  88  2  33.20
9  88  2  7.66
10  88  2  28.49
11  88  2  42.53
12  88  2  35.17
13  88  2  55.89
14  88  2  13.36
15  88  2  7.83
16  88  2  22.46
17  88  2  39.00
18  88  2  9.45
19  88  2  7.78
20  88  2  10.42
21  88  2  10.04
22  88  2  39.55
23  88  2  6.98
24  88  2  18.74
25  88  2  25.50
26  88  2  6.49
27  88  2  28.41
28  88  2  15.13
29  88  2  36.09
30  88  2  19.22
1  89  2  13.12
2  89  2  59.45
3  89  2  29.50
4  89  2  50.09
5  89  2  35.80
6  89  2  25.23
7  89  2  24.54
8  89  2  19.52
9  89  2  9.33
10  89  2  9.40
11  89  2  7.96
12  89  2  8.54
13  89  2  53.79
14  89  2  10.03
15  89  2  8.76
16  89  2  7.54
17  89  2  11.79
18  89  2  26.38
19  89  2  16.78
20  89  2  35.11
21  89  2  65.85
22  89  2  39.24
23  89  2  8.73
24  89  2  43.10
25  89  2  44.88
26  89  2  10.87
27  89  2  3.55
28  89  2  16.35
29  89  2  5.68
30  89  2  34.50
1  90  2  31.35
2  90  2  10.74
3  90  2  5.11
4  90  2  30.32
5  90  2  10.55
6  90  2  66.74
7  90  2  22.90
8  90  2  31.61
9  90  2  46.55
10  90  2  7.76
11  90  2  5.86
12  90  2  20.68
13  90  2  42.00
14  90  2  54.79
15  90  2  54.50
16  90  2  25.18
17  90  2  16.19
18  90  2  27.97
19  90  2  30.76
20  90  2  11.85
21  90  2  24.85
22  90  2  7.36
23  90  2  50.52
24  90  2  13.98
25  90  2  29.03
26  90  2  48.03
27  90  2  17.91
28  90  2  16.58
29  90  2  6.71
30  90  2  15.34
1  91  2  9.46
2  91  2  20.83
3  91  2  41.14
4  91  2  38.68
5  91  2  45.18
6  91  2  10.88
7  91  2  10.57
8  91  2  16.54
9  91  2  19.47
10  91  2  14.95
11  91  2  55.98
12  91  2  43.51
13  91  2  31.94
14  91  2  7.56
15  91  2  25.64
16  91  2  15.03
17  91  2  10.81
18  91  2  3.53
19  91  2  5.06
20  91  2  8.55
21  91  2  41.35
22  91  2  56.45
23  91  2  14.18
24  91  2  36.58
25  91  2  23.14
26  91  2  27.77
27  91  2  5.27
28  91  2  22.58
29  91  2  44.91
30  91  2  31.99
1  92  2  37.78
2  92  2  6.88
3  92  2  52.74
4  92  2  17.56
5  92  2  11.79
6  92  2  5.63
7  92  2  15.40
8  92  2  8.34
9  92  2  33.66
10  92  2  19.14
11  92  2  19.21
12  92  2  8.35
13  92  2  27.05
14  92  2  15.41
15  92  2  5.32
16  92  2  14.01
17  92  2  26.94
18  92  2  34.36
19  92  2  31.21
20  92  2  6.13
21  92  2  46.60
22  92  2  15.63
23  92  2  17.95
24  92  2  18.10
25  92  2  35.99
26  92  2  35.41
27  92  2  3.97
28  92  2  25.68
29  92  2  11.25
30  92  2  18.14
1  93  2  19.26
2  93  2  30.79
3  93  2  26.04
4  93  2  16.56
5  93  2  10.38
6  93  2  20.63
7  93  2  9.43
8  93  2  9.99
9  93  2  34.40
10  93  2  27.18
11  93  2  39.87
12  93  2  33.24
13  93  2  18.99
14  93  2  17.97
15  93  2  10.58
16  93  2  5.66
17  93  2  60.23
18  93  2  20.61
19  93  2  8.27
20  93  2  7.71
21  93  2  15.11
22  93  2  21.23
23  93  2  25.80
24  93  2  9.40
25  93  2  8.06
26  93  2  16.64
27  93  2  41.68
28  93  2  5.86
29  93  2  22.89
30  93  2  51.87
1  94  2  57.04
2  94  2  20.15
3  94  2  18.67
4  94  2  33.95
5  94  2  5.69
6  94  2  6.42
7  94  2  32.42
8  94  2  58.67
9  94  2  7.24
10  94  2  10.08
11  94  2  26.04
12  94  2  21.48
13  94  2  19.76
14  94  2  3.13
15  94  2  6.65
16  94  2  15.55
17  94  2  34.48
18  94  2  12.02
19  94  2  15.73
20  94  2  29.09
21  94  2  12.10
22  94  2  33.62
23  94  2  15.90
24  94  2  24.50
25  94  2  16.39
26  94  2  19.59
27  94  2  24.24
28  94  2  14.37
29  94  2  18.96
30  94  2  20.08
1  95  2  58.92
2  95  2  41.67
3  95  2  15.83
4  95  2  57.78
5  95  2  46.83
6  95  2  2.36
7  95  2  36.47
8  95  2  12.37
9  95  2  14.42
10  95  2  14.65
11  95  2  32.48
12  95  2  41.96
13  95  2  52.46
14  95  2  25.26
15  95  2  19.54
16  95  2  29.11
17  95  2  20.85
18  95  2  17.45
19  95  2  19.16
20  95  2  8.15
21  95  2  20.52
22  95  2  46.89
23  95  2  18.14
24  95  2  34.84
25  95  2  27.95
26  95  2  44.59
27  95  2  13.45
28  95  2  24.96
29  95  2  9.33
30  95  2  16.52
1  96  2  32.67
2  96  2  46.59
3  96  2  24.51
4  96  2  31.61
5  96  2  24.33
6  96  2  40.30
7  96  2  6.26
8  96  2  41.86
9  96  2  27.08
10  96  2  27.48
11  96  2  22.60
12  96  2  24.75
13  96  2  40.17
14  96  2  16.95
15  96  2  24.07
16  96  2  37.14
17  96  2  24.05
18  96  2  19.93
19  96  2  10.36
20  96  2  30.35
21  96  2  50.97
22  96  2  17.05
23  96  2  9.27
24  96  2  48.85
25  96  2  40.19
26  96  2  36.07
27  96  2  25.03
28  96  2  15.28
29  96  2  34.78
30  96  2  56.09
1  97  2  30.74
2  97  2  10.29
3  97  2  30.46
4  97  2  55.16
5  97  2  21.44
6  97  2  11.71
7  97  2  10.81
8  97  2  18.75
9  97  2  16.91
10  97  2  40.07
11  97  2  5.54
12  97  2  32.42
13  97  2  37.79
14  97  2  31.35
15  97  2  24.77
16  97  2  50.86
17  97  2  31.26
18  97  2  43.94
19  97  2  14.20
20  97  2  44.77
21  97  2  33.02
22  97  2  5.51
23  97  2  7.01
24  97  2  6.96
25  97  2  6.49
26  97  2  28.60
27  97  2  7.27
28  97  2  10.17
29  97  2  6.77
30  97  2  22.28
1  98  2  40.98
2  98  2  24.11
3  98  2  7.69
4  98  2  35.03
5  98  2  7.63
6  98  2  35.12
7  98  2  12.51
8  98  2  4.48
9  98  2  29.78
10  98  2  62.70
11  98  2  9.07
12  98  2  15.40
13  98  2  17.32
14  98  2  7.06
15  98  2  34.41
16  98  2  21.70
17  98  2  11.37
18  98  2  16.77
19  98  2  19.20
20  98  2  5.54
21  98  2  12.39
22  98  2  16.25
23  98  2  28.13
24  98  2  51.15
25  98  2  23.96
26  98  2  19.36
27  98  2  15.87
28  98  2  30.11
29  98  2  21.47
30  98  2  16.39
1  99  2  39.38
2  99  2  7.00
3  99  2  14.92
4  99  2  6.76
5  99  2  4.56
6  99  2  10.03
7  99  2  71.18
8  99  2  13.40
9  99  2  2.71
10  99  2  7.16
11  99  2  13.23
12  99  2  8.04
13  99  2  66.65
14  99  2  33.93
15  99  2  22.56
16  99  2  33.70
17  99  2  26.19
18  99  2  19.85
19  99  2  11.24
20  99  2  20.93
21  99  2  45.54
22  99  2  11.47
23  99  2  7.12
24  99  2  11.68
25  99  2  24.36
26  99  2  40.96
27  99  2  40.08
28  99  2  10.04
29  99  2  47.31
30  99  2  15.52
1  100  2  34.34
2  100  2  26.73
3  100  2  9.09
4  100  2  23.36
5  100  2  8.89
6  100  2  27.68
7  100  2  24.53
8  100  2  33.30
9  100  2  40.55
10  100  2  6.62
11  100  2  4.52
12  100  2  11.70
13  100  2  23.59
14  100  2  40.30
15  100  2  9.16
16  100  2  27.63
17  100  2  52.12
18  100  2  29.64
19  100  2  16.51
20  100  2  28.13
21  100  2  53.03
22  100  2  25.06
23  100  2  25.07
24  100  2  16.79
25  100  2  13.61
26  100  2  44.18
27  100  2  14.94
28  100  2  33.41
29  100  2  27.18
30  100  2  48.46
;

