param com_measure1 := 0.5904;

param com_measure2 := 0.96008;

param kappa_max := 429.5028;

param U_tau := 524.6936;

param nT := 2;

param nS := 150;

param nL := 10;

param B := 258.80;

param w :=
1  2
2  2
3  1
4  2
5  1
6  2
7  1
8  2
9  2
10  3
;

param h :=
1  1  0
1  2  0
1  3  0
1  4  0
1  5  0
1  6  0
1  7  0
1  8  0
1  9  0
1  10  0
2  1  51.94
2  2  51.25
2  3  51.43
2  4  49.78
2  5  50.28
2  6  49.02
2  7  52.92
2  8  53.94
2  9  54.81
2  10  52.23
;

param xi :=
1  1  1  27
2  1  1  34
3  1  1  71
4  1  1  57
5  1  1  21
6  1  1  71
7  1  1  84
8  1  1  37
9  1  1  30
10  1  1  29
1  2  1  54
2  2  1  68
3  2  1  73
4  2  1  80
5  2  1  76
6  2  1  32
7  2  1  26
8  2  1  37
9  2  1  47
10  2  1  52
1  3  1  13
2  3  1  24
3  3  1  39
4  3  1  38
5  3  1  47
6  3  1  28
7  3  1  71
8  3  1  68
9  3  1  80
10  3  1  44
1  4  1  89
2  4  1  16
3  4  1  43
4  4  1  78
5  4  1  70
6  4  1  60
7  4  1  39
8  4  1  83
9  4  1  58
10  4  1  78
1  5  1  44
2  5  1  41
3  5  1  25
4  5  1  59
5  5  1  39
6  5  1  72
7  5  1  77
8  5  1  40
9  5  1  64
10  5  1  81
1  6  1  71
2  6  1  51
3  6  1  46
4  6  1  61
5  6  1  18
6  6  1  78
7  6  1  79
8  6  1  26
9  6  1  30
10  6  1  76
1  7  1  71
2  7  1  76
3  7  1  47
4  7  1  11
5  7  1  29
6  7  1  15
7  7  1  57
8  7  1  36
9  7  1  33
10  7  1  39
1  8  1  46
2  8  1  20
3  8  1  46
4  8  1  54
5  8  1  80
6  8  1  32
7  8  1  70
8  8  1  59
9  8  1  87
10  8  1  51
1  9  1  70
2  9  1  56
3  9  1  43
4  9  1  47
5  9  1  20
6  9  1  52
7  9  1  66
8  9  1  82
9  9  1  87
10  9  1  69
1  10  1  20
2  10  1  68
3  10  1  20
4  10  1  70
5  10  1  76
6  10  1  25
7  10  1  38
8  10  1  49
9  10  1  42
10  10  1  57
1  11  1  18
2  11  1  50
3  11  1  34
4  11  1  44
5  11  1  79
6  11  1  18
7  11  1  19
8  11  1  66
9  11  1  52
10  11  1  80
1  12  1  52
2  12  1  89
3  12  1  35
4  12  1  34
5  12  1  12
6  12  1  51
7  12  1  20
8  12  1  11
9  12  1  65
10  12  1  81
1  13  1  45
2  13  1  75
3  13  1  40
4  13  1  82
5  13  1  70
6  13  1  55
7  13  1  78
8  13  1  10
9  13  1  69
10  13  1  33
1  14  1  75
2  14  1  84
3  14  1  13
4  14  1  80
5  14  1  10
6  14  1  28
7  14  1  49
8  14  1  35
9  14  1  78
10  14  1  21
1  15  1  36
2  15  1  36
3  15  1  50
4  15  1  16
5  15  1  52
6  15  1  56
7  15  1  25
8  15  1  64
9  15  1  71
10  15  1  67
1  16  1  23
2  16  1  87
3  16  1  16
4  16  1  52
5  16  1  23
6  16  1  28
7  16  1  22
8  16  1  83
9  16  1  55
10  16  1  55
1  17  1  88
2  17  1  55
3  17  1  37
4  17  1  38
5  17  1  27
6  17  1  15
7  17  1  87
8  17  1  61
9  17  1  49
10  17  1  73
1  18  1  75
2  18  1  13
3  18  1  53
4  18  1  71
5  18  1  23
6  18  1  77
7  18  1  20
8  18  1  54
9  18  1  85
10  18  1  40
1  19  1  73
2  19  1  33
3  19  1  74
4  19  1  63
5  19  1  22
6  19  1  44
7  19  1  61
8  19  1  62
9  19  1  18
10  19  1  23
1  20  1  36
2  20  1  77
3  20  1  87
4  20  1  47
5  20  1  18
6  20  1  53
7  20  1  34
8  20  1  28
9  20  1  17
10  20  1  29
1  21  1  22
2  21  1  33
3  21  1  56
4  21  1  41
5  21  1  19
6  21  1  86
7  21  1  64
8  21  1  64
9  21  1  59
10  21  1  27
1  22  1  45
2  22  1  54
3  22  1  55
4  22  1  12
5  22  1  79
6  22  1  50
7  22  1  25
8  22  1  55
9  22  1  52
10  22  1  72
1  23  1  86
2  23  1  25
3  23  1  78
4  23  1  48
5  23  1  63
6  23  1  33
7  23  1  58
8  23  1  38
9  23  1  69
10  23  1  54
1  24  1  43
2  24  1  25
3  24  1  32
4  24  1  63
5  24  1  61
6  24  1  51
7  24  1  45
8  24  1  23
9  24  1  29
10  24  1  60
1  25  1  61
2  25  1  70
3  25  1  79
4  25  1  49
5  25  1  85
6  25  1  29
7  25  1  20
8  25  1  36
9  25  1  83
10  25  1  81
1  26  1  13
2  26  1  28
3  26  1  83
4  26  1  80
5  26  1  76
6  26  1  20
7  26  1  68
8  26  1  89
9  26  1  16
10  26  1  86
1  27  1  58
2  27  1  56
3  27  1  30
4  27  1  47
5  27  1  40
6  27  1  37
7  27  1  51
8  27  1  53
9  27  1  43
10  27  1  62
1  28  1  36
2  28  1  76
3  28  1  49
4  28  1  30
5  28  1  19
6  28  1  17
7  28  1  86
8  28  1  90
9  28  1  64
10  28  1  72
1  29  1  48
2  29  1  41
3  29  1  66
4  29  1  44
5  29  1  30
6  29  1  69
7  29  1  21
8  29  1  40
9  29  1  59
10  29  1  54
1  30  1  58
2  30  1  77
3  30  1  53
4  30  1  14
5  30  1  16
6  30  1  68
7  30  1  21
8  30  1  33
9  30  1  60
10  30  1  41
1  31  1  39
2  31  1  22
3  31  1  71
4  31  1  48
5  31  1  72
6  31  1  20
7  31  1  79
8  31  1  35
9  31  1  58
10  31  1  57
1  32  1  56
2  32  1  81
3  32  1  30
4  32  1  89
5  32  1  29
6  32  1  70
7  32  1  54
8  32  1  19
9  32  1  28
10  32  1  80
1  33  1  41
2  33  1  18
3  33  1  58
4  33  1  21
5  33  1  79
6  33  1  42
7  33  1  23
8  33  1  68
9  33  1  72
10  33  1  84
1  34  1  86
2  34  1  21
3  34  1  59
4  34  1  70
5  34  1  78
6  34  1  77
7  34  1  62
8  34  1  30
9  34  1  78
10  34  1  33
1  35  1  55
2  35  1  40
3  35  1  56
4  35  1  12
5  35  1  14
6  35  1  34
7  35  1  35
8  35  1  77
9  35  1  17
10  35  1  66
1  36  1  38
2  36  1  83
3  36  1  73
4  36  1  34
5  36  1  53
6  36  1  51
7  36  1  90
8  36  1  41
9  36  1  38
10  36  1  68
1  37  1  79
2  37  1  69
3  37  1  58
4  37  1  88
5  37  1  57
6  37  1  38
7  37  1  54
8  37  1  74
9  37  1  89
10  37  1  70
1  38  1  79
2  38  1  82
3  38  1  75
4  38  1  25
5  38  1  11
6  38  1  34
7  38  1  70
8  38  1  73
9  38  1  47
10  38  1  69
1  39  1  55
2  39  1  86
3  39  1  88
4  39  1  63
5  39  1  32
6  39  1  77
7  39  1  54
8  39  1  88
9  39  1  10
10  39  1  89
1  40  1  64
2  40  1  39
3  40  1  27
4  40  1  10
5  40  1  85
6  40  1  79
7  40  1  65
8  40  1  87
9  40  1  54
10  40  1  41
1  41  1  64
2  41  1  89
3  41  1  22
4  41  1  45
5  41  1  68
6  41  1  50
7  41  1  82
8  41  1  50
9  41  1  44
10  41  1  69
1  42  1  68
2  42  1  18
3  42  1  43
4  42  1  24
5  42  1  89
6  42  1  14
7  42  1  69
8  42  1  45
9  42  1  76
10  42  1  18
1  43  1  40
2  43  1  26
3  43  1  41
4  43  1  86
5  43  1  44
6  43  1  12
7  43  1  45
8  43  1  63
9  43  1  32
10  43  1  34
1  44  1  85
2  44  1  15
3  44  1  85
4  44  1  69
5  44  1  74
6  44  1  31
7  44  1  34
8  44  1  90
9  44  1  53
10  44  1  80
1  45  1  17
2  45  1  12
3  45  1  14
4  45  1  81
5  45  1  29
6  45  1  15
7  45  1  45
8  45  1  38
9  45  1  84
10  45  1  56
1  46  1  58
2  46  1  20
3  46  1  90
4  46  1  41
5  46  1  24
6  46  1  30
7  46  1  53
8  46  1  72
9  46  1  80
10  46  1  45
1  47  1  14
2  47  1  19
3  47  1  89
4  47  1  41
5  47  1  85
6  47  1  70
7  47  1  84
8  47  1  33
9  47  1  21
10  47  1  32
1  48  1  81
2  48  1  34
3  48  1  41
4  48  1  89
5  48  1  62
6  48  1  43
7  48  1  87
8  48  1  66
9  48  1  57
10  48  1  24
1  49  1  74
2  49  1  75
3  49  1  47
4  49  1  62
5  49  1  29
6  49  1  29
7  49  1  29
8  49  1  35
9  49  1  49
10  49  1  42
1  50  1  61
2  50  1  87
3  50  1  10
4  50  1  44
5  50  1  30
6  50  1  73
7  50  1  11
8  50  1  84
9  50  1  54
10  50  1  11
1  51  1  75
2  51  1  36
3  51  1  45
4  51  1  55
5  51  1  38
6  51  1  10
7  51  1  34
8  51  1  32
9  51  1  30
10  51  1  58
1  52  1  25
2  52  1  36
3  52  1  38
4  52  1  67
5  52  1  55
6  52  1  18
7  52  1  89
8  52  1  81
9  52  1  38
10  52  1  69
1  53  1  68
2  53  1  37
3  53  1  89
4  53  1  88
5  53  1  13
6  53  1  73
7  53  1  33
8  53  1  17
9  53  1  59
10  53  1  33
1  54  1  42
2  54  1  13
3  54  1  43
4  54  1  76
5  54  1  46
6  54  1  40
7  54  1  25
8  54  1  75
9  54  1  76
10  54  1  59
1  55  1  18
2  55  1  19
3  55  1  27
4  55  1  43
5  55  1  16
6  55  1  15
7  55  1  33
8  55  1  15
9  55  1  69
10  55  1  40
1  56  1  88
2  56  1  89
3  56  1  60
4  56  1  28
5  56  1  74
6  56  1  25
7  56  1  43
8  56  1  27
9  56  1  37
10  56  1  41
1  57  1  53
2  57  1  20
3  57  1  69
4  57  1  64
5  57  1  75
6  57  1  20
7  57  1  16
8  57  1  54
9  57  1  34
10  57  1  20
1  58  1  88
2  58  1  26
3  58  1  80
4  58  1  59
5  58  1  90
6  58  1  27
7  58  1  78
8  58  1  21
9  58  1  88
10  58  1  85
1  59  1  81
2  59  1  23
3  59  1  69
4  59  1  42
5  59  1  21
6  59  1  90
7  59  1  41
8  59  1  62
9  59  1  65
10  59  1  38
1  60  1  27
2  60  1  11
3  60  1  65
4  60  1  39
5  60  1  52
6  60  1  16
7  60  1  13
8  60  1  86
9  60  1  81
10  60  1  38
1  61  1  75
2  61  1  33
3  61  1  58
4  61  1  41
5  61  1  89
6  61  1  62
7  61  1  72
8  61  1  24
9  61  1  68
10  61  1  71
1  62  1  72
2  62  1  23
3  62  1  88
4  62  1  46
5  62  1  22
6  62  1  55
7  62  1  67
8  62  1  17
9  62  1  82
10  62  1  30
1  63  1  22
2  63  1  60
3  63  1  27
4  63  1  21
5  63  1  60
6  63  1  73
7  63  1  69
8  63  1  53
9  63  1  39
10  63  1  36
1  64  1  80
2  64  1  74
3  64  1  30
4  64  1  47
5  64  1  44
6  64  1  40
7  64  1  25
8  64  1  59
9  64  1  38
10  64  1  70
1  65  1  10
2  65  1  80
3  65  1  10
4  65  1  65
5  65  1  39
6  65  1  89
7  65  1  73
8  65  1  59
9  65  1  26
10  65  1  46
1  66  1  49
2  66  1  68
3  66  1  10
4  66  1  28
5  66  1  56
6  66  1  61
7  66  1  12
8  66  1  70
9  66  1  37
10  66  1  65
1  67  1  80
2  67  1  21
3  67  1  72
4  67  1  88
5  67  1  79
6  67  1  32
7  67  1  80
8  67  1  85
9  67  1  30
10  67  1  30
1  68  1  72
2  68  1  77
3  68  1  74
4  68  1  41
5  68  1  61
6  68  1  36
7  68  1  59
8  68  1  78
9  68  1  15
10  68  1  10
1  69  1  37
2  69  1  72
3  69  1  24
4  69  1  75
5  69  1  42
6  69  1  24
7  69  1  75
8  69  1  77
9  69  1  75
10  69  1  45
1  70  1  24
2  70  1  40
3  70  1  74
4  70  1  90
5  70  1  88
6  70  1  38
7  70  1  48
8  70  1  12
9  70  1  45
10  70  1  90
1  71  1  17
2  71  1  32
3  71  1  33
4  71  1  39
5  71  1  12
6  71  1  79
7  71  1  62
8  71  1  24
9  71  1  88
10  71  1  61
1  72  1  55
2  72  1  74
3  72  1  33
4  72  1  82
5  72  1  68
6  72  1  60
7  72  1  56
8  72  1  42
9  72  1  45
10  72  1  87
1  73  1  59
2  73  1  27
3  73  1  76
4  73  1  80
5  73  1  51
6  73  1  54
7  73  1  80
8  73  1  39
9  73  1  10
10  73  1  59
1  74  1  26
2  74  1  83
3  74  1  42
4  74  1  41
5  74  1  83
6  74  1  90
7  74  1  62
8  74  1  82
9  74  1  55
10  74  1  44
1  75  1  55
2  75  1  27
3  75  1  45
4  75  1  56
5  75  1  82
6  75  1  39
7  75  1  75
8  75  1  42
9  75  1  25
10  75  1  40
1  76  1  13
2  76  1  55
3  76  1  47
4  76  1  74
5  76  1  31
6  76  1  13
7  76  1  22
8  76  1  68
9  76  1  70
10  76  1  22
1  77  1  74
2  77  1  59
3  77  1  20
4  77  1  31
5  77  1  22
6  77  1  89
7  77  1  71
8  77  1  61
9  77  1  59
10  77  1  15
1  78  1  79
2  78  1  85
3  78  1  39
4  78  1  32
5  78  1  11
6  78  1  42
7  78  1  29
8  78  1  86
9  78  1  51
10  78  1  20
1  79  1  63
2  79  1  28
3  79  1  37
4  79  1  65
5  79  1  17
6  79  1  82
7  79  1  90
8  79  1  67
9  79  1  11
10  79  1  43
1  80  1  90
2  80  1  26
3  80  1  43
4  80  1  77
5  80  1  82
6  80  1  74
7  80  1  69
8  80  1  74
9  80  1  29
10  80  1  29
1  81  1  68
2  81  1  88
3  81  1  86
4  81  1  72
5  81  1  19
6  81  1  71
7  81  1  35
8  81  1  64
9  81  1  45
10  81  1  46
1  82  1  13
2  82  1  38
3  82  1  71
4  82  1  10
5  82  1  20
6  82  1  36
7  82  1  66
8  82  1  64
9  82  1  66
10  82  1  43
1  83  1  53
2  83  1  31
3  83  1  32
4  83  1  46
5  83  1  61
6  83  1  62
7  83  1  12
8  83  1  83
9  83  1  37
10  83  1  60
1  84  1  56
2  84  1  52
3  84  1  72
4  84  1  49
5  84  1  28
6  84  1  72
7  84  1  77
8  84  1  62
9  84  1  77
10  84  1  77
1  85  1  53
2  85  1  50
3  85  1  47
4  85  1  30
5  85  1  19
6  85  1  65
7  85  1  67
8  85  1  10
9  85  1  65
10  85  1  38
1  86  1  42
2  86  1  34
3  86  1  75
4  86  1  24
5  86  1  68
6  86  1  76
7  86  1  59
8  86  1  60
9  86  1  89
10  86  1  54
1  87  1  71
2  87  1  54
3  87  1  47
4  87  1  36
5  87  1  14
6  87  1  86
7  87  1  18
8  87  1  39
9  87  1  75
10  87  1  51
1  88  1  14
2  88  1  85
3  88  1  51
4  88  1  33
5  88  1  52
6  88  1  62
7  88  1  69
8  88  1  46
9  88  1  16
10  88  1  41
1  89  1  51
2  89  1  39
3  89  1  28
4  89  1  28
5  89  1  16
6  89  1  82
7  89  1  20
8  89  1  25
9  89  1  46
10  89  1  42
1  90  1  32
2  90  1  45
3  90  1  45
4  90  1  44
5  90  1  68
6  90  1  16
7  90  1  14
8  90  1  75
9  90  1  55
10  90  1  89
1  91  1  77
2  91  1  11
3  91  1  43
4  91  1  71
5  91  1  68
6  91  1  53
7  91  1  62
8  91  1  81
9  91  1  75
10  91  1  89
1  92  1  21
2  92  1  72
3  92  1  37
4  92  1  56
5  92  1  44
6  92  1  47
7  92  1  68
8  92  1  39
9  92  1  72
10  92  1  14
1  93  1  34
2  93  1  65
3  93  1  14
4  93  1  45
5  93  1  68
6  93  1  72
7  93  1  59
8  93  1  67
9  93  1  64
10  93  1  87
1  94  1  60
2  94  1  28
3  94  1  20
4  94  1  58
5  94  1  83
6  94  1  24
7  94  1  17
8  94  1  58
9  94  1  32
10  94  1  89
1  95  1  46
2  95  1  16
3  95  1  84
4  95  1  64
5  95  1  28
6  95  1  84
7  95  1  65
8  95  1  68
9  95  1  34
10  95  1  35
1  96  1  29
2  96  1  26
3  96  1  28
4  96  1  35
5  96  1  50
6  96  1  84
7  96  1  17
8  96  1  64
9  96  1  85
10  96  1  47
1  97  1  49
2  97  1  36
3  97  1  38
4  97  1  27
5  97  1  73
6  97  1  37
7  97  1  12
8  97  1  65
9  97  1  30
10  97  1  35
1  98  1  39
2  98  1  66
3  98  1  55
4  98  1  21
5  98  1  77
6  98  1  20
7  98  1  42
8  98  1  80
9  98  1  67
10  98  1  46
1  99  1  25
2  99  1  57
3  99  1  53
4  99  1  29
5  99  1  22
6  99  1  81
7  99  1  46
8  99  1  74
9  99  1  38
10  99  1  73
1  100  1  10
2  100  1  38
3  100  1  49
4  100  1  12
5  100  1  15
6  100  1  61
7  100  1  41
8  100  1  89
9  100  1  47
10  100  1  53
1  101  1  84
2  101  1  50
3  101  1  83
4  101  1  27
5  101  1  71
6  101  1  72
7  101  1  46
8  101  1  77
9  101  1  32
10  101  1  11
1  102  1  82
2  102  1  30
3  102  1  12
4  102  1  87
5  102  1  73
6  102  1  28
7  102  1  86
8  102  1  73
9  102  1  40
10  102  1  58
1  103  1  73
2  103  1  89
3  103  1  44
4  103  1  75
5  103  1  87
6  103  1  58
7  103  1  66
8  103  1  13
9  103  1  87
10  103  1  11
1  104  1  14
2  104  1  55
3  104  1  78
4  104  1  21
5  104  1  15
6  104  1  69
7  104  1  51
8  104  1  90
9  104  1  59
10  104  1  21
1  105  1  39
2  105  1  77
3  105  1  49
4  105  1  11
5  105  1  22
6  105  1  69
7  105  1  18
8  105  1  40
9  105  1  15
10  105  1  52
1  106  1  34
2  106  1  18
3  106  1  18
4  106  1  29
5  106  1  33
6  106  1  80
7  106  1  38
8  106  1  36
9  106  1  74
10  106  1  57
1  107  1  66
2  107  1  68
3  107  1  64
4  107  1  27
5  107  1  38
6  107  1  52
7  107  1  82
8  107  1  38
9  107  1  12
10  107  1  54
1  108  1  52
2  108  1  32
3  108  1  49
4  108  1  44
5  108  1  59
6  108  1  56
7  108  1  67
8  108  1  86
9  108  1  12
10  108  1  15
1  109  1  39
2  109  1  77
3  109  1  13
4  109  1  81
5  109  1  49
6  109  1  60
7  109  1  25
8  109  1  56
9  109  1  77
10  109  1  75
1  110  1  29
2  110  1  49
3  110  1  75
4  110  1  36
5  110  1  30
6  110  1  53
7  110  1  25
8  110  1  42
9  110  1  90
10  110  1  68
1  111  1  66
2  111  1  48
3  111  1  40
4  111  1  24
5  111  1  59
6  111  1  59
7  111  1  73
8  111  1  46
9  111  1  28
10  111  1  53
1  112  1  71
2  112  1  47
3  112  1  74
4  112  1  11
5  112  1  40
6  112  1  14
7  112  1  64
8  112  1  85
9  112  1  62
10  112  1  87
1  113  1  83
2  113  1  62
3  113  1  45
4  113  1  34
5  113  1  16
6  113  1  49
7  113  1  53
8  113  1  47
9  113  1  70
10  113  1  24
1  114  1  73
2  114  1  65
3  114  1  66
4  114  1  60
5  114  1  48
6  114  1  18
7  114  1  12
8  114  1  72
9  114  1  87
10  114  1  88
1  115  1  77
2  115  1  84
3  115  1  75
4  115  1  45
5  115  1  62
6  115  1  65
7  115  1  17
8  115  1  82
9  115  1  74
10  115  1  87
1  116  1  43
2  116  1  36
3  116  1  74
4  116  1  71
5  116  1  50
6  116  1  36
7  116  1  85
8  116  1  82
9  116  1  69
10  116  1  36
1  117  1  60
2  117  1  79
3  117  1  38
4  117  1  22
5  117  1  46
6  117  1  61
7  117  1  73
8  117  1  70
9  117  1  66
10  117  1  81
1  118  1  83
2  118  1  88
3  118  1  18
4  118  1  69
5  118  1  69
6  118  1  56
7  118  1  32
8  118  1  85
9  118  1  60
10  118  1  90
1  119  1  82
2  119  1  51
3  119  1  50
4  119  1  19
5  119  1  64
6  119  1  71
7  119  1  78
8  119  1  12
9  119  1  26
10  119  1  39
1  120  1  21
2  120  1  62
3  120  1  32
4  120  1  58
5  120  1  13
6  120  1  67
7  120  1  71
8  120  1  48
9  120  1  15
10  120  1  34
1  121  1  13
2  121  1  64
3  121  1  88
4  121  1  68
5  121  1  85
6  121  1  34
7  121  1  52
8  121  1  47
9  121  1  50
10  121  1  56
1  122  1  43
2  122  1  36
3  122  1  31
4  122  1  46
5  122  1  74
6  122  1  62
7  122  1  67
8  122  1  84
9  122  1  85
10  122  1  20
1  123  1  85
2  123  1  65
3  123  1  63
4  123  1  65
5  123  1  45
6  123  1  12
7  123  1  20
8  123  1  18
9  123  1  31
10  123  1  32
1  124  1  13
2  124  1  64
3  124  1  83
4  124  1  35
5  124  1  53
6  124  1  39
7  124  1  37
8  124  1  67
9  124  1  77
10  124  1  16
1  125  1  31
2  125  1  85
3  125  1  17
4  125  1  58
5  125  1  62
6  125  1  83
7  125  1  32
8  125  1  42
9  125  1  16
10  125  1  73
1  126  1  21
2  126  1  23
3  126  1  55
4  126  1  58
5  126  1  75
6  126  1  16
7  126  1  32
8  126  1  21
9  126  1  80
10  126  1  85
1  127  1  47
2  127  1  75
3  127  1  56
4  127  1  37
5  127  1  16
6  127  1  10
7  127  1  39
8  127  1  41
9  127  1  21
10  127  1  69
1  128  1  70
2  128  1  35
3  128  1  50
4  128  1  12
5  128  1  34
6  128  1  44
7  128  1  70
8  128  1  59
9  128  1  89
10  128  1  85
1  129  1  54
2  129  1  58
3  129  1  72
4  129  1  36
5  129  1  37
6  129  1  66
7  129  1  24
8  129  1  19
9  129  1  90
10  129  1  39
1  130  1  88
2  130  1  35
3  130  1  18
4  130  1  74
5  130  1  65
6  130  1  43
7  130  1  83
8  130  1  46
9  130  1  73
10  130  1  56
1  131  1  51
2  131  1  20
3  131  1  75
4  131  1  34
5  131  1  20
6  131  1  86
7  131  1  14
8  131  1  84
9  131  1  64
10  131  1  46
1  132  1  43
2  132  1  45
3  132  1  10
4  132  1  79
5  132  1  24
6  132  1  42
7  132  1  68
8  132  1  70
9  132  1  55
10  132  1  39
1  133  1  75
2  133  1  75
3  133  1  63
4  133  1  82
5  133  1  65
6  133  1  10
7  133  1  55
8  133  1  41
9  133  1  14
10  133  1  85
1  134  1  51
2  134  1  87
3  134  1  85
4  134  1  25
5  134  1  49
6  134  1  13
7  134  1  17
8  134  1  49
9  134  1  39
10  134  1  49
1  135  1  66
2  135  1  29
3  135  1  45
4  135  1  44
5  135  1  43
6  135  1  90
7  135  1  72
8  135  1  85
9  135  1  20
10  135  1  67
1  136  1  27
2  136  1  10
3  136  1  69
4  136  1  80
5  136  1  30
6  136  1  31
7  136  1  33
8  136  1  48
9  136  1  12
10  136  1  70
1  137  1  62
2  137  1  18
3  137  1  36
4  137  1  31
5  137  1  35
6  137  1  79
7  137  1  52
8  137  1  65
9  137  1  24
10  137  1  63
1  138  1  90
2  138  1  30
3  138  1  57
4  138  1  44
5  138  1  59
6  138  1  61
7  138  1  51
8  138  1  81
9  138  1  19
10  138  1  65
1  139  1  89
2  139  1  80
3  139  1  39
4  139  1  56
5  139  1  10
6  139  1  81
7  139  1  64
8  139  1  29
9  139  1  14
10  139  1  88
1  140  1  73
2  140  1  81
3  140  1  80
4  140  1  25
5  140  1  71
6  140  1  87
7  140  1  49
8  140  1  75
9  140  1  36
10  140  1  16
1  141  1  50
2  141  1  34
3  141  1  55
4  141  1  11
5  141  1  79
6  141  1  61
7  141  1  45
8  141  1  22
9  141  1  32
10  141  1  78
1  142  1  42
2  142  1  51
3  142  1  83
4  142  1  10
5  142  1  31
6  142  1  59
7  142  1  87
8  142  1  78
9  142  1  66
10  142  1  41
1  143  1  88
2  143  1  29
3  143  1  21
4  143  1  82
5  143  1  73
6  143  1  89
7  143  1  13
8  143  1  46
9  143  1  83
10  143  1  44
1  144  1  34
2  144  1  61
3  144  1  58
4  144  1  70
5  144  1  11
6  144  1  25
7  144  1  52
8  144  1  43
9  144  1  63
10  144  1  67
1  145  1  73
2  145  1  69
3  145  1  87
4  145  1  19
5  145  1  82
6  145  1  36
7  145  1  66
8  145  1  20
9  145  1  50
10  145  1  67
1  146  1  24
2  146  1  61
3  146  1  11
4  146  1  26
5  146  1  84
6  146  1  67
7  146  1  70
8  146  1  62
9  146  1  28
10  146  1  21
1  147  1  57
2  147  1  62
3  147  1  41
4  147  1  81
5  147  1  14
6  147  1  64
7  147  1  57
8  147  1  31
9  147  1  47
10  147  1  59
1  148  1  51
2  148  1  62
3  148  1  75
4  148  1  62
5  148  1  77
6  148  1  68
7  148  1  65
8  148  1  49
9  148  1  54
10  148  1  21
1  149  1  57
2  149  1  83
3  149  1  67
4  149  1  87
5  149  1  81
6  149  1  29
7  149  1  17
8  149  1  19
9  149  1  53
10  149  1  12
1  150  1  68
2  150  1  55
3  150  1  35
4  150  1  58
5  150  1  24
6  150  1  50
7  150  1  56
8  150  1  72
9  150  1  45
10  150  1  47
1  1  2  16.05
2  1  2  9.04
3  1  2  22.56
4  1  2  20.15
5  1  2  7.94
6  1  2  36.22
7  1  2  45.49
8  1  2  18.19
9  1  2  9.70
10  1  2  8.99
1  2  2  26.89
2  2  2  32.53
3  2  2  23.36
4  2  2  54.32
5  2  2  25.40
6  2  2  21.45
7  2  2  17.62
8  2  2  23.24
9  2  2  10.71
10  2  2  24.19
1  3  2  4.80
2  3  2  14.80
3  3  2  8.71
4  3  2  17.59
5  3  2  24.81
6  3  2  21.27
7  3  2  38.71
8  3  2  45.17
9  3  2  20.54
10  3  2  34.67
1  4  2  66.07
2  4  2  10.95
3  4  2  11.00
4  4  2  30.69
5  4  2  20.54
6  4  2  36.69
7  4  2  12.24
8  4  2  38.13
9  4  2  20.08
10  4  2  37.18
1  5  2  28.17
2  5  2  21.38
3  5  2  9.44
4  5  2  23.03
5  5  2  30.96
6  5  2  32.01
7  5  2  57.89
8  5  2  17.39
9  5  2  34.48
10  5  2  23.16
1  6  2  29.72
2  6  2  30.84
3  6  2  31.24
4  6  2  20.96
5  6  2  14.30
6  6  2  42.44
7  6  2  28.34
8  6  2  8.67
9  6  2  9.77
10  6  2  34.46
1  7  2  35.10
2  7  2  52.05
3  7  2  26.87
4  7  2  3.03
5  7  2  8.35
6  7  2  9.92
7  7  2  11.83
8  7  2  28.18
9  7  2  10.31
10  7  2  19.31
1  8  2  24.77
2  8  2  8.17
3  8  2  33.83
4  8  2  41.82
5  8  2  22.31
6  8  2  16.28
7  8  2  26.00
8  8  2  36.37
9  8  2  40.38
10  8  2  10.32
1  9  2  21.86
2  9  2  14.64
3  9  2  30.02
4  9  2  32.60
5  9  2  13.84
6  9  2  35.99
7  9  2  48.61
8  9  2  50.74
9  9  2  47.68
10  9  2  42.67
1  10  2  9.90
2  10  2  43.23
3  10  2  13.75
4  10  2  18.52
5  10  2  16.98
6  10  2  15.02
7  10  2  29.02
8  10  2  12.92
9  10  2  12.22
10  10  2  28.65
1  11  2  4.67
2  11  2  19.01
3  11  2  26.07
4  11  2  27.98
5  11  2  25.00
6  11  2  8.18
7  11  2  14.00
8  11  2  49.75
9  11  2  15.54
10  11  2  53.28
1  12  2  38.79
2  12  2  63.69
3  12  2  16.60
4  12  2  21.65
5  12  2  2.79
6  12  2  14.13
7  12  2  15.61
8  12  2  4.74
9  12  2  48.77
10  12  2  60.52
1  13  2  32.14
2  13  2  24.58
3  13  2  31.17
4  13  2  18.10
5  13  2  14.01
6  13  2  17.36
7  13  2  58.79
8  13  2  4.69
9  13  2  31.60
10  13  2  15.47
1  14  2  55.53
2  14  2  22.68
3  14  2  9.10
4  14  2  53.97
5  14  2  3.62
6  14  2  7.98
7  14  2  24.44
8  14  2  18.83
9  14  2  21.99
10  14  2  12.77
1  15  2  10.47
2  15  2  14.94
3  15  2  32.25
4  15  2  12.73
5  15  2  40.01
6  15  2  42.86
7  15  2  15.31
8  15  2  20.33
9  15  2  44.95
10  15  2  27.03
1  16  2  15.06
2  16  2  62.66
3  16  2  4.19
4  16  2  32.18
5  16  2  11.06
6  16  2  7.13
7  16  2  8.28
8  16  2  55.95
9  16  2  32.18
10  16  2  14.82
1  17  2  63.86
2  17  2  33.45
3  17  2  20.15
4  17  2  11.12
5  17  2  9.15
6  17  2  3.36
7  17  2  57.04
8  17  2  30.36
9  17  2  38.50
10  17  2  34.01
1  18  2  55.03
2  18  2  7.75
3  18  2  15.11
4  18  2  39.74
5  18  2  14.97
6  18  2  20.62
7  18  2  5.69
8  18  2  15.74
9  18  2  20.88
10  18  2  11.58
1  19  2  37.99
2  19  2  18.90
3  19  2  45.86
4  19  2  13.17
5  19  2  12.72
6  19  2  32.23
7  19  2  20.23
8  19  2  26.00
9  19  2  12.53
10  19  2  10.37
1  20  2  26.83
2  20  2  30.05
3  20  2  21.84
4  20  2  33.59
5  20  2  5.98
6  20  2  21.48
7  20  2  15.15
8  20  2  14.04
9  20  2  13.28
10  20  2  11.35
1  21  2  14.57
2  21  2  12.48
3  21  2  21.41
4  21  2  24.84
5  21  2  6.72
6  21  2  63.70
7  21  2  21.96
8  21  2  15.23
9  21  2  31.73
10  21  2  19.20
1  22  2  21.29
2  22  2  32.56
3  22  2  30.74
4  22  2  2.69
5  22  2  42.96
6  22  2  31.70
7  22  2  11.94
8  22  2  26.37
9  22  2  20.59
10  22  2  38.87
1  23  2  49.56
2  23  2  19.65
3  23  2  19.61
4  23  2  34.55
5  23  2  45.82
6  23  2  21.99
7  23  2  38.02
8  23  2  10.25
9  23  2  36.55
10  23  2  25.10
1  24  2  24.74
2  24  2  9.30
3  24  2  9.31
4  24  2  50.37
5  24  2  23.37
6  24  2  16.04
7  24  2  12.00
8  24  2  12.29
9  24  2  11.90
10  24  2  39.90
1  25  2  38.16
2  25  2  54.63
3  25  2  53.47
4  25  2  14.53
5  25  2  48.47
6  25  2  8.96
7  25  2  8.55
8  25  2  28.21
9  25  2  51.56
10  25  2  33.82
1  26  2  5.54
2  26  2  13.82
3  26  2  16.71
4  26  2  26.47
5  26  2  41.39
6  26  2  5.97
7  26  2  30.55
8  26  2  19.03
9  26  2  6.05
10  26  2  25.24
1  27  2  43.31
2  27  2  33.55
3  27  2  13.17
4  27  2  22.29
5  27  2  16.57
6  27  2  15.94
7  27  2  37.51
8  27  2  22.74
9  27  2  13.24
10  27  2  36.82
1  28  2  11.42
2  28  2  52.04
3  28  2  17.71
4  28  2  18.74
5  28  2  11.00
6  28  2  11.79
7  28  2  41.00
8  28  2  68.56
9  28  2  39.17
10  28  2  28.08
1  29  2  11.43
2  29  2  8.30
3  29  2  13.36
4  29  2  12.47
5  29  2  14.18
6  29  2  32.56
7  29  2  12.12
8  29  2  13.86
9  29  2  32.71
10  29  2  35.98
1  30  2  20.21
2  30  2  52.16
3  30  2  17.61
4  30  2  3.35
5  30  2  8.26
6  30  2  27.92
7  30  2  6.88
8  30  2  13.25
9  30  2  31.98
10  30  2  22.66
1  31  2  16.68
2  31  2  17.10
3  31  2  15.28
4  31  2  37.34
5  31  2  30.08
6  31  2  10.78
7  31  2  39.83
8  31  2  8.62
9  31  2  20.39
10  31  2  23.16
1  32  2  17.25
2  32  2  40.83
3  32  2  8.85
4  32  2  23.70
5  32  2  6.53
6  32  2  42.28
7  32  2  13.61
8  32  2  11.32
9  32  2  20.85
10  32  2  56.92
1  33  2  31.66
2  33  2  10.60
3  33  2  36.44
4  33  2  8.08
5  33  2  61.26
6  33  2  20.21
7  33  2  5.30
8  33  2  27.70
9  33  2  18.24
10  33  2  45.27
1  34  2  44.09
2  34  2  10.99
3  34  2  33.29
4  34  2  27.27
5  34  2  17.19
6  34  2  59.48
7  34  2  20.37
8  34  2  14.49
9  34  2  16.18
10  34  2  20.17
1  35  2  34.19
2  35  2  27.98
3  35  2  17.95
4  35  2  7.45
5  35  2  2.91
6  35  2  22.22
7  35  2  12.88
8  35  2  60.10
9  35  2  9.66
10  35  2  17.28
1  36  2  12.12
2  36  2  45.52
3  36  2  28.16
4  36  2  24.15
5  36  2  30.90
6  36  2  32.83
7  36  2  18.44
8  36  2  25.14
9  36  2  8.78
10  36  2  45.68
1  37  2  58.85
2  37  2  28.08
3  37  2  21.21
4  37  2  67.02
5  37  2  18.65
6  37  2  19.37
7  37  2  23.68
8  37  2  57.39
9  37  2  65.34
10  37  2  40.17
1  38  2  43.86
2  38  2  18.93
3  38  2  19.67
4  38  2  13.88
5  38  2  7.15
6  38  2  20.01
7  38  2  27.33
8  38  2  28.36
9  38  2  36.36
10  38  2  28.13
1  39  2  23.38
2  39  2  22.99
3  39  2  56.36
4  39  2  27.94
5  39  2  21.73
6  39  2  59.71
7  39  2  14.34
8  39  2  58.75
9  39  2  5.99
10  39  2  69.87
1  40  2  19.19
2  40  2  20.19
3  40  2  12.71
4  40  2  6.33
5  40  2  32.35
6  40  2  50.74
7  40  2  37.12
8  40  2  21.63
9  40  2  32.52
10  40  2  11.34
1  41  2  35.69
2  41  2  21.74
3  41  2  15.46
4  41  2  16.99
5  41  2  39.37
6  41  2  28.99
7  41  2  25.24
8  41  2  29.49
9  41  2  28.71
10  41  2  39.27
1  42  2  19.19
2  42  2  14.11
3  42  2  26.71
4  42  2  6.45
5  42  2  21.62
6  42  2  4.72
7  42  2  30.62
8  42  2  28.59
9  42  2  18.08
10  42  2  9.12
1  43  2  8.79
2  43  2  8.72
3  43  2  10.59
4  43  2  18.65
5  43  2  24.72
6  43  2  4.35
7  43  2  13.86
8  43  2  13.16
9  43  2  13.25
10  43  2  10.47
1  44  2  36.64
2  44  2  9.39
3  44  2  51.42
4  44  2  34.42
5  44  2  24.22
6  44  2  11.09
7  44  2  15.15
8  44  2  38.71
9  44  2  18.98
10  44  2  29.13
1  45  2  4.42
2  45  2  6.25
3  45  2  5.13
4  45  2  37.44
5  45  2  13.58
6  45  2  3.56
7  45  2  30.19
8  45  2  21.51
9  45  2  52.43
10  45  2  16.48
1  46  2  18.97
2  46  2  6.79
3  46  2  44.15
4  46  2  19.38
5  46  2  11.03
6  46  2  11.36
7  46  2  36.80
8  46  2  23.36
9  46  2  40.14
10  46  2  11.79
1  47  2  9.59
2  47  2  12.52
3  47  2  47.56
4  47  2  26.71
5  47  2  20.14
6  47  2  41.14
7  47  2  28.72
8  47  2  22.27
9  47  2  16.25
10  47  2  22.42
1  48  2  49.79
2  48  2  24.46
3  48  2  32.80
4  48  2  33.35
5  48  2  27.33
6  48  2  12.41
7  48  2  66.27
8  48  2  14.22
9  48  2  34.94
10  48  2  12.15
1  49  2  50.90
2  49  2  46.77
3  49  2  11.68
4  49  2  16.73
5  49  2  6.15
6  49  2  19.90
7  49  2  15.18
8  49  2  10.78
9  49  2  12.74
10  49  2  18.10
1  50  2  30.91
2  50  2  30.56
3  50  2  3.10
4  50  2  32.23
5  50  2  23.07
6  50  2  57.39
7  50  2  3.61
8  50  2  32.48
9  50  2  35.94
10  50  2  2.98
1  51  2  34.89
2  51  2  27.62
3  51  2  10.66
4  51  2  39.23
5  51  2  28.82
6  51  2  2.61
7  51  2  22.68
8  51  2  19.13
9  51  2  17.32
10  51  2  42.07
1  52  2  11.11
2  52  2  19.57
3  52  2  19.11
4  52  2  13.91
5  52  2  32.37
6  52  2  5.92
7  52  2  37.46
8  52  2  59.62
9  52  2  13.70
10  52  2  27.80
1  53  2  23.47
2  53  2  13.75
3  53  2  56.13
4  53  2  33.38
5  53  2  6.40
6  53  2  43.06
7  53  2  20.22
8  53  2  10.29
9  53  2  18.70
10  53  2  20.62
1  54  2  19.52
2  54  2  3.50
3  54  2  29.67
4  54  2  26.60
5  54  2  9.99
6  54  2  28.40
7  54  2  11.22
8  54  2  53.44
9  54  2  39.03
10  54  2  38.70
1  55  2  10.21
2  55  2  12.98
3  55  2  20.31
4  55  2  27.81
5  55  2  6.04
6  55  2  7.98
7  55  2  10.06
8  55  2  11.55
9  55  2  41.76
10  55  2  18.84
1  56  2  49.52
2  56  2  19.85
3  56  2  29.31
4  56  2  19.02
5  56  2  22.91
6  56  2  6.01
7  56  2  23.86
8  56  2  6.51
9  56  2  8.38
10  56  2  32.23
1  57  2  18.16
2  57  2  6.68
3  57  2  39.66
4  57  2  15.98
5  57  2  16.09
6  57  2  9.64
7  57  2  5.29
8  57  2  27.85
9  57  2  17.21
10  57  2  9.76
1  58  2  24.75
2  58  2  14.21
3  58  2  44.52
4  58  2  30.15
5  58  2  44.05
6  58  2  19.13
7  58  2  22.46
8  58  2  9.27
9  58  2  68.47
10  58  2  63.23
1  59  2  48.39
2  59  2  17.93
3  59  2  43.76
4  59  2  8.79
5  59  2  9.31
6  59  2  71.10
7  59  2  9.23
8  59  2  35.89
9  59  2  17.49
10  59  2  29.98
1  60  2  6.50
2  60  2  5.60
3  60  2  27.64
4  60  2  26.36
5  60  2  41.15
6  60  2  6.03
7  60  2  5.62
8  60  2  30.93
9  60  2  61.81
10  60  2  23.75
1  61  2  33.48
2  61  2  7.51
3  61  2  39.58
4  61  2  18.32
5  61  2  56.52
6  61  2  34.60
7  61  2  44.67
8  61  2  11.29
9  61  2  34.54
10  61  2  56.20
1  62  2  19.64
2  62  2  16.34
3  62  2  21.15
4  62  2  22.67
5  62  2  17.36
6  62  2  20.00
7  62  2  25.98
8  62  2  7.02
9  62  2  29.36
10  62  2  16.30
1  63  2  6.75
2  63  2  23.18
3  63  2  16.54
4  63  2  4.39
5  63  2  42.40
6  63  2  40.99
7  63  2  38.02
8  63  2  18.60
9  63  2  16.89
10  63  2  14.95
1  64  2  57.10
2  64  2  43.72
3  64  2  12.11
4  64  2  19.75
5  64  2  22.75
6  64  2  15.60
7  64  2  18.59
8  64  2  14.32
9  64  2  17.86
10  64  2  31.99
1  65  2  7.27
2  65  2  19.00
3  65  2  3.45
4  65  2  16.33
5  65  2  15.21
6  65  2  45.27
7  65  2  49.88
8  65  2  17.93
9  65  2  13.65
10  65  2  34.34
1  66  2  19.03
2  66  2  33.32
3  66  2  4.89
4  66  2  15.44
5  66  2  23.78
6  66  2  26.51
7  66  2  5.30
8  66  2  43.09
9  66  2  23.36
10  66  2  50.75
1  67  2  24.81
2  67  2  11.44
3  67  2  37.76
4  67  2  27.67
5  67  2  17.73
6  67  2  6.51
7  67  2  60.58
8  67  2  28.96
9  67  2  8.68
10  67  2  11.49
1  68  2  53.80
2  68  2  36.13
3  68  2  16.26
4  68  2  8.92
5  68  2  23.17
6  68  2  10.86
7  68  2  25.27
8  68  2  44.72
9  68  2  4.65
10  68  2  2.91
1  69  2  8.48
2  69  2  23.35
3  69  2  17.56
4  69  2  22.33
5  69  2  16.06
6  69  2  10.83
7  69  2  43.91
8  69  2  44.48
9  69  2  17.94
10  69  2  24.72
1  70  2  10.61
2  70  2  26.23
3  70  2  24.17
4  70  2  47.82
5  70  2  31.32
6  70  2  14.75
7  70  2  11.37
8  70  2  5.98
9  70  2  29.62
10  70  2  29.47
1  71  2  7.94
2  71  2  16.10
3  71  2  10.34
4  71  2  28.06
5  71  2  3.99
6  71  2  21.00
7  71  2  46.13
8  71  2  12.54
9  71  2  22.11
10  71  2  14.86
1  72  2  13.65
2  72  2  32.23
3  72  2  24.37
4  72  2  61.12
5  72  2  28.41
6  72  2  13.97
7  72  2  44.39
8  72  2  25.63
9  72  2  13.39
10  72  2  21.02
1  73  2  45.57
2  73  2  21.34
3  73  2  28.32
4  73  2  59.66
5  73  2  26.22
6  73  2  41.46
7  73  2  53.24
8  73  2  26.96
9  73  2  5.58
10  73  2  43.77
1  74  2  6.96
2  74  2  46.35
3  74  2  22.12
4  74  2  27.82
5  74  2  44.78
6  74  2  32.67
7  74  2  27.62
8  74  2  21.71
9  74  2  35.43
10  74  2  30.02
1  75  2  13.47
2  75  2  13.33
3  75  2  24.11
4  75  2  23.60
5  75  2  44.05
6  75  2  25.67
7  75  2  39.57
8  75  2  28.32
9  75  2  8.70
10  75  2  23.75
1  76  2  10.16
2  76  2  43.67
3  76  2  11.46
4  76  2  49.99
5  76  2  22.67
6  76  2  4.85
7  76  2  9.53
8  76  2  28.46
9  76  2  46.57
10  76  2  8.77
1  77  2  37.56
2  77  2  47.14
3  77  2  14.77
4  77  2  14.46
5  77  2  17.21
6  77  2  31.11
7  77  2  23.10
8  77  2  22.85
9  77  2  25.91
10  77  2  10.60
1  78  2  56.08
2  78  2  42.37
3  78  2  9.96
4  78  2  7.72
5  78  2  6.79
6  78  2  24.60
7  78  2  6.90
8  78  2  25.28
9  78  2  38.92
10  78  2  13.66
1  79  2  19.87
2  79  2  5.91
3  79  2  27.01
4  79  2  48.93
5  79  2  9.48
6  79  2  16.86
7  79  2  21.14
8  79  2  41.10
9  79  2  7.93
10  79  2  11.19
1  80  2  70.04
2  80  2  8.80
3  80  2  30.10
4  80  2  17.48
5  80  2  49.47
6  80  2  24.57
7  80  2  34.92
8  80  2  27.14
9  80  2  9.50
10  80  2  10.83
1  81  2  27.95
2  81  2  63.15
3  81  2  40.87
4  81  2  40.30
5  81  2  14.64
6  81  2  49.07
7  81  2  25.53
8  81  2  44.68
9  81  2  28.72
10  81  2  21.54
1  82  2  9.92
2  82  2  26.72
3  82  2  29.66
4  82  2  3.91
5  82  2  5.07
6  82  2  26.74
7  82  2  16.94
8  82  2  47.80
9  82  2  14.88
10  82  2  25.72
1  83  2  24.66
2  83  2  15.14
3  83  2  22.75
4  83  2  26.38
5  83  2  26.71
6  83  2  49.37
7  83  2  9.38
8  83  2  55.68
9  83  2  24.31
10  83  2  21.02
1  84  2  24.39
2  84  2  28.12
3  84  2  29.53
4  84  2  15.41
5  84  2  9.18
6  84  2  47.70
7  84  2  16.85
8  84  2  34.56
9  84  2  20.01
10  84  2  16.57
1  85  2  12.73
2  85  2  20.33
3  85  2  37.17
4  85  2  18.05
5  85  2  4.70
6  85  2  16.16
7  85  2  27.86
8  85  2  6.33
9  85  2  40.78
10  85  2  23.06
1  86  2  18.10
2  86  2  22.06
3  86  2  58.90
4  86  2  11.67
5  86  2  42.67
6  86  2  35.34
7  86  2  28.07
8  86  2  28.96
9  86  2  48.88
10  86  2  33.99
1  87  2  33.38
2  87  2  22.04
3  87  2  25.33
4  87  2  14.05
5  87  2  7.93
6  87  2  45.72
7  87  2  10.18
8  87  2  8.84
9  87  2  37.65
10  87  2  15.38
1  88  2  9.72
2  88  2  67.90
3  88  2  24.54
4  88  2  11.52
5  88  2  28.95
6  88  2  36.43
7  88  2  14.38
8  88  2  35.25
9  88  2  7.00
10  88  2  11.98
1  89  2  37.63
2  89  2  17.42
3  89  2  15.19
4  89  2  19.45
5  89  2  10.00
6  89  2  39.10
7  89  2  14.04
8  89  2  8.57
9  89  2  14.12
10  89  2  18.98
1  90  2  12.98
2  90  2  24.35
3  90  2  34.20
4  90  2  32.76
5  90  2  51.37
6  90  2  10.28
7  90  2  7.32
8  90  2  51.90
9  90  2  43.25
10  90  2  65.49
1  91  2  60.88
2  91  2  7.26
3  91  2  18.14
4  91  2  42.75
5  91  2  26.47
6  91  2  24.08
7  91  2  35.40
8  91  2  43.94
9  91  2  47.81
10  91  2  25.27
1  92  2  6.18
2  92  2  48.47
3  92  2  16.37
4  92  2  33.53
5  92  2  31.15
6  92  2  36.03
7  92  2  44.54
8  92  2  12.11
9  92  2  18.50
10  92  2  5.06
1  93  2  19.95
2  93  2  15.91
3  93  2  9.90
4  93  2  24.72
5  93  2  49.84
6  93  2  29.94
7  93  2  44.38
8  93  2  49.94
9  93  2  48.35
10  93  2  40.55
1  94  2  41.63
2  94  2  16.89
3  94  2  5.86
4  94  2  38.99
5  94  2  39.28
6  94  2  15.47
7  94  2  8.76
8  94  2  23.61
9  94  2  22.73
10  94  2  30.42
1  95  2  30.15
2  95  2  3.93
3  95  2  41.71
4  95  2  28.86
5  95  2  8.40
6  95  2  31.73
7  95  2  41.31
8  95  2  23.20
9  95  2  22.46
10  95  2  12.54
1  96  2  9.84
2  96  2  15.97
3  96  2  12.03
4  96  2  19.30
5  96  2  32.68
6  96  2  28.32
7  96  2  5.10
8  96  2  21.53
9  96  2  67.58
10  96  2  20.00
1  97  2  22.16
2  97  2  25.74
3  97  2  24.24
4  97  2  5.49
5  97  2  33.84
6  97  2  15.26
7  97  2  8.95
8  97  2  47.78
9  97  2  15.18
10  97  2  20.57
1  98  2  14.95
2  98  2  21.54
3  98  2  31.93
4  98  2  15.25
5  98  2  55.13
6  98  2  11.21
7  98  2  25.91
8  98  2  16.20
9  98  2  36.44
10  98  2  34.70
1  99  2  11.22
2  99  2  12.48
3  99  2  39.46
4  99  2  20.86
5  99  2  17.47
6  99  2  45.01
7  99  2  19.06
8  99  2  47.21
9  99  2  18.98
10  99  2  16.77
1  100  2  7.93
2  100  2  29.24
3  100  2  26.99
4  100  2  8.69
5  100  2  9.97
6  100  2  20.90
7  100  2  22.27
8  100  2  40.40
9  100  2  19.87
10  100  2  39.99
1  101  2  47.15
2  101  2  37.73
3  101  2  19.26
4  101  2  13.51
5  101  2  43.61
6  101  2  53.57
7  101  2  30.70
8  101  2  33.52
9  101  2  9.23
10  101  2  8.27
1  102  2  21.94
2  102  2  9.71
3  102  2  8.39
4  102  2  37.80
5  102  2  55.59
6  102  2  6.15
7  102  2  43.04
8  102  2  25.58
9  102  2  16.15
10  102  2  12.48
1  103  2  44.70
2  103  2  43.53
3  103  2  29.00
4  103  2  30.67
5  103  2  62.36
6  103  2  31.24
7  103  2  26.12
8  103  2  3.99
9  103  2  24.58
10  103  2  5.69
1  104  2  6.40
2  104  2  25.90
3  104  2  31.41
4  104  2  7.97
5  104  2  7.47
6  104  2  25.97
7  104  2  16.38
8  104  2  50.10
9  104  2  46.99
10  104  2  15.53
1  105  2  8.77
2  105  2  22.25
3  105  2  38.96
4  105  2  3.26
5  105  2  15.12
6  105  2  14.23
7  105  2  12.40
8  105  2  20.20
9  105  2  6.41
10  105  2  32.52
1  106  2  26.06
2  106  2  8.47
3  106  2  8.55
4  106  2  17.02
5  106  2  25.19
6  106  2  58.47
7  106  2  10.37
8  106  2  24.00
9  106  2  28.19
10  106  2  27.22
1  107  2  39.01
2  107  2  51.13
3  107  2  45.17
4  107  2  8.37
5  107  2  24.08
6  107  2  38.83
7  107  2  16.74
8  107  2  20.97
9  107  2  5.89
10  107  2  10.81
1  108  2  16.47
2  108  2  9.95
3  108  2  18.73
4  108  2  18.48
5  108  2  39.25
6  108  2  29.95
7  108  2  25.49
8  108  2  59.17
9  108  2  8.50
10  108  2  3.20
1  109  2  31.17
2  109  2  23.41
3  109  2  3.19
4  109  2  31.40
5  109  2  15.43
6  109  2  37.57
7  109  2  7.68
8  109  2  16.30
9  109  2  24.58
10  109  2  44.28
1  110  2  8.89
2  110  2  19.70
3  110  2  41.10
4  110  2  26.92
5  110  2  10.32
6  110  2  17.17
7  110  2  14.71
8  110  2  14.64
9  110  2  65.42
10  110  2  15.27
1  111  2  34.73
2  111  2  15.60
3  111  2  29.78
4  111  2  19.18
5  111  2  35.76
6  111  2  12.37
7  111  2  33.03
8  111  2  34.49
9  111  2  8.00
10  111  2  23.46
1  112  2  25.26
2  112  2  33.63
3  112  2  15.28
4  112  2  4.95
5  112  2  24.59
6  112  2  10.59
7  112  2  30.71
8  112  2  62.26
9  112  2  24.22
10  112  2  40.34
1  113  2  58.07
2  113  2  26.78
3  113  2  15.47
4  113  2  7.30
5  113  2  12.76
6  113  2  29.49
7  113  2  12.88
8  113  2  30.69
9  113  2  19.12
10  113  2  16.39
1  114  2  33.06
2  114  2  26.90
3  114  2  51.41
4  114  2  33.62
5  114  2  16.50
6  114  2  12.19
7  114  2  4.34
8  114  2  27.78
9  114  2  28.49
10  114  2  50.45
1  115  2  42.04
2  115  2  22.34
3  115  2  57.37
4  115  2  25.53
5  115  2  46.60
6  115  2  38.47
7  115  2  9.48
8  115  2  35.68
9  115  2  48.24
10  115  2  60.10
1  116  2  25.23
2  116  2  18.05
3  116  2  28.39
4  116  2  28.67
5  116  2  17.55
6  116  2  10.66
7  116  2  44.84
8  116  2  54.58
9  116  2  34.96
10  116  2  8.80
1  117  2  19.73
2  117  2  42.43
3  117  2  20.62
4  117  2  7.40
5  117  2  9.82
6  117  2  44.45
7  117  2  55.16
8  117  2  55.47
9  117  2  16.78
10  117  2  52.73
1  118  2  44.37
2  118  2  62.56
3  118  2  10.31
4  118  2  40.33
5  118  2  35.54
6  118  2  14.80
7  118  2  20.94
8  118  2  57.25
9  118  2  21.15
10  118  2  19.53
1  119  2  58.67
2  119  2  18.98
3  119  2  11.47
4  119  2  11.88
5  119  2  45.37
6  119  2  48.53
7  119  2  51.24
8  119  2  9.33
9  119  2  8.32
10  119  2  24.71
1  120  2  14.74
2  120  2  20.65
3  120  2  17.88
4  120  2  21.03
5  120  2  5.91
6  120  2  53.22
7  120  2  25.58
8  120  2  17.96
9  120  2  6.65
10  120  2  14.72
1  121  2  8.15
2  121  2  41.39
3  121  2  51.38
4  121  2  52.52
5  121  2  26.82
6  121  2  8.64
7  121  2  25.84
8  121  2  17.87
9  121  2  14.34
10  121  2  35.56
1  122  2  13.37
2  122  2  16.58
3  122  2  21.78
4  122  2  18.67
5  122  2  29.69
6  122  2  24.60
7  122  2  30.08
8  122  2  52.02
9  122  2  64.21
10  122  2  14.02
1  123  2  39.25
2  123  2  14.20
3  123  2  19.85
4  123  2  43.62
5  123  2  11.47
6  123  2  5.49
7  123  2  8.75
8  123  2  7.19
9  123  2  9.99
10  123  2  21.81
1  124  2  8.51
2  124  2  21.07
3  124  2  63.17
4  124  2  16.06
5  124  2  12.13
6  124  2  16.05
7  124  2  20.91
8  124  2  53.01
9  124  2  21.45
10  124  2  10.30
1  125  2  10.32
2  125  2  62.79
3  125  2  5.87
4  125  2  41.12
5  125  2  40.48
6  125  2  48.63
7  125  2  21.99
8  125  2  29.51
9  125  2  9.50
10  125  2  56.94
1  126  2  8.76
2  126  2  7.55
3  126  2  26.32
4  126  2  18.62
5  126  2  22.48
6  126  2  8.69
7  126  2  11.14
8  126  2  4.39
9  126  2  22.82
10  126  2  67.32
1  127  2  13.86
2  127  2  17.79
3  127  2  25.88
4  127  2  13.72
5  127  2  9.91
6  127  2  3.38
7  127  2  12.29
8  127  2  28.47
9  127  2  5.69
10  127  2  26.78
1  128  2  35.70
2  128  2  24.16
3  128  2  31.38
4  128  2  2.66
5  128  2  21.54
6  128  2  14.30
7  128  2  43.57
8  128  2  19.00
9  128  2  35.92
10  128  2  67.20
1  129  2  35.48
2  129  2  20.94
3  129  2  31.45
4  129  2  24.12
5  129  2  8.30
6  129  2  44.45
7  129  2  5.95
8  129  2  8.50
9  129  2  29.83
10  129  2  26.64
1  130  2  19.49
2  130  2  17.80
3  130  2  4.01
4  130  2  15.31
5  130  2  43.76
6  130  2  11.31
7  130  2  16.69
8  130  2  11.36
9  130  2  20.17
10  130  2  26.21
1  131  2  16.14
2  131  2  10.13
3  131  2  26.00
4  131  2  21.34
5  131  2  8.00
6  131  2  38.78
7  131  2  8.54
8  131  2  55.54
9  131  2  13.89
10  131  2  19.29
1  132  2  11.05
2  132  2  25.01
3  132  2  5.00
4  132  2  17.36
5  132  2  6.00
6  132  2  22.44
7  132  2  27.18
8  132  2  20.39
9  132  2  40.86
10  132  2  19.36
1  133  2  33.78
2  133  2  30.16
3  133  2  29.63
4  133  2  23.22
5  133  2  23.98
6  133  2  4.84
7  133  2  19.55
8  133  2  23.10
9  133  2  6.68
10  133  2  64.60
1  134  2  12.80
2  134  2  43.95
3  134  2  46.14
4  134  2  10.82
5  134  2  15.52
6  134  2  9.92
7  134  2  8.77
8  134  2  27.88
9  134  2  8.23
10  134  2  11.05
1  135  2  25.61
2  135  2  8.56
3  135  2  30.70
4  135  2  21.77
5  135  2  22.55
6  135  2  25.25
7  135  2  21.03
8  135  2  22.76
9  135  2  4.67
10  135  2  46.31
1  136  2  18.93
2  136  2  2.70
3  136  2  42.95
4  136  2  56.64
5  136  2  18.55
6  136  2  14.47
7  136  2  11.40
8  136  2  29.24
9  136  2  3.29
10  136  2  54.32
1  137  2  32.53
2  137  2  3.66
3  137  2  24.25
4  137  2  21.35
5  137  2  19.54
6  137  2  56.54
7  137  2  32.47
8  137  2  23.77
9  137  2  10.90
10  137  2  30.53
1  138  2  53.11
2  138  2  11.56
3  138  2  31.23
4  138  2  10.57
5  138  2  42.18
6  138  2  27.19
7  138  2  17.97
8  138  2  33.09
9  138  2  8.70
10  138  2  28.15
1  139  2  70.20
2  139  2  37.42
3  139  2  15.93
4  139  2  28.37
5  139  2  7.59
6  139  2  23.05
7  139  2  43.67
8  139  2  12.00
9  139  2  10.24
10  139  2  38.51
1  140  2  42.68
2  140  2  33.80
3  140  2  54.99
4  140  2  12.70
5  140  2  31.04
6  140  2  35.92
7  140  2  18.28
8  140  2  59.35
9  140  2  9.31
10  140  2  4.59
1  141  2  35.90
2  141  2  24.89
3  141  2  21.81
4  141  2  7.25
5  141  2  16.06
6  141  2  47.47
7  141  2  20.92
8  141  2  16.18
9  141  2  6.79
10  141  2  21.19
1  142  2  30.26
2  142  2  30.15
3  142  2  28.43
4  142  2  4.07
5  142  2  13.23
6  142  2  23.12
7  142  2  48.04
8  142  2  24.97
9  142  2  16.70
10  142  2  29.03
1  143  2  68.49
2  143  2  13.21
3  143  2  13.87
4  143  2  54.05
5  143  2  19.96
6  143  2  62.43
7  143  2  9.52
8  143  2  29.37
9  143  2  64.49
10  143  2  25.59
1  144  2  8.24
2  144  2  36.82
3  144  2  19.26
4  144  2  40.69
5  144  2  6.38
6  144  2  18.53
7  144  2  14.19
8  144  2  24.03
9  144  2  46.38
10  144  2  33.96
1  145  2  18.53
2  145  2  15.17
3  145  2  57.95
4  145  2  10.65
5  145  2  42.32
6  145  2  24.01
7  145  2  26.87
8  145  2  5.80
9  145  2  12.97
10  145  2  13.76
1  146  2  7.30
2  146  2  14.43
3  146  2  2.43
4  146  2  11.51
5  146  2  29.75
6  146  2  23.14
7  146  2  37.44
8  146  2  42.37
9  146  2  17.36
10  146  2  7.17
1  147  2  24.15
2  147  2  13.11
3  147  2  29.32
4  147  2  63.74
5  147  2  10.83
6  147  2  42.93
7  147  2  16.56
8  147  2  22.77
9  147  2  35.18
10  147  2  14.75
1  148  2  33.64
2  148  2  43.40
3  148  2  37.48
4  148  2  27.48
5  148  2  24.19
6  148  2  40.65
7  148  2  39.82
8  148  2  27.74
9  148  2  35.78
10  148  2  7.93
1  149  2  27.33
2  149  2  43.14
3  149  2  38.49
4  149  2  69.54
5  149  2  30.99
6  149  2  8.41
7  149  2  11.55
8  149  2  8.29
9  149  2  13.09
10  149  2  3.94
1  150  2  35.93
2  150  2  26.53
3  150  2  12.01
4  150  2  41.54
5  150  2  7.40
6  150  2  38.89
7  150  2  28.28
8  150  2  29.22
9  150  2  15.86
10  150  2  26.21
;

