param com_measure1 := 0.62371;

param com_measure2 := 0.96939;

param kappa_max := 620.3548;

param U_tau := 420.7848;

param nT := 2;

param nS := 100;

param nL := 15;

param B := 560.38;

param w :=
1  1
2  3
3  1
4  3
5  2
6  1
7  1
8  3
9  1
10  3
11  1
12  1
13  2
14  2
15  3
;

param h :=
1  1  0
1  2  0
1  3  0
1  4  0
1  5  0
1  6  0
1  7  0
1  8  0
1  9  0
1  10  0
1  11  0
1  12  0
1  13  0
1  14  0
1  15  0
2  1  78.43
2  2  75.00
2  3  79.45
2  4  76.94
2  5  66.49
2  6  76.14
2  7  79.94
2  8  68.96
2  9  74.25
2  10  83.04
2  11  75.56
2  12  72.79
2  13  77.02
2  14  70.02
2  15  66.74
;

param xi :=
1  1  1  44
2  1  1  11
3  1  1  60
4  1  1  49
5  1  1  46
6  1  1  43
7  1  1  71
8  1  1  40
9  1  1  69
10  1  1  47
11  1  1  66
12  1  1  45
13  1  1  57
14  1  1  50
15  1  1  33
1  2  1  16
2  2  1  78
3  2  1  29
4  2  1  59
5  2  1  14
6  2  1  19
7  2  1  84
8  2  1  25
9  2  1  43
10  2  1  82
11  2  1  42
12  2  1  75
13  2  1  19
14  2  1  61
15  2  1  75
1  3  1  18
2  3  1  60
3  3  1  62
4  3  1  29
5  3  1  13
6  3  1  11
7  3  1  38
8  3  1  50
9  3  1  25
10  3  1  23
11  3  1  84
12  3  1  51
13  3  1  57
14  3  1  20
15  3  1  84
1  4  1  14
2  4  1  57
3  4  1  86
4  4  1  90
5  4  1  83
6  4  1  46
7  4  1  38
8  4  1  42
9  4  1  84
10  4  1  45
11  4  1  39
12  4  1  36
13  4  1  20
14  4  1  61
15  4  1  29
1  5  1  50
2  5  1  12
3  5  1  52
4  5  1  13
5  5  1  28
6  5  1  54
7  5  1  55
8  5  1  19
9  5  1  69
10  5  1  70
11  5  1  84
12  5  1  79
13  5  1  22
14  5  1  69
15  5  1  85
1  6  1  57
2  6  1  64
3  6  1  22
4  6  1  40
5  6  1  12
6  6  1  58
7  6  1  23
8  6  1  43
9  6  1  13
10  6  1  77
11  6  1  76
12  6  1  58
13  6  1  57
14  6  1  13
15  6  1  85
1  7  1  19
2  7  1  62
3  7  1  86
4  7  1  68
5  7  1  55
6  7  1  62
7  7  1  40
8  7  1  81
9  7  1  71
10  7  1  70
11  7  1  36
12  7  1  23
13  7  1  77
14  7  1  26
15  7  1  55
1  8  1  30
2  8  1  21
3  8  1  50
4  8  1  44
5  8  1  48
6  8  1  13
7  8  1  36
8  8  1  48
9  8  1  56
10  8  1  34
11  8  1  77
12  8  1  31
13  8  1  41
14  8  1  39
15  8  1  39
1  9  1  79
2  9  1  66
3  9  1  26
4  9  1  60
5  9  1  31
6  9  1  74
7  9  1  56
8  9  1  90
9  9  1  43
10  9  1  46
11  9  1  51
12  9  1  28
13  9  1  79
14  9  1  81
15  9  1  10
1  10  1  16
2  10  1  78
3  10  1  66
4  10  1  60
5  10  1  19
6  10  1  76
7  10  1  54
8  10  1  60
9  10  1  45
10  10  1  65
11  10  1  11
12  10  1  49
13  10  1  72
14  10  1  42
15  10  1  34
1  11  1  61
2  11  1  29
3  11  1  10
4  11  1  85
5  11  1  45
6  11  1  51
7  11  1  84
8  11  1  30
9  11  1  40
10  11  1  12
11  11  1  72
12  11  1  80
13  11  1  11
14  11  1  14
15  11  1  27
1  12  1  76
2  12  1  50
3  12  1  68
4  12  1  19
5  12  1  30
6  12  1  51
7  12  1  46
8  12  1  62
9  12  1  32
10  12  1  40
11  12  1  71
12  12  1  60
13  12  1  44
14  12  1  41
15  12  1  15
1  13  1  77
2  13  1  61
3  13  1  44
4  13  1  80
5  13  1  71
6  13  1  12
7  13  1  15
8  13  1  70
9  13  1  14
10  13  1  44
11  13  1  69
12  13  1  69
13  13  1  86
14  13  1  48
15  13  1  52
1  14  1  81
2  14  1  73
3  14  1  50
4  14  1  69
5  14  1  83
6  14  1  54
7  14  1  52
8  14  1  86
9  14  1  51
10  14  1  87
11  14  1  71
12  14  1  78
13  14  1  14
14  14  1  35
15  14  1  21
1  15  1  74
2  15  1  33
3  15  1  21
4  15  1  78
5  15  1  82
6  15  1  20
7  15  1  74
8  15  1  89
9  15  1  73
10  15  1  66
11  15  1  39
12  15  1  10
13  15  1  21
14  15  1  89
15  15  1  40
1  16  1  29
2  16  1  84
3  16  1  59
4  16  1  82
5  16  1  38
6  16  1  66
7  16  1  16
8  16  1  21
9  16  1  13
10  16  1  76
11  16  1  50
12  16  1  17
13  16  1  64
14  16  1  86
15  16  1  49
1  17  1  58
2  17  1  10
3  17  1  29
4  17  1  32
5  17  1  47
6  17  1  31
7  17  1  56
8  17  1  35
9  17  1  42
10  17  1  86
11  17  1  74
12  17  1  21
13  17  1  20
14  17  1  75
15  17  1  68
1  18  1  14
2  18  1  31
3  18  1  17
4  18  1  62
5  18  1  37
6  18  1  88
7  18  1  22
8  18  1  32
9  18  1  87
10  18  1  36
11  18  1  15
12  18  1  62
13  18  1  58
14  18  1  14
15  18  1  85
1  19  1  62
2  19  1  73
3  19  1  68
4  19  1  46
5  19  1  21
6  19  1  17
7  19  1  67
8  19  1  48
9  19  1  80
10  19  1  66
11  19  1  64
12  19  1  35
13  19  1  79
14  19  1  17
15  19  1  42
1  20  1  45
2  20  1  18
3  20  1  13
4  20  1  58
5  20  1  56
6  20  1  70
7  20  1  44
8  20  1  12
9  20  1  83
10  20  1  49
11  20  1  12
12  20  1  77
13  20  1  89
14  20  1  27
15  20  1  73
1  21  1  47
2  21  1  17
3  21  1  42
4  21  1  89
5  21  1  78
6  21  1  30
7  21  1  54
8  21  1  55
9  21  1  31
10  21  1  38
11  21  1  21
12  21  1  86
13  21  1  36
14  21  1  17
15  21  1  17
1  22  1  54
2  22  1  11
3  22  1  84
4  22  1  67
5  22  1  34
6  22  1  79
7  22  1  69
8  22  1  16
9  22  1  28
10  22  1  70
11  22  1  70
12  22  1  24
13  22  1  61
14  22  1  72
15  22  1  19
1  23  1  35
2  23  1  83
3  23  1  70
4  23  1  34
5  23  1  81
6  23  1  53
7  23  1  79
8  23  1  10
9  23  1  54
10  23  1  83
11  23  1  51
12  23  1  33
13  23  1  77
14  23  1  19
15  23  1  22
1  24  1  66
2  24  1  72
3  24  1  63
4  24  1  13
5  24  1  40
6  24  1  20
7  24  1  67
8  24  1  60
9  24  1  37
10  24  1  25
11  24  1  29
12  24  1  88
13  24  1  60
14  24  1  13
15  24  1  48
1  25  1  78
2  25  1  23
3  25  1  52
4  25  1  65
5  25  1  31
6  25  1  50
7  25  1  83
8  25  1  69
9  25  1  20
10  25  1  59
11  25  1  34
12  25  1  72
13  25  1  42
14  25  1  63
15  25  1  64
1  26  1  87
2  26  1  90
3  26  1  70
4  26  1  19
5  26  1  11
6  26  1  36
7  26  1  67
8  26  1  23
9  26  1  18
10  26  1  35
11  26  1  40
12  26  1  84
13  26  1  11
14  26  1  23
15  26  1  20
1  27  1  30
2  27  1  23
3  27  1  19
4  27  1  73
5  27  1  84
6  27  1  24
7  27  1  27
8  27  1  18
9  27  1  26
10  27  1  37
11  27  1  22
12  27  1  20
13  27  1  43
14  27  1  87
15  27  1  13
1  28  1  57
2  28  1  63
3  28  1  55
4  28  1  52
5  28  1  40
6  28  1  65
7  28  1  61
8  28  1  27
9  28  1  78
10  28  1  46
11  28  1  41
12  28  1  75
13  28  1  75
14  28  1  84
15  28  1  27
1  29  1  26
2  29  1  80
3  29  1  66
4  29  1  14
5  29  1  81
6  29  1  31
7  29  1  48
8  29  1  18
9  29  1  65
10  29  1  86
11  29  1  19
12  29  1  58
13  29  1  33
14  29  1  88
15  29  1  36
1  30  1  55
2  30  1  15
3  30  1  12
4  30  1  23
5  30  1  22
6  30  1  64
7  30  1  57
8  30  1  39
9  30  1  23
10  30  1  78
11  30  1  83
12  30  1  54
13  30  1  11
14  30  1  55
15  30  1  31
1  31  1  61
2  31  1  65
3  31  1  13
4  31  1  83
5  31  1  68
6  31  1  30
7  31  1  78
8  31  1  84
9  31  1  89
10  31  1  87
11  31  1  40
12  31  1  45
13  31  1  76
14  31  1  29
15  31  1  85
1  32  1  54
2  32  1  60
3  32  1  74
4  32  1  65
5  32  1  65
6  32  1  30
7  32  1  83
8  32  1  52
9  32  1  60
10  32  1  24
11  32  1  25
12  32  1  28
13  32  1  87
14  32  1  41
15  32  1  11
1  33  1  52
2  33  1  44
3  33  1  63
4  33  1  79
5  33  1  19
6  33  1  90
7  33  1  23
8  33  1  10
9  33  1  80
10  33  1  42
11  33  1  59
12  33  1  30
13  33  1  82
14  33  1  30
15  33  1  15
1  34  1  18
2  34  1  77
3  34  1  39
4  34  1  34
5  34  1  10
6  34  1  26
7  34  1  28
8  34  1  27
9  34  1  11
10  34  1  64
11  34  1  49
12  34  1  36
13  34  1  31
14  34  1  86
15  34  1  67
1  35  1  77
2  35  1  90
3  35  1  72
4  35  1  17
5  35  1  34
6  35  1  86
7  35  1  28
8  35  1  31
9  35  1  24
10  35  1  53
11  35  1  49
12  35  1  77
13  35  1  15
14  35  1  27
15  35  1  59
1  36  1  33
2  36  1  47
3  36  1  79
4  36  1  38
5  36  1  35
6  36  1  45
7  36  1  90
8  36  1  88
9  36  1  29
10  36  1  88
11  36  1  11
12  36  1  88
13  36  1  77
14  36  1  81
15  36  1  69
1  37  1  87
2  37  1  56
3  37  1  62
4  37  1  24
5  37  1  18
6  37  1  68
7  37  1  50
8  37  1  58
9  37  1  58
10  37  1  72
11  37  1  18
12  37  1  54
13  37  1  88
14  37  1  41
15  37  1  11
1  38  1  69
2  38  1  61
3  38  1  89
4  38  1  72
5  38  1  28
6  38  1  32
7  38  1  12
8  38  1  58
9  38  1  22
10  38  1  30
11  38  1  59
12  38  1  85
13  38  1  65
14  38  1  27
15  38  1  54
1  39  1  59
2  39  1  11
3  39  1  80
4  39  1  75
5  39  1  38
6  39  1  13
7  39  1  57
8  39  1  46
9  39  1  31
10  39  1  71
11  39  1  69
12  39  1  37
13  39  1  80
14  39  1  80
15  39  1  60
1  40  1  83
2  40  1  35
3  40  1  73
4  40  1  72
5  40  1  26
6  40  1  86
7  40  1  47
8  40  1  25
9  40  1  26
10  40  1  50
11  40  1  44
12  40  1  66
13  40  1  72
14  40  1  11
15  40  1  60
1  41  1  66
2  41  1  21
3  41  1  30
4  41  1  47
5  41  1  22
6  41  1  67
7  41  1  68
8  41  1  68
9  41  1  47
10  41  1  50
11  41  1  19
12  41  1  10
13  41  1  65
14  41  1  29
15  41  1  16
1  42  1  81
2  42  1  13
3  42  1  36
4  42  1  57
5  42  1  66
6  42  1  71
7  42  1  24
8  42  1  14
9  42  1  50
10  42  1  72
11  42  1  16
12  42  1  51
13  42  1  69
14  42  1  64
15  42  1  36
1  43  1  67
2  43  1  11
3  43  1  23
4  43  1  69
5  43  1  47
6  43  1  82
7  43  1  80
8  43  1  66
9  43  1  86
10  43  1  15
11  43  1  14
12  43  1  89
13  43  1  52
14  43  1  64
15  43  1  75
1  44  1  55
2  44  1  53
3  44  1  54
4  44  1  36
5  44  1  21
6  44  1  42
7  44  1  51
8  44  1  62
9  44  1  84
10  44  1  68
11  44  1  65
12  44  1  42
13  44  1  12
14  44  1  45
15  44  1  34
1  45  1  19
2  45  1  74
3  45  1  30
4  45  1  74
5  45  1  52
6  45  1  53
7  45  1  86
8  45  1  79
9  45  1  59
10  45  1  73
11  45  1  53
12  45  1  37
13  45  1  70
14  45  1  30
15  45  1  22
1  46  1  33
2  46  1  74
3  46  1  60
4  46  1  36
5  46  1  22
6  46  1  47
7  46  1  38
8  46  1  78
9  46  1  18
10  46  1  82
11  46  1  90
12  46  1  68
13  46  1  24
14  46  1  75
15  46  1  24
1  47  1  79
2  47  1  54
3  47  1  84
4  47  1  32
5  47  1  54
6  47  1  30
7  47  1  67
8  47  1  30
9  47  1  68
10  47  1  16
11  47  1  83
12  47  1  65
13  47  1  32
14  47  1  31
15  47  1  82
1  48  1  80
2  48  1  12
3  48  1  71
4  48  1  32
5  48  1  19
6  48  1  79
7  48  1  68
8  48  1  70
9  48  1  28
10  48  1  67
11  48  1  72
12  48  1  63
13  48  1  89
14  48  1  27
15  48  1  40
1  49  1  68
2  49  1  61
3  49  1  84
4  49  1  32
5  49  1  47
6  49  1  41
7  49  1  23
8  49  1  23
9  49  1  49
10  49  1  51
11  49  1  76
12  49  1  60
13  49  1  26
14  49  1  53
15  49  1  51
1  50  1  62
2  50  1  82
3  50  1  90
4  50  1  44
5  50  1  79
6  50  1  31
7  50  1  43
8  50  1  85
9  50  1  17
10  50  1  20
11  50  1  71
12  50  1  14
13  50  1  59
14  50  1  59
15  50  1  40
1  51  1  31
2  51  1  36
3  51  1  14
4  51  1  44
5  51  1  16
6  51  1  42
7  51  1  80
8  51  1  18
9  51  1  72
10  51  1  13
11  51  1  47
12  51  1  31
13  51  1  20
14  51  1  69
15  51  1  37
1  52  1  19
2  52  1  28
3  52  1  23
4  52  1  69
5  52  1  36
6  52  1  62
7  52  1  87
8  52  1  29
9  52  1  49
10  52  1  81
11  52  1  52
12  52  1  40
13  52  1  29
14  52  1  70
15  52  1  48
1  53  1  74
2  53  1  71
3  53  1  81
4  53  1  53
5  53  1  43
6  53  1  80
7  53  1  55
8  53  1  19
9  53  1  47
10  53  1  52
11  53  1  26
12  53  1  28
13  53  1  34
14  53  1  33
15  53  1  70
1  54  1  57
2  54  1  10
3  54  1  41
4  54  1  85
5  54  1  48
6  54  1  25
7  54  1  67
8  54  1  51
9  54  1  14
10  54  1  34
11  54  1  71
12  54  1  13
13  54  1  72
14  54  1  22
15  54  1  44
1  55  1  63
2  55  1  78
3  55  1  39
4  55  1  71
5  55  1  50
6  55  1  32
7  55  1  63
8  55  1  29
9  55  1  16
10  55  1  33
11  55  1  24
12  55  1  61
13  55  1  17
14  55  1  24
15  55  1  49
1  56  1  41
2  56  1  85
3  56  1  40
4  56  1  90
5  56  1  85
6  56  1  89
7  56  1  20
8  56  1  53
9  56  1  32
10  56  1  77
11  56  1  24
12  56  1  31
13  56  1  34
14  56  1  11
15  56  1  62
1  57  1  85
2  57  1  73
3  57  1  71
4  57  1  75
5  57  1  76
6  57  1  40
7  57  1  58
8  57  1  18
9  57  1  65
10  57  1  63
11  57  1  23
12  57  1  34
13  57  1  77
14  57  1  62
15  57  1  34
1  58  1  25
2  58  1  83
3  58  1  16
4  58  1  13
5  58  1  25
6  58  1  89
7  58  1  65
8  58  1  68
9  58  1  53
10  58  1  60
11  58  1  34
12  58  1  84
13  58  1  58
14  58  1  29
15  58  1  71
1  59  1  64
2  59  1  64
3  59  1  21
4  59  1  84
5  59  1  51
6  59  1  78
7  59  1  86
8  59  1  25
9  59  1  31
10  59  1  75
11  59  1  13
12  59  1  73
13  59  1  29
14  59  1  38
15  59  1  25
1  60  1  32
2  60  1  38
3  60  1  16
4  60  1  42
5  60  1  81
6  60  1  64
7  60  1  24
8  60  1  40
9  60  1  20
10  60  1  73
11  60  1  75
12  60  1  26
13  60  1  75
14  60  1  44
15  60  1  85
1  61  1  50
2  61  1  41
3  61  1  61
4  61  1  14
5  61  1  12
6  61  1  27
7  61  1  73
8  61  1  12
9  61  1  51
10  61  1  83
11  61  1  46
12  61  1  89
13  61  1  37
14  61  1  67
15  61  1  55
1  62  1  79
2  62  1  78
3  62  1  55
4  62  1  14
5  62  1  40
6  62  1  88
7  62  1  81
8  62  1  26
9  62  1  81
10  62  1  24
11  62  1  66
12  62  1  24
13  62  1  40
14  62  1  43
15  62  1  40
1  63  1  35
2  63  1  59
3  63  1  76
4  63  1  59
5  63  1  72
6  63  1  60
7  63  1  40
8  63  1  12
9  63  1  32
10  63  1  58
11  63  1  78
12  63  1  30
13  63  1  85
14  63  1  86
15  63  1  57
1  64  1  65
2  64  1  20
3  64  1  89
4  64  1  18
5  64  1  58
6  64  1  16
7  64  1  62
8  64  1  37
9  64  1  41
10  64  1  18
11  64  1  36
12  64  1  62
13  64  1  35
14  64  1  34
15  64  1  45
1  65  1  25
2  65  1  76
3  65  1  64
4  65  1  32
5  65  1  70
6  65  1  61
7  65  1  20
8  65  1  77
9  65  1  65
10  65  1  83
11  65  1  45
12  65  1  21
13  65  1  45
14  65  1  25
15  65  1  68
1  66  1  81
2  66  1  46
3  66  1  76
4  66  1  43
5  66  1  52
6  66  1  29
7  66  1  34
8  66  1  60
9  66  1  34
10  66  1  47
11  66  1  17
12  66  1  32
13  66  1  40
14  66  1  72
15  66  1  47
1  67  1  41
2  67  1  53
3  67  1  63
4  67  1  50
5  67  1  21
6  67  1  73
7  67  1  18
8  67  1  90
9  67  1  17
10  67  1  70
11  67  1  74
12  67  1  73
13  67  1  33
14  67  1  51
15  67  1  73
1  68  1  90
2  68  1  73
3  68  1  90
4  68  1  55
5  68  1  41
6  68  1  58
7  68  1  25
8  68  1  72
9  68  1  22
10  68  1  59
11  68  1  65
12  68  1  56
13  68  1  47
14  68  1  37
15  68  1  37
1  69  1  71
2  69  1  74
3  69  1  81
4  69  1  74
5  69  1  10
6  69  1  35
7  69  1  54
8  69  1  36
9  69  1  56
10  69  1  55
11  69  1  83
12  69  1  36
13  69  1  11
14  69  1  26
15  69  1  37
1  70  1  17
2  70  1  61
3  70  1  18
4  70  1  69
5  70  1  33
6  70  1  83
7  70  1  51
8  70  1  34
9  70  1  74
10  70  1  74
11  70  1  29
12  70  1  51
13  70  1  85
14  70  1  55
15  70  1  41
1  71  1  48
2  71  1  77
3  71  1  43
4  71  1  59
5  71  1  32
6  71  1  59
7  71  1  58
8  71  1  24
9  71  1  37
10  71  1  88
11  71  1  41
12  71  1  76
13  71  1  26
14  71  1  72
15  71  1  84
1  72  1  55
2  72  1  15
3  72  1  30
4  72  1  43
5  72  1  79
6  72  1  79
7  72  1  30
8  72  1  85
9  72  1  52
10  72  1  45
11  72  1  21
12  72  1  61
13  72  1  52
14  72  1  75
15  72  1  65
1  73  1  60
2  73  1  26
3  73  1  16
4  73  1  90
5  73  1  21
6  73  1  65
7  73  1  61
8  73  1  54
9  73  1  52
10  73  1  82
11  73  1  83
12  73  1  33
13  73  1  70
14  73  1  13
15  73  1  25
1  74  1  85
2  74  1  42
3  74  1  41
4  74  1  67
5  74  1  25
6  74  1  40
7  74  1  51
8  74  1  46
9  74  1  60
10  74  1  18
11  74  1  75
12  74  1  15
13  74  1  58
14  74  1  28
15  74  1  82
1  75  1  73
2  75  1  75
3  75  1  11
4  75  1  65
5  75  1  64
6  75  1  47
7  75  1  57
8  75  1  63
9  75  1  12
10  75  1  15
11  75  1  72
12  75  1  33
13  75  1  55
14  75  1  74
15  75  1  18
1  76  1  24
2  76  1  76
3  76  1  44
4  76  1  24
5  76  1  57
6  76  1  79
7  76  1  44
8  76  1  87
9  76  1  79
10  76  1  12
11  76  1  49
12  76  1  23
13  76  1  54
14  76  1  21
15  76  1  41
1  77  1  39
2  77  1  33
3  77  1  70
4  77  1  51
5  77  1  37
6  77  1  63
7  77  1  24
8  77  1  69
9  77  1  14
10  77  1  76
11  77  1  87
12  77  1  71
13  77  1  11
14  77  1  24
15  77  1  80
1  78  1  68
2  78  1  50
3  78  1  77
4  78  1  48
5  78  1  24
6  78  1  73
7  78  1  50
8  78  1  64
9  78  1  27
10  78  1  21
11  78  1  25
12  78  1  53
13  78  1  81
14  78  1  45
15  78  1  10
1  79  1  32
2  79  1  41
3  79  1  87
4  79  1  34
5  79  1  46
6  79  1  70
7  79  1  29
8  79  1  37
9  79  1  52
10  79  1  80
11  79  1  11
12  79  1  60
13  79  1  88
14  79  1  31
15  79  1  12
1  80  1  18
2  80  1  78
3  80  1  14
4  80  1  87
5  80  1  50
6  80  1  76
7  80  1  52
8  80  1  11
9  80  1  47
10  80  1  15
11  80  1  21
12  80  1  58
13  80  1  70
14  80  1  40
15  80  1  63
1  81  1  18
2  81  1  35
3  81  1  38
4  81  1  40
5  81  1  72
6  81  1  79
7  81  1  10
8  81  1  14
9  81  1  14
10  81  1  17
11  81  1  37
12  81  1  23
13  81  1  73
14  81  1  63
15  81  1  72
1  82  1  39
2  82  1  16
3  82  1  37
4  82  1  22
5  82  1  63
6  82  1  18
7  82  1  32
8  82  1  67
9  82  1  84
10  82  1  62
11  82  1  73
12  82  1  15
13  82  1  60
14  82  1  33
15  82  1  46
1  83  1  20
2  83  1  83
3  83  1  24
4  83  1  12
5  83  1  38
6  83  1  52
7  83  1  45
8  83  1  67
9  83  1  41
10  83  1  56
11  83  1  16
12  83  1  33
13  83  1  68
14  83  1  58
15  83  1  16
1  84  1  12
2  84  1  11
3  84  1  19
4  84  1  19
5  84  1  62
6  84  1  32
7  84  1  77
8  84  1  25
9  84  1  52
10  84  1  61
11  84  1  10
12  84  1  72
13  84  1  62
14  84  1  56
15  84  1  80
1  85  1  75
2  85  1  71
3  85  1  81
4  85  1  82
5  85  1  87
6  85  1  51
7  85  1  44
8  85  1  46
9  85  1  22
10  85  1  10
11  85  1  85
12  85  1  24
13  85  1  84
14  85  1  33
15  85  1  87
1  86  1  67
2  86  1  10
3  86  1  78
4  86  1  58
5  86  1  56
6  86  1  23
7  86  1  66
8  86  1  68
9  86  1  52
10  86  1  89
11  86  1  33
12  86  1  88
13  86  1  26
14  86  1  15
15  86  1  88
1  87  1  26
2  87  1  28
3  87  1  76
4  87  1  84
5  87  1  24
6  87  1  51
7  87  1  11
8  87  1  32
9  87  1  71
10  87  1  81
11  87  1  38
12  87  1  24
13  87  1  46
14  87  1  81
15  87  1  30
1  88  1  69
2  88  1  63
3  88  1  28
4  88  1  63
5  88  1  13
6  88  1  30
7  88  1  15
8  88  1  86
9  88  1  85
10  88  1  41
11  88  1  86
12  88  1  88
13  88  1  51
14  88  1  36
15  88  1  42
1  89  1  36
2  89  1  25
3  89  1  60
4  89  1  24
5  89  1  87
6  89  1  51
7  89  1  84
8  89  1  63
9  89  1  28
10  89  1  31
11  89  1  28
12  89  1  57
13  89  1  10
14  89  1  58
15  89  1  71
1  90  1  83
2  90  1  42
3  90  1  60
4  90  1  82
5  90  1  30
6  90  1  12
7  90  1  13
8  90  1  90
9  90  1  87
10  90  1  60
11  90  1  80
12  90  1  43
13  90  1  23
14  90  1  50
15  90  1  20
1  91  1  55
2  91  1  79
3  91  1  33
4  91  1  12
5  91  1  39
6  91  1  62
7  91  1  61
8  91  1  45
9  91  1  11
10  91  1  20
11  91  1  27
12  91  1  39
13  91  1  85
14  91  1  77
15  91  1  58
1  92  1  44
2  92  1  84
3  92  1  70
4  92  1  70
5  92  1  14
6  92  1  66
7  92  1  38
8  92  1  74
9  92  1  80
10  92  1  35
11  92  1  55
12  92  1  20
13  92  1  16
14  92  1  20
15  92  1  83
1  93  1  76
2  93  1  38
3  93  1  81
4  93  1  81
5  93  1  54
6  93  1  48
7  93  1  81
8  93  1  40
9  93  1  22
10  93  1  72
11  93  1  33
12  93  1  28
13  93  1  72
14  93  1  87
15  93  1  65
1  94  1  43
2  94  1  55
3  94  1  64
4  94  1  62
5  94  1  82
6  94  1  33
7  94  1  82
8  94  1  67
9  94  1  85
10  94  1  88
11  94  1  17
12  94  1  28
13  94  1  56
14  94  1  59
15  94  1  77
1  95  1  47
2  95  1  52
3  95  1  75
4  95  1  42
5  95  1  17
6  95  1  42
7  95  1  60
8  95  1  23
9  95  1  33
10  95  1  32
11  95  1  41
12  95  1  89
13  95  1  43
14  95  1  26
15  95  1  13
1  96  1  13
2  96  1  90
3  96  1  84
4  96  1  54
5  96  1  53
6  96  1  40
7  96  1  85
8  96  1  82
9  96  1  76
10  96  1  45
11  96  1  17
12  96  1  59
13  96  1  10
14  96  1  69
15  96  1  86
1  97  1  56
2  97  1  40
3  97  1  41
4  97  1  16
5  97  1  83
6  97  1  32
7  97  1  86
8  97  1  72
9  97  1  87
10  97  1  68
11  97  1  23
12  97  1  69
13  97  1  61
14  97  1  84
15  97  1  23
1  98  1  16
2  98  1  42
3  98  1  23
4  98  1  16
5  98  1  26
6  98  1  16
7  98  1  54
8  98  1  17
9  98  1  76
10  98  1  69
11  98  1  27
12  98  1  70
13  98  1  81
14  98  1  86
15  98  1  18
1  99  1  56
2  99  1  71
3  99  1  20
4  99  1  56
5  99  1  42
6  99  1  36
7  99  1  80
8  99  1  31
9  99  1  54
10  99  1  30
11  99  1  86
12  99  1  51
13  99  1  71
14  99  1  27
15  99  1  88
1  100  1  34
2  100  1  77
3  100  1  61
4  100  1  64
5  100  1  29
6  100  1  79
7  100  1  29
8  100  1  34
9  100  1  71
10  100  1  11
11  100  1  76
12  100  1  76
13  100  1  43
14  100  1  72
15  100  1  37
1  1  2  10.33
2  1  2  2.38
3  1  2  40.99
4  1  2  25.01
5  1  2  15.40
6  1  2  18.76
7  1  2  23.25
8  1  2  8.84
9  1  2  35.25
10  1  2  36.36
11  1  2  27.73
12  1  2  20.33
13  1  2  29.59
14  1  2  30.37
15  1  2  12.57
1  2  2  8.39
2  2  2  35.76
3  2  2  17.24
4  2  2  22.74
5  2  2  3.34
6  2  2  4.68
7  2  2  47.60
8  2  2  6.69
9  2  2  27.86
10  2  2  22.74
11  2  2  14.66
12  2  2  21.87
13  2  2  9.79
14  2  2  15.49
15  2  2  47.36
1  3  2  4.39
2  3  2  21.80
3  3  2  45.04
4  3  2  16.85
5  3  2  8.58
6  3  2  5.90
7  3  2  20.01
8  3  2  13.38
9  3  2  10.48
10  3  2  8.13
11  3  2  53.62
12  3  2  20.88
13  3  2  20.69
14  3  2  10.75
15  3  2  49.37
1  4  2  8.57
2  4  2  42.82
3  4  2  65.03
4  4  2  42.99
5  4  2  29.71
6  4  2  20.22
7  4  2  23.19
8  4  2  11.68
9  4  2  43.64
10  4  2  10.71
11  4  2  9.15
12  4  2  17.64
13  4  2  10.93
14  4  2  34.33
15  4  2  11.52
1  5  2  32.99
2  5  2  3.48
3  5  2  28.44
4  5  2  7.59
5  5  2  16.82
6  5  2  21.72
7  5  2  32.49
8  5  2  10.63
9  5  2  46.10
10  5  2  55.53
11  5  2  63.81
12  5  2  61.80
13  5  2  10.07
14  5  2  45.93
15  5  2  57.63
1  6  2  18.25
2  6  2  17.64
3  6  2  15.56
4  6  2  18.56
5  6  2  2.60
6  6  2  27.82
7  6  2  7.10
8  6  2  23.04
9  6  2  9.40
10  6  2  25.39
11  6  2  36.23
12  6  2  20.33
13  6  2  28.47
14  6  2  3.16
15  6  2  66.41
1  7  2  12.55
2  7  2  24.27
3  7  2  34.67
4  7  2  43.95
5  7  2  39.45
6  7  2  34.52
7  7  2  27.26
8  7  2  19.99
9  7  2  46.81
10  7  2  20.65
11  7  2  16.12
12  7  2  10.81
13  7  2  36.23
14  7  2  16.53
15  7  2  32.60
1  8  2  22.13
2  8  2  13.52
3  8  2  28.39
4  8  2  15.32
5  8  2  13.64
6  8  2  3.77
7  8  2  7.85
8  8  2  15.13
9  8  2  28.64
10  8  2  8.05
11  8  2  55.65
12  8  2  9.18
13  8  2  12.31
14  8  2  8.97
15  8  2  29.75
1  9  2  36.17
2  9  2  27.55
3  9  2  15.86
4  9  2  19.46
5  9  2  11.28
6  9  2  54.02
7  9  2  31.64
8  9  2  59.95
9  9  2  15.58
10  9  2  25.94
11  9  2  29.65
12  9  2  13.15
13  9  2  30.85
14  9  2  25.33
15  9  2  2.79
1  10  2  7.13
2  10  2  41.67
3  10  2  47.70
4  10  2  24.84
5  10  2  11.87
6  10  2  25.89
7  10  2  13.79
8  10  2  42.07
9  10  2  23.95
10  10  2  23.05
11  10  2  3.45
12  10  2  25.45
13  10  2  45.54
14  10  2  23.81
15  10  2  18.25
1  11  2  13.97
2  11  2  7.40
3  11  2  7.69
4  11  2  67.52
5  11  2  30.79
6  11  2  12.30
7  11  2  44.30
8  11  2  22.75
9  11  2  12.31
10  11  2  9.04
11  11  2  17.60
12  11  2  18.67
13  11  2  8.49
14  11  2  2.92
15  11  2  8.51
1  12  2  49.04
2  12  2  31.56
3  12  2  17.39
4  12  2  12.88
5  12  2  10.73
6  12  2  18.36
7  12  2  12.36
8  12  2  24.15
9  12  2  12.44
10  12  2  16.25
11  12  2  47.83
12  12  2  37.51
13  12  2  33.05
14  12  2  8.81
15  12  2  8.45
1  13  2  57.08
2  13  2  35.97
3  13  2  9.09
4  13  2  31.28
5  13  2  47.39
6  13  2  6.92
7  13  2  8.48
8  13  2  42.41
9  13  2  7.02
10  13  2  18.67
11  13  2  44.09
12  13  2  28.81
13  13  2  25.53
14  13  2  13.57
15  13  2  35.61
1  14  2  42.61
2  14  2  41.14
3  14  2  24.47
4  14  2  40.96
5  14  2  25.51
6  14  2  10.88
7  14  2  37.80
8  14  2  17.39
9  14  2  14.15
10  14  2  19.11
11  14  2  43.60
12  14  2  52.44
13  14  2  5.12
14  14  2  10.90
15  14  2  10.65
1  15  2  53.32
2  15  2  12.24
3  15  2  6.51
4  15  2  17.10
5  15  2  38.80
6  15  2  15.53
7  15  2  17.59
8  15  2  48.62
9  15  2  28.35
10  15  2  25.48
11  15  2  19.11
12  15  2  4.17
13  15  2  7.20
14  15  2  24.80
15  15  2  31.49
1  16  2  12.00
2  16  2  45.58
3  16  2  12.53
4  16  2  32.57
5  16  2  28.53
6  16  2  47.98
7  16  2  3.57
8  16  2  4.82
9  16  2  3.47
10  16  2  52.61
11  16  2  32.46
12  16  2  9.05
13  16  2  31.94
14  16  2  54.23
15  16  2  22.41
1  17  2  23.60
2  17  2  5.01
3  17  2  21.64
4  17  2  14.35
5  17  2  14.43
6  17  2  7.96
7  17  2  31.43
8  17  2  13.33
9  17  2  21.96
10  17  2  42.97
11  17  2  40.92
12  17  2  6.44
13  17  2  10.03
14  17  2  56.19
15  17  2  35.38
1  18  2  3.60
2  18  2  14.42
3  18  2  13.20
4  18  2  29.03
5  18  2  16.29
6  18  2  21.23
7  18  2  8.64
8  18  2  9.50
9  18  2  35.12
10  18  2  27.99
11  18  2  8.54
12  18  2  35.61
13  18  2  46.31
14  18  2  7.42
15  18  2  57.04
1  19  2  16.04
2  19  2  24.55
3  19  2  21.39
4  19  2  10.21
5  19  2  12.55
6  19  2  9.43
7  19  2  18.13
8  19  2  24.01
9  19  2  61.11
10  19  2  22.15
11  19  2  30.95
12  19  2  7.44
13  19  2  55.15
14  19  2  9.17
15  19  2  31.94
1  20  2  30.68
2  20  2  11.40
3  20  2  6.94
4  20  2  23.99
5  20  2  11.57
6  20  2  27.80
7  20  2  9.19
8  20  2  4.99
9  20  2  23.44
10  20  2  24.53
11  20  2  4.89
12  20  2  23.89
13  20  2  64.84
14  20  2  9.91
15  20  2  33.40
1  21  2  12.38
2  21  2  13.27
3  21  2  16.63
4  21  2  64.21
5  21  2  40.76
6  21  2  23.46
7  21  2  18.57
8  21  2  43.26
9  21  2  18.30
10  21  2  15.38
11  21  2  14.75
12  21  2  26.76
13  21  2  22.47
14  21  2  7.43
15  21  2  9.86
1  22  2  22.05
2  22  2  7.81
3  22  2  45.32
4  22  2  48.94
5  22  2  25.37
6  22  2  33.33
7  22  2  27.40
8  22  2  9.10
9  22  2  5.92
10  22  2  25.47
11  22  2  27.16
12  22  2  7.10
13  22  2  24.09
14  22  2  29.55
15  22  2  7.76
1  23  2  9.77
2  23  2  46.02
3  23  2  35.37
4  23  2  16.39
5  23  2  36.58
6  23  2  12.77
7  23  2  49.13
8  23  2  5.22
9  23  2  39.73
10  23  2  52.30
11  23  2  24.08
12  23  2  18.22
13  23  2  32.31
14  23  2  6.10
15  23  2  7.92
1  24  2  41.12
2  24  2  39.01
3  24  2  26.34
4  24  2  5.43
5  24  2  16.18
6  24  2  13.40
7  24  2  44.06
8  24  2  34.01
9  24  2  14.34
10  24  2  18.09
11  24  2  11.69
12  24  2  19.09
13  24  2  29.29
14  24  2  3.71
15  24  2  11.56
1  25  2  17.42
2  25  2  14.57
3  25  2  23.21
4  25  2  44.73
5  25  2  14.93
6  25  2  13.84
7  25  2  28.71
8  25  2  42.61
9  25  2  4.04
10  25  2  23.03
11  25  2  21.01
12  25  2  47.29
13  25  2  16.58
14  25  2  32.66
15  25  2  33.06
1  26  2  31.10
2  26  2  19.90
3  26  2  22.10
4  26  2  9.03
5  26  2  6.76
6  26  2  15.44
7  26  2  16.49
8  26  2  12.95
9  26  2  4.89
10  26  2  27.00
11  26  2  29.11
12  26  2  29.63
13  26  2  5.28
14  26  2  9.78
15  26  2  12.50
1  27  2  16.44
2  27  2  15.41
3  27  2  14.73
4  27  2  14.73
5  27  2  55.73
6  27  2  16.79
7  27  2  15.11
8  27  2  8.75
9  27  2  13.58
10  27  2  19.88
11  27  2  13.18
12  27  2  6.05
13  27  2  16.89
14  27  2  64.37
15  27  2  9.25
1  28  2  40.67
2  28  2  41.45
3  28  2  13.04
4  28  2  29.60
5  28  2  23.65
6  28  2  39.90
7  28  2  28.84
8  28  2  12.36
9  28  2  33.29
10  28  2  30.42
11  28  2  12.50
12  28  2  44.94
13  28  2  44.82
14  28  2  54.94
15  28  2  6.36
1  29  2  8.79
2  29  2  59.07
3  29  2  46.41
4  29  2  3.16
5  29  2  34.21
6  29  2  11.43
7  29  2  30.14
8  29  2  9.59
9  29  2  13.67
10  29  2  30.31
11  29  2  10.46
12  29  2  32.70
13  29  2  15.54
14  29  2  64.36
15  29  2  9.62
1  30  2  37.35
2  30  2  6.58
3  30  2  5.09
4  30  2  13.93
5  30  2  15.50
6  30  2  40.25
7  30  2  39.00
8  30  2  12.63
9  30  2  16.28
10  30  2  28.43
11  30  2  44.52
12  30  2  40.65
13  30  2  2.44
14  30  2  28.89
15  30  2  21.92
1  31  2  12.82
2  31  2  19.39
3  31  2  8.61
4  31  2  66.32
5  31  2  16.29
6  31  2  21.56
7  31  2  42.40
8  31  2  39.22
9  31  2  34.07
10  31  2  36.57
11  31  2  18.67
12  31  2  29.31
13  31  2  30.00
14  31  2  15.56
15  31  2  60.59
1  32  2  42.84
2  32  2  12.22
3  32  2  44.32
4  32  2  47.67
5  32  2  42.79
6  32  2  6.86
7  32  2  36.40
8  32  2  32.57
9  32  2  17.72
10  32  2  9.74
11  32  2  9.63
12  32  2  21.34
13  32  2  49.44
14  32  2  16.71
15  32  2  2.99
1  33  2  38.46
2  33  2  24.84
3  33  2  41.61
4  33  2  30.89
5  33  2  4.12
6  33  2  25.51
7  33  2  9.37
8  33  2  3.07
9  33  2  48.89
10  33  2  11.67
11  33  2  26.94
12  33  2  17.66
13  33  2  51.42
14  33  2  21.78
15  33  2  9.83
1  34  2  10.96
2  34  2  39.78
3  34  2  25.59
4  34  2  13.63
5  34  2  6.10
6  34  2  14.51
7  34  2  12.37
8  34  2  15.95
9  34  2  6.65
10  34  2  15.47
11  34  2  14.64
12  34  2  18.82
13  34  2  10.52
14  34  2  43.19
15  34  2  41.37
1  35  2  48.28
2  35  2  55.77
3  35  2  16.70
4  35  2  11.92
5  35  2  19.74
6  35  2  20.88
7  35  2  10.89
8  35  2  21.63
9  35  2  16.02
10  35  2  20.94
11  35  2  25.69
12  35  2  40.36
13  35  2  8.73
14  35  2  15.22
15  35  2  45.64
1  36  2  16.93
2  36  2  9.98
3  36  2  19.26
4  36  2  17.10
5  36  2  13.54
6  36  2  31.60
7  36  2  46.00
8  36  2  44.98
9  36  2  12.31
10  36  2  29.08
11  36  2  8.37
12  36  2  37.61
13  36  2  44.61
14  36  2  41.76
15  36  2  37.78
1  37  2  58.53
2  37  2  23.18
3  37  2  39.62
4  37  2  16.95
5  37  2  11.89
6  37  2  45.10
7  37  2  31.41
8  37  2  24.99
9  37  2  39.92
10  37  2  43.80
11  37  2  6.09
12  37  2  24.53
13  37  2  43.98
14  37  2  23.34
15  37  2  5.68
1  38  2  53.05
2  38  2  38.30
3  38  2  61.76
4  38  2  54.09
5  38  2  16.04
6  38  2  22.86
7  38  2  3.63
8  38  2  19.85
9  38  2  6.92
10  38  2  22.44
11  38  2  26.49
12  38  2  52.11
13  38  2  19.46
14  38  2  9.35
15  38  2  28.87
1  39  2  21.73
2  39  2  2.22
3  39  2  36.33
4  39  2  31.25
5  39  2  23.02
6  39  2  8.35
7  39  2  24.84
8  39  2  11.13
9  39  2  22.13
10  39  2  43.14
11  39  2  36.86
12  39  2  27.11
13  39  2  47.29
14  39  2  38.02
15  39  2  13.02
1  40  2  17.09
2  40  2  23.47
3  40  2  18.61
4  40  2  40.66
5  40  2  6.20
6  40  2  49.73
7  40  2  16.41
8  40  2  18.03
9  40  2  5.40
10  40  2  25.00
11  40  2  15.85
12  40  2  44.86
13  40  2  38.55
14  40  2  2.21
15  40  2  35.45
1  41  2  30.89
2  41  2  12.17
3  41  2  21.93
4  41  2  34.29
5  41  2  11.93
6  41  2  13.80
7  41  2  27.54
8  41  2  28.25
9  41  2  28.70
10  41  2  35.73
11  41  2  8.65
12  41  2  7.83
13  41  2  47.62
14  41  2  19.83
15  41  2  7.51
1  42  2  26.44
2  42  2  6.74
3  42  2  27.54
4  42  2  13.89
5  42  2  48.25
6  42  2  23.06
7  42  2  5.15
8  42  2  7.64
9  42  2  21.31
10  42  2  18.95
11  42  2  4.84
12  42  2  21.64
13  42  2  44.88
14  42  2  26.40
15  42  2  17.00
1  43  2  30.70
2  43  2  6.70
3  43  2  10.40
4  43  2  28.23
5  43  2  9.78
6  43  2  64.17
7  43  2  44.54
8  43  2  49.34
9  43  2  62.73
10  43  2  8.52
11  43  2  4.16
12  43  2  47.67
13  43  2  39.33
14  43  2  20.30
15  43  2  58.59
1  44  2  12.70
2  44  2  23.24
3  44  2  21.10
4  44  2  21.38
5  44  2  7.01
6  44  2  28.71
7  44  2  14.34
8  44  2  15.74
9  44  2  30.74
10  44  2  44.21
11  44  2  16.58
12  44  2  19.06
13  44  2  2.86
14  44  2  15.43
15  44  2  8.29
1  45  2  8.89
2  45  2  49.12
3  45  2  19.82
4  45  2  45.87
5  45  2  12.71
6  45  2  31.25
7  45  2  58.42
8  45  2  52.48
9  45  2  23.52
10  45  2  39.88
11  45  2  28.05
12  45  2  24.43
13  45  2  48.85
14  45  2  21.60
15  45  2  16.33
1  46  2  26.12
2  46  2  39.48
3  46  2  22.18
4  46  2  26.33
5  46  2  11.66
6  46  2  29.62
7  46  2  9.39
8  46  2  37.97
9  46  2  7.37
10  46  2  21.13
11  46  2  25.50
12  46  2  43.94
13  46  2  15.00
14  46  2  35.53
15  46  2  7.38
1  47  2  22.60
2  47  2  41.57
3  47  2  40.55
4  47  2  11.90
5  47  2  11.15
6  47  2  20.09
7  47  2  23.48
8  47  2  15.87
9  47  2  29.82
10  47  2  11.75
11  47  2  50.30
12  47  2  44.83
13  47  2  20.31
14  47  2  17.65
15  47  2  40.49
1  48  2  21.56
2  48  2  9.40
3  48  2  40.16
4  48  2  12.96
5  48  2  7.40
6  48  2  38.33
7  48  2  24.95
8  48  2  50.73
9  48  2  21.60
10  48  2  18.85
11  48  2  49.35
12  48  2  48.60
13  48  2  32.48
14  48  2  18.72
15  48  2  30.39
1  49  2  27.45
2  49  2  27.17
3  49  2  21.05
4  49  2  11.88
5  49  2  27.17
6  49  2  12.87
7  49  2  15.31
8  49  2  8.82
9  49  2  29.13
10  49  2  39.61
11  49  2  15.82
12  49  2  23.22
13  49  2  10.30
14  49  2  37.13
15  49  2  25.85
1  50  2  47.12
2  50  2  45.02
3  50  2  61.54
4  50  2  24.15
5  50  2  62.78
6  50  2  15.71
7  50  2  22.10
8  50  2  50.44
9  50  2  5.66
10  50  2  7.61
11  50  2  23.89
12  50  2  7.62
13  50  2  28.81
14  50  2  15.61
15  50  2  29.06
1  51  2  11.41
2  51  2  10.08
3  51  2  4.68
4  51  2  30.05
5  51  2  4.62
6  51  2  15.68
7  51  2  38.31
8  51  2  8.03
9  51  2  31.59
10  51  2  3.93
11  51  2  32.33
12  51  2  18.92
13  51  2  11.11
14  51  2  47.71
15  51  2  28.14
1  52  2  12.15
2  52  2  17.35
3  52  2  11.87
4  52  2  15.68
5  52  2  13.33
6  52  2  35.89
7  52  2  18.15
8  52  2  12.17
9  52  2  28.10
10  52  2  25.24
11  52  2  33.39
12  52  2  14.71
13  52  2  22.52
14  52  2  52.12
15  52  2  12.60
1  53  2  49.04
2  53  2  44.18
3  53  2  52.72
4  53  2  24.45
5  53  2  10.97
6  53  2  44.85
7  53  2  19.26
8  53  2  11.97
9  53  2  10.58
10  53  2  19.30
11  53  2  15.71
12  53  2  8.95
13  53  2  21.51
14  53  2  9.23
15  53  2  22.45
1  54  2  23.85
2  54  2  7.58
3  54  2  27.06
4  54  2  37.14
5  54  2  10.64
6  54  2  7.05
7  54  2  32.54
8  54  2  35.70
9  54  2  2.86
10  54  2  16.26
11  54  2  22.49
12  54  2  6.38
13  54  2  15.01
14  54  2  5.75
15  54  2  28.33
1  55  2  35.02
2  55  2  48.54
3  55  2  22.69
4  55  2  24.55
5  55  2  12.46
6  55  2  12.39
7  55  2  43.56
8  55  2  17.51
9  55  2  7.99
10  55  2  12.44
11  55  2  17.18
12  55  2  30.09
13  55  2  8.74
14  55  2  8.59
15  55  2  31.48
1  56  2  8.60
2  56  2  49.23
3  56  2  13.05
4  56  2  30.81
5  56  2  66.01
6  56  2  70.98
7  56  2  12.57
8  56  2  39.69
9  56  2  9.57
10  56  2  26.40
11  56  2  8.12
12  56  2  20.36
13  56  2  12.38
14  56  2  8.62
15  56  2  36.49
1  57  2  46.21
2  57  2  40.94
3  57  2  47.86
4  57  2  37.58
5  57  2  49.96
6  57  2  20.62
7  57  2  13.37
8  57  2  8.62
9  57  2  13.67
10  57  2  19.87
11  57  2  12.18
12  57  2  19.42
13  57  2  50.91
14  57  2  49.59
15  57  2  11.54
1  58  2  17.36
2  58  2  18.88
3  58  2  10.27
4  58  2  9.67
5  58  2  18.88
6  58  2  48.17
7  58  2  35.85
8  58  2  38.33
9  58  2  19.32
10  58  2  34.68
11  58  2  12.16
12  58  2  47.81
13  58  2  18.31
14  58  2  8.41
15  58  2  36.70
1  59  2  38.79
2  59  2  42.75
3  59  2  15.04
4  59  2  49.95
5  59  2  10.58
6  59  2  50.99
7  59  2  57.76
8  59  2  8.77
9  59  2  20.00
10  59  2  28.30
11  59  2  8.66
12  59  2  51.96
13  59  2  6.10
14  59  2  17.01
15  59  2  5.63
1  60  2  21.88
2  60  2  11.76
3  60  2  9.15
4  60  2  33.55
5  60  2  26.37
6  60  2  19.81
7  60  2  12.62
8  60  2  8.35
9  60  2  8.32
10  60  2  41.41
11  60  2  25.86
12  60  2  9.10
13  60  2  20.10
14  60  2  31.25
15  60  2  39.93
1  61  2  22.32
2  61  2  16.63
3  61  2  28.05
4  61  2  8.72
5  61  2  8.39
6  61  2  16.31
7  61  2  26.54
8  61  2  3.57
9  61  2  14.48
10  61  2  43.09
11  61  2  16.44
12  61  2  29.40
13  61  2  20.42
14  61  2  41.51
15  61  2  12.70
1  62  2  20.51
2  62  2  54.15
3  62  2  39.71
4  62  2  10.39
5  62  2  30.96
6  62  2  54.33
7  62  2  39.30
8  62  2  13.81
9  62  2  46.03
10  62  2  11.85
11  62  2  51.30
12  62  2  7.35
13  62  2  18.40
14  62  2  26.69
15  62  2  31.04
1  63  2  27.22
2  63  2  40.69
3  63  2  54.92
4  63  2  34.18
5  63  2  56.29
6  63  2  33.99
7  63  2  31.76
8  63  2  4.20
9  63  2  14.48
10  63  2  19.24
11  63  2  44.45
12  63  2  17.17
13  63  2  19.78
14  63  2  54.93
15  63  2  24.46
1  64  2  28.96
2  64  2  10.65
3  64  2  41.50
4  64  2  4.10
5  64  2  23.59
6  64  2  10.28
7  64  2  34.93
8  64  2  15.54
9  64  2  10.12
10  64  2  6.66
11  64  2  10.49
12  64  2  33.09
13  64  2  22.98
14  64  2  25.61
15  64  2  16.26
1  65  2  15.13
2  65  2  35.50
3  65  2  30.88
4  65  2  21.42
5  65  2  24.53
6  65  2  22.34
7  65  2  8.03
8  65  2  17.95
9  65  2  34.51
10  65  2  28.71
11  65  2  10.12
12  65  2  5.27
13  65  2  26.14
14  65  2  10.07
15  65  2  53.36
1  66  2  35.81
2  66  2  25.42
3  66  2  29.10
4  66  2  9.38
5  66  2  22.27
6  66  2  6.70
7  66  2  14.22
8  66  2  34.87
9  66  2  17.71
10  66  2  20.99
11  66  2  11.05
12  66  2  23.82
13  66  2  27.70
14  66  2  30.18
15  66  2  18.29
1  67  2  11.44
2  67  2  26.61
3  67  2  12.95
4  67  2  36.75
5  67  2  14.87
6  67  2  36.62
7  67  2  11.34
8  67  2  68.38
9  67  2  3.70
10  67  2  35.76
11  67  2  19.23
12  67  2  18.16
13  67  2  22.24
14  67  2  19.23
15  67  2  21.62
1  68  2  40.66
2  68  2  15.77
3  68  2  44.33
4  68  2  20.22
5  68  2  25.39
6  68  2  29.47
7  68  2  6.33
8  68  2  47.00
9  68  2  11.79
10  68  2  21.26
11  68  2  18.81
12  68  2  24.26
13  68  2  9.67
14  68  2  16.69
15  68  2  20.87
1  69  2  38.89
2  69  2  45.72
3  69  2  40.05
4  69  2  18.44
5  69  2  4.44
6  69  2  12.86
7  69  2  29.17
8  69  2  23.83
9  69  2  20.45
10  69  2  43.36
11  69  2  40.65
12  69  2  22.37
13  69  2  6.12
14  69  2  12.73
15  69  2  20.53
1  70  2  4.30
2  70  2  44.02
3  70  2  9.95
4  70  2  29.70
5  70  2  11.20
6  70  2  25.40
7  70  2  11.88
8  70  2  12.02
9  70  2  54.86
10  70  2  58.57
11  70  2  7.48
12  70  2  25.31
13  70  2  19.57
14  70  2  16.05
15  70  2  22.69
1  71  2  17.63
2  71  2  30.10
3  71  2  14.22
4  71  2  27.24
5  71  2  21.05
6  71  2  29.81
7  71  2  20.55
8  71  2  17.16
9  71  2  16.69
10  71  2  19.71
11  71  2  10.06
12  71  2  54.96
13  71  2  8.15
14  71  2  49.54
15  71  2  18.22
1  72  2  42.87
2  72  2  4.86
3  72  2  6.80
4  72  2  33.24
5  72  2  52.22
6  72  2  45.94
7  72  2  23.28
8  72  2  47.96
9  72  2  33.28
10  72  2  24.58
11  72  2  13.66
12  72  2  47.75
13  72  2  33.59
14  72  2  39.76
15  72  2  39.97
1  73  2  22.19
2  73  2  9.01
3  73  2  11.04
4  73  2  68.61
5  73  2  15.18
6  73  2  25.87
7  73  2  44.58
8  73  2  30.27
9  73  2  31.97
10  73  2  53.85
11  73  2  35.70
12  73  2  23.50
13  73  2  14.44
14  73  2  6.99
15  73  2  9.81
1  74  2  59.69
2  74  2  17.18
3  74  2  16.49
4  74  2  19.79
5  74  2  18.94
6  74  2  9.26
7  74  2  29.01
8  74  2  16.18
9  74  2  41.42
10  74  2  8.35
11  74  2  25.27
12  74  2  7.11
13  74  2  42.93
14  74  2  15.91
15  74  2  29.87
1  75  2  25.22
2  75  2  52.06
3  75  2  5.87
4  75  2  15.63
5  75  2  43.31
6  75  2  33.24
7  75  2  27.92
8  75  2  26.34
9  75  2  9.58
10  75  2  6.94
11  75  2  55.15
12  75  2  19.48
13  75  2  30.36
14  75  2  27.60
15  75  2  12.35
1  76  2  6.90
2  76  2  33.17
3  76  2  30.65
4  76  2  16.23
5  76  2  22.76
6  76  2  31.57
7  76  2  28.66
8  76  2  46.28
9  76  2  31.92
10  76  2  4.29
11  76  2  19.29
12  76  2  12.86
13  76  2  14.02
14  76  2  8.34
15  76  2  24.71
1  77  2  30.56
2  77  2  18.73
3  77  2  46.49
4  77  2  28.43
5  77  2  18.54
6  77  2  22.91
7  77  2  9.62
8  77  2  18.98
9  77  2  5.13
10  77  2  52.13
11  77  2  32.28
12  77  2  25.75
13  77  2  3.97
14  77  2  12.85
15  77  2  36.19
1  78  2  21.77
2  78  2  20.38
3  78  2  19.62
4  78  2  19.54
5  78  2  8.70
6  78  2  43.15
7  78  2  17.15
8  78  2  34.09
9  78  2  18.34
10  78  2  11.10
11  78  2  13.00
12  78  2  19.64
13  78  2  26.14
14  78  2  10.05
15  78  2  4.33
1  79  2  13.82
2  79  2  13.33
3  79  2  34.43
4  79  2  18.06
5  79  2  25.20
6  79  2  40.81
7  79  2  6.57
8  79  2  24.97
9  79  2  20.27
10  79  2  62.39
11  79  2  5.26
12  79  2  46.03
13  79  2  28.98
14  79  2  18.28
15  79  2  6.62
1  80  2  4.77
2  80  2  45.68
3  80  2  8.33
4  80  2  36.34
5  80  2  20.23
6  80  2  46.63
7  80  2  34.86
8  80  2  2.38
9  80  2  10.81
10  80  2  7.02
11  80  2  7.55
12  80  2  42.78
13  80  2  14.34
14  80  2  13.99
15  80  2  30.64
1  81  2  3.79
2  81  2  11.35
3  81  2  26.21
4  81  2  12.83
5  81  2  52.12
6  81  2  21.87
7  81  2  7.79
8  81  2  7.47
9  81  2  7.84
10  81  2  12.97
11  81  2  17.37
12  81  2  8.99
13  81  2  45.87
14  81  2  31.15
15  81  2  44.16
1  82  2  11.14
2  82  2  11.85
3  82  2  19.82
4  82  2  16.84
5  82  2  19.71
6  82  2  11.71
7  82  2  23.16
8  82  2  49.25
9  82  2  49.80
10  82  2  28.86
11  82  2  53.57
12  82  2  8.73
13  82  2  43.03
14  82  2  11.06
15  82  2  29.57
1  83  2  14.89
2  83  2  53.44
3  83  2  5.48
4  83  2  4.78
5  83  2  19.75
6  83  2  30.68
7  83  2  9.25
8  83  2  38.40
9  83  2  10.32
10  83  2  38.02
11  83  2  8.82
12  83  2  16.14
13  83  2  29.64
14  83  2  35.04
15  83  2  5.47
1  84  2  4.42
2  84  2  4.66
3  84  2  11.87
4  84  2  7.47
5  84  2  47.57
6  84  2  22.22
7  84  2  59.85
8  84  2  19.09
9  84  2  34.16
10  84  2  18.50
11  84  2  4.32
12  84  2  51.67
13  84  2  42.38
14  84  2  42.80
15  84  2  55.86
1  85  2  55.68
2  85  2  49.79
3  85  2  19.18
4  85  2  58.55
5  85  2  20.98
6  85  2  40.30
7  85  2  33.71
8  85  2  24.58
9  85  2  16.36
10  85  2  6.61
11  85  2  23.07
12  85  2  12.16
13  85  2  46.91
14  85  2  13.13
15  85  2  59.63
1  86  2  26.47
2  86  2  5.49
3  86  2  43.28
4  86  2  15.65
5  86  2  37.50
6  86  2  5.14
7  86  2  31.17
8  86  2  16.78
9  86  2  12.66
10  86  2  56.37
11  86  2  7.72
12  86  2  29.86
13  86  2  17.99
14  86  2  11.90
15  86  2  49.20
1  87  2  16.02
2  87  2  10.54
3  87  2  30.74
4  87  2  47.96
5  87  2  15.61
6  87  2  37.32
7  87  2  4.35
8  87  2  9.11
9  87  2  19.28
10  87  2  45.71
11  87  2  21.79
12  87  2  12.01
13  87  2  29.70
14  87  2  55.27
15  87  2  16.99
1  88  2  54.51
2  88  2  26.30
3  88  2  8.61
4  88  2  18.22
5  88  2  7.96
6  88  2  19.47
7  88  2  7.01
8  88  2  38.85
9  88  2  67.06
10  88  2  29.45
11  88  2  26.47
12  88  2  48.40
13  88  2  13.77
14  88  2  10.20
15  88  2  24.68
1  89  2  10.59
2  89  2  19.91
3  89  2  24.37
4  89  2  11.19
5  89  2  51.08
6  89  2  27.69
7  89  2  54.90
8  89  2  19.41
9  89  2  16.87
10  89  2  23.97
11  89  2  6.34
12  89  2  15.47
13  89  2  5.70
14  89  2  27.36
15  89  2  19.32
1  90  2  42.73
2  90  2  25.06
3  90  2  33.07
4  90  2  34.79
5  90  2  20.32
6  90  2  2.53
7  90  2  8.91
8  90  2  70.54
9  90  2  59.19
10  90  2  43.08
11  90  2  20.75
12  90  2  16.56
13  90  2  11.20
14  90  2  13.08
15  90  2  15.25
1  91  2  25.30
2  91  2  28.11
3  91  2  22.71
4  91  2  2.83
5  91  2  15.41
6  91  2  30.67
7  91  2  48.71
8  91  2  31.28
9  91  2  3.76
10  91  2  14.34
11  91  2  17.04
12  91  2  23.19
13  91  2  51.02
14  91  2  58.37
15  91  2  24.44
1  92  2  31.84
2  92  2  47.59
3  92  2  40.12
4  92  2  51.39
5  92  2  3.44
6  92  2  37.74
7  92  2  28.50
8  92  2  51.24
9  92  2  29.00
10  92  2  10.64
11  92  2  43.34
12  92  2  15.34
13  92  2  12.42
14  92  2  5.04
15  92  2  26.48
1  93  2  38.07
2  93  2  21.67
3  93  2  33.95
4  93  2  46.48
5  93  2  37.88
6  93  2  11.85
7  93  2  63.15
8  93  2  13.86
9  93  2  17.32
10  93  2  56.81
11  93  2  21.17
12  93  2  9.76
13  93  2  44.08
14  93  2  19.12
15  93  2  48.89
1  94  2  13.17
2  94  2  37.68
3  94  2  21.18
4  94  2  38.94
5  94  2  65.50
6  94  2  25.77
7  94  2  18.26
8  94  2  50.78
9  94  2  17.04
10  94  2  51.19
11  94  2  10.49
12  94  2  6.83
13  94  2  30.76
14  94  2  46.62
15  94  2  49.92
1  95  2  20.18
2  95  2  34.30
3  95  2  20.14
4  95  2  32.45
5  95  2  13.16
6  95  2  21.93
7  95  2  19.31
8  95  2  15.63
9  95  2  20.44
10  95  2  13.43
11  95  2  24.72
12  95  2  60.90
13  95  2  16.02
14  95  2  15.69
15  95  2  9.62
1  96  2  5.01
2  96  2  49.27
3  96  2  44.68
4  96  2  23.24
5  96  2  31.45
6  96  2  26.09
7  96  2  26.12
8  96  2  53.77
9  96  2  35.25
10  96  2  16.78
11  96  2  5.43
12  96  2  13.14
13  96  2  7.23
14  96  2  49.06
15  96  2  41.61
1  97  2  40.17
2  97  2  8.83
3  97  2  9.46
4  97  2  5.18
5  97  2  23.31
6  97  2  21.32
7  97  2  48.85
8  97  2  48.12
9  97  2  57.07
10  97  2  23.11
11  97  2  15.46
12  97  2  45.59
13  97  2  35.84
14  97  2  57.48
15  97  2  15.54
1  98  2  11.70
2  98  2  10.07
3  98  2  14.65
4  98  2  3.37
5  98  2  15.10
6  98  2  9.38
7  98  2  28.74
8  98  2  4.03
9  98  2  16.96
10  98  2  20.74
11  98  2  6.30
12  98  2  43.80
13  98  2  52.24
14  98  2  42.47
15  98  2  5.21
1  99  2  13.16
2  99  2  39.24
3  99  2  6.41
4  99  2  30.50
5  99  2  14.63
6  99  2  11.88
7  99  2  54.48
8  99  2  19.52
9  99  2  22.95
10  99  2  14.00
11  99  2  35.49
12  99  2  39.42
13  99  2  28.29
14  99  2  6.02
15  99  2  70.31
1  100  2  6.89
2  100  2  41.96
3  100  2  27.41
4  100  2  45.25
5  100  2  7.90
6  100  2  53.50
7  100  2  16.48
8  100  2  23.25
9  100  2  54.38
10  100  2  5.10
11  100  2  47.42
12  100  2  38.51
13  100  2  21.65
14  100  2  20.03
15  100  2  14.19
;

