param com_measure1 := 0.62303;

param com_measure2 := 0.96842;

param kappa_max := 2000.9704;

param U_tau := 983.8112;

param nT := 2;

param nS := 50;

param nL := 50;

param B := 6111.06;

param w :=
1  2
2  3
3  1
4  3
5  3
6  2
7  3
8  3
9  3
10  1
11  1
12  3
13  2
14  2
15  3
16  3
17  3
18  3
19  1
20  2
21  2
22  2
23  3
24  2
25  2
26  3
27  1
28  1
29  3
30  3
31  2
32  2
33  2
34  2
35  1
36  2
37  3
38  1
39  1
40  1
41  1
42  3
43  2
44  1
45  2
46  3
47  1
48  3
49  2
50  3
;

param h :=
1  1  0
1  2  0
1  3  0
1  4  0
1  5  0
1  6  0
1  7  0
1  8  0
1  9  0
1  10  0
1  11  0
1  12  0
1  13  0
1  14  0
1  15  0
1  16  0
1  17  0
1  18  0
1  19  0
1  20  0
1  21  0
1  22  0
1  23  0
1  24  0
1  25  0
1  26  0
1  27  0
1  28  0
1  29  0
1  30  0
1  31  0
1  32  0
1  33  0
1  34  0
1  35  0
1  36  0
1  37  0
1  38  0
1  39  0
1  40  0
1  41  0
1  42  0
1  43  0
1  44  0
1  45  0
1  46  0
1  47  0
1  48  0
1  49  0
1  50  0
2  1  247.32
2  2  258.60
2  3  261.34
2  4  233.48
2  5  232.59
2  6  246.01
2  7  184.73
2  8  232.79
2  9  261.37
2  10  267.64
2  11  203.93
2  12  216.88
2  13  259.68
2  14  249.35
2  15  221.80
2  16  254.48
2  17  251.72
2  18  263.76
2  19  259.25
2  20  318.25
2  21  238.31
2  22  220.86
2  23  263.12
2  24  226.90
2  25  274.86
2  26  244.84
2  27  205.31
2  28  231.09
2  29  238.44
2  30  241.10
2  31  254.61
2  32  256.83
2  33  226.45
2  34  267.35
2  35  241.06
2  36  245.19
2  37  246.22
2  38  244.82
2  39  247.08
2  40  243.14
2  41  218.83
2  42  266.00
2  43  256.60
2  44  275.12
2  45  204.51
2  46  266.72
2  47  234.86
2  48  241.40
2  49  242.61
2  50  232.91
;

param xi :=
1  1  1  43
2  1  1  49
3  1  1  76
4  1  1  31
5  1  1  20
6  1  1  73
7  1  1  68
8  1  1  69
9  1  1  18
10  1  1  84
11  1  1  17
12  1  1  24
13  1  1  52
14  1  1  44
15  1  1  38
16  1  1  30
17  1  1  55
18  1  1  13
19  1  1  67
20  1  1  67
21  1  1  84
22  1  1  54
23  1  1  29
24  1  1  10
25  1  1  64
26  1  1  29
27  1  1  30
28  1  1  85
29  1  1  73
30  1  1  54
31  1  1  71
32  1  1  10
33  1  1  37
34  1  1  68
35  1  1  35
36  1  1  27
37  1  1  42
38  1  1  42
39  1  1  77
40  1  1  10
41  1  1  79
42  1  1  70
43  1  1  82
44  1  1  36
45  1  1  48
46  1  1  84
47  1  1  45
48  1  1  78
49  1  1  82
50  1  1  32
1  2  1  64
2  2  1  13
3  2  1  66
4  2  1  25
5  2  1  86
6  2  1  16
7  2  1  25
8  2  1  70
9  2  1  29
10  2  1  20
11  2  1  35
12  2  1  18
13  2  1  66
14  2  1  43
15  2  1  52
16  2  1  61
17  2  1  28
18  2  1  32
19  2  1  54
20  2  1  57
21  2  1  47
22  2  1  64
23  2  1  79
24  2  1  81
25  2  1  79
26  2  1  85
27  2  1  26
28  2  1  37
29  2  1  49
30  2  1  31
31  2  1  62
32  2  1  36
33  2  1  61
34  2  1  68
35  2  1  39
36  2  1  39
37  2  1  70
38  2  1  59
39  2  1  32
40  2  1  15
41  2  1  19
42  2  1  38
43  2  1  76
44  2  1  61
45  2  1  45
46  2  1  31
47  2  1  39
48  2  1  14
49  2  1  27
50  2  1  12
1  3  1  44
2  3  1  44
3  3  1  65
4  3  1  62
5  3  1  29
6  3  1  55
7  3  1  48
8  3  1  13
9  3  1  59
10  3  1  69
11  3  1  74
12  3  1  52
13  3  1  16
14  3  1  62
15  3  1  56
16  3  1  28
17  3  1  68
18  3  1  64
19  3  1  82
20  3  1  45
21  3  1  42
22  3  1  56
23  3  1  14
24  3  1  28
25  3  1  31
26  3  1  47
27  3  1  34
28  3  1  89
29  3  1  38
30  3  1  38
31  3  1  22
32  3  1  24
33  3  1  28
34  3  1  52
35  3  1  36
36  3  1  81
37  3  1  37
38  3  1  53
39  3  1  53
40  3  1  61
41  3  1  74
42  3  1  66
43  3  1  23
44  3  1  21
45  3  1  46
46  3  1  86
47  3  1  84
48  3  1  50
49  3  1  22
50  3  1  71
1  4  1  68
2  4  1  49
3  4  1  13
4  4  1  56
5  4  1  61
6  4  1  40
7  4  1  36
8  4  1  31
9  4  1  83
10  4  1  87
11  4  1  48
12  4  1  33
13  4  1  61
14  4  1  70
15  4  1  40
16  4  1  30
17  4  1  51
18  4  1  44
19  4  1  28
20  4  1  10
21  4  1  19
22  4  1  47
23  4  1  78
24  4  1  80
25  4  1  78
26  4  1  55
27  4  1  21
28  4  1  37
29  4  1  39
30  4  1  14
31  4  1  12
32  4  1  74
33  4  1  65
34  4  1  89
35  4  1  41
36  4  1  15
37  4  1  80
38  4  1  48
39  4  1  29
40  4  1  22
41  4  1  25
42  4  1  15
43  4  1  72
44  4  1  69
45  4  1  19
46  4  1  57
47  4  1  89
48  4  1  61
49  4  1  37
50  4  1  22
1  5  1  22
2  5  1  51
3  5  1  62
4  5  1  90
5  5  1  74
6  5  1  63
7  5  1  15
8  5  1  36
9  5  1  73
10  5  1  49
11  5  1  22
12  5  1  15
13  5  1  15
14  5  1  32
15  5  1  89
16  5  1  78
17  5  1  66
18  5  1  88
19  5  1  12
20  5  1  69
21  5  1  25
22  5  1  73
23  5  1  27
24  5  1  49
25  5  1  77
26  5  1  31
27  5  1  41
28  5  1  18
29  5  1  68
30  5  1  86
31  5  1  79
32  5  1  78
33  5  1  42
34  5  1  51
35  5  1  68
36  5  1  13
37  5  1  11
38  5  1  24
39  5  1  90
40  5  1  44
41  5  1  38
42  5  1  73
43  5  1  46
44  5  1  86
45  5  1  41
46  5  1  53
47  5  1  26
48  5  1  43
49  5  1  41
50  5  1  18
1  6  1  83
2  6  1  74
3  6  1  76
4  6  1  57
5  6  1  76
6  6  1  52
7  6  1  54
8  6  1  81
9  6  1  55
10  6  1  59
11  6  1  12
12  6  1  34
13  6  1  35
14  6  1  30
15  6  1  22
16  6  1  82
17  6  1  34
18  6  1  31
19  6  1  23
20  6  1  38
21  6  1  68
22  6  1  69
23  6  1  86
24  6  1  34
25  6  1  14
26  6  1  32
27  6  1  53
28  6  1  48
29  6  1  90
30  6  1  28
31  6  1  79
32  6  1  24
33  6  1  36
34  6  1  51
35  6  1  46
36  6  1  44
37  6  1  60
38  6  1  66
39  6  1  68
40  6  1  48
41  6  1  77
42  6  1  16
43  6  1  86
44  6  1  15
45  6  1  42
46  6  1  59
47  6  1  31
48  6  1  71
49  6  1  74
50  6  1  86
1  7  1  14
2  7  1  82
3  7  1  72
4  7  1  16
5  7  1  88
6  7  1  83
7  7  1  17
8  7  1  66
9  7  1  44
10  7  1  70
11  7  1  27
12  7  1  79
13  7  1  12
14  7  1  74
15  7  1  75
16  7  1  76
17  7  1  22
18  7  1  30
19  7  1  49
20  7  1  71
21  7  1  22
22  7  1  15
23  7  1  53
24  7  1  26
25  7  1  69
26  7  1  78
27  7  1  43
28  7  1  40
29  7  1  14
30  7  1  67
31  7  1  18
32  7  1  62
33  7  1  50
34  7  1  83
35  7  1  48
36  7  1  10
37  7  1  51
38  7  1  57
39  7  1  76
40  7  1  64
41  7  1  44
42  7  1  89
43  7  1  49
44  7  1  35
45  7  1  50
46  7  1  73
47  7  1  86
48  7  1  69
49  7  1  62
50  7  1  23
1  8  1  61
2  8  1  16
3  8  1  31
4  8  1  25
5  8  1  83
6  8  1  55
7  8  1  83
8  8  1  35
9  8  1  76
10  8  1  72
11  8  1  19
12  8  1  33
13  8  1  39
14  8  1  29
15  8  1  32
16  8  1  84
17  8  1  17
18  8  1  11
19  8  1  79
20  8  1  62
21  8  1  13
22  8  1  28
23  8  1  85
24  8  1  53
25  8  1  38
26  8  1  16
27  8  1  84
28  8  1  47
29  8  1  38
30  8  1  71
31  8  1  71
32  8  1  18
33  8  1  36
34  8  1  14
35  8  1  63
36  8  1  75
37  8  1  82
38  8  1  62
39  8  1  68
40  8  1  29
41  8  1  79
42  8  1  23
43  8  1  65
44  8  1  69
45  8  1  58
46  8  1  28
47  8  1  20
48  8  1  43
49  8  1  55
50  8  1  11
1  9  1  27
2  9  1  46
3  9  1  58
4  9  1  21
5  9  1  46
6  9  1  90
7  9  1  25
8  9  1  54
9  9  1  33
10  9  1  53
11  9  1  58
12  9  1  21
13  9  1  70
14  9  1  68
15  9  1  71
16  9  1  23
17  9  1  12
18  9  1  60
19  9  1  82
20  9  1  66
21  9  1  83
22  9  1  64
23  9  1  77
24  9  1  63
25  9  1  82
26  9  1  55
27  9  1  57
28  9  1  73
29  9  1  57
30  9  1  22
31  9  1  85
32  9  1  57
33  9  1  56
34  9  1  19
35  9  1  19
36  9  1  34
37  9  1  64
38  9  1  19
39  9  1  66
40  9  1  63
41  9  1  23
42  9  1  70
43  9  1  41
44  9  1  35
45  9  1  21
46  9  1  11
47  9  1  25
48  9  1  26
49  9  1  54
50  9  1  89
1  10  1  83
2  10  1  62
3  10  1  12
4  10  1  34
5  10  1  76
6  10  1  42
7  10  1  31
8  10  1  78
9  10  1  26
10  10  1  86
11  10  1  37
12  10  1  57
13  10  1  65
14  10  1  90
15  10  1  48
16  10  1  65
17  10  1  78
18  10  1  49
19  10  1  10
20  10  1  68
21  10  1  72
22  10  1  11
23  10  1  24
24  10  1  43
25  10  1  39
26  10  1  49
27  10  1  65
28  10  1  19
29  10  1  65
30  10  1  57
31  10  1  73
32  10  1  10
33  10  1  62
34  10  1  86
35  10  1  42
36  10  1  54
37  10  1  36
38  10  1  60
39  10  1  62
40  10  1  39
41  10  1  35
42  10  1  82
43  10  1  41
44  10  1  52
45  10  1  30
46  10  1  75
47  10  1  69
48  10  1  19
49  10  1  25
50  10  1  75
1  11  1  11
2  11  1  83
3  11  1  35
4  11  1  34
5  11  1  83
6  11  1  44
7  11  1  54
8  11  1  89
9  11  1  44
10  11  1  32
11  11  1  38
12  11  1  55
13  11  1  49
14  11  1  74
15  11  1  13
16  11  1  54
17  11  1  65
18  11  1  48
19  11  1  12
20  11  1  71
21  11  1  53
22  11  1  63
23  11  1  85
24  11  1  34
25  11  1  68
26  11  1  14
27  11  1  29
28  11  1  33
29  11  1  57
30  11  1  17
31  11  1  22
32  11  1  69
33  11  1  65
34  11  1  83
35  11  1  57
36  11  1  84
37  11  1  33
38  11  1  71
39  11  1  20
40  11  1  14
41  11  1  26
42  11  1  64
43  11  1  79
44  11  1  45
45  11  1  70
46  11  1  16
47  11  1  89
48  11  1  60
49  11  1  45
50  11  1  69
1  12  1  85
2  12  1  16
3  12  1  22
4  12  1  75
5  12  1  19
6  12  1  44
7  12  1  30
8  12  1  39
9  12  1  15
10  12  1  84
11  12  1  22
12  12  1  31
13  12  1  51
14  12  1  12
15  12  1  23
16  12  1  61
17  12  1  74
18  12  1  85
19  12  1  41
20  12  1  24
21  12  1  38
22  12  1  36
23  12  1  63
24  12  1  40
25  12  1  57
26  12  1  88
27  12  1  24
28  12  1  44
29  12  1  30
30  12  1  69
31  12  1  26
32  12  1  37
33  12  1  61
34  12  1  86
35  12  1  79
36  12  1  55
37  12  1  60
38  12  1  28
39  12  1  39
40  12  1  41
41  12  1  64
42  12  1  46
43  12  1  33
44  12  1  14
45  12  1  80
46  12  1  66
47  12  1  74
48  12  1  28
49  12  1  34
50  12  1  52
1  13  1  13
2  13  1  72
3  13  1  77
4  13  1  71
5  13  1  57
6  13  1  65
7  13  1  43
8  13  1  51
9  13  1  24
10  13  1  28
11  13  1  79
12  13  1  70
13  13  1  69
14  13  1  42
15  13  1  13
16  13  1  75
17  13  1  80
18  13  1  43
19  13  1  36
20  13  1  78
21  13  1  64
22  13  1  88
23  13  1  56
24  13  1  52
25  13  1  85
26  13  1  46
27  13  1  44
28  13  1  62
29  13  1  30
30  13  1  47
31  13  1  50
32  13  1  59
33  13  1  14
34  13  1  35
35  13  1  90
36  13  1  88
37  13  1  23
38  13  1  57
39  13  1  60
40  13  1  30
41  13  1  21
42  13  1  78
43  13  1  23
44  13  1  34
45  13  1  59
46  13  1  42
47  13  1  69
48  13  1  71
49  13  1  82
50  13  1  86
1  14  1  14
2  14  1  13
3  14  1  41
4  14  1  37
5  14  1  21
6  14  1  54
7  14  1  59
8  14  1  17
9  14  1  27
10  14  1  21
11  14  1  28
12  14  1  41
13  14  1  78
14  14  1  49
15  14  1  67
16  14  1  59
17  14  1  10
18  14  1  43
19  14  1  61
20  14  1  46
21  14  1  39
22  14  1  67
23  14  1  62
24  14  1  71
25  14  1  71
26  14  1  70
27  14  1  28
28  14  1  50
29  14  1  47
30  14  1  52
31  14  1  60
32  14  1  16
33  14  1  25
34  14  1  34
35  14  1  53
36  14  1  65
37  14  1  26
38  14  1  71
39  14  1  56
40  14  1  83
41  14  1  48
42  14  1  77
43  14  1  59
44  14  1  68
45  14  1  17
46  14  1  37
47  14  1  21
48  14  1  16
49  14  1  50
50  14  1  32
1  15  1  65
2  15  1  50
3  15  1  34
4  15  1  60
5  15  1  58
6  15  1  89
7  15  1  68
8  15  1  44
9  15  1  32
10  15  1  25
11  15  1  47
12  15  1  37
13  15  1  63
14  15  1  74
15  15  1  19
16  15  1  22
17  15  1  38
18  15  1  39
19  15  1  25
20  15  1  25
21  15  1  23
22  15  1  72
23  15  1  52
24  15  1  51
25  15  1  30
26  15  1  36
27  15  1  30
28  15  1  38
29  15  1  31
30  15  1  44
31  15  1  68
32  15  1  64
33  15  1  48
34  15  1  14
35  15  1  30
36  15  1  36
37  15  1  65
38  15  1  78
39  15  1  90
40  15  1  13
41  15  1  18
42  15  1  43
43  15  1  63
44  15  1  36
45  15  1  75
46  15  1  52
47  15  1  72
48  15  1  86
49  15  1  19
50  15  1  67
1  16  1  36
2  16  1  90
3  16  1  79
4  16  1  76
5  16  1  81
6  16  1  46
7  16  1  72
8  16  1  13
9  16  1  79
10  16  1  34
11  16  1  57
12  16  1  45
13  16  1  89
14  16  1  83
15  16  1  22
16  16  1  72
17  16  1  44
18  16  1  29
19  16  1  33
20  16  1  13
21  16  1  12
22  16  1  54
23  16  1  24
24  16  1  90
25  16  1  65
26  16  1  61
27  16  1  84
28  16  1  16
29  16  1  65
30  16  1  36
31  16  1  61
32  16  1  28
33  16  1  21
34  16  1  78
35  16  1  11
36  16  1  73
37  16  1  34
38  16  1  16
39  16  1  89
40  16  1  12
41  16  1  85
42  16  1  74
43  16  1  22
44  16  1  86
45  16  1  11
46  16  1  63
47  16  1  26
48  16  1  56
49  16  1  45
50  16  1  71
1  17  1  69
2  17  1  35
3  17  1  12
4  17  1  59
5  17  1  80
6  17  1  79
7  17  1  37
8  17  1  62
9  17  1  74
10  17  1  60
11  17  1  61
12  17  1  66
13  17  1  21
14  17  1  42
15  17  1  28
16  17  1  81
17  17  1  81
18  17  1  85
19  17  1  73
20  17  1  81
21  17  1  83
22  17  1  68
23  17  1  39
24  17  1  10
25  17  1  83
26  17  1  37
27  17  1  29
28  17  1  62
29  17  1  23
30  17  1  88
31  17  1  39
32  17  1  61
33  17  1  65
34  17  1  41
35  17  1  48
36  17  1  43
37  17  1  20
38  17  1  38
39  17  1  76
40  17  1  90
41  17  1  64
42  17  1  90
43  17  1  18
44  17  1  61
45  17  1  34
46  17  1  73
47  17  1  39
48  17  1  29
49  17  1  86
50  17  1  69
1  18  1  42
2  18  1  82
3  18  1  26
4  18  1  33
5  18  1  16
6  18  1  51
7  18  1  19
8  18  1  33
9  18  1  53
10  18  1  57
11  18  1  64
12  18  1  25
13  18  1  72
14  18  1  53
15  18  1  24
16  18  1  14
17  18  1  71
18  18  1  26
19  18  1  89
20  18  1  89
21  18  1  63
22  18  1  60
23  18  1  58
24  18  1  28
25  18  1  16
26  18  1  12
27  18  1  27
28  18  1  84
29  18  1  30
30  18  1  80
31  18  1  52
32  18  1  51
33  18  1  64
34  18  1  67
35  18  1  53
36  18  1  83
37  18  1  37
38  18  1  19
39  18  1  84
40  18  1  79
41  18  1  28
42  18  1  29
43  18  1  43
44  18  1  70
45  18  1  39
46  18  1  43
47  18  1  32
48  18  1  19
49  18  1  68
50  18  1  85
1  19  1  47
2  19  1  64
3  19  1  45
4  19  1  20
5  19  1  60
6  19  1  51
7  19  1  39
8  19  1  67
9  19  1  24
10  19  1  39
11  19  1  55
12  19  1  41
13  19  1  82
14  19  1  56
15  19  1  43
16  19  1  21
17  19  1  39
18  19  1  74
19  19  1  52
20  19  1  86
21  19  1  29
22  19  1  38
23  19  1  83
24  19  1  37
25  19  1  11
26  19  1  16
27  19  1  12
28  19  1  40
29  19  1  67
30  19  1  73
31  19  1  90
32  19  1  58
33  19  1  82
34  19  1  89
35  19  1  24
36  19  1  13
37  19  1  12
38  19  1  16
39  19  1  60
40  19  1  48
41  19  1  85
42  19  1  52
43  19  1  79
44  19  1  85
45  19  1  62
46  19  1  56
47  19  1  40
48  19  1  83
49  19  1  39
50  19  1  63
1  20  1  38
2  20  1  86
3  20  1  57
4  20  1  13
5  20  1  44
6  20  1  41
7  20  1  43
8  20  1  31
9  20  1  11
10  20  1  12
11  20  1  59
12  20  1  66
13  20  1  67
14  20  1  31
15  20  1  80
16  20  1  50
17  20  1  72
18  20  1  68
19  20  1  79
20  20  1  68
21  20  1  10
22  20  1  87
23  20  1  75
24  20  1  47
25  20  1  12
26  20  1  24
27  20  1  58
28  20  1  43
29  20  1  59
30  20  1  59
31  20  1  68
32  20  1  84
33  20  1  23
34  20  1  79
35  20  1  32
36  20  1  29
37  20  1  79
38  20  1  23
39  20  1  85
40  20  1  67
41  20  1  87
42  20  1  71
43  20  1  44
44  20  1  60
45  20  1  25
46  20  1  87
47  20  1  17
48  20  1  88
49  20  1  57
50  20  1  35
1  21  1  83
2  21  1  36
3  21  1  17
4  21  1  42
5  21  1  60
6  21  1  63
7  21  1  42
8  21  1  52
9  21  1  50
10  21  1  22
11  21  1  41
12  21  1  21
13  21  1  82
14  21  1  80
15  21  1  79
16  21  1  32
17  21  1  71
18  21  1  25
19  21  1  30
20  21  1  14
21  21  1  55
22  21  1  89
23  21  1  15
24  21  1  50
25  21  1  80
26  21  1  88
27  21  1  80
28  21  1  86
29  21  1  24
30  21  1  29
31  21  1  70
32  21  1  49
33  21  1  14
34  21  1  50
35  21  1  37
36  21  1  45
37  21  1  50
38  21  1  19
39  21  1  50
40  21  1  79
41  21  1  22
42  21  1  33
43  21  1  31
44  21  1  80
45  21  1  12
46  21  1  63
47  21  1  13
48  21  1  28
49  21  1  79
50  21  1  40
1  22  1  49
2  22  1  58
3  22  1  59
4  22  1  43
5  22  1  28
6  22  1  85
7  22  1  67
8  22  1  15
9  22  1  85
10  22  1  42
11  22  1  43
12  22  1  43
13  22  1  68
14  22  1  35
15  22  1  71
16  22  1  46
17  22  1  31
18  22  1  77
19  22  1  52
20  22  1  48
21  22  1  15
22  22  1  32
23  22  1  80
24  22  1  82
25  22  1  25
26  22  1  21
27  22  1  31
28  22  1  71
29  22  1  77
30  22  1  52
31  22  1  80
32  22  1  12
33  22  1  73
34  22  1  46
35  22  1  22
36  22  1  25
37  22  1  35
38  22  1  27
39  22  1  86
40  22  1  26
41  22  1  24
42  22  1  54
43  22  1  48
44  22  1  41
45  22  1  49
46  22  1  55
47  22  1  52
48  22  1  35
49  22  1  88
50  22  1  37
1  23  1  24
2  23  1  79
3  23  1  56
4  23  1  73
5  23  1  80
6  23  1  58
7  23  1  25
8  23  1  18
9  23  1  63
10  23  1  13
11  23  1  66
12  23  1  15
13  23  1  85
14  23  1  77
15  23  1  38
16  23  1  37
17  23  1  10
18  23  1  12
19  23  1  18
20  23  1  26
21  23  1  72
22  23  1  10
23  23  1  51
24  23  1  17
25  23  1  87
26  23  1  82
27  23  1  52
28  23  1  78
29  23  1  78
30  23  1  48
31  23  1  29
32  23  1  16
33  23  1  69
34  23  1  50
35  23  1  40
36  23  1  82
37  23  1  80
38  23  1  63
39  23  1  85
40  23  1  38
41  23  1  71
42  23  1  11
43  23  1  71
44  23  1  80
45  23  1  18
46  23  1  59
47  23  1  31
48  23  1  15
49  23  1  67
50  23  1  54
1  24  1  48
2  24  1  54
3  24  1  35
4  24  1  48
5  24  1  38
6  24  1  18
7  24  1  15
8  24  1  56
9  24  1  60
10  24  1  77
11  24  1  51
12  24  1  31
13  24  1  10
14  24  1  68
15  24  1  64
16  24  1  78
17  24  1  74
18  24  1  11
19  24  1  44
20  24  1  84
21  24  1  57
22  24  1  30
23  24  1  16
24  24  1  53
25  24  1  63
26  24  1  28
27  24  1  59
28  24  1  87
29  24  1  65
30  24  1  27
31  24  1  76
32  24  1  59
33  24  1  72
34  24  1  35
35  24  1  47
36  24  1  85
37  24  1  31
38  24  1  32
39  24  1  70
40  24  1  25
41  24  1  83
42  24  1  87
43  24  1  49
44  24  1  12
45  24  1  75
46  24  1  29
47  24  1  57
48  24  1  11
49  24  1  75
50  24  1  84
1  25  1  15
2  25  1  19
3  25  1  23
4  25  1  63
5  25  1  78
6  25  1  16
7  25  1  13
8  25  1  70
9  25  1  52
10  25  1  62
11  25  1  27
12  25  1  80
13  25  1  48
14  25  1  72
15  25  1  70
16  25  1  15
17  25  1  78
18  25  1  54
19  25  1  21
20  25  1  16
21  25  1  89
22  25  1  59
23  25  1  89
24  25  1  51
25  25  1  82
26  25  1  63
27  25  1  60
28  25  1  57
29  25  1  52
30  25  1  52
31  25  1  50
32  25  1  55
33  25  1  23
34  25  1  14
35  25  1  61
36  25  1  81
37  25  1  30
38  25  1  56
39  25  1  38
40  25  1  60
41  25  1  50
42  25  1  39
43  25  1  46
44  25  1  64
45  25  1  31
46  25  1  44
47  25  1  12
48  25  1  67
49  25  1  59
50  25  1  25
1  26  1  72
2  26  1  88
3  26  1  56
4  26  1  53
5  26  1  56
6  26  1  57
7  26  1  86
8  26  1  67
9  26  1  16
10  26  1  77
11  26  1  39
12  26  1  51
13  26  1  76
14  26  1  18
15  26  1  81
16  26  1  58
17  26  1  75
18  26  1  22
19  26  1  42
20  26  1  84
21  26  1  75
22  26  1  75
23  26  1  19
24  26  1  24
25  26  1  32
26  26  1  19
27  26  1  13
28  26  1  21
29  26  1  67
30  26  1  29
31  26  1  60
32  26  1  23
33  26  1  71
34  26  1  71
35  26  1  39
36  26  1  21
37  26  1  12
38  26  1  26
39  26  1  47
40  26  1  57
41  26  1  30
42  26  1  55
43  26  1  83
44  26  1  75
45  26  1  88
46  26  1  22
47  26  1  65
48  26  1  88
49  26  1  25
50  26  1  16
1  27  1  30
2  27  1  89
3  27  1  53
4  27  1  25
5  27  1  63
6  27  1  74
7  27  1  34
8  27  1  72
9  27  1  24
10  27  1  47
11  27  1  20
12  27  1  28
13  27  1  13
14  27  1  22
15  27  1  72
16  27  1  21
17  27  1  67
18  27  1  40
19  27  1  78
20  27  1  71
21  27  1  47
22  27  1  64
23  27  1  51
24  27  1  52
25  27  1  39
26  27  1  67
27  27  1  88
28  27  1  36
29  27  1  13
30  27  1  87
31  27  1  48
32  27  1  75
33  27  1  52
34  27  1  59
35  27  1  71
36  27  1  30
37  27  1  28
38  27  1  72
39  27  1  21
40  27  1  10
41  27  1  18
42  27  1  90
43  27  1  20
44  27  1  19
45  27  1  13
46  27  1  39
47  27  1  64
48  27  1  67
49  27  1  33
50  27  1  67
1  28  1  28
2  28  1  73
3  28  1  54
4  28  1  50
5  28  1  33
6  28  1  33
7  28  1  21
8  28  1  38
9  28  1  70
10  28  1  55
11  28  1  81
12  28  1  19
13  28  1  38
14  28  1  16
15  28  1  80
16  28  1  34
17  28  1  15
18  28  1  73
19  28  1  18
20  28  1  69
21  28  1  59
22  28  1  74
23  28  1  76
24  28  1  35
25  28  1  68
26  28  1  29
27  28  1  51
28  28  1  46
29  28  1  77
30  28  1  12
31  28  1  47
32  28  1  73
33  28  1  86
34  28  1  46
35  28  1  16
36  28  1  85
37  28  1  74
38  28  1  34
39  28  1  68
40  28  1  41
41  28  1  80
42  28  1  61
43  28  1  38
44  28  1  72
45  28  1  65
46  28  1  84
47  28  1  59
48  28  1  88
49  28  1  48
50  28  1  72
1  29  1  77
2  29  1  32
3  29  1  52
4  29  1  41
5  29  1  69
6  29  1  51
7  29  1  81
8  29  1  63
9  29  1  54
10  29  1  69
11  29  1  52
12  29  1  89
13  29  1  39
14  29  1  13
15  29  1  19
16  29  1  76
17  29  1  67
18  29  1  72
19  29  1  67
20  29  1  44
21  29  1  43
22  29  1  13
23  29  1  54
24  29  1  17
25  29  1  85
26  29  1  50
27  29  1  34
28  29  1  62
29  29  1  10
30  29  1  32
31  29  1  33
32  29  1  63
33  29  1  49
34  29  1  46
35  29  1  30
36  29  1  47
37  29  1  64
38  29  1  34
39  29  1  61
40  29  1  83
41  29  1  51
42  29  1  64
43  29  1  52
44  29  1  64
45  29  1  53
46  29  1  41
47  29  1  22
48  29  1  56
49  29  1  45
50  29  1  78
1  30  1  51
2  30  1  37
3  30  1  14
4  30  1  58
5  30  1  54
6  30  1  48
7  30  1  57
8  30  1  57
9  30  1  81
10  30  1  86
11  30  1  87
12  30  1  77
13  30  1  68
14  30  1  28
15  30  1  35
16  30  1  85
17  30  1  19
18  30  1  86
19  30  1  56
20  30  1  62
21  30  1  54
22  30  1  13
23  30  1  19
24  30  1  52
25  30  1  37
26  30  1  37
27  30  1  58
28  30  1  43
29  30  1  17
30  30  1  20
31  30  1  40
32  30  1  62
33  30  1  57
34  30  1  37
35  30  1  62
36  30  1  87
37  30  1  66
38  30  1  30
39  30  1  68
40  30  1  40
41  30  1  67
42  30  1  78
43  30  1  34
44  30  1  17
45  30  1  36
46  30  1  22
47  30  1  40
48  30  1  23
49  30  1  77
50  30  1  72
1  31  1  55
2  31  1  66
3  31  1  87
4  31  1  46
5  31  1  13
6  31  1  12
7  31  1  29
8  31  1  79
9  31  1  66
10  31  1  45
11  31  1  58
12  31  1  87
13  31  1  10
14  31  1  46
15  31  1  70
16  31  1  81
17  31  1  58
18  31  1  50
19  31  1  62
20  31  1  53
21  31  1  58
22  31  1  14
23  31  1  81
24  31  1  80
25  31  1  18
26  31  1  50
27  31  1  14
28  31  1  27
29  31  1  27
30  31  1  28
31  31  1  36
32  31  1  63
33  31  1  54
34  31  1  39
35  31  1  62
36  31  1  17
37  31  1  62
38  31  1  85
39  31  1  15
40  31  1  32
41  31  1  31
42  31  1  89
43  31  1  41
44  31  1  14
45  31  1  15
46  31  1  40
47  31  1  14
48  31  1  90
49  31  1  51
50  31  1  18
1  32  1  52
2  32  1  29
3  32  1  48
4  32  1  41
5  32  1  56
6  32  1  34
7  32  1  80
8  32  1  42
9  32  1  85
10  32  1  12
11  32  1  19
12  32  1  46
13  32  1  72
14  32  1  61
15  32  1  11
16  32  1  70
17  32  1  44
18  32  1  72
19  32  1  75
20  32  1  43
21  32  1  56
22  32  1  83
23  32  1  12
24  32  1  67
25  32  1  75
26  32  1  39
27  32  1  67
28  32  1  54
29  32  1  24
30  32  1  79
31  32  1  16
32  32  1  85
33  32  1  64
34  32  1  35
35  32  1  87
36  32  1  69
37  32  1  56
38  32  1  33
39  32  1  11
40  32  1  40
41  32  1  20
42  32  1  53
43  32  1  79
44  32  1  83
45  32  1  68
46  32  1  66
47  32  1  17
48  32  1  62
49  32  1  21
50  32  1  11
1  33  1  47
2  33  1  54
3  33  1  74
4  33  1  59
5  33  1  46
6  33  1  71
7  33  1  10
8  33  1  24
9  33  1  58
10  33  1  33
11  33  1  46
12  33  1  79
13  33  1  56
14  33  1  26
15  33  1  16
16  33  1  85
17  33  1  13
18  33  1  60
19  33  1  35
20  33  1  62
21  33  1  69
22  33  1  29
23  33  1  25
24  33  1  54
25  33  1  50
26  33  1  38
27  33  1  24
28  33  1  87
29  33  1  31
30  33  1  34
31  33  1  47
32  33  1  82
33  33  1  40
34  33  1  37
35  33  1  61
36  33  1  50
37  33  1  43
38  33  1  35
39  33  1  85
40  33  1  55
41  33  1  11
42  33  1  46
43  33  1  62
44  33  1  27
45  33  1  68
46  33  1  84
47  33  1  88
48  33  1  13
49  33  1  87
50  33  1  68
1  34  1  35
2  34  1  66
3  34  1  37
4  34  1  63
5  34  1  10
6  34  1  72
7  34  1  40
8  34  1  21
9  34  1  31
10  34  1  72
11  34  1  45
12  34  1  36
13  34  1  50
14  34  1  86
15  34  1  25
16  34  1  32
17  34  1  66
18  34  1  33
19  34  1  19
20  34  1  67
21  34  1  57
22  34  1  54
23  34  1  49
24  34  1  86
25  34  1  43
26  34  1  61
27  34  1  60
28  34  1  47
29  34  1  77
30  34  1  80
31  34  1  80
32  34  1  89
33  34  1  36
34  34  1  86
35  34  1  22
36  34  1  46
37  34  1  35
38  34  1  64
39  34  1  53
40  34  1  85
41  34  1  80
42  34  1  25
43  34  1  62
44  34  1  88
45  34  1  37
46  34  1  19
47  34  1  60
48  34  1  83
49  34  1  48
50  34  1  68
1  35  1  66
2  35  1  45
3  35  1  52
4  35  1  74
5  35  1  14
6  35  1  89
7  35  1  45
8  35  1  62
9  35  1  64
10  35  1  79
11  35  1  32
12  35  1  81
13  35  1  47
14  35  1  16
15  35  1  57
16  35  1  20
17  35  1  71
18  35  1  49
19  35  1  17
20  35  1  81
21  35  1  90
22  35  1  40
23  35  1  38
24  35  1  27
25  35  1  30
26  35  1  22
27  35  1  85
28  35  1  64
29  35  1  13
30  35  1  78
31  35  1  48
32  35  1  26
33  35  1  50
34  35  1  74
35  35  1  74
36  35  1  87
37  35  1  48
38  35  1  28
39  35  1  10
40  35  1  31
41  35  1  33
42  35  1  64
43  35  1  83
44  35  1  35
45  35  1  53
46  35  1  17
47  35  1  80
48  35  1  44
49  35  1  76
50  35  1  30
1  36  1  59
2  36  1  81
3  36  1  35
4  36  1  63
5  36  1  66
6  36  1  37
7  36  1  57
8  36  1  74
9  36  1  36
10  36  1  50
11  36  1  21
12  36  1  48
13  36  1  53
14  36  1  82
15  36  1  39
16  36  1  14
17  36  1  75
18  36  1  43
19  36  1  85
20  36  1  61
21  36  1  29
22  36  1  73
23  36  1  51
24  36  1  59
25  36  1  40
26  36  1  54
27  36  1  20
28  36  1  50
29  36  1  72
30  36  1  56
31  36  1  53
32  36  1  58
33  36  1  42
34  36  1  45
35  36  1  38
36  36  1  65
37  36  1  55
38  36  1  62
39  36  1  58
40  36  1  70
41  36  1  80
42  36  1  32
43  36  1  11
44  36  1  58
45  36  1  53
46  36  1  86
47  36  1  20
48  36  1  58
49  36  1  78
50  36  1  46
1  37  1  33
2  37  1  27
3  37  1  39
4  37  1  14
5  37  1  24
6  37  1  21
7  37  1  52
8  37  1  74
9  37  1  88
10  37  1  85
11  37  1  26
12  37  1  16
13  37  1  19
14  37  1  15
15  37  1  62
16  37  1  85
17  37  1  88
18  37  1  35
19  37  1  56
20  37  1  22
21  37  1  69
22  37  1  35
23  37  1  34
24  37  1  73
25  37  1  58
26  37  1  55
27  37  1  64
28  37  1  72
29  37  1  34
30  37  1  88
31  37  1  82
32  37  1  67
33  37  1  74
34  37  1  37
35  37  1  57
36  37  1  40
37  37  1  21
38  37  1  72
39  37  1  24
40  37  1  32
41  37  1  38
42  37  1  54
43  37  1  40
44  37  1  69
45  37  1  28
46  37  1  44
47  37  1  26
48  37  1  22
49  37  1  20
50  37  1  37
1  38  1  71
2  38  1  85
3  38  1  84
4  38  1  10
5  38  1  41
6  38  1  29
7  38  1  83
8  38  1  45
9  38  1  22
10  38  1  88
11  38  1  84
12  38  1  15
13  38  1  75
14  38  1  27
15  38  1  13
16  38  1  21
17  38  1  26
18  38  1  47
19  38  1  78
20  38  1  21
21  38  1  75
22  38  1  45
23  38  1  66
24  38  1  61
25  38  1  40
26  38  1  72
27  38  1  68
28  38  1  76
29  38  1  50
30  38  1  47
31  38  1  79
32  38  1  52
33  38  1  80
34  38  1  72
35  38  1  44
36  38  1  16
37  38  1  89
38  38  1  66
39  38  1  19
40  38  1  26
41  38  1  72
42  38  1  18
43  38  1  10
44  38  1  63
45  38  1  30
46  38  1  41
47  38  1  30
48  38  1  22
49  38  1  11
50  38  1  47
1  39  1  71
2  39  1  72
3  39  1  78
4  39  1  43
5  39  1  27
6  39  1  23
7  39  1  16
8  39  1  53
9  39  1  67
10  39  1  34
11  39  1  14
12  39  1  81
13  39  1  15
14  39  1  54
15  39  1  52
16  39  1  90
17  39  1  26
18  39  1  90
19  39  1  58
20  39  1  79
21  39  1  82
22  39  1  34
23  39  1  57
24  39  1  75
25  39  1  63
26  39  1  65
27  39  1  23
28  39  1  45
29  39  1  69
30  39  1  17
31  39  1  56
32  39  1  42
33  39  1  72
34  39  1  62
35  39  1  48
36  39  1  66
37  39  1  74
38  39  1  57
39  39  1  39
40  39  1  73
41  39  1  74
42  39  1  78
43  39  1  78
44  39  1  30
45  39  1  89
46  39  1  71
47  39  1  35
48  39  1  10
49  39  1  45
50  39  1  12
1  40  1  33
2  40  1  82
3  40  1  83
4  40  1  61
5  40  1  75
6  40  1  56
7  40  1  73
8  40  1  10
9  40  1  54
10  40  1  12
11  40  1  32
12  40  1  13
13  40  1  38
14  40  1  41
15  40  1  73
16  40  1  15
17  40  1  82
18  40  1  14
19  40  1  40
20  40  1  44
21  40  1  51
22  40  1  68
23  40  1  72
24  40  1  50
25  40  1  86
26  40  1  85
27  40  1  34
28  40  1  25
29  40  1  67
30  40  1  78
31  40  1  57
32  40  1  64
33  40  1  59
34  40  1  49
35  40  1  66
36  40  1  74
37  40  1  59
38  40  1  21
39  40  1  86
40  40  1  40
41  40  1  66
42  40  1  68
43  40  1  68
44  40  1  51
45  40  1  44
46  40  1  60
47  40  1  21
48  40  1  62
49  40  1  47
50  40  1  72
1  41  1  87
2  41  1  11
3  41  1  26
4  41  1  19
5  41  1  50
6  41  1  88
7  41  1  31
8  41  1  19
9  41  1  80
10  41  1  28
11  41  1  35
12  41  1  58
13  41  1  16
14  41  1  67
15  41  1  90
16  41  1  72
17  41  1  29
18  41  1  53
19  41  1  82
20  41  1  69
21  41  1  28
22  41  1  53
23  41  1  74
24  41  1  77
25  41  1  76
26  41  1  15
27  41  1  27
28  41  1  40
29  41  1  33
30  41  1  16
31  41  1  68
32  41  1  17
33  41  1  22
34  41  1  17
35  41  1  46
36  41  1  70
37  41  1  90
38  41  1  43
39  41  1  67
40  41  1  32
41  41  1  61
42  41  1  11
43  41  1  64
44  41  1  10
45  41  1  69
46  41  1  35
47  41  1  38
48  41  1  67
49  41  1  41
50  41  1  73
1  42  1  76
2  42  1  58
3  42  1  80
4  42  1  47
5  42  1  31
6  42  1  26
7  42  1  17
8  42  1  34
9  42  1  69
10  42  1  30
11  42  1  31
12  42  1  18
13  42  1  72
14  42  1  52
15  42  1  46
16  42  1  67
17  42  1  74
18  42  1  84
19  42  1  47
20  42  1  49
21  42  1  79
22  42  1  52
23  42  1  74
24  42  1  17
25  42  1  14
26  42  1  55
27  42  1  34
28  42  1  14
29  42  1  53
30  42  1  83
31  42  1  65
32  42  1  61
33  42  1  43
34  42  1  81
35  42  1  85
36  42  1  17
37  42  1  90
38  42  1  57
39  42  1  46
40  42  1  90
41  42  1  73
42  42  1  16
43  42  1  21
44  42  1  31
45  42  1  39
46  42  1  63
47  42  1  41
48  42  1  47
49  42  1  41
50  42  1  19
1  43  1  43
2  43  1  68
3  43  1  90
4  43  1  84
5  43  1  71
6  43  1  61
7  43  1  43
8  43  1  59
9  43  1  24
10  43  1  74
11  43  1  59
12  43  1  59
13  43  1  90
14  43  1  83
15  43  1  10
16  43  1  27
17  43  1  38
18  43  1  76
19  43  1  59
20  43  1  51
21  43  1  19
22  43  1  13
23  43  1  39
24  43  1  34
25  43  1  63
26  43  1  42
27  43  1  50
28  43  1  13
29  43  1  50
30  43  1  25
31  43  1  30
32  43  1  67
33  43  1  10
34  43  1  43
35  43  1  57
36  43  1  11
37  43  1  87
38  43  1  40
39  43  1  17
40  43  1  68
41  43  1  17
42  43  1  45
43  43  1  72
44  43  1  74
45  43  1  12
46  43  1  24
47  43  1  59
48  43  1  71
49  43  1  13
50  43  1  71
1  44  1  24
2  44  1  51
3  44  1  17
4  44  1  19
5  44  1  72
6  44  1  14
7  44  1  55
8  44  1  67
9  44  1  82
10  44  1  32
11  44  1  19
12  44  1  16
13  44  1  19
14  44  1  41
15  44  1  73
16  44  1  68
17  44  1  48
18  44  1  61
19  44  1  84
20  44  1  51
21  44  1  45
22  44  1  45
23  44  1  14
24  44  1  34
25  44  1  35
26  44  1  66
27  44  1  52
28  44  1  56
29  44  1  75
30  44  1  53
31  44  1  61
32  44  1  75
33  44  1  69
34  44  1  44
35  44  1  65
36  44  1  90
37  44  1  60
38  44  1  72
39  44  1  83
40  44  1  44
41  44  1  35
42  44  1  70
43  44  1  59
44  44  1  82
45  44  1  26
46  44  1  12
47  44  1  24
48  44  1  15
49  44  1  74
50  44  1  18
1  45  1  43
2  45  1  39
3  45  1  12
4  45  1  23
5  45  1  30
6  45  1  50
7  45  1  29
8  45  1  32
9  45  1  82
10  45  1  20
11  45  1  49
12  45  1  69
13  45  1  52
14  45  1  58
15  45  1  35
16  45  1  19
17  45  1  75
18  45  1  78
19  45  1  72
20  45  1  87
21  45  1  16
22  45  1  18
23  45  1  29
24  45  1  49
25  45  1  50
26  45  1  33
27  45  1  22
28  45  1  44
29  45  1  53
30  45  1  49
31  45  1  43
32  45  1  48
33  45  1  74
34  45  1  20
35  45  1  39
36  45  1  59
37  45  1  55
38  45  1  81
39  45  1  13
40  45  1  79
41  45  1  60
42  45  1  66
43  45  1  42
44  45  1  13
45  45  1  90
46  45  1  86
47  45  1  82
48  45  1  35
49  45  1  37
50  45  1  10
1  46  1  69
2  46  1  87
3  46  1  26
4  46  1  79
5  46  1  81
6  46  1  23
7  46  1  11
8  46  1  44
9  46  1  52
10  46  1  79
11  46  1  32
12  46  1  55
13  46  1  88
14  46  1  40
15  46  1  28
16  46  1  19
17  46  1  66
18  46  1  82
19  46  1  61
20  46  1  81
21  46  1  69
22  46  1  27
23  46  1  40
24  46  1  12
25  46  1  51
26  46  1  55
27  46  1  46
28  46  1  65
29  46  1  61
30  46  1  68
31  46  1  78
32  46  1  33
33  46  1  80
34  46  1  74
35  46  1  23
36  46  1  24
37  46  1  50
38  46  1  60
39  46  1  25
40  46  1  59
41  46  1  18
42  46  1  29
43  46  1  88
44  46  1  45
45  46  1  42
46  46  1  62
47  46  1  34
48  46  1  42
49  46  1  25
50  46  1  60
1  47  1  78
2  47  1  17
3  47  1  48
4  47  1  19
5  47  1  37
6  47  1  33
7  47  1  22
8  47  1  38
9  47  1  26
10  47  1  12
11  47  1  30
12  47  1  75
13  47  1  56
14  47  1  16
15  47  1  90
16  47  1  81
17  47  1  26
18  47  1  47
19  47  1  26
20  47  1  85
21  47  1  89
22  47  1  26
23  47  1  11
24  47  1  35
25  47  1  50
26  47  1  40
27  47  1  19
28  47  1  20
29  47  1  85
30  47  1  31
31  47  1  48
32  47  1  68
33  47  1  48
34  47  1  35
35  47  1  27
36  47  1  68
37  47  1  25
38  47  1  55
39  47  1  79
40  47  1  53
41  47  1  53
42  47  1  51
43  47  1  50
44  47  1  76
45  47  1  39
46  47  1  35
47  47  1  90
48  47  1  47
49  47  1  21
50  47  1  88
1  48  1  41
2  48  1  17
3  48  1  63
4  48  1  24
5  48  1  21
6  48  1  22
7  48  1  47
8  48  1  49
9  48  1  67
10  48  1  39
11  48  1  24
12  48  1  73
13  48  1  43
14  48  1  55
15  48  1  15
16  48  1  22
17  48  1  87
18  48  1  65
19  48  1  71
20  48  1  68
21  48  1  35
22  48  1  84
23  48  1  61
24  48  1  29
25  48  1  64
26  48  1  36
27  48  1  29
28  48  1  70
29  48  1  37
30  48  1  20
31  48  1  48
32  48  1  73
33  48  1  32
34  48  1  85
35  48  1  24
36  48  1  83
37  48  1  62
38  48  1  53
39  48  1  44
40  48  1  56
41  48  1  17
42  48  1  71
43  48  1  15
44  48  1  68
45  48  1  16
46  48  1  85
47  48  1  56
48  48  1  83
49  48  1  86
50  48  1  36
1  49  1  52
2  49  1  58
3  49  1  62
4  49  1  44
5  49  1  11
6  49  1  15
7  49  1  62
8  49  1  16
9  49  1  36
10  49  1  90
11  49  1  10
12  49  1  13
13  49  1  26
14  49  1  26
15  49  1  12
16  49  1  38
17  49  1  10
18  49  1  69
19  49  1  10
20  49  1  65
21  49  1  58
22  49  1  84
23  49  1  19
24  49  1  71
25  49  1  42
26  49  1  81
27  49  1  30
28  49  1  38
29  49  1  25
30  49  1  26
31  49  1  11
32  49  1  60
33  49  1  38
34  49  1  12
35  49  1  42
36  49  1  15
37  49  1  60
38  49  1  45
39  49  1  35
40  49  1  67
41  49  1  80
42  49  1  14
43  49  1  21
44  49  1  77
45  49  1  19
46  49  1  71
47  49  1  53
48  49  1  19
49  49  1  50
50  49  1  50
1  50  1  72
2  50  1  85
3  50  1  63
4  50  1  14
5  50  1  71
6  50  1  83
7  50  1  47
8  50  1  37
9  50  1  22
10  50  1  14
11  50  1  41
12  50  1  45
13  50  1  82
14  50  1  52
15  50  1  10
16  50  1  74
17  50  1  56
18  50  1  14
19  50  1  74
20  50  1  81
21  50  1  39
22  50  1  32
23  50  1  69
24  50  1  41
25  50  1  82
26  50  1  59
27  50  1  44
28  50  1  40
29  50  1  41
30  50  1  38
31  50  1  24
32  50  1  54
33  50  1  45
34  50  1  61
35  50  1  58
36  50  1  77
37  50  1  13
38  50  1  37
39  50  1  15
40  50  1  69
41  50  1  56
42  50  1  12
43  50  1  50
44  50  1  47
45  50  1  53
46  50  1  87
47  50  1  87
48  50  1  49
49  50  1  29
50  50  1  18
1  1  2  34.10
2  1  2  36.74
3  1  2  16.85
4  1  2  12.32
5  1  2  7.48
6  1  2  57.72
7  1  2  49.02
8  1  2  26.01
9  1  2  8.76
10  1  2  43.66
11  1  2  5.18
12  1  2  13.06
13  1  2  11.01
14  1  2  22.94
15  1  2  18.48
16  1  2  6.49
17  1  2  35.47
18  1  2  2.78
19  1  2  46.73
20  1  2  13.42
21  1  2  18.86
22  1  2  15.13
23  1  2  8.43
24  1  2  5.73
25  1  2  23.64
26  1  2  22.09
27  1  2  10.37
28  1  2  24.01
29  1  2  54.93
30  1  2  42.87
31  1  2  44.73
32  1  2  3.73
33  1  2  16.13
34  1  2  40.80
35  1  2  19.36
36  1  2  16.78
37  1  2  14.23
38  1  2  27.04
39  1  2  23.37
40  1  2  4.12
41  1  2  33.83
42  1  2  36.90
43  1  2  19.60
44  1  2  19.62
45  1  2  36.51
46  1  2  60.85
47  1  2  34.92
48  1  2  30.70
49  1  2  41.18
50  1  2  19.09
1  2  2  24.14
2  2  2  3.05
3  2  2  30.74
4  2  2  7.84
5  2  2  31.49
6  2  2  4.68
7  2  2  17.11
8  2  2  48.91
9  2  2  6.22
10  2  2  10.13
11  2  2  26.16
12  2  2  6.09
13  2  2  24.25
14  2  2  22.87
15  2  2  26.46
16  2  2  34.71
17  2  2  18.88
18  2  2  9.81
19  2  2  18.53
20  2  2  29.78
21  2  2  12.69
22  2  2  46.04
23  2  2  32.08
24  2  2  24.23
25  2  2  16.02
26  2  2  22.54
27  2  2  10.69
28  2  2  19.01
29  2  2  26.95
30  2  2  12.53
31  2  2  32.39
32  2  2  18.12
33  2  2  43.31
34  2  2  16.93
35  2  2  20.01
36  2  2  21.34
37  2  2  23.11
38  2  2  12.32
39  2  2  23.82
40  2  2  4.69
41  2  2  9.61
42  2  2  22.87
43  2  2  16.15
44  2  2  22.82
45  2  2  29.06
46  2  2  11.68
47  2  2  15.82
48  2  2  6.17
49  2  2  10.11
50  2  2  4.40
1  3  2  26.24
2  3  2  21.99
3  3  2  49.33
4  3  2  18.48
5  3  2  13.56
6  3  2  36.09
7  3  2  36.33
8  3  2  3.63
9  3  2  38.05
10  3  2  21.68
11  3  2  44.12
12  3  2  20.84
13  3  2  5.06
14  3  2  40.84
15  3  2  22.66
16  3  2  14.54
17  3  2  30.50
18  3  2  17.22
19  3  2  17.69
20  3  2  22.22
21  3  2  17.87
22  3  2  43.98
23  3  2  7.02
24  3  2  18.47
25  3  2  14.76
26  3  2  23.89
27  3  2  14.38
28  3  2  56.12
29  3  2  16.39
30  3  2  24.32
31  3  2  9.46
32  3  2  15.41
33  3  2  13.54
34  3  2  27.17
35  3  2  25.21
36  3  2  42.77
37  3  2  15.59
38  3  2  29.69
39  3  2  34.72
40  3  2  20.29
41  3  2  54.82
42  3  2  29.86
43  3  2  16.35
44  3  2  8.60
45  3  2  15.03
46  3  2  31.49
47  3  2  40.65
48  3  2  39.46
49  3  2  8.55
50  3  2  38.74
1  4  2  37.09
2  4  2  27.35
3  4  2  7.91
4  4  2  23.86
5  4  2  27.85
6  4  2  10.36
7  4  2  18.18
8  4  2  22.43
9  4  2  32.27
10  4  2  57.97
11  4  2  32.08
12  4  2  17.20
13  4  2  35.77
14  4  2  29.98
15  4  2  10.00
16  4  2  20.61
17  4  2  26.29
18  4  2  31.18
19  4  2  9.66
20  4  2  3.30
21  4  2  6.98
22  4  2  14.45
23  4  2  30.95
24  4  2  18.22
25  4  2  48.00
26  4  2  22.83
27  4  2  14.31
28  4  2  26.29
29  4  2  13.77
30  4  2  8.13
31  4  2  6.75
32  4  2  43.91
33  4  2  16.08
34  4  2  41.75
35  4  2  12.12
36  4  2  8.20
37  4  2  19.05
38  4  2  17.36
39  4  2  6.81
40  4  2  15.11
41  4  2  15.30
42  4  2  10.98
43  4  2  33.57
44  4  2  19.52
45  4  2  7.84
46  4  2  27.72
47  4  2  53.89
48  4  2  46.35
49  4  2  26.93
50  4  2  7.38
1  5  2  13.99
2  5  2  35.21
3  5  2  18.24
4  5  2  58.85
5  5  2  41.27
6  5  2  27.90
7  5  2  4.10
8  5  2  14.18
9  5  2  29.76
10  5  2  32.33
11  5  2  17.44
12  5  2  11.40
13  5  2  9.50
14  5  2  6.83
15  5  2  38.24
16  5  2  57.24
17  5  2  14.20
18  5  2  39.56
19  5  2  6.59
20  5  2  51.04
21  5  2  13.02
22  5  2  49.31
23  5  2  17.70
24  5  2  29.16
25  5  2  60.70
26  5  2  15.51
27  5  2  23.42
28  5  2  14.15
29  5  2  35.85
30  5  2  27.01
31  5  2  16.05
32  5  2  45.61
33  5  2  32.46
34  5  2  18.69
35  5  2  28.35
36  5  2  7.77
37  5  2  4.80
38  5  2  13.73
39  5  2  68.89
40  5  2  33.93
41  5  2  24.84
42  5  2  56.32
43  5  2  34.20
44  5  2  24.53
45  5  2  21.49
46  5  2  22.02
47  5  2  9.00
48  5  2  25.33
49  5  2  25.32
50  5  2  10.28
1  6  2  36.24
2  6  2  58.57
3  6  2  44.81
4  6  2  42.09
5  6  2  48.32
6  6  2  35.01
7  6  2  41.16
8  6  2  40.92
9  6  2  12.70
10  6  2  44.13
11  6  2  3.93
12  6  2  8.96
13  6  2  7.58
14  6  2  6.94
15  6  2  15.52
16  6  2  63.05
17  6  2  12.78
18  6  2  9.42
19  6  2  7.46
20  6  2  10.75
21  6  2  51.39
22  6  2  38.96
23  6  2  60.56
24  6  2  26.03
25  6  2  5.75
26  6  2  7.92
27  6  2  17.77
28  6  2  22.91
29  6  2  53.38
30  6  2  17.51
31  6  2  30.04
32  6  2  12.48
33  6  2  10.95
34  6  2  19.11
35  6  2  32.50
36  6  2  24.58
37  6  2  18.36
38  6  2  16.34
39  6  2  31.75
40  6  2  34.57
41  6  2  49.90
42  6  2  4.59
43  6  2  23.60
44  6  2  10.95
45  6  2  30.96
46  6  2  38.44
47  6  2  15.00
48  6  2  18.82
49  6  2  29.20
50  6  2  42.94
1  7  2  7.68
2  7  2  38.49
3  7  2  26.09
4  7  2  3.57
5  7  2  25.17
6  7  2  39.16
7  7  2  9.67
8  7  2  36.53
9  7  2  23.39
10  7  2  25.70
11  7  2  12.80
12  7  2  43.18
13  7  2  6.98
14  7  2  27.29
15  7  2  55.44
16  7  2  33.93
17  7  2  16.22
18  7  2  6.80
19  7  2  26.71
20  7  2  50.59
21  7  2  16.48
22  7  2  11.87
23  7  2  41.59
24  7  2  10.63
25  7  2  13.84
26  7  2  19.69
27  7  2  27.97
28  7  2  21.02
29  7  2  3.08
30  7  2  46.77
31  7  2  4.17
32  7  2  21.21
33  7  2  29.65
34  7  2  53.60
35  7  2  28.94
36  7  2  5.56
37  7  2  35.94
38  7  2  35.08
39  7  2  57.88
40  7  2  35.28
41  7  2  21.52
42  7  2  42.86
43  7  2  29.40
44  7  2  8.98
45  7  2  17.09
46  7  2  28.14
47  7  2  42.79
48  7  2  46.25
49  7  2  26.93
50  7  2  12.43
1  8  2  29.68
2  8  2  10.61
3  8  2  21.83
4  8  2  17.48
5  8  2  64.86
6  8  2  11.62
7  8  2  62.96
8  8  2  22.81
9  8  2  53.31
10  8  2  21.55
11  8  2  13.33
12  8  2  21.83
13  8  2  25.69
14  8  2  10.50
15  8  2  8.81
16  8  2  57.49
17  8  2  5.27
18  8  2  8.01
19  8  2  31.01
20  8  2  29.13
21  8  2  9.85
22  8  2  22.36
23  8  2  26.58
24  8  2  28.27
25  8  2  8.14
26  8  2  7.37
27  8  2  54.57
28  8  2  10.09
29  8  2  19.79
30  8  2  53.22
31  8  2  23.82
32  8  2  13.43
33  8  2  24.64
34  8  2  7.05
35  8  2  39.16
36  8  2  28.43
37  8  2  64.13
38  8  2  43.59
39  8  2  42.49
40  8  2  21.67
41  8  2  38.62
42  8  2  10.30
43  8  2  28.45
44  8  2  33.43
45  8  2  27.41
46  8  2  17.34
47  8  2  4.32
48  8  2  8.91
49  8  2  15.41
50  8  2  8.22
1  9  2  15.55
2  9  2  35.59
3  9  2  17.38
4  9  2  11.37
5  9  2  10.24
6  9  2  64.00
7  9  2  13.95
8  9  2  13.52
9  9  2  18.30
10  9  2  23.78
11  9  2  12.90
12  9  2  14.04
13  9  2  20.43
14  9  2  31.83
15  9  2  34.21
16  9  2  6.84
17  9  2  4.34
18  9  2  16.88
19  9  2  25.57
20  9  2  32.91
21  9  2  40.56
22  9  2  42.43
23  9  2  15.66
24  9  2  48.37
25  9  2  40.50
26  9  2  27.98
27  9  2  28.86
28  9  2  50.40
29  9  2  30.83
30  9  2  15.89
31  9  2  56.73
32  9  2  19.90
33  9  2  36.13
34  9  2  14.43
35  9  2  9.42
36  9  2  14.91
37  9  2  27.34
38  9  2  12.07
39  9  2  15.07
40  9  2  13.00
41  9  2  16.89
42  9  2  45.98
43  9  2  19.44
44  9  2  13.26
45  9  2  7.29
46  9  2  5.51
47  9  2  8.83
48  9  2  15.48
49  9  2  13.93
50  9  2  27.95
1  10  2  17.68
2  10  2  43.51
3  10  2  6.94
4  10  2  16.45
5  10  2  55.83
6  10  2  12.23
7  10  2  19.14
8  10  2  52.73
9  10  2  7.29
10  10  2  35.01
11  10  2  8.76
12  10  2  24.32
13  10  2  32.87
14  10  2  46.36
15  10  2  12.08
16  10  2  19.16
17  10  2  47.94
18  10  2  19.58
19  10  2  4.38
20  10  2  15.42
21  10  2  33.72
22  10  2  7.61
23  10  2  18.83
24  10  2  14.43
25  10  2  22.62
26  10  2  16.76
27  10  2  35.66
28  10  2  5.52
29  10  2  31.97
30  10  2  25.20
31  10  2  40.81
32  10  2  7.75
33  10  2  18.58
34  10  2  39.20
35  10  2  9.41
36  10  2  38.40
37  10  2  18.58
38  10  2  46.85
39  10  2  43.05
40  10  2  14.16
41  10  2  23.50
42  10  2  21.06
43  10  2  29.33
44  10  2  18.39
45  10  2  21.14
46  10  2  24.21
47  10  2  50.56
48  10  2  5.77
49  10  2  11.75
50  10  2  51.21
1  11  2  3.69
2  11  2  36.26
3  11  2  12.18
4  11  2  20.61
5  11  2  25.61
6  11  2  16.00
7  11  2  25.27
8  11  2  61.37
9  11  2  19.38
10  11  2  25.29
11  11  2  28.14
12  11  2  32.43
13  11  2  33.24
14  11  2  54.83
15  11  2  5.85
16  11  2  29.01
17  11  2  43.95
18  11  2  34.67
19  11  2  6.23
20  11  2  48.74
21  11  2  39.01
22  11  2  12.97
23  11  2  54.92
24  11  2  17.97
25  11  2  38.44
26  11  2  8.78
27  11  2  11.63
28  11  2  14.80
29  11  2  39.66
30  11  2  5.31
31  11  2  8.16
32  11  2  16.89
33  11  2  34.46
34  11  2  17.13
35  11  2  28.16
36  11  2  52.57
37  11  2  15.67
38  11  2  38.06
39  11  2  6.07
40  11  2  5.52
41  11  2  18.74
42  11  2  29.90
43  11  2  58.36
44  11  2  21.16
45  11  2  25.93
46  11  2  10.23
47  11  2  67.90
48  11  2  20.86
49  11  2  13.36
50  11  2  27.20
1  12  2  47.89
2  12  2  5.18
3  12  2  5.40
4  12  2  22.02
5  12  2  13.04
6  12  2  8.96
7  12  2  20.00
8  12  2  19.87
9  12  2  9.33
10  12  2  39.54
11  12  2  16.05
12  12  2  18.70
13  12  2  26.66
14  12  2  6.59
15  12  2  5.08
16  12  2  45.74
17  12  2  36.20
18  12  2  35.52
19  12  2  27.63
20  12  2  5.43
21  12  2  20.19
22  12  2  28.72
23  12  2  36.63
24  12  2  20.02
25  12  2  41.35
26  12  2  63.09
27  12  2  7.15
28  12  2  24.62
29  12  2  19.84
30  12  2  15.24
31  12  2  16.72
32  12  2  15.28
33  12  2  38.55
34  12  2  65.84
35  12  2  38.41
36  12  2  28.56
37  12  2  47.44
38  12  2  11.50
39  12  2  25.50
40  12  2  19.63
41  12  2  47.46
42  12  2  10.54
43  12  2  9.86
44  12  2  5.70
45  12  2  44.30
46  12  2  24.80
47  12  2  29.22
48  12  2  16.46
49  12  2  14.97
50  12  2  26.35
1  13  2  7.80
2  13  2  23.38
3  13  2  21.03
4  13  2  25.20
5  13  2  32.37
6  13  2  51.47
7  13  2  33.26
8  13  2  40.44
9  13  2  6.73
10  13  2  18.78
11  13  2  27.41
12  13  2  23.61
13  13  2  28.73
14  13  2  24.65
15  13  2  5.74
16  13  2  38.10
17  13  2  28.84
18  13  2  16.23
19  13  2  20.18
20  13  2  25.91
21  13  2  37.85
22  13  2  65.55
23  13  2  35.29
24  13  2  15.35
25  13  2  55.33
26  13  2  11.81
27  13  2  20.40
28  13  2  47.18
29  13  2  17.79
30  13  2  16.02
31  13  2  34.63
32  13  2  30.77
33  13  2  6.71
34  13  2  8.91
35  13  2  40.00
36  13  2  46.50
37  13  2  17.61
38  13  2  19.92
39  13  2  27.21
40  13  2  19.43
41  13  2  11.43
42  13  2  54.36
43  13  2  11.92
44  13  2  26.89
45  13  2  31.67
46  13  2  21.87
47  13  2  14.13
48  13  2  44.12
49  13  2  42.69
50  13  2  59.81
1  14  2  5.03
2  14  2  4.37
3  14  2  24.05
4  14  2  20.74
5  14  2  7.67
6  14  2  31.12
7  14  2  33.70
8  14  2  4.10
9  14  2  8.58
10  14  2  6.09
11  14  2  21.28
12  14  2  20.19
13  14  2  29.21
14  14  2  33.44
15  14  2  20.08
16  14  2  17.21
17  14  2  3.23
18  14  2  25.09
19  14  2  12.21
20  14  2  15.34
21  14  2  12.90
22  14  2  24.63
23  14  2  44.75
24  14  2  43.37
25  14  2  18.94
26  14  2  28.02
27  14  2  21.73
28  14  2  36.12
29  14  2  36.63
30  14  2  27.64
31  14  2  33.88
32  14  2  12.62
33  14  2  6.28
34  14  2  10.01
35  14  2  17.96
36  14  2  26.85
37  14  2  8.86
38  14  2  29.19
39  14  2  26.49
40  14  2  64.44
41  14  2  36.10
42  14  2  57.06
43  14  2  14.91
44  14  2  21.00
45  14  2  8.32
46  14  2  11.27
47  14  2  6.68
48  14  2  5.64
49  14  2  13.65
50  14  2  12.25
1  15  2  42.84
2  15  2  20.74
3  15  2  21.76
4  15  2  31.86
5  15  2  22.34
6  15  2  66.26
7  15  2  48.39
8  15  2  31.94
9  15  2  11.96
10  15  2  17.65
11  15  2  15.47
12  15  2  26.57
13  15  2  41.06
14  15  2  44.17
15  15  2  14.19
16  15  2  6.65
17  15  2  27.78
18  15  2  18.12
19  15  2  16.75
20  15  2  7.75
21  15  2  11.44
22  15  2  55.65
23  15  2  11.47
24  15  2  27.87
25  15  2  17.88
26  15  2  27.23
27  15  2  22.26
28  15  2  16.28
29  15  2  12.28
30  15  2  34.48
31  15  2  28.46
32  15  2  33.81
33  15  2  23.58
34  15  2  5.22
35  15  2  14.51
36  15  2  23.10
37  15  2  34.27
38  15  2  32.02
39  15  2  46.85
40  15  2  4.27
41  15  2  12.81
42  15  2  30.71
43  15  2  17.50
44  15  2  28.43
45  15  2  56.55
46  15  2  19.08
47  15  2  34.90
48  15  2  35.76
49  15  2  14.24
50  15  2  51.25
1  16  2  9.08
2  16  2  30.46
3  16  2  41.78
4  16  2  32.63
5  16  2  42.60
6  16  2  11.93
7  16  2  46.82
8  16  2  6.47
9  16  2  41.76
10  16  2  7.59
11  16  2  34.14
12  16  2  26.53
13  16  2  49.80
14  16  2  42.18
15  16  2  13.64
16  16  2  18.43
17  16  2  19.62
18  16  2  15.66
19  16  2  12.23
20  16  2  10.05
21  16  2  5.83
22  16  2  30.26
23  16  2  7.21
24  16  2  34.37
25  16  2  15.44
26  16  2  36.28
27  16  2  19.14
28  16  2  9.06
29  16  2  40.78
30  16  2  27.10
31  16  2  40.49
32  16  2  18.47
33  16  2  8.30
34  16  2  42.83
35  16  2  2.26
36  16  2  37.00
37  16  2  6.90
38  16  2  4.16
39  16  2  56.42
40  16  2  3.83
41  16  2  62.64
42  16  2  30.88
43  16  2  5.04
44  16  2  60.05
45  16  2  7.38
46  16  2  32.42
47  16  2  8.73
48  16  2  13.81
49  16  2  25.15
50  16  2  38.82
1  17  2  43.33
2  17  2  27.35
3  17  2  3.13
4  17  2  30.60
5  17  2  58.55
6  17  2  36.06
7  17  2  22.36
8  17  2  25.09
9  17  2  55.47
10  17  2  30.20
11  17  2  45.18
12  17  2  40.04
13  17  2  11.30
14  17  2  17.24
15  17  2  12.28
16  17  2  32.28
17  17  2  38.32
18  17  2  31.06
19  17  2  15.91
20  17  2  63.02
21  17  2  62.56
22  17  2  37.46
23  17  2  16.54
24  17  2  5.21
25  17  2  43.73
26  17  2  15.81
27  17  2  13.86
28  17  2  38.89
29  17  2  12.90
30  17  2  18.33
31  17  2  15.50
32  17  2  32.76
33  17  2  50.72
34  17  2  29.74
35  17  2  23.84
36  17  2  16.50
37  17  2  7.79
38  17  2  11.49
39  17  2  47.07
40  17  2  36.52
41  17  2  39.81
42  17  2  20.91
43  17  2  7.77
44  17  2  36.38
45  17  2  8.44
46  17  2  44.42
47  17  2  19.47
48  17  2  21.60
49  17  2  50.76
50  17  2  50.20
1  18  2  12.32
2  18  2  56.59
3  18  2  19.96
4  18  2  17.23
5  18  2  6.16
6  18  2  37.40
7  18  2  11.74
8  18  2  25.69
9  18  2  37.33
10  18  2  32.05
11  18  2  31.54
12  18  2  11.32
13  18  2  51.21
14  18  2  27.21
15  18  2  18.77
16  18  2  6.14
17  18  2  17.95
18  18  2  13.76
19  18  2  47.86
20  18  2  23.93
21  18  2  35.46
22  18  2  39.66
23  18  2  42.06
24  18  2  14.42
25  18  2  7.76
26  18  2  9.18
27  18  2  14.90
28  18  2  61.48
29  18  2  22.14
30  18  2  36.50
31  18  2  27.00
32  18  2  18.85
33  18  2  35.92
34  18  2  46.04
35  18  2  38.21
36  18  2  58.91
37  18  2  27.74
38  18  2  14.08
39  18  2  60.22
40  18  2  36.93
41  18  2  12.91
42  18  2  17.86
43  18  2  10.02
44  18  2  36.04
45  18  2  18.43
46  18  2  10.07
47  18  2  13.59
48  18  2  8.65
49  18  2  54.20
50  18  2  40.97
1  19  2  30.78
2  19  2  21.67
3  19  2  18.35
4  19  2  4.43
5  19  2  29.65
6  19  2  34.72
7  19  2  12.65
8  19  2  20.25
9  19  2  10.76
10  19  2  12.99
11  19  2  40.58
12  19  2  27.81
13  19  2  64.80
14  19  2  15.74
15  19  2  23.60
16  19  2  12.73
17  19  2  13.35
18  19  2  56.53
19  19  2  10.77
20  19  2  37.62
21  19  2  12.47
22  19  2  20.54
23  19  2  50.38
24  19  2  26.82
25  19  2  4.76
26  19  2  10.34
27  19  2  8.97
28  19  2  22.85
29  19  2  39.00
30  19  2  51.50
31  19  2  48.01
32  19  2  22.22
33  19  2  43.85
34  19  2  26.84
35  19  2  9.96
36  19  2  10.13
37  19  2  4.71
38  19  2  8.35
39  19  2  27.68
40  19  2  24.13
41  19  2  46.49
42  19  2  34.30
43  19  2  48.06
44  19  2  28.07
45  19  2  22.59
46  19  2  40.13
47  19  2  20.75
48  19  2  39.24
49  19  2  16.66
50  19  2  49.55
1  20  2  23.75
2  20  2  63.63
3  20  2  39.53
4  20  2  9.07
5  20  2  34.47
6  20  2  8.34
7  20  2  9.40
8  20  2  7.48
9  20  2  6.30
10  20  2  6.41
11  20  2  26.57
12  20  2  45.21
13  20  2  34.66
14  20  2  19.54
15  20  2  50.98
16  20  2  18.93
17  20  2  35.62
18  20  2  42.76
19  20  2  37.08
20  20  2  14.53
21  20  2  2.34
22  20  2  49.47
23  20  2  24.28
24  20  2  22.36
25  20  2  3.40
26  20  2  7.74
27  20  2  38.65
28  20  2  20.07
29  20  2  42.28
30  20  2  38.55
31  20  2  17.63
32  20  2  38.41
33  20  2  15.88
34  20  2  38.53
35  20  2  23.41
36  20  2  6.14
37  20  2  20.66
38  20  2  15.34
39  20  2  50.52
40  20  2  30.72
41  20  2  57.58
42  20  2  29.31
43  20  2  20.69
44  20  2  31.54
45  20  2  14.97
46  20  2  40.26
47  20  2  11.28
48  20  2  52.95
49  20  2  11.56
50  20  2  12.70
1  21  2  22.83
2  21  2  25.81
3  21  2  9.77
4  21  2  14.50
5  21  2  39.25
6  21  2  18.73
7  21  2  25.48
8  21  2  37.49
9  21  2  11.02
10  21  2  7.51
11  21  2  16.90
12  21  2  9.48
13  21  2  60.37
14  21  2  17.21
15  21  2  34.09
16  21  2  15.84
17  21  2  23.34
18  21  2  19.76
19  21  2  13.48
20  21  2  10.36
21  21  2  30.35
22  21  2  46.17
23  21  2  9.56
24  21  2  31.98
25  21  2  33.96
26  21  2  26.50
27  21  2  24.34
28  21  2  42.86
29  21  2  6.87
30  21  2  12.11
31  21  2  39.97
32  21  2  22.58
33  21  2  6.64
34  21  2  18.47
35  21  2  25.64
36  21  2  24.88
37  21  2  38.25
38  21  2  5.52
39  21  2  12.40
40  21  2  52.62
41  21  2  12.20
42  21  2  11.18
43  21  2  8.83
44  21  2  38.46
45  21  2  6.96
46  21  2  44.81
47  21  2  8.48
48  21  2  19.96
49  21  2  29.51
50  21  2  16.76
1  22  2  35.75
2  22  2  26.14
3  22  2  18.29
4  22  2  16.04
5  22  2  8.93
6  22  2  19.41
7  22  2  47.93
8  22  2  4.54
9  22  2  54.26
10  22  2  18.56
11  22  2  30.91
12  22  2  11.84
13  22  2  24.77
14  22  2  7.98
15  22  2  51.15
16  22  2  31.18
17  22  2  14.04
18  22  2  55.35
19  22  2  10.86
20  22  2  29.11
21  22  2  8.12
22  22  2  16.91
23  22  2  55.56
24  22  2  56.13
25  22  2  7.26
26  22  2  15.14
27  22  2  9.52
28  22  2  36.51
29  22  2  16.01
30  22  2  37.87
31  22  2  18.08
32  22  2  7.96
33  22  2  56.17
34  22  2  11.17
35  22  2  16.21
36  22  2  5.28
37  22  2  26.22
38  22  2  18.90
39  22  2  63.51
40  22  2  19.03
41  22  2  12.23
42  22  2  32.85
43  22  2  28.77
44  22  2  26.04
45  22  2  12.68
46  22  2  37.27
47  22  2  18.41
48  22  2  8.25
49  22  2  58.81
50  22  2  20.94
1  23  2  7.36
2  23  2  56.29
3  23  2  12.45
4  23  2  55.75
5  23  2  63.61
6  23  2  42.73
7  23  2  16.95
8  23  2  10.79
9  23  2  26.32
10  23  2  8.09
11  23  2  29.34
12  23  2  4.19
13  23  2  42.13
14  23  2  60.86
15  23  2  10.04
16  23  2  13.03
17  23  2  6.29
18  23  2  5.92
19  23  2  14.08
20  23  2  13.32
21  23  2  47.30
22  23  2  4.23
23  23  2  37.35
24  23  2  4.14
25  23  2  31.83
26  23  2  52.29
27  23  2  40.36
28  23  2  61.23
29  23  2  27.58
30  23  2  27.21
31  23  2  6.55
32  23  2  8.69
33  23  2  48.28
34  23  2  30.41
35  23  2  24.76
36  23  2  44.37
37  23  2  36.83
38  23  2  16.21
39  23  2  53.50
40  23  2  23.66
41  23  2  34.83
42  23  2  7.01
43  23  2  46.25
44  23  2  38.25
45  23  2  7.87
46  23  2  45.29
47  23  2  14.71
48  23  2  9.05
49  23  2  35.18
50  23  2  24.34
1  24  2  33.27
2  24  2  17.22
3  24  2  18.70
4  24  2  22.65
5  24  2  21.36
6  24  2  4.05
7  24  2  6.79
8  24  2  32.48
9  24  2  28.01
10  24  2  49.54
11  24  2  30.17
12  24  2  22.60
13  24  2  6.69
14  24  2  35.53
15  24  2  28.24
16  24  2  44.44
17  24  2  16.56
18  24  2  4.39
19  24  2  32.35
20  24  2  55.67
21  24  2  23.44
22  24  2  13.35
23  24  2  6.69
24  24  2  31.74
25  24  2  36.87
26  24  2  10.95
27  24  2  36.72
28  24  2  68.66
29  24  2  32.53
30  24  2  8.53
31  24  2  46.49
32  24  2  32.50
33  24  2  45.76
34  24  2  16.45
35  24  2  14.57
36  24  2  55.07
37  24  2  10.92
38  24  2  10.13
39  24  2  51.64
40  24  2  10.84
41  24  2  61.14
42  24  2  25.71
43  24  2  27.17
44  24  2  9.55
45  24  2  22.24
46  24  2  22.84
47  24  2  28.16
48  24  2  3.27
49  24  2  57.59
50  24  2  46.76
1  25  2  9.68
2  25  2  14.15
3  25  2  6.40
4  25  2  32.94
5  25  2  25.22
6  25  2  6.22
7  25  2  6.55
8  25  2  20.59
9  25  2  36.42
10  25  2  13.22
11  25  2  19.14
12  25  2  27.55
13  25  2  10.95
14  25  2  28.23
15  25  2  25.51
16  25  2  5.87
17  25  2  61.05
18  25  2  12.64
19  25  2  9.88
20  25  2  4.84
21  25  2  50.89
22  25  2  41.90
23  25  2  32.57
24  25  2  20.80
25  25  2  53.09
26  25  2  18.61
27  25  2  40.77
28  25  2  33.62
29  25  2  31.06
30  25  2  40.26
31  25  2  21.61
32  25  2  42.26
33  25  2  15.39
34  25  2  3.69
35  25  2  20.15
36  25  2  59.61
37  25  2  12.24
38  25  2  30.86
39  25  2  19.78
40  25  2  27.05
41  25  2  12.31
42  25  2  15.36
43  25  2  21.93
44  25  2  13.42
45  25  2  24.26
46  25  2  28.94
47  25  2  6.64
48  25  2  53.19
49  25  2  34.37
50  25  2  18.22
1  26  2  28.69
2  26  2  37.71
3  26  2  24.82
4  26  2  30.82
5  26  2  24.29
6  26  2  30.19
7  26  2  67.71
8  26  2  16.58
9  26  2  3.82
10  26  2  38.40
11  26  2  9.72
12  26  2  25.31
13  26  2  51.53
14  26  2  13.17
15  26  2  17.68
16  26  2  33.75
17  26  2  38.68
18  26  2  9.96
19  26  2  30.33
20  26  2  20.84
21  26  2  42.97
22  26  2  16.14
23  26  2  5.40
24  26  2  12.81
25  26  2  13.08
26  26  2  14.14
27  26  2  3.81
28  26  2  7.92
29  26  2  36.70
30  26  2  19.68
31  26  2  45.86
32  26  2  16.48
33  26  2  46.14
34  26  2  55.18
35  26  2  17.60
36  26  2  5.74
37  26  2  5.27
38  26  2  7.56
39  26  2  33.84
40  26  2  23.43
41  26  2  12.57
42  26  2  14.85
43  26  2  24.13
44  26  2  50.28
45  26  2  68.17
46  26  2  9.09
47  26  2  39.22
48  26  2  63.05
49  26  2  7.56
50  26  2  6.58
1  27  2  16.77
2  27  2  56.53
3  27  2  41.54
4  27  2  10.79
5  27  2  45.77
6  27  2  50.31
7  27  2  16.39
8  27  2  20.97
9  27  2  15.92
10  27  2  18.37
11  27  2  12.68
12  27  2  16.68
13  27  2  8.68
14  27  2  16.41
15  27  2  50.51
16  27  2  9.73
17  27  2  45.04
18  27  2  8.87
19  27  2  55.47
20  27  2  40.25
21  27  2  19.34
22  27  2  26.71
23  27  2  27.09
24  27  2  36.96
25  27  2  25.80
26  27  2  31.59
27  27  2  36.84
28  27  2  18.06
29  27  2  3.42
30  27  2  19.98
31  27  2  17.47
32  27  2  21.08
33  27  2  22.50
34  27  2  33.37
35  27  2  44.04
36  27  2  10.32
37  27  2  13.83
38  27  2  20.44
39  27  2  5.17
40  27  2  5.68
41  27  2  13.01
42  27  2  49.71
43  27  2  8.47
44  27  2  12.46
45  27  2  5.66
46  27  2  12.30
47  27  2  48.59
48  27  2  14.84
49  27  2  14.19
50  27  2  37.99
1  28  2  15.86
2  28  2  25.81
3  28  2  18.50
4  28  2  26.65
5  28  2  23.85
6  28  2  16.56
7  28  2  6.84
8  28  2  28.65
9  28  2  27.78
10  28  2  17.69
11  28  2  34.65
12  28  2  5.06
13  28  2  14.33
14  28  2  3.37
15  28  2  60.82
16  28  2  10.13
17  28  2  4.51
18  28  2  19.35
19  28  2  13.23
20  28  2  29.18
21  28  2  25.18
22  28  2  59.02
23  28  2  27.26
24  28  2  25.47
25  28  2  19.63
26  28  2  10.20
27  28  2  24.67
28  28  2  25.66
29  28  2  45.93
30  28  2  4.68
31  28  2  37.48
32  28  2  50.34
33  28  2  55.29
34  28  2  15.21
35  28  2  6.65
36  28  2  21.63
37  28  2  54.44
38  28  2  10.40
39  28  2  17.43
40  28  2  24.82
41  28  2  55.78
42  28  2  24.89
43  28  2  29.05
44  28  2  35.96
45  28  2  29.48
46  28  2  54.05
47  28  2  19.63
48  28  2  52.96
49  28  2  34.39
50  28  2  20.84
1  29  2  53.37
2  29  2  8.39
3  29  2  15.87
4  29  2  17.37
5  29  2  47.31
6  29  2  29.45
7  29  2  53.24
8  29  2  22.58
9  29  2  36.76
10  29  2  50.90
11  29  2  17.30
12  29  2  58.71
13  29  2  30.65
14  29  2  4.57
15  29  2  7.30
16  29  2  50.73
17  29  2  46.13
18  29  2  31.11
19  29  2  34.24
20  29  2  28.14
21  29  2  27.87
22  29  2  4.46
23  29  2  13.22
24  29  2  10.27
25  29  2  53.15
26  29  2  23.94
27  29  2  18.27
28  29  2  33.11
29  29  2  2.92
30  29  2  24.52
31  29  2  11.90
32  29  2  22.90
33  29  2  20.72
34  29  2  15.71
35  29  2  19.29
36  29  2  15.41
37  29  2  40.68
38  29  2  23.34
39  29  2  14.93
40  29  2  33.63
41  29  2  40.56
42  29  2  25.97
43  29  2  21.42
44  29  2  12.96
45  29  2  37.85
46  29  2  8.94
47  29  2  14.42
48  29  2  20.85
49  29  2  31.34
50  29  2  40.93
1  30  2  14.46
2  30  2  20.11
3  30  2  7.21
4  30  2  15.45
5  30  2  35.79
6  30  2  34.74
7  30  2  18.27
8  30  2  37.86
9  30  2  16.54
10  30  2  25.59
11  30  2  21.24
12  30  2  48.81
13  30  2  38.90
14  30  2  17.84
15  30  2  9.13
16  30  2  28.22
17  30  2  14.85
18  30  2  22.33
19  30  2  15.56
20  30  2  26.82
21  30  2  16.06
22  30  2  3.37
23  30  2  12.81
24  30  2  40.33
25  30  2  20.36
26  30  2  24.87
27  30  2  43.50
28  30  2  27.74
29  30  2  3.58
30  30  2  13.48
31  30  2  19.44
32  30  2  31.73
33  30  2  26.01
34  30  2  28.06
35  30  2  44.04
36  30  2  38.18
37  30  2  48.83
38  30  2  15.61
39  30  2  42.68
40  30  2  8.94
41  30  2  36.18
42  30  2  37.73
43  30  2  23.17
44  30  2  9.67
45  30  2  9.34
46  30  2  14.49
47  30  2  9.12
48  30  2  11.54
49  30  2  57.91
50  30  2  39.35
1  31  2  33.72
2  31  2  23.05
3  31  2  65.00
4  31  2  23.99
5  31  2  4.13
6  31  2  2.91
7  31  2  21.43
8  31  2  50.12
9  31  2  39.25
10  31  2  18.42
11  31  2  21.54
12  31  2  34.57
13  31  2  4.93
14  31  2  33.07
15  31  2  54.71
16  31  2  44.45
17  31  2  19.15
18  31  2  15.72
19  31  2  44.77
20  31  2  16.59
21  31  2  26.67
22  31  2  5.85
23  31  2  43.20
24  31  2  55.53
25  31  2  13.87
26  31  2  25.51
27  31  2  10.00
28  31  2  14.18
29  31  2  10.39
30  31  2  15.05
31  31  2  25.60
32  31  2  24.40
33  31  2  38.59
34  31  2  11.89
35  31  2  34.31
36  31  2  5.52
37  31  2  18.24
38  31  2  25.87
39  31  2  10.94
40  31  2  23.94
41  31  2  16.14
42  31  2  42.53
43  31  2  22.49
44  31  2  3.06
45  31  2  4.60
46  31  2  10.21
47  31  2  7.13
48  31  2  42.20
49  31  2  34.37
50  31  2  12.74
1  32  2  20.43
2  32  2  16.32
3  32  2  11.62
4  32  2  9.32
5  32  2  40.45
6  32  2  17.10
7  32  2  58.17
8  32  2  17.62
9  32  2  59.19
10  32  2  4.12
11  32  2  13.69
12  32  2  21.46
13  32  2  48.14
14  32  2  25.76
15  32  2  2.22
16  32  2  39.19
17  32  2  28.17
18  32  2  39.89
19  32  2  27.83
20  32  2  28.37
21  32  2  32.22
22  32  2  24.90
23  32  2  2.54
24  32  2  14.98
25  32  2  21.28
26  32  2  18.30
27  32  2  34.57
28  32  2  24.05
29  32  2  14.15
30  32  2  29.53
31  32  2  7.66
32  32  2  51.68
33  32  2  39.29
34  32  2  17.33
35  32  2  38.74
36  32  2  40.11
37  32  2  30.68
38  32  2  20.31
39  32  2  2.65
40  32  2  13.33
41  32  2  10.81
42  32  2  41.35
43  32  2  41.90
44  32  2  47.97
45  32  2  31.80
46  32  2  32.35
47  32  2  3.64
48  32  2  15.31
49  32  2  9.58
50  32  2  8.18
1  33  2  9.97
2  33  2  24.84
3  33  2  38.70
4  33  2  35.72
5  33  2  24.31
6  33  2  17.53
7  33  2  3.53
8  33  2  11.37
9  33  2  29.37
10  33  2  13.56
11  33  2  31.46
12  33  2  55.95
13  33  2  24.60
14  33  2  19.09
15  33  2  3.47
16  33  2  51.53
17  33  2  7.46
18  33  2  25.55
19  33  2  21.69
20  33  2  49.41
21  33  2  53.89
22  33  2  21.01
23  33  2  11.38
24  33  2  29.27
25  33  2  11.50
26  33  2  28.48
27  33  2  7.73
28  33  2  34.90
29  33  2  10.61
30  33  2  16.66
31  33  2  37.29
32  33  2  63.00
33  33  2  29.71
34  33  2  16.39
35  33  2  23.73
36  33  2  16.31
37  33  2  24.82
38  33  2  10.48
39  33  2  64.65
40  33  2  20.18
41  33  2  3.74
42  33  2  34.77
43  33  2  44.65
44  33  2  20.56
45  33  2  30.44
46  33  2  41.62
47  33  2  52.91
48  33  2  9.43
49  33  2  42.53
50  33  2  29.04
1  34  2  21.60
2  34  2  21.26
3  34  2  9.20
4  34  2  31.31
5  34  2  6.14
6  34  2  46.72
7  34  2  8.23
8  34  2  4.67
9  34  2  10.05
10  34  2  39.76
11  34  2  17.66
12  34  2  14.40
13  34  2  14.23
14  34  2  49.02
15  34  2  9.56
16  34  2  8.19
17  34  2  36.28
18  34  2  12.28
19  34  2  13.79
20  34  2  22.47
21  34  2  38.71
22  34  2  29.20
23  34  2  13.49
24  34  2  62.01
25  34  2  30.97
26  34  2  33.63
27  34  2  23.42
28  34  2  15.22
29  34  2  28.25
30  34  2  19.00
31  34  2  45.20
32  34  2  59.19
33  34  2  24.44
34  34  2  54.85
35  34  2  7.03
36  34  2  31.57
37  34  2  23.22
38  34  2  43.09
39  34  2  28.57
40  34  2  44.14
41  34  2  57.59
42  34  2  18.18
43  34  2  40.56
44  34  2  68.11
45  34  2  19.79
46  34  2  4.60
47  34  2  28.38
48  34  2  19.54
49  34  2  33.75
50  34  2  15.98
1  35  2  30.80
2  35  2  32.39
3  35  2  12.23
4  35  2  30.69
5  35  2  4.94
6  35  2  32.82
7  35  2  12.34
8  35  2  30.05
9  35  2  15.33
10  35  2  21.74
11  35  2  12.89
12  35  2  33.03
13  35  2  36.27
14  35  2  6.76
15  35  2  33.49
16  35  2  7.86
17  35  2  51.81
18  35  2  38.53
19  35  2  11.37
20  35  2  31.53
21  35  2  58.20
22  35  2  28.43
23  35  2  17.93
24  35  2  7.72
25  35  2  17.18
26  35  2  13.94
27  35  2  42.95
28  35  2  27.70
29  35  2  4.21
30  35  2  19.60
31  35  2  13.51
32  35  2  13.88
33  35  2  38.97
34  35  2  50.28
35  35  2  51.87
36  35  2  54.46
37  35  2  18.05
38  35  2  20.91
39  35  2  7.10
40  35  2  17.70
41  35  2  23.38
42  35  2  22.57
43  35  2  47.44
44  35  2  7.13
45  35  2  19.66
46  35  2  13.15
47  35  2  21.45
48  35  2  35.10
49  35  2  23.21
50  35  2  20.29
1  36  2  40.00
2  36  2  25.45
3  36  2  13.71
4  36  2  15.36
5  36  2  39.79
6  36  2  7.68
7  36  2  23.13
8  36  2  40.22
9  36  2  9.54
10  36  2  36.57
11  36  2  14.89
12  36  2  20.42
13  36  2  22.41
14  36  2  30.70
15  36  2  15.60
16  36  2  4.29
17  36  2  58.53
18  36  2  17.45
19  36  2  47.29
20  36  2  26.69
21  36  2  20.78
22  36  2  40.82
23  36  2  17.72
24  36  2  43.78
25  36  2  29.88
26  36  2  19.73
27  36  2  13.90
28  36  2  25.42
29  36  2  41.30
30  36  2  25.57
31  36  2  33.70
32  36  2  18.21
33  36  2  17.39
34  36  2  26.95
35  36  2  12.48
36  36  2  43.18
37  36  2  42.59
38  36  2  19.50
39  36  2  43.74
40  36  2  50.85
41  36  2  18.22
42  36  2  20.60
43  36  2  2.45
44  36  2  15.74
45  36  2  24.69
46  36  2  63.19
47  36  2  10.10
48  36  2  32.39
49  36  2  20.29
50  36  2  26.96
1  37  2  25.59
2  37  2  11.28
3  37  2  11.60
4  37  2  7.20
5  37  2  17.75
6  37  2  11.13
7  37  2  12.41
8  37  2  30.64
9  37  2  56.07
10  37  2  55.54
11  37  2  17.73
12  37  2  6.02
13  37  2  5.04
14  37  2  5.65
15  37  2  44.02
16  37  2  29.63
17  37  2  46.42
18  37  2  23.64
19  37  2  18.25
20  37  2  10.63
21  37  2  41.91
22  37  2  8.84
23  37  2  11.79
24  37  2  40.99
25  37  2  18.87
26  37  2  31.37
27  37  2  31.40
28  37  2  23.19
29  37  2  10.83
30  37  2  53.08
31  37  2  53.77
32  37  2  46.77
33  37  2  58.85
34  37  2  13.79
35  37  2  15.07
36  37  2  12.81
37  37  2  10.63
38  37  2  27.36
39  37  2  6.80
40  37  2  10.08
41  37  2  24.39
42  37  2  27.35
43  37  2  17.74
44  37  2  37.60
45  37  2  18.20
46  37  2  17.49
47  37  2  7.51
48  37  2  16.35
49  37  2  6.15
50  37  2  27.22
1  38  2  30.10
2  38  2  24.21
3  38  2  28.33
4  38  2  4.27
5  38  2  20.71
6  38  2  19.68
7  38  2  43.76
8  38  2  33.72
9  38  2  8.86
10  38  2  30.50
11  38  2  47.27
12  38  2  9.71
13  38  2  27.02
14  38  2  13.04
15  38  2  7.94
16  38  2  4.60
17  38  2  7.57
18  38  2  20.53
19  38  2  41.65
20  38  2  14.95
21  38  2  17.40
22  38  2  25.86
23  38  2  44.84
24  38  2  46.11
25  38  2  17.95
26  38  2  44.80
27  38  2  40.21
28  38  2  46.30
29  38  2  17.43
30  38  2  36.89
31  38  2  47.03
32  38  2  26.02
33  38  2  38.26
34  38  2  36.85
35  38  2  31.74
36  38  2  10.65
37  38  2  29.96
38  38  2  33.33
39  38  2  10.10
40  38  2  15.95
41  38  2  50.00
42  38  2  4.89
43  38  2  3.33
44  38  2  32.27
45  38  2  17.52
46  38  2  30.03
47  38  2  19.56
48  38  2  10.00
49  38  2  4.43
50  38  2  34.08
1  39  2  27.10
2  39  2  50.79
3  39  2  24.02
4  39  2  28.55
5  39  2  21.43
6  39  2  15.96
7  39  2  12.31
8  39  2  32.79
9  39  2  31.66
10  39  2  22.39
11  39  2  8.95
12  39  2  62.45
13  39  2  5.08
14  39  2  14.67
15  39  2  18.18
16  39  2  19.26
17  39  2  15.08
18  39  2  52.24
19  39  2  41.04
20  39  2  31.33
21  39  2  49.65
22  39  2  11.17
23  39  2  34.75
24  39  2  25.03
25  39  2  25.09
26  39  2  23.18
27  39  2  13.02
28  39  2  11.55
29  39  2  40.66
30  39  2  5.17
31  39  2  21.75
32  39  2  32.70
33  39  2  49.39
34  39  2  35.64
35  39  2  26.49
36  39  2  42.29
37  39  2  33.84
38  39  2  14.26
39  39  2  14.56
40  39  2  20.90
41  39  2  36.84
42  39  2  29.00
43  39  2  37.59
44  39  2  17.98
45  39  2  62.84
46  39  2  17.76
47  39  2  12.76
48  39  2  4.68
49  39  2  32.61
50  39  2  9.00
1  40  2  8.71
2  40  2  48.65
3  40  2  60.16
4  40  2  37.30
5  40  2  34.24
6  40  2  25.21
7  40  2  57.18
8  40  2  3.36
9  40  2  14.21
10  40  2  2.52
11  40  2  20.93
12  40  2  9.67
13  40  2  12.31
14  40  2  13.99
15  40  2  34.33
16  40  2  5.50
17  40  2  52.73
18  40  2  6.76
19  40  2  15.40
20  40  2  13.91
21  40  2  34.31
22  40  2  49.72
23  40  2  33.97
24  40  2  35.30
25  40  2  43.82
26  40  2  33.00
27  40  2  7.00
28  40  2  15.60
29  40  2  34.12
30  40  2  25.47
31  40  2  31.59
32  40  2  17.89
33  40  2  17.30
34  40  2  34.90
35  40  2  14.73
36  40  2  28.94
37  40  2  32.46
38  40  2  14.02
39  40  2  57.42
40  40  2  31.83
41  40  2  44.60
42  40  2  25.81
43  40  2  45.09
44  40  2  17.19
45  40  2  34.65
46  40  2  31.92
47  40  2  6.99
48  40  2  41.95
49  40  2  32.44
50  40  2  29.33
1  41  2  50.70
2  41  2  2.95
3  41  2  20.45
4  41  2  8.33
5  41  2  17.29
6  41  2  43.23
7  41  2  12.95
8  41  2  7.69
9  41  2  40.02
10  41  2  15.66
11  41  2  26.15
12  41  2  34.23
13  41  2  11.81
14  41  2  35.22
15  41  2  71.84
16  41  2  54.90
17  41  2  9.84
18  41  2  39.75
19  41  2  16.86
20  41  2  34.85
21  41  2  12.54
22  41  2  38.41
23  41  2  15.90
24  41  2  55.96
25  41  2  53.18
26  41  2  6.84
27  41  2  14.94
28  41  2  30.34
29  41  2  13.54
30  41  2  7.75
31  41  2  46.73
32  41  2  10.23
33  41  2  15.62
34  41  2  8.36
35  41  2  9.37
36  41  2  40.95
37  41  2  22.67
38  41  2  21.52
39  41  2  19.34
40  41  2  10.61
41  41  2  41.10
42  41  2  6.62
43  41  2  47.88
44  41  2  2.28
45  41  2  48.16
46  41  2  26.41
47  41  2  25.85
48  41  2  19.20
49  41  2  15.68
50  41  2  20.99
1  42  2  56.42
2  42  2  42.59
3  42  2  17.76
4  42  2  22.73
5  42  2  21.95
6  42  2  20.46
7  42  2  5.69
8  42  2  20.68
9  42  2  23.41
10  42  2  7.69
11  42  2  22.50
12  42  2  8.60
13  42  2  24.60
14  42  2  21.12
15  42  2  31.70
16  42  2  39.74
17  42  2  39.27
18  42  2  36.37
19  42  2  30.32
20  42  2  16.47
21  42  2  57.92
22  42  2  32.98
23  42  2  32.85
24  42  2  11.37
25  42  2  11.18
26  42  2  23.61
27  42  2  23.09
28  42  2  10.75
29  42  2  29.03
30  42  2  24.88
31  42  2  42.02
32  42  2  15.10
33  42  2  25.74
34  42  2  45.25
35  42  2  51.04
36  42  2  8.88
37  42  2  61.13
38  42  2  38.88
39  42  2  19.47
40  42  2  39.89
41  42  2  25.89
42  42  2  9.46
43  42  2  9.41
44  42  2  13.77
45  42  2  25.21
46  42  2  23.84
47  42  2  9.68
48  42  2  28.03
49  42  2  8.68
50  42  2  11.81
1  43  2  15.63
2  43  2  38.13
3  43  2  60.98
4  43  2  33.45
5  43  2  31.53
6  43  2  40.39
7  43  2  23.33
8  43  2  16.43
9  43  2  6.81
10  43  2  29.54
11  43  2  15.13
12  43  2  18.49
13  43  2  18.37
14  43  2  19.25
15  43  2  4.91
16  43  2  10.68
17  43  2  11.70
18  43  2  49.49
19  43  2  38.14
20  43  2  28.99
21  43  2  10.71
22  43  2  9.82
23  43  2  20.68
24  43  2  12.41
25  43  2  22.80
26  43  2  15.32
27  43  2  29.26
28  43  2  7.36
29  43  2  38.04
30  43  2  13.63
31  43  2  18.73
32  43  2  18.73
33  43  2  2.57
34  43  2  16.89
35  43  2  27.63
36  43  2  7.86
37  43  2  68.14
38  43  2  18.34
39  43  2  4.32
40  43  2  47.02
41  43  2  4.44
42  43  2  20.13
43  43  2  52.57
44  43  2  50.04
45  43  2  2.98
46  43  2  15.08
47  43  2  33.95
48  43  2  46.75
49  43  2  8.70
50  43  2  53.29
1  44  2  15.69
2  44  2  15.64
3  44  2  11.97
4  44  2  6.73
5  44  2  35.97
6  44  2  5.73
7  44  2  29.04
8  44  2  30.68
9  44  2  45.98
10  44  2  13.22
11  44  2  9.41
12  44  2  10.98
13  44  2  6.39
14  44  2  29.48
15  44  2  41.55
16  44  2  54.13
17  44  2  10.91
18  44  2  24.83
19  44  2  54.95
20  44  2  19.11
21  44  2  14.28
22  44  2  25.53
23  44  2  3.23
24  44  2  11.77
25  44  2  14.91
26  44  2  36.76
27  44  2  28.01
28  44  2  42.59
29  44  2  37.31
30  44  2  22.87
31  44  2  39.60
32  44  2  28.51
33  44  2  26.40
34  44  2  12.48
35  44  2  28.11
36  44  2  34.97
37  44  2  43.42
38  44  2  39.71
39  44  2  28.90
40  44  2  31.44
41  44  2  16.11
42  44  2  28.05
43  44  2  41.17
44  44  2  20.62
45  44  2  7.22
46  44  2  6.37
47  44  2  7.66
48  44  2  8.00
49  44  2  49.10
50  44  2  6.60
1  45  2  16.25
2  45  2  21.68
3  45  2  5.75
4  45  2  18.04
5  45  2  18.03
6  45  2  33.58
7  45  2  14.83
8  45  2  8.29
9  45  2  24.14
10  45  2  5.06
11  45  2  37.07
12  45  2  27.80
13  45  2  36.41
14  45  2  20.62
15  45  2  14.55
16  45  2  10.80
17  45  2  55.18
18  45  2  43.41
19  45  2  38.34
20  45  2  20.40
21  45  2  6.24
22  45  2  11.17
23  45  2  7.97
24  45  2  12.65
25  45  2  39.07
26  45  2  20.64
27  45  2  13.63
28  45  2  19.79
29  45  2  17.32
30  45  2  33.93
31  45  2  28.53
32  45  2  10.18
33  45  2  34.76
34  45  2  10.73
35  45  2  24.97
36  45  2  33.38
37  45  2  17.50
38  45  2  36.99
39  45  2  7.15
40  45  2  20.32
41  45  2  12.74
42  45  2  44.51
43  45  2  16.28
44  45  2  6.07
45  45  2  63.20
46  45  2  27.82
47  45  2  63.56
48  45  2  15.49
49  45  2  27.87
50  45  2  6.61
1  46  2  32.30
2  46  2  48.37
3  46  2  17.59
4  46  2  27.00
5  46  2  47.34
6  46  2  12.51
7  46  2  4.53
8  46  2  27.95
9  46  2  28.99
10  46  2  32.43
11  46  2  8.67
12  46  2  13.59
13  46  2  24.98
14  46  2  27.31
15  46  2  7.26
16  46  2  14.60
17  46  2  20.87
18  46  2  20.39
19  46  2  26.82
20  46  2  34.51
21  46  2  15.32
22  46  2  20.15
23  46  2  21.76
24  46  2  7.01
25  46  2  25.11
26  46  2  21.43
27  46  2  26.59
28  46  2  23.12
29  46  2  25.86
30  46  2  41.66
31  46  2  52.78
32  46  2  8.86
33  46  2  41.66
34  46  2  31.78
35  46  2  10.86
36  46  2  8.24
37  46  2  11.47
38  46  2  44.81
39  46  2  9.47
40  46  2  21.52
41  46  2  10.29
42  46  2  13.26
43  46  2  33.66
44  46  2  34.01
45  46  2  13.15
46  46  2  40.37
47  46  2  7.62
48  46  2  17.27
49  46  2  6.27
50  46  2  37.24
1  47  2  49.89
2  47  2  5.20
3  47  2  35.71
4  47  2  14.75
5  47  2  25.37
6  47  2  23.25
7  47  2  7.55
8  47  2  24.64
9  47  2  20.08
10  47  2  8.13
11  47  2  6.96
12  47  2  48.92
13  47  2  17.39
14  47  2  3.66
15  47  2  65.32
16  47  2  23.71
17  47  2  14.24
18  47  2  31.49
19  47  2  16.73
20  47  2  47.89
21  47  2  68.43
22  47  2  7.36
23  47  2  4.09
24  47  2  13.47
25  47  2  24.28
26  47  2  22.57
27  47  2  13.87
28  47  2  4.57
29  47  2  45.16
30  47  2  22.61
31  47  2  17.66
32  47  2  50.31
33  47  2  14.88
34  47  2  21.95
35  47  2  6.84
36  47  2  48.74
37  47  2  15.00
38  47  2  43.73
39  47  2  42.06
40  47  2  28.16
41  47  2  14.42
42  47  2  33.55
43  47  2  16.73
44  47  2  25.51
45  47  2  20.07
46  47  2  9.30
47  47  2  30.18
48  47  2  36.30
49  47  2  5.88
50  47  2  44.04
1  48  2  17.56
2  48  2  13.49
3  48  2  21.50
4  48  2  12.83
5  48  2  12.03
6  48  2  6.28
7  48  2  24.12
8  48  2  23.20
9  48  2  43.90
10  48  2  17.22
11  48  2  17.36
12  48  2  52.89
13  48  2  25.89
14  48  2  30.12
15  48  2  6.51
16  48  2  5.08
17  48  2  42.74
18  48  2  35.62
19  48  2  41.18
20  48  2  21.95
21  48  2  18.22
22  48  2  38.49
23  48  2  32.92
24  48  2  12.90
25  48  2  35.79
26  48  2  16.39
27  48  2  10.72
28  48  2  21.52
29  48  2  8.00
30  48  2  4.77
31  48  2  18.82
32  48  2  43.30
33  48  2  6.40
34  48  2  24.84
35  48  2  16.13
36  48  2  46.85
37  48  2  29.95
38  48  2  15.67
39  48  2  27.00
40  48  2  19.67
41  48  2  9.54
42  48  2  42.94
43  48  2  4.32
44  48  2  50.28
45  48  2  12.17
46  48  2  19.97
47  48  2  30.53
48  48  2  35.80
49  48  2  51.93
50  48  2  14.85
1  49  2  25.88
2  49  2  33.16
3  49  2  39.38
4  49  2  26.40
5  49  2  8.52
6  49  2  9.27
7  49  2  45.65
8  49  2  6.52
9  49  2  27.72
10  49  2  36.79
11  49  2  6.26
12  49  2  3.73
13  49  2  12.74
14  49  2  9.09
15  49  2  3.78
16  49  2  12.59
17  49  2  2.07
18  49  2  53.16
19  49  2  3.04
20  49  2  15.99
21  49  2  29.22
22  49  2  43.47
23  49  2  5.53
24  49  2  24.43
25  49  2  24.97
26  49  2  50.15
27  49  2  19.52
28  49  2  19.81
29  49  2  8.22
30  49  2  18.60
31  49  2  8.36
32  49  2  34.99
33  49  2  16.28
34  49  2  2.85
35  49  2  13.72
36  49  2  9.62
37  49  2  37.85
38  49  2  33.94
39  49  2  14.45
40  49  2  39.11
41  49  2  19.65
42  49  2  9.14
43  49  2  13.96
44  49  2  21.97
45  49  2  6.73
46  49  2  25.49
47  49  2  33.92
48  49  2  4.01
49  49  2  25.68
50  49  2  23.73
1  50  2  41.14
2  50  2  58.68
3  50  2  48.80
4  50  2  5.99
5  50  2  35.22
6  50  2  20.07
7  50  2  10.82
8  50  2  24.54
9  50  2  9.07
10  50  2  9.53
11  50  2  11.74
12  50  2  25.13
13  50  2  62.19
14  50  2  39.52
15  50  2  4.49
16  50  2  52.69
17  50  2  34.15
18  50  2  9.77
19  50  2  47.65
20  50  2  25.29
21  50  2  16.85
22  50  2  15.23
23  50  2  31.37
24  50  2  11.87
25  50  2  45.01
26  50  2  45.06
27  50  2  31.18
28  50  2  29.34
29  50  2  23.52
30  50  2  20.36
31  50  2  7.36
32  50  2  34.74
33  50  2  21.63
34  50  2  40.70
35  50  2  19.68
36  50  2  46.22
37  50  2  3.01
38  50  2  22.01
39  50  2  7.18
40  50  2  37.67
41  50  2  30.33
42  50  2  2.48
43  50  2  16.33
44  50  2  12.84
45  50  2  39.44
46  50  2  47.46
47  50  2  65.46
48  50  2  24.90
49  50  2  21.42
50  50  2  4.06
;

