param com_measure1 := 0.618;

param com_measure2 := 0.96825;

param kappa_max := 815.2722;

param U_tau := 579.915;

param nT := 2;

param nS := 50;

param nL := 20;

param B := 990.11;

param w :=
1  3
2  1
3  3
4  3
5  3
6  1
7  2
8  1
9  3
10  2
11  2
12  1
13  3
14  2
15  2
16  2
17  3
18  3
19  2
20  3
;

param h :=
1  1  0
1  2  0
1  3  0
1  4  0
1  5  0
1  6  0
1  7  0
1  8  0
1  9  0
1  10  0
1  11  0
1  12  0
1  13  0
1  14  0
1  15  0
1  16  0
1  17  0
1  18  0
1  19  0
1  20  0
2  1  101.09
2  2  93.17
2  3  107.79
2  4  103.10
2  5  93.22
2  6  98.02
2  7  101.97
2  8  95.26
2  9  87.35
2  10  86.08
2  11  104.68
2  12  95.74
2  13  96.20
2  14  110.28
2  15  105.15
2  16  98.18
2  17  113.15
2  18  94.20
2  19  105.36
2  20  90.23
;

param xi :=
1  1  1  27
2  1  1  33
3  1  1  36
4  1  1  80
5  1  1  71
6  1  1  21
7  1  1  80
8  1  1  84
9  1  1  77
10  1  1  82
11  1  1  76
12  1  1  57
13  1  1  17
14  1  1  71
15  1  1  75
16  1  1  10
17  1  1  10
18  1  1  58
19  1  1  49
20  1  1  88
1  2  1  44
2  2  1  10
3  2  1  89
4  2  1  14
5  2  1  22
6  2  1  30
7  2  1  79
8  2  1  39
9  2  1  18
10  2  1  65
11  2  1  68
12  2  1  29
13  2  1  90
14  2  1  16
15  2  1  61
16  2  1  83
17  2  1  79
18  2  1  67
19  2  1  60
20  2  1  84
1  3  1  88
2  3  1  34
3  3  1  89
4  3  1  26
5  3  1  42
6  3  1  21
7  3  1  11
8  3  1  30
9  3  1  50
10  3  1  68
11  3  1  72
12  3  1  32
13  3  1  89
14  3  1  53
15  3  1  21
16  3  1  63
17  3  1  44
18  3  1  28
19  3  1  32
20  3  1  41
1  4  1  63
2  4  1  37
3  4  1  86
4  4  1  85
5  4  1  81
6  4  1  81
7  4  1  10
8  4  1  20
9  4  1  76
10  4  1  41
11  4  1  89
12  4  1  55
13  4  1  81
14  4  1  65
15  4  1  83
16  4  1  40
17  4  1  67
18  4  1  72
19  4  1  36
20  4  1  12
1  5  1  58
2  5  1  45
3  5  1  12
4  5  1  46
5  5  1  82
6  5  1  19
7  5  1  36
8  5  1  81
9  5  1  40
10  5  1  76
11  5  1  35
12  5  1  46
13  5  1  71
14  5  1  71
15  5  1  31
16  5  1  60
17  5  1  39
18  5  1  29
19  5  1  19
20  5  1  62
1  6  1  35
2  6  1  26
3  6  1  39
4  6  1  73
5  6  1  49
6  6  1  85
7  6  1  75
8  6  1  49
9  6  1  20
10  6  1  60
11  6  1  32
12  6  1  78
13  6  1  19
14  6  1  44
15  6  1  90
16  6  1  23
17  6  1  73
18  6  1  64
19  6  1  72
20  6  1  74
1  7  1  10
2  7  1  39
3  7  1  15
4  7  1  31
5  7  1  38
6  7  1  78
7  7  1  53
8  7  1  37
9  7  1  68
10  7  1  77
11  7  1  81
12  7  1  12
13  7  1  83
14  7  1  30
15  7  1  47
16  7  1  21
17  7  1  59
18  7  1  21
19  7  1  48
20  7  1  87
1  8  1  89
2  8  1  70
3  8  1  22
4  8  1  90
5  8  1  37
6  8  1  47
7  8  1  87
8  8  1  36
9  8  1  17
10  8  1  16
11  8  1  43
12  8  1  25
13  8  1  45
14  8  1  25
15  8  1  61
16  8  1  20
17  8  1  53
18  8  1  52
19  8  1  58
20  8  1  54
1  9  1  27
2  9  1  35
3  9  1  85
4  9  1  58
5  9  1  73
6  9  1  25
7  9  1  18
8  9  1  67
9  9  1  71
10  9  1  12
11  9  1  48
12  9  1  11
13  9  1  76
14  9  1  35
15  9  1  63
16  9  1  87
17  9  1  59
18  9  1  27
19  9  1  54
20  9  1  63
1  10  1  69
2  10  1  89
3  10  1  37
4  10  1  44
5  10  1  83
6  10  1  30
7  10  1  76
8  10  1  41
9  10  1  66
10  10  1  10
11  10  1  69
12  10  1  55
13  10  1  17
14  10  1  42
15  10  1  14
16  10  1  59
17  10  1  21
18  10  1  51
19  10  1  65
20  10  1  28
1  11  1  74
2  11  1  87
3  11  1  36
4  11  1  85
5  11  1  83
6  11  1  76
7  11  1  65
8  11  1  36
9  11  1  81
10  11  1  75
11  11  1  22
12  11  1  14
13  11  1  33
14  11  1  37
15  11  1  13
16  11  1  35
17  11  1  65
18  11  1  50
19  11  1  52
20  11  1  50
1  12  1  58
2  12  1  78
3  12  1  48
4  12  1  39
5  12  1  40
6  12  1  44
7  12  1  75
8  12  1  51
9  12  1  78
10  12  1  17
11  12  1  43
12  12  1  37
13  12  1  37
14  12  1  30
15  12  1  32
16  12  1  33
17  12  1  49
18  12  1  52
19  12  1  21
20  12  1  60
1  13  1  22
2  13  1  57
3  13  1  66
4  13  1  57
5  13  1  71
6  13  1  33
7  13  1  73
8  13  1  12
9  13  1  36
10  13  1  37
11  13  1  28
12  13  1  47
13  13  1  30
14  13  1  57
15  13  1  16
16  13  1  18
17  13  1  69
18  13  1  75
19  13  1  40
20  13  1  38
1  14  1  23
2  14  1  18
3  14  1  38
4  14  1  24
5  14  1  46
6  14  1  81
7  14  1  45
8  14  1  73
9  14  1  18
10  14  1  43
11  14  1  23
12  14  1  80
13  14  1  72
14  14  1  62
15  14  1  61
16  14  1  67
17  14  1  40
18  14  1  73
19  14  1  26
20  14  1  57
1  15  1  38
2  15  1  25
3  15  1  30
4  15  1  58
5  15  1  66
6  15  1  80
7  15  1  71
8  15  1  67
9  15  1  66
10  15  1  90
11  15  1  85
12  15  1  65
13  15  1  51
14  15  1  48
15  15  1  38
16  15  1  80
17  15  1  50
18  15  1  58
19  15  1  12
20  15  1  22
1  16  1  66
2  16  1  50
3  16  1  79
4  16  1  55
5  16  1  70
6  16  1  76
7  16  1  83
8  16  1  73
9  16  1  16
10  16  1  89
11  16  1  56
12  16  1  28
13  16  1  32
14  16  1  34
15  16  1  55
16  16  1  10
17  16  1  68
18  16  1  85
19  16  1  28
20  16  1  16
1  17  1  10
2  17  1  17
3  17  1  81
4  17  1  57
5  17  1  22
6  17  1  13
7  17  1  21
8  17  1  30
9  17  1  51
10  17  1  27
11  17  1  35
12  17  1  49
13  17  1  48
14  17  1  60
15  17  1  10
16  17  1  64
17  17  1  89
18  17  1  63
19  17  1  29
20  17  1  57
1  18  1  22
2  18  1  85
3  18  1  80
4  18  1  38
5  18  1  64
6  18  1  65
7  18  1  76
8  18  1  34
9  18  1  45
10  18  1  39
11  18  1  19
12  18  1  63
13  18  1  66
14  18  1  82
15  18  1  16
16  18  1  23
17  18  1  77
18  18  1  17
19  18  1  24
20  18  1  39
1  19  1  87
2  19  1  80
3  19  1  24
4  19  1  25
5  19  1  21
6  19  1  77
7  19  1  35
8  19  1  76
9  19  1  32
10  19  1  25
11  19  1  66
12  19  1  26
13  19  1  40
14  19  1  80
15  19  1  70
16  19  1  56
17  19  1  90
18  19  1  15
19  19  1  76
20  19  1  27
1  20  1  90
2  20  1  65
3  20  1  27
4  20  1  54
5  20  1  64
6  20  1  31
7  20  1  32
8  20  1  21
9  20  1  66
10  20  1  24
11  20  1  87
12  20  1  89
13  20  1  65
14  20  1  77
15  20  1  14
16  20  1  71
17  20  1  88
18  20  1  74
19  20  1  58
20  20  1  15
1  21  1  39
2  21  1  35
3  21  1  45
4  21  1  74
5  21  1  63
6  21  1  15
7  21  1  76
8  21  1  66
9  21  1  56
10  21  1  60
11  21  1  14
12  21  1  84
13  21  1  43
14  21  1  73
15  21  1  51
16  21  1  22
17  21  1  59
18  21  1  44
19  21  1  67
20  21  1  48
1  22  1  36
2  22  1  33
3  22  1  13
4  22  1  39
5  22  1  11
6  22  1  58
7  22  1  29
8  22  1  86
9  22  1  50
10  22  1  86
11  22  1  67
12  22  1  19
13  22  1  10
14  22  1  52
15  22  1  24
16  22  1  50
17  22  1  30
18  22  1  29
19  22  1  52
20  22  1  68
1  23  1  60
2  23  1  58
3  23  1  60
4  23  1  48
5  23  1  34
6  23  1  12
7  23  1  27
8  23  1  42
9  23  1  14
10  23  1  22
11  23  1  80
12  23  1  86
13  23  1  86
14  23  1  10
15  23  1  71
16  23  1  15
17  23  1  87
18  23  1  71
19  23  1  40
20  23  1  30
1  24  1  51
2  24  1  31
3  24  1  17
4  24  1  82
5  24  1  20
6  24  1  53
7  24  1  74
8  24  1  40
9  24  1  83
10  24  1  78
11  24  1  70
12  24  1  43
13  24  1  77
14  24  1  41
15  24  1  58
16  24  1  20
17  24  1  87
18  24  1  55
19  24  1  49
20  24  1  25
1  25  1  56
2  25  1  34
3  25  1  56
4  25  1  77
5  25  1  57
6  25  1  28
7  25  1  34
8  25  1  14
9  25  1  32
10  25  1  69
11  25  1  88
12  25  1  29
13  25  1  80
14  25  1  81
15  25  1  82
16  25  1  63
17  25  1  63
18  25  1  63
19  25  1  36
20  25  1  14
1  26  1  83
2  26  1  33
3  26  1  63
4  26  1  80
5  26  1  59
6  26  1  64
7  26  1  40
8  26  1  20
9  26  1  66
10  26  1  41
11  26  1  86
12  26  1  12
13  26  1  79
14  26  1  11
15  26  1  76
16  26  1  49
17  26  1  43
18  26  1  21
19  26  1  61
20  26  1  45
1  27  1  63
2  27  1  82
3  27  1  52
4  27  1  86
5  27  1  74
6  27  1  11
7  27  1  11
8  27  1  18
9  27  1  14
10  27  1  31
11  27  1  23
12  27  1  59
13  27  1  52
14  27  1  19
15  27  1  64
16  27  1  50
17  27  1  17
18  27  1  60
19  27  1  85
20  27  1  28
1  28  1  73
2  28  1  84
3  28  1  15
4  28  1  32
5  28  1  67
6  28  1  78
7  28  1  58
8  28  1  71
9  28  1  36
10  28  1  73
11  28  1  67
12  28  1  84
13  28  1  63
14  28  1  25
15  28  1  60
16  28  1  39
17  28  1  18
18  28  1  54
19  28  1  61
20  28  1  45
1  29  1  31
2  29  1  51
3  29  1  80
4  29  1  13
5  29  1  86
6  29  1  27
7  29  1  52
8  29  1  80
9  29  1  11
10  29  1  36
11  29  1  57
12  29  1  62
13  29  1  19
14  29  1  61
15  29  1  90
16  29  1  22
17  29  1  87
18  29  1  85
19  29  1  60
20  29  1  70
1  30  1  24
2  30  1  50
3  30  1  36
4  30  1  22
5  30  1  49
6  30  1  71
7  30  1  11
8  30  1  90
9  30  1  18
10  30  1  40
11  30  1  39
12  30  1  60
13  30  1  67
14  30  1  48
15  30  1  56
16  30  1  66
17  30  1  85
18  30  1  10
19  30  1  69
20  30  1  27
1  31  1  77
2  31  1  81
3  31  1  87
4  31  1  19
5  31  1  54
6  31  1  29
7  31  1  41
8  31  1  17
9  31  1  27
10  31  1  87
11  31  1  50
12  31  1  27
13  31  1  73
14  31  1  28
15  31  1  49
16  31  1  11
17  31  1  78
18  31  1  16
19  31  1  57
20  31  1  59
1  32  1  13
2  32  1  59
3  32  1  83
4  32  1  65
5  32  1  48
6  32  1  15
7  32  1  38
8  32  1  23
9  32  1  85
10  32  1  45
11  32  1  77
12  32  1  54
13  32  1  49
14  32  1  52
15  32  1  63
16  32  1  23
17  32  1  11
18  32  1  62
19  32  1  81
20  32  1  36
1  33  1  20
2  33  1  21
3  33  1  87
4  33  1  11
5  33  1  65
6  33  1  44
7  33  1  19
8  33  1  49
9  33  1  65
10  33  1  50
11  33  1  27
12  33  1  48
13  33  1  82
14  33  1  65
15  33  1  75
16  33  1  23
17  33  1  49
18  33  1  47
19  33  1  62
20  33  1  18
1  34  1  34
2  34  1  19
3  34  1  29
4  34  1  74
5  34  1  23
6  34  1  57
7  34  1  52
8  34  1  85
9  34  1  39
10  34  1  14
11  34  1  87
12  34  1  57
13  34  1  22
14  34  1  70
15  34  1  21
16  34  1  85
17  34  1  55
18  34  1  38
19  34  1  31
20  34  1  76
1  35  1  55
2  35  1  21
3  35  1  26
4  35  1  30
5  35  1  33
6  35  1  88
7  35  1  81
8  35  1  51
9  35  1  90
10  35  1  35
11  35  1  61
12  35  1  52
13  35  1  71
14  35  1  76
15  35  1  18
16  35  1  67
17  35  1  67
18  35  1  50
19  35  1  19
20  35  1  15
1  36  1  45
2  36  1  88
3  36  1  50
4  36  1  83
5  36  1  55
6  36  1  65
7  36  1  88
8  36  1  27
9  36  1  15
10  36  1  20
11  36  1  56
12  36  1  70
13  36  1  25
14  36  1  84
15  36  1  89
16  36  1  22
17  36  1  35
18  36  1  29
19  36  1  84
20  36  1  60
1  37  1  85
2  37  1  49
3  37  1  53
4  37  1  31
5  37  1  42
6  37  1  42
7  37  1  69
8  37  1  14
9  37  1  51
10  37  1  11
11  37  1  45
12  37  1  60
13  37  1  66
14  37  1  79
15  37  1  76
16  37  1  36
17  37  1  62
18  37  1  34
19  37  1  12
20  37  1  72
1  38  1  90
2  38  1  61
3  38  1  13
4  38  1  87
5  38  1  19
6  38  1  14
7  38  1  52
8  38  1  62
9  38  1  75
10  38  1  20
11  38  1  58
12  38  1  56
13  38  1  88
14  38  1  52
15  38  1  68
16  38  1  65
17  38  1  44
18  38  1  16
19  38  1  38
20  38  1  11
1  39  1  58
2  39  1  41
3  39  1  13
4  39  1  38
5  39  1  78
6  39  1  61
7  39  1  90
8  39  1  42
9  39  1  69
10  39  1  34
11  39  1  34
12  39  1  36
13  39  1  15
14  39  1  24
15  39  1  24
16  39  1  46
17  39  1  61
18  39  1  83
19  39  1  55
20  39  1  30
1  40  1  75
2  40  1  74
3  40  1  71
4  40  1  74
5  40  1  48
6  40  1  17
7  40  1  38
8  40  1  27
9  40  1  58
10  40  1  28
11  40  1  80
12  40  1  56
13  40  1  83
14  40  1  54
15  40  1  15
16  40  1  12
17  40  1  29
18  40  1  55
19  40  1  48
20  40  1  89
1  41  1  76
2  41  1  65
3  41  1  47
4  41  1  17
5  41  1  41
6  41  1  35
7  41  1  39
8  41  1  13
9  41  1  19
10  41  1  62
11  41  1  37
12  41  1  13
13  41  1  17
14  41  1  82
15  41  1  16
16  41  1  37
17  41  1  71
18  41  1  20
19  41  1  52
20  41  1  64
1  42  1  14
2  42  1  67
3  42  1  65
4  42  1  64
5  42  1  27
6  42  1  59
7  42  1  10
8  42  1  47
9  42  1  54
10  42  1  40
11  42  1  35
12  42  1  22
13  42  1  51
14  42  1  54
15  42  1  74
16  42  1  73
17  42  1  48
18  42  1  50
19  42  1  47
20  42  1  34
1  43  1  26
2  43  1  19
3  43  1  58
4  43  1  31
5  43  1  56
6  43  1  42
7  43  1  10
8  43  1  56
9  43  1  81
10  43  1  70
11  43  1  71
12  43  1  54
13  43  1  38
14  43  1  35
15  43  1  34
16  43  1  43
17  43  1  37
18  43  1  49
19  43  1  68
20  43  1  56
1  44  1  38
2  44  1  85
3  44  1  52
4  44  1  75
5  44  1  48
6  44  1  85
7  44  1  26
8  44  1  69
9  44  1  30
10  44  1  24
11  44  1  30
12  44  1  80
13  44  1  28
14  44  1  55
15  44  1  63
16  44  1  70
17  44  1  20
18  44  1  44
19  44  1  64
20  44  1  30
1  45  1  27
2  45  1  36
3  45  1  87
4  45  1  81
5  45  1  50
6  45  1  87
7  45  1  71
8  45  1  88
9  45  1  42
10  45  1  75
11  45  1  20
12  45  1  23
13  45  1  72
14  45  1  49
15  45  1  74
16  45  1  44
17  45  1  61
18  45  1  42
19  45  1  90
20  45  1  14
1  46  1  27
2  46  1  89
3  46  1  42
4  46  1  11
5  46  1  51
6  46  1  49
7  46  1  74
8  46  1  50
9  46  1  30
10  46  1  11
11  46  1  56
12  46  1  45
13  46  1  55
14  46  1  28
15  46  1  59
16  46  1  65
17  46  1  47
18  46  1  46
19  46  1  88
20  46  1  25
1  47  1  36
2  47  1  51
3  47  1  75
4  47  1  64
5  47  1  36
6  47  1  87
7  47  1  37
8  47  1  40
9  47  1  44
10  47  1  58
11  47  1  20
12  47  1  26
13  47  1  33
14  47  1  90
15  47  1  55
16  47  1  83
17  47  1  12
18  47  1  71
19  47  1  47
20  47  1  41
1  48  1  32
2  48  1  51
3  48  1  90
4  48  1  68
5  48  1  19
6  48  1  15
7  48  1  14
8  48  1  71
9  48  1  64
10  48  1  34
11  48  1  53
12  48  1  66
13  48  1  17
14  48  1  90
15  48  1  77
16  48  1  72
17  48  1  51
18  48  1  46
19  48  1  16
20  48  1  84
1  49  1  69
2  49  1  19
3  49  1  60
4  49  1  44
5  49  1  35
6  49  1  25
7  49  1  25
8  49  1  44
9  49  1  84
10  49  1  22
11  49  1  53
12  49  1  30
13  49  1  52
14  49  1  77
15  49  1  46
16  49  1  47
17  49  1  10
18  49  1  10
19  49  1  81
20  49  1  26
1  50  1  67
2  50  1  62
3  50  1  30
4  50  1  24
5  50  1  15
6  50  1  10
7  50  1  57
8  50  1  60
9  50  1  24
10  50  1  11
11  50  1  31
12  50  1  16
13  50  1  37
14  50  1  72
15  50  1  24
16  50  1  45
17  50  1  11
18  50  1  30
19  50  1  26
20  50  1  14
1  1  2  15.01
2  1  2  19.33
3  1  2  11.17
4  1  2  17.72
5  1  2  42.71
6  1  2  9.69
7  1  2  30.20
8  1  2  29.03
9  1  2  43.07
10  1  2  33.90
11  1  2  45.47
12  1  2  17.92
13  1  2  5.07
14  1  2  24.95
15  1  2  48.69
16  1  2  7.11
17  1  2  2.72
18  1  2  20.17
19  1  2  10.86
20  1  2  51.17
1  2  2  13.94
2  2  2  2.92
3  2  2  20.41
4  2  2  5.27
5  2  2  11.58
6  2  2  7.12
7  2  2  41.96
8  2  2  9.42
9  2  2  5.00
10  2  2  14.44
11  2  2  36.94
12  2  2  10.75
13  2  2  47.16
14  2  2  9.61
15  2  2  40.65
16  2  2  56.58
17  2  2  48.59
18  2  2  28.85
19  2  2  47.00
20  2  2  45.73
1  3  2  37.33
2  3  2  9.16
3  3  2  46.00
4  3  2  17.01
5  3  2  16.37
6  3  2  13.65
7  3  2  8.26
8  3  2  22.57
9  3  2  12.73
10  3  2  48.55
11  3  2  20.58
12  3  2  18.79
13  3  2  58.21
14  3  2  17.09
15  3  2  9.88
16  3  2  32.21
17  3  2  32.29
18  3  2  10.61
19  3  2  15.31
20  3  2  20.74
1  4  2  27.45
2  4  2  14.35
3  4  2  51.14
4  4  2  56.17
5  4  2  57.40
6  4  2  19.96
7  4  2  5.79
8  4  2  7.37
9  4  2  45.84
10  4  2  16.57
11  4  2  22.02
12  4  2  31.26
13  4  2  29.74
14  4  2  30.10
15  4  2  19.60
16  4  2  13.17
17  4  2  19.59
18  4  2  20.60
19  4  2  19.97
20  4  2  5.16
1  5  2  29.36
2  5  2  18.05
3  5  2  4.78
4  5  2  11.67
5  5  2  35.59
6  5  2  5.64
7  5  2  9.64
8  5  2  64.42
9  5  2  18.32
10  5  2  48.87
11  5  2  17.59
12  5  2  33.26
13  5  2  48.92
14  5  2  50.19
15  5  2  12.31
16  5  2  46.24
17  5  2  18.19
18  5  2  8.08
19  5  2  12.02
20  5  2  44.71
1  6  2  24.22
2  6  2  16.53
3  6  2  11.74
4  6  2  27.98
5  6  2  16.21
6  6  2  58.48
7  6  2  22.68
8  6  2  36.41
9  6  2  7.07
10  6  2  28.47
11  6  2  16.55
12  6  2  28.69
13  6  2  12.32
14  6  2  9.01
15  6  2  19.56
16  6  2  6.51
17  6  2  57.99
18  6  2  15.38
19  6  2  14.91
20  6  2  42.08
1  7  2  2.52
2  7  2  25.37
3  7  2  4.49
4  7  2  10.01
5  7  2  9.60
6  7  2  55.00
7  7  2  16.02
8  7  2  22.16
9  7  2  29.74
10  7  2  22.26
11  7  2  52.83
12  7  2  4.08
13  7  2  39.41
14  7  2  16.69
15  7  2  25.28
16  7  2  12.31
17  7  2  31.60
18  7  2  14.31
19  7  2  33.51
20  7  2  54.00
1  8  2  28.74
2  8  2  32.98
3  8  2  5.01
4  8  2  18.64
5  8  2  10.09
6  8  2  15.94
7  8  2  58.97
8  8  2  20.35
9  8  2  6.56
10  8  2  10.66
11  8  2  27.73
12  8  2  8.92
13  8  2  22.51
14  8  2  19.07
15  8  2  23.47
16  8  2  8.87
17  8  2  27.22
18  8  2  24.63
19  8  2  33.43
20  8  2  41.74
1  9  2  17.69
2  9  2  22.54
3  9  2  28.69
4  9  2  34.13
5  9  2  26.53
6  9  2  6.94
7  9  2  6.50
8  9  2  36.46
9  9  2  28.58
10  9  2  4.67
11  9  2  14.71
12  9  2  5.98
13  9  2  22.62
14  9  2  13.03
15  9  2  29.44
16  9  2  18.70
17  9  2  39.38
18  9  2  15.14
19  9  2  43.10
20  9  2  21.23
1  10  2  50.09
2  10  2  61.52
3  10  2  20.21
4  10  2  27.44
5  10  2  57.96
6  10  2  7.53
7  10  2  18.59
8  10  2  14.07
9  10  2  33.80
10  10  2  2.66
11  10  2  26.24
12  10  2  41.93
13  10  2  13.28
14  10  2  29.33
15  10  2  7.11
16  10  2  31.18
17  10  2  15.37
18  10  2  20.40
19  10  2  15.17
20  10  2  17.82
1  11  2  54.18
2  11  2  67.56
3  11  2  15.96
4  11  2  56.78
5  11  2  49.54
6  11  2  24.46
7  11  2  45.53
8  11  2  13.90
9  11  2  27.37
10  11  2  59.32
11  11  2  8.22
12  11  2  10.69
13  11  2  8.43
14  11  2  10.44
15  11  2  9.52
16  11  2  13.09
17  11  2  17.23
18  11  2  16.47
19  11  2  20.45
20  11  2  15.97
1  12  2  44.49
2  12  2  45.00
3  12  2  14.30
4  12  2  27.63
5  12  2  30.59
6  12  2  17.12
7  12  2  20.64
8  12  2  23.63
9  12  2  62.20
10  12  2  6.67
11  12  2  28.85
12  12  2  10.85
13  12  2  27.74
14  12  2  20.30
15  12  2  8.53
16  12  2  25.25
17  12  2  28.50
18  12  2  27.93
19  12  2  16.61
20  12  2  27.89
1  13  2  14.99
2  13  2  13.05
3  13  2  27.81
4  13  2  34.49
5  13  2  54.66
6  13  2  7.10
7  13  2  50.90
8  13  2  5.78
9  13  2  8.52
10  13  2  29.29
11  13  2  9.65
12  13  2  13.86
13  13  2  7.98
14  13  2  16.92
15  13  2  9.96
16  13  2  11.81
17  13  2  27.62
18  13  2  54.39
19  13  2  26.70
20  13  2  15.33
1  14  2  16.74
2  14  2  4.76
3  14  2  21.33
4  14  2  14.67
5  14  2  21.15
6  14  2  53.57
7  14  2  24.84
8  14  2  38.16
9  14  2  7.42
10  14  2  13.42
11  14  2  12.16
12  14  2  27.51
13  14  2  47.50
14  14  2  13.67
15  14  2  18.50
16  14  2  14.39
17  14  2  13.21
18  14  2  34.75
19  14  2  16.44
20  14  2  34.28
1  15  2  10.92
2  15  2  16.50
3  15  2  23.33
4  15  2  39.95
5  15  2  33.60
6  15  2  28.98
7  15  2  35.43
8  15  2  48.62
9  15  2  24.39
10  15  2  34.19
11  15  2  28.12
12  15  2  44.17
13  15  2  25.18
14  15  2  16.94
15  15  2  13.93
16  15  2  23.57
17  15  2  10.08
18  15  2  40.42
19  15  2  7.70
20  15  2  17.37
1  16  2  51.61
2  16  2  19.36
3  16  2  62.78
4  16  2  11.11
5  16  2  16.41
6  16  2  28.60
7  16  2  21.70
8  16  2  34.69
9  16  2  7.38
10  16  2  69.68
11  16  2  33.54
12  16  2  14.15
13  16  2  24.62
14  16  2  22.28
15  16  2  34.68
16  16  2  5.49
17  16  2  13.87
18  16  2  48.25
19  16  2  7.40
20  16  2  9.63
1  17  2  4.54
2  17  2  12.54
3  17  2  19.60
4  17  2  41.51
5  17  2  15.89
6  17  2  4.79
7  17  2  5.52
8  17  2  17.74
9  17  2  20.94
10  17  2  19.87
11  17  2  23.24
12  17  2  38.49
13  17  2  21.70
14  17  2  44.98
15  17  2  2.98
16  17  2  35.31
17  17  2  45.42
18  17  2  39.31
19  17  2  21.03
20  17  2  16.20
1  18  2  6.51
2  18  2  59.08
3  18  2  27.13
4  18  2  17.80
5  18  2  25.16
6  18  2  34.65
7  18  2  37.33
8  18  2  27.14
9  18  2  31.31
10  18  2  23.31
11  18  2  14.68
12  18  2  16.17
13  18  2  21.39
14  18  2  31.15
15  18  2  9.87
16  18  2  15.28
17  18  2  31.59
18  18  2  4.65
19  18  2  17.29
20  18  2  18.58
1  19  2  25.28
2  19  2  25.53
3  19  2  8.77
4  19  2  17.31
5  19  2  10.43
6  19  2  37.82
7  19  2  25.27
8  19  2  18.92
9  19  2  16.04
10  19  2  14.81
11  19  2  44.55
12  19  2  10.32
13  19  2  23.72
14  19  2  16.99
15  19  2  23.15
16  19  2  19.29
17  19  2  31.98
18  19  2  5.70
19  19  2  18.00
20  19  2  5.77
1  20  2  47.82
2  20  2  47.29
3  20  2  18.52
4  20  2  37.64
5  20  2  35.92
6  20  2  20.12
7  20  2  8.20
8  20  2  9.37
9  20  2  26.83
10  20  2  9.90
11  20  2  35.79
12  20  2  70.97
13  20  2  44.87
14  20  2  47.08
15  20  2  7.37
16  20  2  36.57
17  20  2  61.29
18  20  2  45.10
19  20  2  38.58
20  20  2  6.28
1  21  2  12.19
2  21  2  12.19
3  21  2  35.35
4  21  2  53.52
5  21  2  35.13
6  21  2  11.61
7  21  2  46.73
8  21  2  36.14
9  21  2  41.19
10  21  2  37.06
11  21  2  8.23
12  21  2  41.73
13  21  2  30.29
14  21  2  57.33
15  21  2  40.73
16  21  2  11.71
17  21  2  21.48
18  21  2  28.67
19  21  2  17.46
20  21  2  19.19
1  22  2  13.64
2  22  2  22.64
3  22  2  2.60
4  22  2  14.24
5  22  2  4.20
6  22  2  15.77
7  22  2  8.08
8  22  2  57.37
9  22  2  24.72
10  22  2  44.09
11  22  2  15.88
12  22  2  9.07
13  22  2  3.65
14  22  2  18.30
15  22  2  8.71
16  22  2  20.14
17  22  2  19.83
18  22  2  15.29
19  22  2  34.46
20  22  2  51.43
1  23  2  38.29
2  23  2  43.93
3  23  2  29.01
4  23  2  12.17
5  23  2  21.42
6  23  2  8.12
7  23  2  16.82
8  23  2  16.34
9  23  2  10.94
10  23  2  7.73
11  23  2  20.68
12  23  2  40.79
13  23  2  19.32
14  23  2  4.25
15  23  2  55.76
16  23  2  10.97
17  23  2  22.18
18  23  2  44.98
19  23  2  26.74
20  23  2  11.73
1  24  2  39.61
2  24  2  9.36
3  24  2  8.24
4  24  2  16.62
5  24  2  13.34
6  24  2  11.80
7  24  2  35.31
8  24  2  15.79
9  24  2  52.07
10  24  2  32.06
11  24  2  42.85
12  24  2  34.00
13  24  2  36.12
14  24  2  26.85
15  24  2  36.57
16  24  2  6.26
17  24  2  54.21
18  24  2  26.28
19  24  2  10.78
20  24  2  14.52
1  25  2  32.42
2  25  2  14.49
3  25  2  15.55
4  25  2  58.57
5  25  2  45.25
6  25  2  22.06
7  25  2  17.24
8  25  2  4.34
9  25  2  23.33
10  25  2  21.26
11  25  2  66.03
12  25  2  11.70
13  25  2  62.68
14  25  2  34.95
15  25  2  53.92
16  25  2  34.91
17  25  2  44.95
18  25  2  14.25
19  25  2  15.91
20  25  2  8.93
1  26  2  27.08
2  26  2  19.45
3  26  2  26.45
4  26  2  51.11
5  26  2  28.98
6  26  2  32.30
7  26  2  29.16
8  26  2  5.69
9  26  2  36.44
10  26  2  25.11
11  26  2  37.95
12  26  2  7.30
13  26  2  49.77
14  26  2  4.58
15  26  2  30.77
16  26  2  13.78
17  26  2  19.31
18  26  2  4.84
19  26  2  19.37
20  26  2  14.67
1  27  2  17.59
2  27  2  39.77
3  27  2  25.52
4  27  2  59.57
5  27  2  38.45
6  27  2  3.30
7  27  2  2.45
8  27  2  5.50
9  27  2  6.29
10  27  2  9.70
11  27  2  7.08
12  27  2  24.94
13  27  2  25.74
14  27  2  12.81
15  27  2  28.15
16  27  2  31.87
17  27  2  13.45
18  27  2  35.83
19  27  2  47.43
20  27  2  12.05
1  28  2  16.21
2  28  2  22.22
3  28  2  10.23
4  28  2  9.11
5  28  2  40.71
6  28  2  17.93
7  28  2  41.41
8  28  2  24.33
9  28  2  20.87
10  28  2  52.67
11  28  2  16.11
12  28  2  56.49
13  28  2  33.19
14  28  2  16.39
15  28  2  42.91
16  28  2  13.83
17  28  2  9.72
18  28  2  38.78
19  28  2  36.22
20  28  2  12.17
1  29  2  12.72
2  29  2  31.37
3  29  2  48.76
4  29  2  8.07
5  29  2  21.51
6  29  2  9.75
7  29  2  22.41
8  29  2  28.05
9  29  2  4.99
10  29  2  14.87
11  29  2  13.79
12  29  2  14.35
13  29  2  7.09
14  29  2  14.76
15  29  2  23.56
16  29  2  12.30
17  29  2  38.04
18  29  2  42.06
19  29  2  30.02
20  29  2  19.42
1  30  2  7.46
2  30  2  18.45
3  30  2  7.65
4  30  2  13.62
5  30  2  12.98
6  30  2  16.47
7  30  2  3.07
8  30  2  56.30
9  30  2  6.84
10  30  2  25.43
11  30  2  28.96
12  30  2  15.99
13  30  2  20.07
14  30  2  18.01
15  30  2  25.19
16  30  2  15.09
17  30  2  51.87
18  30  2  4.56
19  30  2  24.37
20  30  2  16.48
1  31  2  16.62
2  31  2  48.21
3  31  2  24.36
4  31  2  8.04
5  31  2  24.60
6  31  2  19.59
7  31  2  24.57
8  31  2  8.86
9  31  2  17.83
10  31  2  61.46
11  31  2  22.79
12  31  2  17.50
13  31  2  43.36
14  31  2  19.82
15  31  2  33.02
16  31  2  2.91
17  31  2  24.92
18  31  2  10.81
19  31  2  19.29
20  31  2  36.98
1  32  2  7.78
2  32  2  41.29
3  32  2  48.34
4  32  2  35.19
5  32  2  18.70
6  32  2  4.72
7  32  2  13.85
8  32  2  15.66
9  32  2  59.39
10  32  2  32.29
11  32  2  34.60
12  32  2  21.26
13  32  2  24.69
14  32  2  11.15
15  32  2  32.29
16  32  2  7.24
17  32  2  3.40
18  32  2  26.93
19  32  2  28.30
20  32  2  15.94
1  33  2  9.89
2  33  2  11.90
3  33  2  39.07
4  33  2  4.65
5  33  2  46.49
6  33  2  19.49
7  33  2  8.56
8  33  2  22.57
9  33  2  44.94
10  33  2  38.67
11  33  2  14.17
12  33  2  23.68
13  33  2  63.36
14  33  2  42.29
15  33  2  21.86
16  33  2  12.15
17  33  2  33.66
18  33  2  22.82
19  33  2  28.26
20  33  2  3.67
1  34  2  23.82
2  34  2  4.55
3  34  2  7.10
4  34  2  42.31
5  34  2  11.78
6  34  2  14.75
7  34  2  23.67
8  34  2  35.24
9  34  2  14.21
10  34  2  10.16
11  34  2  59.87
12  34  2  14.25
13  34  2  12.72
14  34  2  41.18
15  34  2  6.24
16  34  2  44.50
17  34  2  33.92
18  34  2  11.39
19  34  2  11.76
20  34  2  31.03
1  35  2  13.01
2  35  2  11.35
3  35  2  18.71
4  35  2  18.51
5  35  2  18.51
6  35  2  59.74
7  35  2  55.34
8  35  2  16.68
9  35  2  61.57
10  35  2  15.47
11  35  2  30.22
12  35  2  22.88
13  35  2  51.84
14  35  2  43.83
15  35  2  7.04
16  35  2  33.21
17  35  2  16.69
18  35  2  26.70
19  35  2  4.70
20  35  2  8.17
1  36  2  18.13
2  36  2  68.01
3  36  2  20.60
4  36  2  35.03
5  36  2  17.73
6  36  2  26.66
7  36  2  55.20
8  36  2  19.81
9  36  2  6.99
10  36  2  6.76
11  36  2  24.57
12  36  2  21.27
13  36  2  17.72
14  36  2  27.23
15  36  2  36.15
16  36  2  6.36
17  36  2  20.92
18  36  2  6.68
19  36  2  26.81
20  36  2  31.17
1  37  2  37.89
2  37  2  19.81
3  37  2  38.12
4  37  2  13.25
5  37  2  27.59
6  37  2  31.27
7  37  2  19.05
8  37  2  3.17
9  37  2  23.16
10  37  2  5.31
11  37  2  18.29
12  37  2  23.66
13  37  2  27.17
14  37  2  52.35
15  37  2  33.86
16  37  2  14.20
17  37  2  31.40
18  37  2  20.70
19  37  2  3.67
20  37  2  24.26
1  38  2  34.95
2  38  2  42.30
3  38  2  5.19
4  38  2  35.63
5  38  2  6.73
6  38  2  4.44
7  38  2  34.28
8  38  2  24.41
9  38  2  48.18
10  38  2  9.41
11  38  2  42.90
12  38  2  24.21
13  38  2  57.58
14  38  2  20.87
15  38  2  29.32
16  38  2  14.53
17  38  2  13.24
18  38  2  12.24
19  38  2  9.46
20  38  2  8.67
1  39  2  31.14
2  39  2  10.09
3  39  2  8.02
4  39  2  25.14
5  39  2  47.78
6  39  2  32.45
7  39  2  46.34
8  39  2  12.10
9  39  2  54.01
10  39  2  16.57
11  39  2  12.32
12  39  2  23.85
13  39  2  6.82
14  39  2  19.11
15  39  2  12.25
16  39  2  11.13
17  39  2  14.10
18  39  2  49.58
19  39  2  32.14
20  39  2  10.32
1  40  2  35.45
2  40  2  39.79
3  40  2  41.69
4  40  2  19.68
5  40  2  27.84
6  40  2  5.05
7  40  2  24.53
8  40  2  15.15
9  40  2  36.38
10  40  2  8.57
11  40  2  49.92
12  40  2  25.89
13  40  2  60.97
14  40  2  16.68
15  40  2  11.40
16  40  2  2.65
17  40  2  12.72
18  40  2  14.80
19  40  2  16.15
20  40  2  42.71
1  41  2  49.55
2  41  2  50.02
3  41  2  25.24
4  41  2  10.21
5  41  2  21.44
6  41  2  11.47
7  41  2  15.99
8  41  2  9.81
9  41  2  9.35
10  41  2  26.55
11  41  2  17.65
12  41  2  7.99
13  41  2  5.70
14  41  2  44.09
15  41  2  3.50
16  41  2  19.91
17  41  2  17.28
18  41  2  5.85
19  41  2  40.01
20  41  2  37.13
1  42  2  8.61
2  42  2  33.51
3  42  2  49.15
4  42  2  47.63
5  42  2  17.33
6  42  2  35.08
7  42  2  7.98
8  42  2  20.87
9  42  2  38.82
10  42  2  16.81
11  42  2  19.79
12  42  2  17.49
13  42  2  27.81
14  42  2  14.83
15  42  2  38.86
16  42  2  37.93
17  42  2  26.44
18  42  2  18.81
19  42  2  13.58
20  42  2  27.09
1  43  2  16.39
2  43  2  7.73
3  43  2  32.10
4  43  2  21.02
5  43  2  42.13
6  43  2  32.64
7  43  2  5.13
8  43  2  43.81
9  43  2  26.48
10  43  2  31.90
11  43  2  53.08
12  43  2  14.24
13  43  2  10.75
14  43  2  19.09
15  43  2  17.13
16  43  2  23.74
17  43  2  9.24
18  43  2  37.05
19  43  2  29.95
20  43  2  39.38
1  44  2  18.61
2  44  2  42.73
3  44  2  23.24
4  44  2  24.33
5  44  2  35.48
6  44  2  55.19
7  44  2  17.37
8  44  2  31.06
9  44  2  18.82
10  44  2  8.19
11  44  2  17.75
12  44  2  39.39
13  44  2  7.29
14  44  2  33.69
15  44  2  27.45
16  44  2  24.35
17  44  2  12.30
18  44  2  30.13
19  44  2  28.53
20  44  2  14.99
1  45  2  12.99
2  45  2  18.68
3  45  2  44.63
4  45  2  43.60
5  45  2  31.02
6  45  2  68.72
7  45  2  15.41
8  45  2  68.11
9  45  2  17.06
10  45  2  43.30
11  45  2  11.86
12  45  2  15.80
13  45  2  33.45
14  45  2  13.76
15  45  2  15.21
16  45  2  28.68
17  45  2  16.18
18  45  2  22.90
19  45  2  50.11
20  45  2  4.46
1  46  2  13.53
2  46  2  67.37
3  46  2  30.53
4  46  2  6.16
5  46  2  32.62
6  46  2  27.77
7  46  2  25.57
8  46  2  23.62
9  46  2  8.78
10  46  2  2.72
11  46  2  43.22
12  46  2  10.90
13  46  2  33.44
14  46  2  14.35
15  46  2  46.50
16  46  2  43.19
17  46  2  11.62
18  46  2  24.76
19  46  2  39.95
20  46  2  5.59
1  47  2  15.43
2  47  2  17.64
3  47  2  35.75
4  47  2  33.58
5  47  2  22.76
6  47  2  47.88
7  47  2  23.27
8  47  2  9.89
9  47  2  27.29
10  47  2  41.93
11  47  2  15.94
12  47  2  15.02
13  47  2  14.72
14  47  2  50.27
15  47  2  40.63
16  47  2  43.76
17  47  2  9.21
18  47  2  37.75
19  47  2  34.87
20  47  2  22.37
1  48  2  23.89
2  48  2  30.16
3  48  2  41.51
4  48  2  27.37
5  48  2  11.38
6  48  2  10.12
7  48  2  6.46
8  48  2  44.89
9  48  2  48.28
10  48  2  12.53
11  48  2  31.32
12  48  2  48.24
13  48  2  6.71
14  48  2  25.81
15  48  2  49.10
16  48  2  50.63
17  48  2  25.05
18  48  2  35.14
19  48  2  3.29
20  48  2  28.56
1  49  2  40.58
2  49  2  10.45
3  49  2  33.38
4  49  2  12.74
5  49  2  13.80
6  49  2  10.66
7  49  2  12.37
8  49  2  14.02
9  49  2  56.03
10  49  2  10.97
11  49  2  33.01
12  49  2  21.03
13  49  2  40.86
14  49  2  57.75
15  49  2  20.66
16  49  2  15.34
17  49  2  2.17
18  49  2  5.95
19  49  2  49.04
20  49  2  11.94
1  50  2  47.50
2  50  2  21.46
3  50  2  7.35
4  50  2  8.62
5  50  2  7.63
6  50  2  6.72
7  50  2  17.77
8  50  2  38.53
9  50  2  17.76
10  50  2  2.95
11  50  2  10.27
12  50  2  6.58
13  50  2  22.25
14  50  2  41.36
15  50  2  5.45
16  50  2  20.52
17  50  2  6.33
18  50  2  11.82
19  50  2  19.84
20  50  2  3.47
;

