param com_measure1 := 1;

param com_measure2 := 1;

param kappa_max := 400.655;

param U_tau := 749.1847;

param nT := 2;

param nS := 200;

param nL := 10;

param B := 240.24;

param w :=
1  2
2  3
3  2
4  1
5  2
6  2
7  3
8  3
9  3
10  1
;

param h :=
1  1  0
1  2  0
1  3  0
1  4  0
1  5  0
1  6  0
1  7  0
1  8  0
1  9  0
1  10  0
2  1  41.28
2  2  45.18
2  3  43.26
2  4  43.15
2  5  55.16
2  6  50.32
2  7  50.20
2  8  54.06
2  9  59.32
2  10  38.55
;

param xi :=
1  1  1  57
2  1  1  34
3  1  1  88
4  1  1  25
5  1  1  89
6  1  1  68
7  1  1  38
8  1  1  10
9  1  1  36
10  1  1  63
1  2  1  17
2  2  1  80
3  2  1  46
4  2  1  20
5  2  1  66
6  2  1  55
7  2  1  78
8  2  1  82
9  2  1  66
10  2  1  53
1  3  1  53
2  3  1  89
3  3  1  38
4  3  1  39
5  3  1  52
6  3  1  44
7  3  1  81
8  3  1  21
9  3  1  29
10  3  1  22
1  4  1  46
2  4  1  72
3  4  1  39
4  4  1  18
5  4  1  37
6  4  1  21
7  4  1  17
8  4  1  82
9  4  1  33
10  4  1  14
1  5  1  13
2  5  1  69
3  5  1  14
4  5  1  85
5  5  1  27
6  5  1  34
7  5  1  46
8  5  1  67
9  5  1  27
10  5  1  30
1  6  1  44
2  6  1  76
3  6  1  15
4  6  1  88
5  6  1  49
6  6  1  61
7  6  1  88
8  6  1  41
9  6  1  34
10  6  1  60
1  7  1  42
2  7  1  23
3  7  1  80
4  7  1  73
5  7  1  60
6  7  1  73
7  7  1  26
8  7  1  31
9  7  1  51
10  7  1  23
1  8  1  17
2  8  1  75
3  8  1  28
4  8  1  23
5  8  1  27
6  8  1  21
7  8  1  74
8  8  1  52
9  8  1  76
10  8  1  31
1  9  1  18
2  9  1  20
3  9  1  48
4  9  1  40
5  9  1  32
6  9  1  76
7  9  1  21
8  9  1  25
9  9  1  49
10  9  1  50
1  10  1  15
2  10  1  56
3  10  1  85
4  10  1  42
5  10  1  68
6  10  1  51
7  10  1  18
8  10  1  57
9  10  1  45
10  10  1  48
1  11  1  15
2  11  1  54
3  11  1  14
4  11  1  85
5  11  1  51
6  11  1  46
7  11  1  53
8  11  1  16
9  11  1  75
10  11  1  90
1  12  1  45
2  12  1  80
3  12  1  36
4  12  1  17
5  12  1  42
6  12  1  74
7  12  1  70
8  12  1  29
9  12  1  25
10  12  1  11
1  13  1  68
2  13  1  43
3  13  1  24
4  13  1  85
5  13  1  26
6  13  1  28
7  13  1  74
8  13  1  65
9  13  1  74
10  13  1  40
1  14  1  46
2  14  1  82
3  14  1  16
4  14  1  69
5  14  1  54
6  14  1  49
7  14  1  22
8  14  1  32
9  14  1  59
10  14  1  81
1  15  1  66
2  15  1  58
3  15  1  86
4  15  1  39
5  15  1  63
6  15  1  77
7  15  1  38
8  15  1  73
9  15  1  18
10  15  1  17
1  16  1  81
2  16  1  33
3  16  1  14
4  16  1  17
5  16  1  17
6  16  1  73
7  16  1  15
8  16  1  77
9  16  1  33
10  16  1  26
1  17  1  49
2  17  1  20
3  17  1  86
4  17  1  28
5  17  1  61
6  17  1  58
7  17  1  79
8  17  1  85
9  17  1  22
10  17  1  43
1  18  1  58
2  18  1  30
3  18  1  82
4  18  1  69
5  18  1  85
6  18  1  41
7  18  1  22
8  18  1  63
9  18  1  30
10  18  1  62
1  19  1  78
2  19  1  45
3  19  1  10
4  19  1  32
5  19  1  41
6  19  1  61
7  19  1  11
8  19  1  19
9  19  1  83
10  19  1  89
1  20  1  10
2  20  1  50
3  20  1  36
4  20  1  38
5  20  1  75
6  20  1  67
7  20  1  75
8  20  1  23
9  20  1  17
10  20  1  32
1  21  1  87
2  21  1  90
3  21  1  60
4  21  1  33
5  21  1  10
6  21  1  27
7  21  1  19
8  21  1  83
9  21  1  83
10  21  1  16
1  22  1  60
2  22  1  35
3  22  1  63
4  22  1  84
5  22  1  70
6  22  1  41
7  22  1  37
8  22  1  52
9  22  1  32
10  22  1  44
1  23  1  23
2  23  1  73
3  23  1  18
4  23  1  51
5  23  1  19
6  23  1  45
7  23  1  68
8  23  1  20
9  23  1  36
10  23  1  40
1  24  1  23
2  24  1  39
3  24  1  27
4  24  1  44
5  24  1  34
6  24  1  67
7  24  1  24
8  24  1  35
9  24  1  33
10  24  1  40
1  25  1  16
2  25  1  53
3  25  1  64
4  25  1  64
5  25  1  51
6  25  1  71
7  25  1  29
8  25  1  14
9  25  1  27
10  25  1  85
1  26  1  73
2  26  1  13
3  26  1  44
4  26  1  48
5  26  1  29
6  26  1  62
7  26  1  34
8  26  1  28
9  26  1  11
10  26  1  24
1  27  1  55
2  27  1  57
3  27  1  74
4  27  1  87
5  27  1  38
6  27  1  41
7  27  1  29
8  27  1  12
9  27  1  32
10  27  1  50
1  28  1  33
2  28  1  61
3  28  1  13
4  28  1  64
5  28  1  14
6  28  1  57
7  28  1  57
8  28  1  38
9  28  1  87
10  28  1  44
1  29  1  50
2  29  1  88
3  29  1  38
4  29  1  72
5  29  1  27
6  29  1  73
7  29  1  27
8  29  1  58
9  29  1  90
10  29  1  34
1  30  1  42
2  30  1  18
3  30  1  63
4  30  1  90
5  30  1  21
6  30  1  16
7  30  1  87
8  30  1  31
9  30  1  71
10  30  1  46
1  31  1  21
2  31  1  27
3  31  1  32
4  31  1  28
5  31  1  77
6  31  1  29
7  31  1  45
8  31  1  32
9  31  1  27
10  31  1  70
1  32  1  67
2  32  1  77
3  32  1  41
4  32  1  14
5  32  1  42
6  32  1  74
7  32  1  66
8  32  1  22
9  32  1  66
10  32  1  71
1  33  1  88
2  33  1  36
3  33  1  39
4  33  1  32
5  33  1  63
6  33  1  60
7  33  1  13
8  33  1  71
9  33  1  45
10  33  1  61
1  34  1  74
2  34  1  36
3  34  1  60
4  34  1  19
5  34  1  85
6  34  1  74
7  34  1  63
8  34  1  13
9  34  1  88
10  34  1  47
1  35  1  54
2  35  1  54
3  35  1  53
4  35  1  77
5  35  1  34
6  35  1  81
7  35  1  33
8  35  1  26
9  35  1  70
10  35  1  35
1  36  1  84
2  36  1  40
3  36  1  57
4  36  1  61
5  36  1  59
6  36  1  73
7  36  1  14
8  36  1  38
9  36  1  36
10  36  1  83
1  37  1  14
2  37  1  24
3  37  1  32
4  37  1  61
5  37  1  88
6  37  1  77
7  37  1  46
8  37  1  55
9  37  1  50
10  37  1  40
1  38  1  65
2  38  1  37
3  38  1  35
4  38  1  32
5  38  1  18
6  38  1  13
7  38  1  32
8  38  1  19
9  38  1  75
10  38  1  32
1  39  1  11
2  39  1  63
3  39  1  77
4  39  1  88
5  39  1  81
6  39  1  49
7  39  1  26
8  39  1  86
9  39  1  20
10  39  1  10
1  40  1  59
2  40  1  56
3  40  1  49
4  40  1  87
5  40  1  81
6  40  1  51
7  40  1  49
8  40  1  22
9  40  1  20
10  40  1  37
1  41  1  69
2  41  1  56
3  41  1  86
4  41  1  28
5  41  1  59
6  41  1  12
7  41  1  40
8  41  1  80
9  41  1  35
10  41  1  80
1  42  1  50
2  42  1  51
3  42  1  23
4  42  1  18
5  42  1  26
6  42  1  15
7  42  1  85
8  42  1  23
9  42  1  89
10  42  1  43
1  43  1  56
2  43  1  33
3  43  1  37
4  43  1  79
5  43  1  17
6  43  1  69
7  43  1  39
8  43  1  54
9  43  1  70
10  43  1  16
1  44  1  23
2  44  1  40
3  44  1  37
4  44  1  18
5  44  1  60
6  44  1  32
7  44  1  40
8  44  1  12
9  44  1  81
10  44  1  86
1  45  1  13
2  45  1  61
3  45  1  22
4  45  1  80
5  45  1  83
6  45  1  60
7  45  1  75
8  45  1  51
9  45  1  22
10  45  1  88
1  46  1  52
2  46  1  51
3  46  1  42
4  46  1  66
5  46  1  51
6  46  1  28
7  46  1  54
8  46  1  56
9  46  1  74
10  46  1  60
1  47  1  32
2  47  1  72
3  47  1  49
4  47  1  62
5  47  1  48
6  47  1  87
7  47  1  53
8  47  1  41
9  47  1  64
10  47  1  83
1  48  1  82
2  48  1  52
3  48  1  51
4  48  1  47
5  48  1  76
6  48  1  89
7  48  1  75
8  48  1  88
9  48  1  46
10  48  1  54
1  49  1  81
2  49  1  36
3  49  1  39
4  49  1  79
5  49  1  23
6  49  1  56
7  49  1  15
8  49  1  69
9  49  1  75
10  49  1  67
1  50  1  16
2  50  1  44
3  50  1  28
4  50  1  59
5  50  1  78
6  50  1  76
7  50  1  11
8  50  1  89
9  50  1  36
10  50  1  33
1  51  1  18
2  51  1  55
3  51  1  26
4  51  1  86
5  51  1  48
6  51  1  77
7  51  1  14
8  51  1  21
9  51  1  86
10  51  1  46
1  52  1  24
2  52  1  20
3  52  1  86
4  52  1  74
5  52  1  28
6  52  1  85
7  52  1  47
8  52  1  58
9  52  1  25
10  52  1  50
1  53  1  77
2  53  1  22
3  53  1  86
4  53  1  44
5  53  1  45
6  53  1  13
7  53  1  33
8  53  1  84
9  53  1  79
10  53  1  78
1  54  1  87
2  54  1  66
3  54  1  17
4  54  1  26
5  54  1  44
6  54  1  35
7  54  1  82
8  54  1  26
9  54  1  82
10  54  1  64
1  55  1  89
2  55  1  21
3  55  1  60
4  55  1  26
5  55  1  57
6  55  1  33
7  55  1  68
8  55  1  56
9  55  1  90
10  55  1  10
1  56  1  90
2  56  1  20
3  56  1  29
4  56  1  59
5  56  1  66
6  56  1  56
7  56  1  54
8  56  1  53
9  56  1  57
10  56  1  41
1  57  1  53
2  57  1  77
3  57  1  44
4  57  1  84
5  57  1  70
6  57  1  57
7  57  1  22
8  57  1  35
9  57  1  35
10  57  1  32
1  58  1  70
2  58  1  24
3  58  1  59
4  58  1  55
5  58  1  84
6  58  1  47
7  58  1  10
8  58  1  51
9  58  1  18
10  58  1  22
1  59  1  33
2  59  1  74
3  59  1  29
4  59  1  61
5  59  1  16
6  59  1  11
7  59  1  56
8  59  1  50
9  59  1  47
10  59  1  27
1  60  1  27
2  60  1  59
3  60  1  85
4  60  1  37
5  60  1  44
6  60  1  26
7  60  1  69
8  60  1  68
9  60  1  26
10  60  1  56
1  61  1  81
2  61  1  89
3  61  1  34
4  61  1  19
5  61  1  23
6  61  1  73
7  61  1  10
8  61  1  50
9  61  1  73
10  61  1  83
1  62  1  41
2  62  1  67
3  62  1  20
4  62  1  68
5  62  1  39
6  62  1  28
7  62  1  55
8  62  1  15
9  62  1  43
10  62  1  32
1  63  1  64
2  63  1  66
3  63  1  75
4  63  1  19
5  63  1  28
6  63  1  84
7  63  1  30
8  63  1  78
9  63  1  89
10  63  1  55
1  64  1  68
2  64  1  63
3  64  1  10
4  64  1  87
5  64  1  39
6  64  1  87
7  64  1  15
8  64  1  79
9  64  1  12
10  64  1  78
1  65  1  81
2  65  1  70
3  65  1  87
4  65  1  39
5  65  1  50
6  65  1  84
7  65  1  60
8  65  1  73
9  65  1  63
10  65  1  41
1  66  1  41
2  66  1  73
3  66  1  25
4  66  1  70
5  66  1  22
6  66  1  37
7  66  1  34
8  66  1  69
9  66  1  44
10  66  1  78
1  67  1  79
2  67  1  84
3  67  1  70
4  67  1  76
5  67  1  43
6  67  1  79
7  67  1  13
8  67  1  65
9  67  1  19
10  67  1  49
1  68  1  54
2  68  1  23
3  68  1  61
4  68  1  23
5  68  1  87
6  68  1  46
7  68  1  10
8  68  1  89
9  68  1  76
10  68  1  89
1  69  1  88
2  69  1  36
3  69  1  17
4  69  1  26
5  69  1  37
6  69  1  81
7  69  1  50
8  69  1  78
9  69  1  79
10  69  1  44
1  70  1  79
2  70  1  44
3  70  1  44
4  70  1  25
5  70  1  59
6  70  1  58
7  70  1  66
8  70  1  54
9  70  1  34
10  70  1  79
1  71  1  81
2  71  1  36
3  71  1  71
4  71  1  89
5  71  1  56
6  71  1  46
7  71  1  90
8  71  1  57
9  71  1  87
10  71  1  31
1  72  1  20
2  72  1  41
3  72  1  33
4  72  1  43
5  72  1  59
6  72  1  42
7  72  1  60
8  72  1  10
9  72  1  49
10  72  1  33
1  73  1  37
2  73  1  65
3  73  1  76
4  73  1  25
5  73  1  24
6  73  1  76
7  73  1  64
8  73  1  90
9  73  1  37
10  73  1  72
1  74  1  31
2  74  1  81
3  74  1  48
4  74  1  17
5  74  1  61
6  74  1  62
7  74  1  89
8  74  1  38
9  74  1  58
10  74  1  67
1  75  1  37
2  75  1  87
3  75  1  32
4  75  1  62
5  75  1  11
6  75  1  17
7  75  1  66
8  75  1  49
9  75  1  44
10  75  1  22
1  76  1  42
2  76  1  31
3  76  1  71
4  76  1  35
5  76  1  40
6  76  1  48
7  76  1  31
8  76  1  28
9  76  1  52
10  76  1  15
1  77  1  24
2  77  1  16
3  77  1  48
4  77  1  64
5  77  1  69
6  77  1  19
7  77  1  12
8  77  1  25
9  77  1  24
10  77  1  61
1  78  1  58
2  78  1  66
3  78  1  52
4  78  1  82
5  78  1  28
6  78  1  30
7  78  1  37
8  78  1  87
9  78  1  49
10  78  1  22
1  79  1  14
2  79  1  75
3  79  1  57
4  79  1  66
5  79  1  84
6  79  1  87
7  79  1  32
8  79  1  86
9  79  1  37
10  79  1  11
1  80  1  81
2  80  1  70
3  80  1  42
4  80  1  21
5  80  1  50
6  80  1  18
7  80  1  46
8  80  1  74
9  80  1  40
10  80  1  43
1  81  1  29
2  81  1  28
3  81  1  87
4  81  1  87
5  81  1  77
6  81  1  42
7  81  1  30
8  81  1  89
9  81  1  51
10  81  1  69
1  82  1  72
2  82  1  29
3  82  1  18
4  82  1  89
5  82  1  63
6  82  1  73
7  82  1  50
8  82  1  82
9  82  1  16
10  82  1  66
1  83  1  35
2  83  1  20
3  83  1  16
4  83  1  40
5  83  1  81
6  83  1  86
7  83  1  43
8  83  1  37
9  83  1  83
10  83  1  20
1  84  1  73
2  84  1  55
3  84  1  85
4  84  1  42
5  84  1  30
6  84  1  82
7  84  1  39
8  84  1  33
9  84  1  17
10  84  1  42
1  85  1  33
2  85  1  81
3  85  1  43
4  85  1  90
5  85  1  62
6  85  1  12
7  85  1  89
8  85  1  46
9  85  1  45
10  85  1  63
1  86  1  73
2  86  1  25
3  86  1  74
4  86  1  30
5  86  1  41
6  86  1  12
7  86  1  57
8  86  1  25
9  86  1  87
10  86  1  22
1  87  1  35
2  87  1  24
3  87  1  48
4  87  1  38
5  87  1  69
6  87  1  84
7  87  1  47
8  87  1  83
9  87  1  21
10  87  1  29
1  88  1  25
2  88  1  45
3  88  1  26
4  88  1  63
5  88  1  41
6  88  1  40
7  88  1  74
8  88  1  40
9  88  1  71
10  88  1  37
1  89  1  48
2  89  1  14
3  89  1  37
4  89  1  54
5  89  1  87
6  89  1  88
7  89  1  36
8  89  1  67
9  89  1  83
10  89  1  44
1  90  1  72
2  90  1  53
3  90  1  24
4  90  1  70
5  90  1  38
6  90  1  55
7  90  1  82
8  90  1  10
9  90  1  64
10  90  1  44
1  91  1  69
2  91  1  19
3  91  1  12
4  91  1  53
5  91  1  42
6  91  1  53
7  91  1  38
8  91  1  16
9  91  1  70
10  91  1  28
1  92  1  37
2  92  1  63
3  92  1  86
4  92  1  38
5  92  1  13
6  92  1  42
7  92  1  59
8  92  1  53
9  92  1  56
10  92  1  83
1  93  1  10
2  93  1  39
3  93  1  60
4  93  1  29
5  93  1  32
6  93  1  28
7  93  1  26
8  93  1  41
9  93  1  79
10  93  1  69
1  94  1  69
2  94  1  14
3  94  1  39
4  94  1  41
5  94  1  62
6  94  1  20
7  94  1  64
8  94  1  49
9  94  1  80
10  94  1  38
1  95  1  89
2  95  1  12
3  95  1  47
4  95  1  71
5  95  1  69
6  95  1  33
7  95  1  60
8  95  1  12
9  95  1  38
10  95  1  23
1  96  1  30
2  96  1  60
3  96  1  86
4  96  1  22
5  96  1  13
6  96  1  70
7  96  1  57
8  96  1  37
9  96  1  80
10  96  1  52
1  97  1  44
2  97  1  66
3  97  1  46
4  97  1  79
5  97  1  62
6  97  1  58
7  97  1  73
8  97  1  12
9  97  1  77
10  97  1  75
1  98  1  29
2  98  1  31
3  98  1  86
4  98  1  52
5  98  1  90
6  98  1  11
7  98  1  49
8  98  1  17
9  98  1  17
10  98  1  57
1  99  1  16
2  99  1  46
3  99  1  88
4  99  1  56
5  99  1  71
6  99  1  63
7  99  1  20
8  99  1  51
9  99  1  87
10  99  1  85
1  100  1  45
2  100  1  12
3  100  1  35
4  100  1  73
5  100  1  36
6  100  1  45
7  100  1  18
8  100  1  27
9  100  1  38
10  100  1  25
1  101  1  75
2  101  1  54
3  101  1  31
4  101  1  53
5  101  1  31
6  101  1  77
7  101  1  66
8  101  1  82
9  101  1  16
10  101  1  19
1  102  1  29
2  102  1  83
3  102  1  19
4  102  1  75
5  102  1  23
6  102  1  88
7  102  1  59
8  102  1  36
9  102  1  23
10  102  1  21
1  103  1  12
2  103  1  77
3  103  1  40
4  103  1  10
5  103  1  42
6  103  1  65
7  103  1  47
8  103  1  76
9  103  1  70
10  103  1  84
1  104  1  65
2  104  1  23
3  104  1  47
4  104  1  67
5  104  1  47
6  104  1  73
7  104  1  26
8  104  1  30
9  104  1  13
10  104  1  37
1  105  1  59
2  105  1  51
3  105  1  68
4  105  1  60
5  105  1  84
6  105  1  85
7  105  1  11
8  105  1  81
9  105  1  74
10  105  1  45
1  106  1  10
2  106  1  75
3  106  1  26
4  106  1  83
5  106  1  59
6  106  1  82
7  106  1  38
8  106  1  58
9  106  1  35
10  106  1  16
1  107  1  17
2  107  1  84
3  107  1  51
4  107  1  63
5  107  1  15
6  107  1  18
7  107  1  20
8  107  1  85
9  107  1  46
10  107  1  55
1  108  1  82
2  108  1  69
3  108  1  40
4  108  1  81
5  108  1  53
6  108  1  18
7  108  1  40
8  108  1  72
9  108  1  34
10  108  1  71
1  109  1  69
2  109  1  19
3  109  1  13
4  109  1  77
5  109  1  76
6  109  1  30
7  109  1  36
8  109  1  61
9  109  1  76
10  109  1  27
1  110  1  75
2  110  1  36
3  110  1  12
4  110  1  45
5  110  1  48
6  110  1  10
7  110  1  43
8  110  1  60
9  110  1  42
10  110  1  74
1  111  1  17
2  111  1  35
3  111  1  11
4  111  1  79
5  111  1  62
6  111  1  36
7  111  1  52
8  111  1  73
9  111  1  29
10  111  1  44
1  112  1  83
2  112  1  22
3  112  1  32
4  112  1  73
5  112  1  49
6  112  1  19
7  112  1  79
8  112  1  85
9  112  1  63
10  112  1  62
1  113  1  88
2  113  1  34
3  113  1  43
4  113  1  69
5  113  1  53
6  113  1  43
7  113  1  78
8  113  1  59
9  113  1  32
10  113  1  16
1  114  1  64
2  114  1  76
3  114  1  16
4  114  1  67
5  114  1  81
6  114  1  48
7  114  1  37
8  114  1  70
9  114  1  21
10  114  1  18
1  115  1  80
2  115  1  20
3  115  1  68
4  115  1  63
5  115  1  75
6  115  1  64
7  115  1  27
8  115  1  22
9  115  1  69
10  115  1  64
1  116  1  24
2  116  1  12
3  116  1  83
4  116  1  49
5  116  1  88
6  116  1  54
7  116  1  17
8  116  1  88
9  116  1  53
10  116  1  38
1  117  1  51
2  117  1  71
3  117  1  41
4  117  1  87
5  117  1  55
6  117  1  45
7  117  1  38
8  117  1  60
9  117  1  20
10  117  1  68
1  118  1  36
2  118  1  16
3  118  1  32
4  118  1  36
5  118  1  18
6  118  1  17
7  118  1  32
8  118  1  73
9  118  1  26
10  118  1  49
1  119  1  83
2  119  1  76
3  119  1  63
4  119  1  46
5  119  1  63
6  119  1  74
7  119  1  60
8  119  1  14
9  119  1  48
10  119  1  12
1  120  1  13
2  120  1  61
3  120  1  61
4  120  1  26
5  120  1  37
6  120  1  32
7  120  1  31
8  120  1  39
9  120  1  54
10  120  1  41
1  121  1  34
2  121  1  61
3  121  1  39
4  121  1  59
5  121  1  45
6  121  1  84
7  121  1  82
8  121  1  85
9  121  1  56
10  121  1  18
1  122  1  32
2  122  1  18
3  122  1  75
4  122  1  19
5  122  1  56
6  122  1  88
7  122  1  72
8  122  1  77
9  122  1  32
10  122  1  47
1  123  1  50
2  123  1  11
3  123  1  75
4  123  1  69
5  123  1  46
6  123  1  73
7  123  1  83
8  123  1  38
9  123  1  69
10  123  1  20
1  124  1  34
2  124  1  64
3  124  1  30
4  124  1  89
5  124  1  87
6  124  1  66
7  124  1  47
8  124  1  44
9  124  1  10
10  124  1  89
1  125  1  65
2  125  1  47
3  125  1  40
4  125  1  22
5  125  1  45
6  125  1  51
7  125  1  75
8  125  1  45
9  125  1  70
10  125  1  52
1  126  1  38
2  126  1  53
3  126  1  23
4  126  1  53
5  126  1  17
6  126  1  40
7  126  1  90
8  126  1  42
9  126  1  48
10  126  1  56
1  127  1  59
2  127  1  65
3  127  1  32
4  127  1  68
5  127  1  27
6  127  1  80
7  127  1  64
8  127  1  25
9  127  1  29
10  127  1  80
1  128  1  51
2  128  1  41
3  128  1  57
4  128  1  86
5  128  1  68
6  128  1  18
7  128  1  52
8  128  1  56
9  128  1  79
10  128  1  57
1  129  1  24
2  129  1  11
3  129  1  41
4  129  1  43
5  129  1  40
6  129  1  26
7  129  1  34
8  129  1  19
9  129  1  83
10  129  1  63
1  130  1  17
2  130  1  25
3  130  1  27
4  130  1  42
5  130  1  87
6  130  1  74
7  130  1  56
8  130  1  13
9  130  1  79
10  130  1  20
1  131  1  75
2  131  1  26
3  131  1  69
4  131  1  32
5  131  1  26
6  131  1  42
7  131  1  39
8  131  1  21
9  131  1  44
10  131  1  42
1  132  1  39
2  132  1  22
3  132  1  82
4  132  1  40
5  132  1  52
6  132  1  61
7  132  1  10
8  132  1  20
9  132  1  83
10  132  1  35
1  133  1  14
2  133  1  10
3  133  1  81
4  133  1  19
5  133  1  63
6  133  1  81
7  133  1  16
8  133  1  30
9  133  1  31
10  133  1  76
1  134  1  84
2  134  1  34
3  134  1  88
4  134  1  89
5  134  1  45
6  134  1  38
7  134  1  74
8  134  1  40
9  134  1  84
10  134  1  73
1  135  1  48
2  135  1  16
3  135  1  62
4  135  1  39
5  135  1  24
6  135  1  83
7  135  1  20
8  135  1  57
9  135  1  24
10  135  1  22
1  136  1  76
2  136  1  73
3  136  1  16
4  136  1  36
5  136  1  70
6  136  1  76
7  136  1  77
8  136  1  41
9  136  1  65
10  136  1  45
1  137  1  57
2  137  1  71
3  137  1  73
4  137  1  26
5  137  1  49
6  137  1  83
7  137  1  88
8  137  1  80
9  137  1  18
10  137  1  13
1  138  1  64
2  138  1  86
3  138  1  75
4  138  1  57
5  138  1  79
6  138  1  60
7  138  1  76
8  138  1  82
9  138  1  74
10  138  1  42
1  139  1  64
2  139  1  74
3  139  1  87
4  139  1  31
5  139  1  20
6  139  1  77
7  139  1  88
8  139  1  88
9  139  1  24
10  139  1  72
1  140  1  13
2  140  1  46
3  140  1  30
4  140  1  58
5  140  1  60
6  140  1  26
7  140  1  59
8  140  1  12
9  140  1  29
10  140  1  78
1  141  1  20
2  141  1  87
3  141  1  70
4  141  1  41
5  141  1  23
6  141  1  33
7  141  1  54
8  141  1  87
9  141  1  12
10  141  1  37
1  142  1  19
2  142  1  62
3  142  1  69
4  142  1  10
5  142  1  90
6  142  1  17
7  142  1  66
8  142  1  87
9  142  1  78
10  142  1  32
1  143  1  36
2  143  1  69
3  143  1  39
4  143  1  80
5  143  1  44
6  143  1  67
7  143  1  37
8  143  1  50
9  143  1  36
10  143  1  58
1  144  1  51
2  144  1  66
3  144  1  61
4  144  1  90
5  144  1  13
6  144  1  86
7  144  1  25
8  144  1  44
9  144  1  27
10  144  1  19
1  145  1  85
2  145  1  17
3  145  1  31
4  145  1  30
5  145  1  79
6  145  1  45
7  145  1  22
8  145  1  14
9  145  1  30
10  145  1  14
1  146  1  58
2  146  1  20
3  146  1  80
4  146  1  39
5  146  1  51
6  146  1  29
7  146  1  53
8  146  1  70
9  146  1  16
10  146  1  13
1  147  1  16
2  147  1  53
3  147  1  66
4  147  1  73
5  147  1  53
6  147  1  50
7  147  1  71
8  147  1  48
9  147  1  30
10  147  1  72
1  148  1  71
2  148  1  49
3  148  1  76
4  148  1  21
5  148  1  75
6  148  1  80
7  148  1  16
8  148  1  12
9  148  1  38
10  148  1  25
1  149  1  65
2  149  1  58
3  149  1  37
4  149  1  68
5  149  1  54
6  149  1  49
7  149  1  22
8  149  1  74
9  149  1  40
10  149  1  54
1  150  1  67
2  150  1  19
3  150  1  46
4  150  1  48
5  150  1  17
6  150  1  31
7  150  1  48
8  150  1  43
9  150  1  74
10  150  1  70
1  151  1  21
2  151  1  89
3  151  1  11
4  151  1  11
5  151  1  73
6  151  1  45
7  151  1  68
8  151  1  80
9  151  1  48
10  151  1  16
1  152  1  29
2  152  1  75
3  152  1  43
4  152  1  33
5  152  1  42
6  152  1  64
7  152  1  11
8  152  1  28
9  152  1  40
10  152  1  28
1  153  1  81
2  153  1  58
3  153  1  70
4  153  1  15
5  153  1  44
6  153  1  83
7  153  1  60
8  153  1  53
9  153  1  24
10  153  1  48
1  154  1  86
2  154  1  63
3  154  1  62
4  154  1  43
5  154  1  42
6  154  1  77
7  154  1  62
8  154  1  53
9  154  1  34
10  154  1  31
1  155  1  11
2  155  1  16
3  155  1  23
4  155  1  67
5  155  1  69
6  155  1  17
7  155  1  21
8  155  1  24
9  155  1  21
10  155  1  78
1  156  1  38
2  156  1  61
3  156  1  68
4  156  1  74
5  156  1  59
6  156  1  16
7  156  1  20
8  156  1  21
9  156  1  78
10  156  1  46
1  157  1  76
2  157  1  14
3  157  1  57
4  157  1  38
5  157  1  66
6  157  1  73
7  157  1  13
8  157  1  20
9  157  1  79
10  157  1  29
1  158  1  37
2  158  1  86
3  158  1  41
4  158  1  47
5  158  1  70
6  158  1  25
7  158  1  57
8  158  1  81
9  158  1  90
10  158  1  22
1  159  1  33
2  159  1  17
3  159  1  27
4  159  1  36
5  159  1  29
6  159  1  18
7  159  1  17
8  159  1  16
9  159  1  22
10  159  1  73
1  160  1  90
2  160  1  54
3  160  1  14
4  160  1  77
5  160  1  63
6  160  1  57
7  160  1  76
8  160  1  67
9  160  1  62
10  160  1  14
1  161  1  69
2  161  1  37
3  161  1  20
4  161  1  47
5  161  1  72
6  161  1  81
7  161  1  12
8  161  1  15
9  161  1  64
10  161  1  75
1  162  1  54
2  162  1  72
3  162  1  50
4  162  1  36
5  162  1  77
6  162  1  41
7  162  1  61
8  162  1  49
9  162  1  71
10  162  1  69
1  163  1  29
2  163  1  86
3  163  1  46
4  163  1  47
5  163  1  44
6  163  1  17
7  163  1  78
8  163  1  82
9  163  1  63
10  163  1  72
1  164  1  42
2  164  1  36
3  164  1  57
4  164  1  88
5  164  1  28
6  164  1  38
7  164  1  28
8  164  1  28
9  164  1  16
10  164  1  88
1  165  1  41
2  165  1  66
3  165  1  22
4  165  1  42
5  165  1  44
6  165  1  85
7  165  1  62
8  165  1  80
9  165  1  17
10  165  1  21
1  166  1  78
2  166  1  42
3  166  1  25
4  166  1  15
5  166  1  57
6  166  1  13
7  166  1  44
8  166  1  32
9  166  1  27
10  166  1  86
1  167  1  54
2  167  1  34
3  167  1  24
4  167  1  13
5  167  1  49
6  167  1  62
7  167  1  23
8  167  1  52
9  167  1  45
10  167  1  28
1  168  1  21
2  168  1  58
3  168  1  75
4  168  1  43
5  168  1  78
6  168  1  88
7  168  1  87
8  168  1  24
9  168  1  47
10  168  1  40
1  169  1  49
2  169  1  15
3  169  1  67
4  169  1  42
5  169  1  82
6  169  1  34
7  169  1  62
8  169  1  82
9  169  1  55
10  169  1  19
1  170  1  55
2  170  1  85
3  170  1  33
4  170  1  44
5  170  1  82
6  170  1  90
7  170  1  59
8  170  1  12
9  170  1  68
10  170  1  68
1  171  1  79
2  171  1  89
3  171  1  68
4  171  1  78
5  171  1  37
6  171  1  80
7  171  1  43
8  171  1  83
9  171  1  28
10  171  1  39
1  172  1  88
2  172  1  12
3  172  1  78
4  172  1  76
5  172  1  88
6  172  1  14
7  172  1  68
8  172  1  44
9  172  1  60
10  172  1  49
1  173  1  55
2  173  1  72
3  173  1  11
4  173  1  72
5  173  1  37
6  173  1  21
7  173  1  34
8  173  1  72
9  173  1  59
10  173  1  63
1  174  1  79
2  174  1  61
3  174  1  74
4  174  1  78
5  174  1  72
6  174  1  56
7  174  1  79
8  174  1  52
9  174  1  16
10  174  1  58
1  175  1  49
2  175  1  45
3  175  1  37
4  175  1  79
5  175  1  84
6  175  1  63
7  175  1  79
8  175  1  44
9  175  1  68
10  175  1  42
1  176  1  17
2  176  1  31
3  176  1  18
4  176  1  58
5  176  1  13
6  176  1  70
7  176  1  25
8  176  1  39
9  176  1  17
10  176  1  19
1  177  1  28
2  177  1  57
3  177  1  49
4  177  1  81
5  177  1  28
6  177  1  74
7  177  1  53
8  177  1  20
9  177  1  67
10  177  1  37
1  178  1  88
2  178  1  21
3  178  1  73
4  178  1  46
5  178  1  65
6  178  1  34
7  178  1  27
8  178  1  42
9  178  1  80
10  178  1  33
1  179  1  48
2  179  1  80
3  179  1  50
4  179  1  37
5  179  1  23
6  179  1  28
7  179  1  49
8  179  1  72
9  179  1  34
10  179  1  86
1  180  1  15
2  180  1  84
3  180  1  59
4  180  1  77
5  180  1  40
6  180  1  84
7  180  1  40
8  180  1  73
9  180  1  61
10  180  1  36
1  181  1  14
2  181  1  77
3  181  1  40
4  181  1  56
5  181  1  58
6  181  1  57
7  181  1  12
8  181  1  63
9  181  1  87
10  181  1  19
1  182  1  62
2  182  1  65
3  182  1  77
4  182  1  36
5  182  1  71
6  182  1  34
7  182  1  30
8  182  1  89
9  182  1  90
10  182  1  38
1  183  1  57
2  183  1  67
3  183  1  26
4  183  1  51
5  183  1  79
6  183  1  73
7  183  1  57
8  183  1  64
9  183  1  86
10  183  1  74
1  184  1  49
2  184  1  50
3  184  1  34
4  184  1  71
5  184  1  21
6  184  1  80
7  184  1  12
8  184  1  71
9  184  1  74
10  184  1  65
1  185  1  16
2  185  1  10
3  185  1  32
4  185  1  58
5  185  1  87
6  185  1  34
7  185  1  24
8  185  1  11
9  185  1  79
10  185  1  11
1  186  1  72
2  186  1  40
3  186  1  69
4  186  1  48
5  186  1  83
6  186  1  72
7  186  1  58
8  186  1  16
9  186  1  32
10  186  1  84
1  187  1  53
2  187  1  67
3  187  1  47
4  187  1  69
5  187  1  82
6  187  1  72
7  187  1  62
8  187  1  49
9  187  1  21
10  187  1  43
1  188  1  60
2  188  1  90
3  188  1  62
4  188  1  82
5  188  1  22
6  188  1  65
7  188  1  56
8  188  1  28
9  188  1  14
10  188  1  55
1  189  1  47
2  189  1  24
3  189  1  46
4  189  1  30
5  189  1  55
6  189  1  12
7  189  1  83
8  189  1  15
9  189  1  55
10  189  1  23
1  190  1  27
2  190  1  69
3  190  1  38
4  190  1  48
5  190  1  42
6  190  1  72
7  190  1  26
8  190  1  78
9  190  1  30
10  190  1  37
1  191  1  39
2  191  1  25
3  191  1  80
4  191  1  36
5  191  1  32
6  191  1  56
7  191  1  79
8  191  1  30
9  191  1  50
10  191  1  37
1  192  1  30
2  192  1  89
3  192  1  75
4  192  1  84
5  192  1  82
6  192  1  38
7  192  1  10
8  192  1  69
9  192  1  68
10  192  1  74
1  193  1  86
2  193  1  72
3  193  1  38
4  193  1  74
5  193  1  21
6  193  1  42
7  193  1  37
8  193  1  57
9  193  1  80
10  193  1  81
1  194  1  28
2  194  1  18
3  194  1  36
4  194  1  75
5  194  1  58
6  194  1  12
7  194  1  15
8  194  1  60
9  194  1  80
10  194  1  72
1  195  1  24
2  195  1  82
3  195  1  37
4  195  1  38
5  195  1  50
6  195  1  49
7  195  1  36
8  195  1  74
9  195  1  20
10  195  1  24
1  196  1  76
2  196  1  52
3  196  1  28
4  196  1  31
5  196  1  44
6  196  1  65
7  196  1  80
8  196  1  69
9  196  1  65
10  196  1  60
1  197  1  69
2  197  1  40
3  197  1  75
4  197  1  14
5  197  1  14
6  197  1  16
7  197  1  31
8  197  1  67
9  197  1  85
10  197  1  48
1  198  1  10
2  198  1  75
3  198  1  39
4  198  1  39
5  198  1  71
6  198  1  31
7  198  1  48
8  198  1  61
9  198  1  74
10  198  1  18
1  199  1  27
2  199  1  75
3  199  1  64
4  199  1  41
5  199  1  18
6  199  1  77
7  199  1  60
8  199  1  76
9  199  1  17
10  199  1  49
1  200  1  72
2  200  1  69
3  200  1  69
4  200  1  88
5  200  1  30
6  200  1  64
7  200  1  42
8  200  1  66
9  200  1  44
10  200  1  17
1  1  2  33.06
2  1  2  18.7
3  1  2  48.4
4  1  2  14.75
5  1  2  40.94
6  1  2  35.36
7  1  2  17.48
8  1  2  4.6
9  1  2  14.76
10  1  2  37.17
1  2  2  9.86
2  2  2  44
3  2  2  25.3
4  2  2  11.8
5  2  2  30.36
6  2  2  28.6
7  2  2  35.88
8  2  2  37.72
9  2  2  27.06
10  2  2  31.27
1  3  2  30.74
2  3  2  48.95
3  3  2  20.9
4  3  2  23.01
5  3  2  23.92
6  3  2  22.88
7  3  2  37.26
8  3  2  9.66
9  3  2  11.89
10  3  2  12.98
1  4  2  26.68
2  4  2  39.6
3  4  2  21.45
4  4  2  10.62
5  4  2  17.02
6  4  2  10.92
7  4  2  7.82
8  4  2  37.72
9  4  2  13.53
10  4  2  8.26
1  5  2  7.54
2  5  2  37.95
3  5  2  7.7
4  5  2  50.15
5  5  2  12.42
6  5  2  17.68
7  5  2  21.16
8  5  2  30.82
9  5  2  11.07
10  5  2  17.7
1  6  2  25.52
2  6  2  41.8
3  6  2  8.25
4  6  2  51.92
5  6  2  22.54
6  6  2  31.72
7  6  2  40.48
8  6  2  18.86
9  6  2  13.94
10  6  2  35.4
1  7  2  24.36
2  7  2  12.65
3  7  2  44
4  7  2  43.07
5  7  2  27.6
6  7  2  37.96
7  7  2  11.96
8  7  2  14.26
9  7  2  20.91
10  7  2  13.57
1  8  2  9.86
2  8  2  41.25
3  8  2  15.4
4  8  2  13.57
5  8  2  12.42
6  8  2  10.92
7  8  2  34.04
8  8  2  23.92
9  8  2  31.16
10  8  2  18.29
1  9  2  10.44
2  9  2  11
3  9  2  26.4
4  9  2  23.6
5  9  2  14.72
6  9  2  39.52
7  9  2  9.66
8  9  2  11.5
9  9  2  20.09
10  9  2  29.5
1  10  2  8.7
2  10  2  30.8
3  10  2  46.75
4  10  2  24.78
5  10  2  31.28
6  10  2  26.52
7  10  2  8.28
8  10  2  26.22
9  10  2  18.45
10  10  2  28.32
1  11  2  8.7
2  11  2  29.7
3  11  2  7.7
4  11  2  50.15
5  11  2  23.46
6  11  2  23.92
7  11  2  24.38
8  11  2  7.36
9  11  2  30.75
10  11  2  53.1
1  12  2  26.1
2  12  2  44
3  12  2  19.8
4  12  2  10.03
5  12  2  19.32
6  12  2  38.48
7  12  2  32.2
8  12  2  13.34
9  12  2  10.25
10  12  2  6.49
1  13  2  39.44
2  13  2  23.65
3  13  2  13.2
4  13  2  50.15
5  13  2  11.96
6  13  2  14.56
7  13  2  34.04
8  13  2  29.9
9  13  2  30.34
10  13  2  23.6
1  14  2  26.68
2  14  2  45.1
3  14  2  8.8
4  14  2  40.71
5  14  2  24.84
6  14  2  25.48
7  14  2  10.12
8  14  2  14.72
9  14  2  24.19
10  14  2  47.79
1  15  2  38.28
2  15  2  31.9
3  15  2  47.3
4  15  2  23.01
5  15  2  28.98
6  15  2  40.04
7  15  2  17.48
8  15  2  33.58
9  15  2  7.38
10  15  2  10.03
1  16  2  46.98
2  16  2  18.15
3  16  2  7.7
4  16  2  10.03
5  16  2  7.82
6  16  2  37.96
7  16  2  6.9
8  16  2  35.42
9  16  2  13.53
10  16  2  15.34
1  17  2  28.42
2  17  2  11
3  17  2  47.3
4  17  2  16.52
5  17  2  28.06
6  17  2  30.16
7  17  2  36.34
8  17  2  39.1
9  17  2  9.02
10  17  2  25.37
1  18  2  33.64
2  18  2  16.5
3  18  2  45.1
4  18  2  40.71
5  18  2  39.1
6  18  2  21.32
7  18  2  10.12
8  18  2  28.98
9  18  2  12.3
10  18  2  36.58
1  19  2  45.24
2  19  2  24.75
3  19  2  5.5
4  19  2  18.88
5  19  2  18.86
6  19  2  31.72
7  19  2  5.06
8  19  2  8.74
9  19  2  34.03
10  19  2  52.51
1  20  2  5.8
2  20  2  27.5
3  20  2  19.8
4  20  2  22.42
5  20  2  34.5
6  20  2  34.84
7  20  2  34.5
8  20  2  10.58
9  20  2  6.97
10  20  2  18.88
1  21  2  50.46
2  21  2  49.5
3  21  2  33
4  21  2  19.47
5  21  2  4.6
6  21  2  14.04
7  21  2  8.74
8  21  2  38.18
9  21  2  34.03
10  21  2  9.44
1  22  2  34.8
2  22  2  19.25
3  22  2  34.65
4  22  2  49.56
5  22  2  32.2
6  22  2  21.32
7  22  2  17.02
8  22  2  23.92
9  22  2  13.12
10  22  2  25.96
1  23  2  13.34
2  23  2  40.15
3  23  2  9.9
4  23  2  30.09
5  23  2  8.74
6  23  2  23.4
7  23  2  31.28
8  23  2  9.2
9  23  2  14.76
10  23  2  23.6
1  24  2  13.34
2  24  2  21.45
3  24  2  14.85
4  24  2  25.96
5  24  2  15.64
6  24  2  34.84
7  24  2  11.04
8  24  2  16.1
9  24  2  13.53
10  24  2  23.6
1  25  2  9.28
2  25  2  29.15
3  25  2  35.2
4  25  2  37.76
5  25  2  23.46
6  25  2  36.92
7  25  2  13.34
8  25  2  6.44
9  25  2  11.07
10  25  2  50.15
1  26  2  42.34
2  26  2  7.15
3  26  2  24.2
4  26  2  28.32
5  26  2  13.34
6  26  2  32.24
7  26  2  15.64
8  26  2  12.88
9  26  2  4.51
10  26  2  14.16
1  27  2  31.9
2  27  2  31.35
3  27  2  40.7
4  27  2  51.33
5  27  2  17.48
6  27  2  21.32
7  27  2  13.34
8  27  2  5.52
9  27  2  13.12
10  27  2  29.5
1  28  2  19.14
2  28  2  33.55
3  28  2  7.15
4  28  2  37.76
5  28  2  6.44
6  28  2  29.64
7  28  2  26.22
8  28  2  17.48
9  28  2  35.67
10  28  2  25.96
1  29  2  29
2  29  2  48.4
3  29  2  20.9
4  29  2  42.48
5  29  2  12.42
6  29  2  37.96
7  29  2  12.42
8  29  2  26.68
9  29  2  36.9
10  29  2  20.06
1  30  2  24.36
2  30  2  9.9
3  30  2  34.65
4  30  2  53.1
5  30  2  9.66
6  30  2  8.32
7  30  2  40.02
8  30  2  14.26
9  30  2  29.11
10  30  2  27.14
1  31  2  12.18
2  31  2  14.85
3  31  2  17.6
4  31  2  16.52
5  31  2  35.42
6  31  2  15.08
7  31  2  20.7
8  31  2  14.72
9  31  2  11.07
10  31  2  41.3
1  32  2  38.86
2  32  2  42.35
3  32  2  22.55
4  32  2  8.26
5  32  2  19.32
6  32  2  38.48
7  32  2  30.36
8  32  2  10.12
9  32  2  27.06
10  32  2  41.89
1  33  2  51.04
2  33  2  19.8
3  33  2  21.45
4  33  2  18.88
5  33  2  28.98
6  33  2  31.2
7  33  2  5.98
8  33  2  32.66
9  33  2  18.45
10  33  2  35.99
1  34  2  42.92
2  34  2  19.8
3  34  2  33
4  34  2  11.21
5  34  2  39.1
6  34  2  38.48
7  34  2  28.98
8  34  2  5.98
9  34  2  36.08
10  34  2  27.73
1  35  2  31.32
2  35  2  29.7
3  35  2  29.15
4  35  2  45.43
5  35  2  15.64
6  35  2  42.12
7  35  2  15.18
8  35  2  11.96
9  35  2  28.7
10  35  2  20.65
1  36  2  48.72
2  36  2  22
3  36  2  31.35
4  36  2  35.99
5  36  2  27.14
6  36  2  37.96
7  36  2  6.44
8  36  2  17.48
9  36  2  14.76
10  36  2  48.97
1  37  2  8.12
2  37  2  13.2
3  37  2  17.6
4  37  2  35.99
5  37  2  40.48
6  37  2  40.04
7  37  2  21.16
8  37  2  25.3
9  37  2  20.5
10  37  2  23.6
1  38  2  37.7
2  38  2  20.35
3  38  2  19.25
4  38  2  18.88
5  38  2  8.28
6  38  2  6.76
7  38  2  14.72
8  38  2  8.74
9  38  2  30.75
10  38  2  18.88
1  39  2  6.38
2  39  2  34.65
3  39  2  42.35
4  39  2  51.92
5  39  2  37.26
6  39  2  25.48
7  39  2  11.96
8  39  2  39.56
9  39  2  8.2
10  39  2  5.9
1  40  2  34.22
2  40  2  30.8
3  40  2  26.95
4  40  2  51.33
5  40  2  37.26
6  40  2  26.52
7  40  2  22.54
8  40  2  10.12
9  40  2  8.2
10  40  2  21.83
1  41  2  40.02
2  41  2  30.8
3  41  2  47.3
4  41  2  16.52
5  41  2  27.14
6  41  2  6.24
7  41  2  18.4
8  41  2  36.8
9  41  2  14.35
10  41  2  47.2
1  42  2  29
2  42  2  28.05
3  42  2  12.65
4  42  2  10.62
5  42  2  11.96
6  42  2  7.8
7  42  2  39.1
8  42  2  10.58
9  42  2  36.49
10  42  2  25.37
1  43  2  32.48
2  43  2  18.15
3  43  2  20.35
4  43  2  46.61
5  43  2  7.82
6  43  2  35.88
7  43  2  17.94
8  43  2  24.84
9  43  2  28.7
10  43  2  9.44
1  44  2  13.34
2  44  2  22
3  44  2  20.35
4  44  2  10.62
5  44  2  27.6
6  44  2  16.64
7  44  2  18.4
8  44  2  5.52
9  44  2  33.21
10  44  2  50.74
1  45  2  7.54
2  45  2  33.55
3  45  2  12.1
4  45  2  47.2
5  45  2  38.18
6  45  2  31.2
7  45  2  34.5
8  45  2  23.46
9  45  2  9.02
10  45  2  51.92
1  46  2  30.16
2  46  2  28.05
3  46  2  23.1
4  46  2  38.94
5  46  2  23.46
6  46  2  14.56
7  46  2  24.84
8  46  2  25.76
9  46  2  30.34
10  46  2  35.4
1  47  2  18.56
2  47  2  39.6
3  47  2  26.95
4  47  2  36.58
5  47  2  22.08
6  47  2  45.24
7  47  2  24.38
8  47  2  18.86
9  47  2  26.24
10  47  2  48.97
1  48  2  47.56
2  48  2  28.6
3  48  2  28.05
4  48  2  27.73
5  48  2  34.96
6  48  2  46.28
7  48  2  34.5
8  48  2  40.48
9  48  2  18.86
10  48  2  31.86
1  49  2  46.98
2  49  2  19.8
3  49  2  21.45
4  49  2  46.61
5  49  2  10.58
6  49  2  29.12
7  49  2  6.9
8  49  2  31.74
9  49  2  30.75
10  49  2  39.53
1  50  2  9.28
2  50  2  24.2
3  50  2  15.4
4  50  2  34.81
5  50  2  35.88
6  50  2  39.52
7  50  2  5.06
8  50  2  40.94
9  50  2  14.76
10  50  2  19.47
1  51  2  10.44
2  51  2  30.25
3  51  2  14.3
4  51  2  50.74
5  51  2  22.08
6  51  2  40.04
7  51  2  6.44
8  51  2  9.66
9  51  2  35.26
10  51  2  27.14
1  52  2  13.92
2  52  2  11
3  52  2  47.3
4  52  2  43.66
5  52  2  12.88
6  52  2  44.2
7  52  2  21.62
8  52  2  26.68
9  52  2  10.25
10  52  2  29.5
1  53  2  44.66
2  53  2  12.1
3  53  2  47.3
4  53  2  25.96
5  53  2  20.7
6  53  2  6.76
7  53  2  15.18
8  53  2  38.64
9  53  2  32.39
10  53  2  46.02
1  54  2  50.46
2  54  2  36.3
3  54  2  9.35
4  54  2  15.34
5  54  2  20.24
6  54  2  18.2
7  54  2  37.72
8  54  2  11.96
9  54  2  33.62
10  54  2  37.76
1  55  2  51.62
2  55  2  11.55
3  55  2  33
4  55  2  15.34
5  55  2  26.22
6  55  2  17.16
7  55  2  31.28
8  55  2  25.76
9  55  2  36.9
10  55  2  5.9
1  56  2  52.2
2  56  2  11
3  56  2  15.95
4  56  2  34.81
5  56  2  30.36
6  56  2  29.12
7  56  2  24.84
8  56  2  24.38
9  56  2  23.37
10  56  2  24.19
1  57  2  30.74
2  57  2  42.35
3  57  2  24.2
4  57  2  49.56
5  57  2  32.2
6  57  2  29.64
7  57  2  10.12
8  57  2  16.1
9  57  2  14.35
10  57  2  18.88
1  58  2  40.6
2  58  2  13.2
3  58  2  32.45
4  58  2  32.45
5  58  2  38.64
6  58  2  24.44
7  58  2  4.6
8  58  2  23.46
9  58  2  7.38
10  58  2  12.98
1  59  2  19.14
2  59  2  40.7
3  59  2  15.95
4  59  2  35.99
5  59  2  7.36
6  59  2  5.72
7  59  2  25.76
8  59  2  23
9  59  2  19.27
10  59  2  15.93
1  60  2  15.66
2  60  2  32.45
3  60  2  46.75
4  60  2  21.83
5  60  2  20.24
6  60  2  13.52
7  60  2  31.74
8  60  2  31.28
9  60  2  10.66
10  60  2  33.04
1  61  2  46.98
2  61  2  48.95
3  61  2  18.7
4  61  2  11.21
5  61  2  10.58
6  61  2  37.96
7  61  2  4.6
8  61  2  23
9  61  2  29.93
10  61  2  48.97
1  62  2  23.78
2  62  2  36.85
3  62  2  11
4  62  2  40.12
5  62  2  17.94
6  62  2  14.56
7  62  2  25.3
8  62  2  6.9
9  62  2  17.63
10  62  2  18.88
1  63  2  37.12
2  63  2  36.3
3  63  2  41.25
4  63  2  11.21
5  63  2  12.88
6  63  2  43.68
7  63  2  13.8
8  63  2  35.88
9  63  2  36.49
10  63  2  32.45
1  64  2  39.44
2  64  2  34.65
3  64  2  5.5
4  64  2  51.33
5  64  2  17.94
6  64  2  45.24
7  64  2  6.9
8  64  2  36.34
9  64  2  4.92
10  64  2  46.02
1  65  2  46.98
2  65  2  38.5
3  65  2  47.85
4  65  2  23.01
5  65  2  23
6  65  2  43.68
7  65  2  27.6
8  65  2  33.58
9  65  2  25.83
10  65  2  24.19
1  66  2  23.78
2  66  2  40.15
3  66  2  13.75
4  66  2  41.3
5  66  2  10.12
6  66  2  19.24
7  66  2  15.64
8  66  2  31.74
9  66  2  18.04
10  66  2  46.02
1  67  2  45.82
2  67  2  46.2
3  67  2  38.5
4  67  2  44.84
5  67  2  19.78
6  67  2  41.08
7  67  2  5.98
8  67  2  29.9
9  67  2  7.79
10  67  2  28.91
1  68  2  31.32
2  68  2  12.65
3  68  2  33.55
4  68  2  13.57
5  68  2  40.02
6  68  2  23.92
7  68  2  4.6
8  68  2  40.94
9  68  2  31.16
10  68  2  52.51
1  69  2  51.04
2  69  2  19.8
3  69  2  9.35
4  69  2  15.34
5  69  2  17.02
6  69  2  42.12
7  69  2  23
8  69  2  35.88
9  69  2  32.39
10  69  2  25.96
1  70  2  45.82
2  70  2  24.2
3  70  2  24.2
4  70  2  14.75
5  70  2  27.14
6  70  2  30.16
7  70  2  30.36
8  70  2  24.84
9  70  2  13.94
10  70  2  46.61
1  71  2  46.98
2  71  2  19.8
3  71  2  39.05
4  71  2  52.51
5  71  2  25.76
6  71  2  23.92
7  71  2  41.4
8  71  2  26.22
9  71  2  35.67
10  71  2  18.29
1  72  2  11.6
2  72  2  22.55
3  72  2  18.15
4  72  2  25.37
5  72  2  27.14
6  72  2  21.84
7  72  2  27.6
8  72  2  4.6
9  72  2  20.09
10  72  2  19.47
1  73  2  21.46
2  73  2  35.75
3  73  2  41.8
4  73  2  14.75
5  73  2  11.04
6  73  2  39.52
7  73  2  29.44
8  73  2  41.4
9  73  2  15.17
10  73  2  42.48
1  74  2  17.98
2  74  2  44.55
3  74  2  26.4
4  74  2  10.03
5  74  2  28.06
6  74  2  32.24
7  74  2  40.94
8  74  2  17.48
9  74  2  23.78
10  74  2  39.53
1  75  2  21.46
2  75  2  47.85
3  75  2  17.6
4  75  2  36.58
5  75  2  5.06
6  75  2  8.84
7  75  2  30.36
8  75  2  22.54
9  75  2  18.04
10  75  2  12.98
1  76  2  24.36
2  76  2  17.05
3  76  2  39.05
4  76  2  20.65
5  76  2  18.4
6  76  2  24.96
7  76  2  14.26
8  76  2  12.88
9  76  2  21.32
10  76  2  8.85
1  77  2  13.92
2  77  2  8.8
3  77  2  26.4
4  77  2  37.76
5  77  2  31.74
6  77  2  9.88
7  77  2  5.52
8  77  2  11.5
9  77  2  9.84
10  77  2  35.99
1  78  2  33.64
2  78  2  36.3
3  78  2  28.6
4  78  2  48.38
5  78  2  12.88
6  78  2  15.6
7  78  2  17.02
8  78  2  40.02
9  78  2  20.09
10  78  2  12.98
1  79  2  8.12
2  79  2  41.25
3  79  2  31.35
4  79  2  38.94
5  79  2  38.64
6  79  2  45.24
7  79  2  14.72
8  79  2  39.56
9  79  2  15.17
10  79  2  6.49
1  80  2  46.98
2  80  2  38.5
3  80  2  23.1
4  80  2  12.39
5  80  2  23
6  80  2  9.36
7  80  2  21.16
8  80  2  34.04
9  80  2  16.4
10  80  2  25.37
1  81  2  16.82
2  81  2  15.4
3  81  2  47.85
4  81  2  51.33
5  81  2  35.42
6  81  2  21.84
7  81  2  13.8
8  81  2  40.94
9  81  2  20.91
10  81  2  40.71
1  82  2  41.76
2  82  2  15.95
3  82  2  9.9
4  82  2  52.51
5  82  2  28.98
6  82  2  37.96
7  82  2  23
8  82  2  37.72
9  82  2  6.56
10  82  2  38.94
1  83  2  20.3
2  83  2  11
3  83  2  8.8
4  83  2  23.6
5  83  2  37.26
6  83  2  44.72
7  83  2  19.78
8  83  2  17.02
9  83  2  34.03
10  83  2  11.8
1  84  2  42.34
2  84  2  30.25
3  84  2  46.75
4  84  2  24.78
5  84  2  13.8
6  84  2  42.64
7  84  2  17.94
8  84  2  15.18
9  84  2  6.97
10  84  2  24.78
1  85  2  19.14
2  85  2  44.55
3  85  2  23.65
4  85  2  53.1
5  85  2  28.52
6  85  2  6.24
7  85  2  40.94
8  85  2  21.16
9  85  2  18.45
10  85  2  37.17
1  86  2  42.34
2  86  2  13.75
3  86  2  40.7
4  86  2  17.7
5  86  2  18.86
6  86  2  6.24
7  86  2  26.22
8  86  2  11.5
9  86  2  35.67
10  86  2  12.98
1  87  2  20.3
2  87  2  13.2
3  87  2  26.4
4  87  2  22.42
5  87  2  31.74
6  87  2  43.68
7  87  2  21.62
8  87  2  38.18
9  87  2  8.61
10  87  2  17.11
1  88  2  14.5
2  88  2  24.75
3  88  2  14.3
4  88  2  37.17
5  88  2  18.86
6  88  2  20.8
7  88  2  34.04
8  88  2  18.4
9  88  2  29.11
10  88  2  21.83
1  89  2  27.84
2  89  2  7.7
3  89  2  20.35
4  89  2  31.86
5  89  2  40.02
6  89  2  45.76
7  89  2  16.56
8  89  2  30.82
9  89  2  34.03
10  89  2  25.96
1  90  2  41.76
2  90  2  29.15
3  90  2  13.2
4  90  2  41.3
5  90  2  17.48
6  90  2  28.6
7  90  2  37.72
8  90  2  4.6
9  90  2  26.24
10  90  2  25.96
1  91  2  40.02
2  91  2  10.45
3  91  2  6.6
4  91  2  31.27
5  91  2  19.32
6  91  2  27.56
7  91  2  17.48
8  91  2  7.36
9  91  2  28.7
10  91  2  16.52
1  92  2  21.46
2  92  2  34.65
3  92  2  47.3
4  92  2  22.42
5  92  2  5.98
6  92  2  21.84
7  92  2  27.14
8  92  2  24.38
9  92  2  22.96
10  92  2  48.97
1  93  2  5.8
2  93  2  21.45
3  93  2  33
4  93  2  17.11
5  93  2  14.72
6  93  2  14.56
7  93  2  11.96
8  93  2  18.86
9  93  2  32.39
10  93  2  40.71
1  94  2  40.02
2  94  2  7.7
3  94  2  21.45
4  94  2  24.19
5  94  2  28.52
6  94  2  10.4
7  94  2  29.44
8  94  2  22.54
9  94  2  32.8
10  94  2  22.42
1  95  2  51.62
2  95  2  6.6
3  95  2  25.85
4  95  2  41.89
5  95  2  31.74
6  95  2  17.16
7  95  2  27.6
8  95  2  5.52
9  95  2  15.58
10  95  2  13.57
1  96  2  17.4
2  96  2  33
3  96  2  47.3
4  96  2  12.98
5  96  2  5.98
6  96  2  36.4
7  96  2  26.22
8  96  2  17.02
9  96  2  32.8
10  96  2  30.68
1  97  2  25.52
2  97  2  36.3
3  97  2  25.3
4  97  2  46.61
5  97  2  28.52
6  97  2  30.16
7  97  2  33.58
8  97  2  5.52
9  97  2  31.57
10  97  2  44.25
1  98  2  16.82
2  98  2  17.05
3  98  2  47.3
4  98  2  30.68
5  98  2  41.4
6  98  2  5.72
7  98  2  22.54
8  98  2  7.82
9  98  2  6.97
10  98  2  33.63
1  99  2  9.28
2  99  2  25.3
3  99  2  48.4
4  99  2  33.04
5  99  2  32.66
6  99  2  32.76
7  99  2  9.2
8  99  2  23.46
9  99  2  35.67
10  99  2  50.15
1  100  2  26.1
2  100  2  6.6
3  100  2  19.25
4  100  2  43.07
5  100  2  16.56
6  100  2  23.4
7  100  2  8.28
8  100  2  12.42
9  100  2  15.58
10  100  2  14.75
1  101  2  43.5
2  101  2  29.7
3  101  2  17.05
4  101  2  31.27
5  101  2  14.26
6  101  2  40.04
7  101  2  30.36
8  101  2  37.72
9  101  2  6.56
10  101  2  11.21
1  102  2  16.82
2  102  2  45.65
3  102  2  10.45
4  102  2  44.25
5  102  2  10.58
6  102  2  45.76
7  102  2  27.14
8  102  2  16.56
9  102  2  9.43
10  102  2  12.39
1  103  2  6.96
2  103  2  42.35
3  103  2  22
4  103  2  5.9
5  103  2  19.32
6  103  2  33.8
7  103  2  21.62
8  103  2  34.96
9  103  2  28.7
10  103  2  49.56
1  104  2  37.7
2  104  2  12.65
3  104  2  25.85
4  104  2  39.53
5  104  2  21.62
6  104  2  37.96
7  104  2  11.96
8  104  2  13.8
9  104  2  5.33
10  104  2  21.83
1  105  2  34.22
2  105  2  28.05
3  105  2  37.4
4  105  2  35.4
5  105  2  38.64
6  105  2  44.2
7  105  2  5.06
8  105  2  37.26
9  105  2  30.34
10  105  2  26.55
1  106  2  5.8
2  106  2  41.25
3  106  2  14.3
4  106  2  48.97
5  106  2  27.14
6  106  2  42.64
7  106  2  17.48
8  106  2  26.68
9  106  2  14.35
10  106  2  9.44
1  107  2  9.86
2  107  2  46.2
3  107  2  28.05
4  107  2  37.17
5  107  2  6.9
6  107  2  9.36
7  107  2  9.2
8  107  2  39.1
9  107  2  18.86
10  107  2  32.45
1  108  2  47.56
2  108  2  37.95
3  108  2  22
4  108  2  47.79
5  108  2  24.38
6  108  2  9.36
7  108  2  18.4
8  108  2  33.12
9  108  2  13.94
10  108  2  41.89
1  109  2  40.02
2  109  2  10.45
3  109  2  7.15
4  109  2  45.43
5  109  2  34.96
6  109  2  15.6
7  109  2  16.56
8  109  2  28.06
9  109  2  31.16
10  109  2  15.93
1  110  2  43.5
2  110  2  19.8
3  110  2  6.6
4  110  2  26.55
5  110  2  22.08
6  110  2  5.2
7  110  2  19.78
8  110  2  27.6
9  110  2  17.22
10  110  2  43.66
1  111  2  9.86
2  111  2  19.25
3  111  2  6.05
4  111  2  46.61
5  111  2  28.52
6  111  2  18.72
7  111  2  23.92
8  111  2  33.58
9  111  2  11.89
10  111  2  25.96
1  112  2  48.14
2  112  2  12.1
3  112  2  17.6
4  112  2  43.07
5  112  2  22.54
6  112  2  9.88
7  112  2  36.34
8  112  2  39.1
9  112  2  25.83
10  112  2  36.58
1  113  2  51.04
2  113  2  18.7
3  113  2  23.65
4  113  2  40.71
5  113  2  24.38
6  113  2  22.36
7  113  2  35.88
8  113  2  27.14
9  113  2  13.12
10  113  2  9.44
1  114  2  37.12
2  114  2  41.8
3  114  2  8.8
4  114  2  39.53
5  114  2  37.26
6  114  2  24.96
7  114  2  17.02
8  114  2  32.2
9  114  2  8.61
10  114  2  10.62
1  115  2  46.4
2  115  2  11
3  115  2  37.4
4  115  2  37.17
5  115  2  34.5
6  115  2  33.28
7  115  2  12.42
8  115  2  10.12
9  115  2  28.29
10  115  2  37.76
1  116  2  13.92
2  116  2  6.6
3  116  2  45.65
4  116  2  28.91
5  116  2  40.48
6  116  2  28.08
7  116  2  7.82
8  116  2  40.48
9  116  2  21.73
10  116  2  22.42
1  117  2  29.58
2  117  2  39.05
3  117  2  22.55
4  117  2  51.33
5  117  2  25.3
6  117  2  23.4
7  117  2  17.48
8  117  2  27.6
9  117  2  8.2
10  117  2  40.12
1  118  2  20.88
2  118  2  8.8
3  118  2  17.6
4  118  2  21.24
5  118  2  8.28
6  118  2  8.84
7  118  2  14.72
8  118  2  33.58
9  118  2  10.66
10  118  2  28.91
1  119  2  48.14
2  119  2  41.8
3  119  2  34.65
4  119  2  27.14
5  119  2  28.98
6  119  2  38.48
7  119  2  27.6
8  119  2  6.44
9  119  2  19.68
10  119  2  7.08
1  120  2  7.54
2  120  2  33.55
3  120  2  33.55
4  120  2  15.34
5  120  2  17.02
6  120  2  16.64
7  120  2  14.26
8  120  2  17.94
9  120  2  22.14
10  120  2  24.19
1  121  2  19.72
2  121  2  33.55
3  121  2  21.45
4  121  2  34.81
5  121  2  20.7
6  121  2  43.68
7  121  2  37.72
8  121  2  39.1
9  121  2  22.96
10  121  2  10.62
1  122  2  18.56
2  122  2  9.9
3  122  2  41.25
4  122  2  11.21
5  122  2  25.76
6  122  2  45.76
7  122  2  33.12
8  122  2  35.42
9  122  2  13.12
10  122  2  27.73
1  123  2  29
2  123  2  6.05
3  123  2  41.25
4  123  2  40.71
5  123  2  21.16
6  123  2  37.96
7  123  2  38.18
8  123  2  17.48
9  123  2  28.29
10  123  2  11.8
1  124  2  19.72
2  124  2  35.2
3  124  2  16.5
4  124  2  52.51
5  124  2  40.02
6  124  2  34.32
7  124  2  21.62
8  124  2  20.24
9  124  2  4.1
10  124  2  52.51
1  125  2  37.7
2  125  2  25.85
3  125  2  22
4  125  2  12.98
5  125  2  20.7
6  125  2  26.52
7  125  2  34.5
8  125  2  20.7
9  125  2  28.7
10  125  2  30.68
1  126  2  22.04
2  126  2  29.15
3  126  2  12.65
4  126  2  31.27
5  126  2  7.82
6  126  2  20.8
7  126  2  41.4
8  126  2  19.32
9  126  2  19.68
10  126  2  33.04
1  127  2  34.22
2  127  2  35.75
3  127  2  17.6
4  127  2  40.12
5  127  2  12.42
6  127  2  41.6
7  127  2  29.44
8  127  2  11.5
9  127  2  11.89
10  127  2  47.2
1  128  2  29.58
2  128  2  22.55
3  128  2  31.35
4  128  2  50.74
5  128  2  31.28
6  128  2  9.36
7  128  2  23.92
8  128  2  25.76
9  128  2  32.39
10  128  2  33.63
1  129  2  13.92
2  129  2  6.05
3  129  2  22.55
4  129  2  25.37
5  129  2  18.4
6  129  2  13.52
7  129  2  15.64
8  129  2  8.74
9  129  2  34.03
10  129  2  37.17
1  130  2  9.86
2  130  2  13.75
3  130  2  14.85
4  130  2  24.78
5  130  2  40.02
6  130  2  38.48
7  130  2  25.76
8  130  2  5.98
9  130  2  32.39
10  130  2  11.8
1  131  2  43.5
2  131  2  14.3
3  131  2  37.95
4  131  2  18.88
5  131  2  11.96
6  131  2  21.84
7  131  2  17.94
8  131  2  9.66
9  131  2  18.04
10  131  2  24.78
1  132  2  22.62
2  132  2  12.1
3  132  2  45.1
4  132  2  23.6
5  132  2  23.92
6  132  2  31.72
7  132  2  4.6
8  132  2  9.2
9  132  2  34.03
10  132  2  20.65
1  133  2  8.12
2  133  2  5.5
3  133  2  44.55
4  133  2  11.21
5  133  2  28.98
6  133  2  42.12
7  133  2  7.36
8  133  2  13.8
9  133  2  12.71
10  133  2  44.84
1  134  2  48.72
2  134  2  18.7
3  134  2  48.4
4  134  2  52.51
5  134  2  20.7
6  134  2  19.76
7  134  2  34.04
8  134  2  18.4
9  134  2  34.44
10  134  2  43.07
1  135  2  27.84
2  135  2  8.8
3  135  2  34.1
4  135  2  23.01
5  135  2  11.04
6  135  2  43.16
7  135  2  9.2
8  135  2  26.22
9  135  2  9.84
10  135  2  12.98
1  136  2  44.08
2  136  2  40.15
3  136  2  8.8
4  136  2  21.24
5  136  2  32.2
6  136  2  39.52
7  136  2  35.42
8  136  2  18.86
9  136  2  26.65
10  136  2  26.55
1  137  2  33.06
2  137  2  39.05
3  137  2  40.15
4  137  2  15.34
5  137  2  22.54
6  137  2  43.16
7  137  2  40.48
8  137  2  36.8
9  137  2  7.38
10  137  2  7.67
1  138  2  37.12
2  138  2  47.3
3  138  2  41.25
4  138  2  33.63
5  138  2  36.34
6  138  2  31.2
7  138  2  34.96
8  138  2  37.72
9  138  2  30.34
10  138  2  24.78
1  139  2  37.12
2  139  2  40.7
3  139  2  47.85
4  139  2  18.29
5  139  2  9.2
6  139  2  40.04
7  139  2  40.48
8  139  2  40.48
9  139  2  9.84
10  139  2  42.48
1  140  2  7.54
2  140  2  25.3
3  140  2  16.5
4  140  2  34.22
5  140  2  27.6
6  140  2  13.52
7  140  2  27.14
8  140  2  5.52
9  140  2  11.89
10  140  2  46.02
1  141  2  11.6
2  141  2  47.85
3  141  2  38.5
4  141  2  24.19
5  141  2  10.58
6  141  2  17.16
7  141  2  24.84
8  141  2  40.02
9  141  2  4.92
10  141  2  21.83
1  142  2  11.02
2  142  2  34.1
3  142  2  37.95
4  142  2  5.9
5  142  2  41.4
6  142  2  8.84
7  142  2  30.36
8  142  2  40.02
9  142  2  31.98
10  142  2  18.88
1  143  2  20.88
2  143  2  37.95
3  143  2  21.45
4  143  2  47.2
5  143  2  20.24
6  143  2  34.84
7  143  2  17.02
8  143  2  23
9  143  2  14.76
10  143  2  34.22
1  144  2  29.58
2  144  2  36.3
3  144  2  33.55
4  144  2  53.1
5  144  2  5.98
6  144  2  44.72
7  144  2  11.5
8  144  2  20.24
9  144  2  11.07
10  144  2  11.21
1  145  2  49.3
2  145  2  9.35
3  145  2  17.05
4  145  2  17.7
5  145  2  36.34
6  145  2  23.4
7  145  2  10.12
8  145  2  6.44
9  145  2  12.3
10  145  2  8.26
1  146  2  33.64
2  146  2  11
3  146  2  44
4  146  2  23.01
5  146  2  23.46
6  146  2  15.08
7  146  2  24.38
8  146  2  32.2
9  146  2  6.56
10  146  2  7.67
1  147  2  9.28
2  147  2  29.15
3  147  2  36.3
4  147  2  43.07
5  147  2  24.38
6  147  2  26
7  147  2  32.66
8  147  2  22.08
9  147  2  12.3
10  147  2  42.48
1  148  2  41.18
2  148  2  26.95
3  148  2  41.8
4  148  2  12.39
5  148  2  34.5
6  148  2  41.6
7  148  2  7.36
8  148  2  5.52
9  148  2  15.58
10  148  2  14.75
1  149  2  37.7
2  149  2  31.9
3  149  2  20.35
4  149  2  40.12
5  149  2  24.84
6  149  2  25.48
7  149  2  10.12
8  149  2  34.04
9  149  2  16.4
10  149  2  31.86
1  150  2  38.86
2  150  2  10.45
3  150  2  25.3
4  150  2  28.32
5  150  2  7.82
6  150  2  16.12
7  150  2  22.08
8  150  2  19.78
9  150  2  30.34
10  150  2  41.3
1  151  2  12.18
2  151  2  48.95
3  151  2  6.05
4  151  2  6.49
5  151  2  33.58
6  151  2  23.4
7  151  2  31.28
8  151  2  36.8
9  151  2  19.68
10  151  2  9.44
1  152  2  16.82
2  152  2  41.25
3  152  2  23.65
4  152  2  19.47
5  152  2  19.32
6  152  2  33.28
7  152  2  5.06
8  152  2  12.88
9  152  2  16.4
10  152  2  16.52
1  153  2  46.98
2  153  2  31.9
3  153  2  38.5
4  153  2  8.85
5  153  2  20.24
6  153  2  43.16
7  153  2  27.6
8  153  2  24.38
9  153  2  9.84
10  153  2  28.32
1  154  2  49.88
2  154  2  34.65
3  154  2  34.1
4  154  2  25.37
5  154  2  19.32
6  154  2  40.04
7  154  2  28.52
8  154  2  24.38
9  154  2  13.94
10  154  2  18.29
1  155  2  6.38
2  155  2  8.8
3  155  2  12.65
4  155  2  39.53
5  155  2  31.74
6  155  2  8.84
7  155  2  9.66
8  155  2  11.04
9  155  2  8.61
10  155  2  46.02
1  156  2  22.04
2  156  2  33.55
3  156  2  37.4
4  156  2  43.66
5  156  2  27.14
6  156  2  8.32
7  156  2  9.2
8  156  2  9.66
9  156  2  31.98
10  156  2  27.14
1  157  2  44.08
2  157  2  7.7
3  157  2  31.35
4  157  2  22.42
5  157  2  30.36
6  157  2  37.96
7  157  2  5.98
8  157  2  9.2
9  157  2  32.39
10  157  2  17.11
1  158  2  21.46
2  158  2  47.3
3  158  2  22.55
4  158  2  27.73
5  158  2  32.2
6  158  2  13
7  158  2  26.22
8  158  2  37.26
9  158  2  36.9
10  158  2  12.98
1  159  2  19.14
2  159  2  9.35
3  159  2  14.85
4  159  2  21.24
5  159  2  13.34
6  159  2  9.36
7  159  2  7.82
8  159  2  7.36
9  159  2  9.02
10  159  2  43.07
1  160  2  52.2
2  160  2  29.7
3  160  2  7.7
4  160  2  45.43
5  160  2  28.98
6  160  2  29.64
7  160  2  34.96
8  160  2  30.82
9  160  2  25.42
10  160  2  8.26
1  161  2  40.02
2  161  2  20.35
3  161  2  11
4  161  2  27.73
5  161  2  33.12
6  161  2  42.12
7  161  2  5.52
8  161  2  6.9
9  161  2  26.24
10  161  2  44.25
1  162  2  31.32
2  162  2  39.6
3  162  2  27.5
4  162  2  21.24
5  162  2  35.42
6  162  2  21.32
7  162  2  28.06
8  162  2  22.54
9  162  2  29.11
10  162  2  40.71
1  163  2  16.82
2  163  2  47.3
3  163  2  25.3
4  163  2  27.73
5  163  2  20.24
6  163  2  8.84
7  163  2  35.88
8  163  2  37.72
9  163  2  25.83
10  163  2  42.48
1  164  2  24.36
2  164  2  19.8
3  164  2  31.35
4  164  2  51.92
5  164  2  12.88
6  164  2  19.76
7  164  2  12.88
8  164  2  12.88
9  164  2  6.56
10  164  2  51.92
1  165  2  23.78
2  165  2  36.3
3  165  2  12.1
4  165  2  24.78
5  165  2  20.24
6  165  2  44.2
7  165  2  28.52
8  165  2  36.8
9  165  2  6.97
10  165  2  12.39
1  166  2  45.24
2  166  2  23.1
3  166  2  13.75
4  166  2  8.85
5  166  2  26.22
6  166  2  6.76
7  166  2  20.24
8  166  2  14.72
9  166  2  11.07
10  166  2  50.74
1  167  2  31.32
2  167  2  18.7
3  167  2  13.2
4  167  2  7.67
5  167  2  22.54
6  167  2  32.24
7  167  2  10.58
8  167  2  23.92
9  167  2  18.45
10  167  2  16.52
1  168  2  12.18
2  168  2  31.9
3  168  2  41.25
4  168  2  25.37
5  168  2  35.88
6  168  2  45.76
7  168  2  40.02
8  168  2  11.04
9  168  2  19.27
10  168  2  23.6
1  169  2  28.42
2  169  2  8.25
3  169  2  36.85
4  169  2  24.78
5  169  2  37.72
6  169  2  17.68
7  169  2  28.52
8  169  2  37.72
9  169  2  22.55
10  169  2  11.21
1  170  2  31.9
2  170  2  46.75
3  170  2  18.15
4  170  2  25.96
5  170  2  37.72
6  170  2  46.8
7  170  2  27.14
8  170  2  5.52
9  170  2  27.88
10  170  2  40.12
1  171  2  45.82
2  171  2  48.95
3  171  2  37.4
4  171  2  46.02
5  171  2  17.02
6  171  2  41.6
7  171  2  19.78
8  171  2  38.18
9  171  2  11.48
10  171  2  23.01
1  172  2  51.04
2  172  2  6.6
3  172  2  42.9
4  172  2  44.84
5  172  2  40.48
6  172  2  7.28
7  172  2  31.28
8  172  2  20.24
9  172  2  24.6
10  172  2  28.91
1  173  2  31.9
2  173  2  39.6
3  173  2  6.05
4  173  2  42.48
5  173  2  17.02
6  173  2  10.92
7  173  2  15.64
8  173  2  33.12
9  173  2  24.19
10  173  2  37.17
1  174  2  45.82
2  174  2  33.55
3  174  2  40.7
4  174  2  46.02
5  174  2  33.12
6  174  2  29.12
7  174  2  36.34
8  174  2  23.92
9  174  2  6.56
10  174  2  34.22
1  175  2  28.42
2  175  2  24.75
3  175  2  20.35
4  175  2  46.61
5  175  2  38.64
6  175  2  32.76
7  175  2  36.34
8  175  2  20.24
9  175  2  27.88
10  175  2  24.78
1  176  2  9.86
2  176  2  17.05
3  176  2  9.9
4  176  2  34.22
5  176  2  5.98
6  176  2  36.4
7  176  2  11.5
8  176  2  17.94
9  176  2  6.97
10  176  2  11.21
1  177  2  16.24
2  177  2  31.35
3  177  2  26.95
4  177  2  47.79
5  177  2  12.88
6  177  2  38.48
7  177  2  24.38
8  177  2  9.2
9  177  2  27.47
10  177  2  21.83
1  178  2  51.04
2  178  2  11.55
3  178  2  40.15
4  178  2  27.14
5  178  2  29.9
6  178  2  17.68
7  178  2  12.42
8  178  2  19.32
9  178  2  32.8
10  178  2  19.47
1  179  2  27.84
2  179  2  44
3  179  2  27.5
4  179  2  21.83
5  179  2  10.58
6  179  2  14.56
7  179  2  22.54
8  179  2  33.12
9  179  2  13.94
10  179  2  50.74
1  180  2  8.7
2  180  2  46.2
3  180  2  32.45
4  180  2  45.43
5  180  2  18.4
6  180  2  43.68
7  180  2  18.4
8  180  2  33.58
9  180  2  25.01
10  180  2  21.24
1  181  2  8.12
2  181  2  42.35
3  181  2  22
4  181  2  33.04
5  181  2  26.68
6  181  2  29.64
7  181  2  5.52
8  181  2  28.98
9  181  2  35.67
10  181  2  11.21
1  182  2  35.96
2  182  2  35.75
3  182  2  42.35
4  182  2  21.24
5  182  2  32.66
6  182  2  17.68
7  182  2  13.8
8  182  2  40.94
9  182  2  36.9
10  182  2  22.42
1  183  2  33.06
2  183  2  36.85
3  183  2  14.3
4  183  2  30.09
5  183  2  36.34
6  183  2  37.96
7  183  2  26.22
8  183  2  29.44
9  183  2  35.26
10  183  2  43.66
1  184  2  28.42
2  184  2  27.5
3  184  2  18.7
4  184  2  41.89
5  184  2  9.66
6  184  2  41.6
7  184  2  5.52
8  184  2  32.66
9  184  2  30.34
10  184  2  38.35
1  185  2  9.28
2  185  2  5.5
3  185  2  17.6
4  185  2  34.22
5  185  2  40.02
6  185  2  17.68
7  185  2  11.04
8  185  2  5.06
9  185  2  32.39
10  185  2  6.49
1  186  2  41.76
2  186  2  22
3  186  2  37.95
4  186  2  28.32
5  186  2  38.18
6  186  2  37.44
7  186  2  26.68
8  186  2  7.36
9  186  2  13.12
10  186  2  49.56
1  187  2  30.74
2  187  2  36.85
3  187  2  25.85
4  187  2  40.71
5  187  2  37.72
6  187  2  37.44
7  187  2  28.52
8  187  2  22.54
9  187  2  8.61
10  187  2  25.37
1  188  2  34.8
2  188  2  49.5
3  188  2  34.1
4  188  2  48.38
5  188  2  10.12
6  188  2  33.8
7  188  2  25.76
8  188  2  12.88
9  188  2  5.74
10  188  2  32.45
1  189  2  27.26
2  189  2  13.2
3  189  2  25.3
4  189  2  17.7
5  189  2  25.3
6  189  2  6.24
7  189  2  38.18
8  189  2  6.9
9  189  2  22.55
10  189  2  13.57
1  190  2  15.66
2  190  2  37.95
3  190  2  20.9
4  190  2  28.32
5  190  2  19.32
6  190  2  37.44
7  190  2  11.96
8  190  2  35.88
9  190  2  12.3
10  190  2  21.83
1  191  2  22.62
2  191  2  13.75
3  191  2  44
4  191  2  21.24
5  191  2  14.72
6  191  2  29.12
7  191  2  36.34
8  191  2  13.8
9  191  2  20.5
10  191  2  21.83
1  192  2  17.4
2  192  2  48.95
3  192  2  41.25
4  192  2  49.56
5  192  2  37.72
6  192  2  19.76
7  192  2  4.6
8  192  2  31.74
9  192  2  27.88
10  192  2  43.66
1  193  2  49.88
2  193  2  39.6
3  193  2  20.9
4  193  2  43.66
5  193  2  9.66
6  193  2  21.84
7  193  2  17.02
8  193  2  26.22
9  193  2  32.8
10  193  2  47.79
1  194  2  16.24
2  194  2  9.9
3  194  2  19.8
4  194  2  44.25
5  194  2  26.68
6  194  2  6.24
7  194  2  6.9
8  194  2  27.6
9  194  2  32.8
10  194  2  42.48
1  195  2  13.92
2  195  2  45.1
3  195  2  20.35
4  195  2  22.42
5  195  2  23
6  195  2  25.48
7  195  2  16.56
8  195  2  34.04
9  195  2  8.2
10  195  2  14.16
1  196  2  44.08
2  196  2  28.6
3  196  2  15.4
4  196  2  18.29
5  196  2  20.24
6  196  2  33.8
7  196  2  36.8
8  196  2  31.74
9  196  2  26.65
10  196  2  35.4
1  197  2  40.02
2  197  2  22
3  197  2  41.25
4  197  2  8.26
5  197  2  6.44
6  197  2  8.32
7  197  2  14.26
8  197  2  30.82
9  197  2  34.85
10  197  2  28.32
1  198  2  5.8
2  198  2  41.25
3  198  2  21.45
4  198  2  23.01
5  198  2  32.66
6  198  2  16.12
7  198  2  22.08
8  198  2  28.06
9  198  2  30.34
10  198  2  10.62
1  199  2  15.66
2  199  2  41.25
3  199  2  35.2
4  199  2  24.19
5  199  2  8.28
6  199  2  40.04
7  199  2  27.6
8  199  2  34.96
9  199  2  6.97
10  199  2  28.91
1  200  2  41.76
2  200  2  37.95
3  200  2  37.95
4  200  2  51.92
5  200  2  13.8
6  200  2  33.28
7  200  2  19.32
8  200  2  30.36
9  200  2  18.04
10  200  2  10.03
;

param xi_base :=
1  1  57
2  1  34
3  1  88
4  1  25
5  1  89
6  1  68
7  1  38
8  1  10
9  1  36
10  1  63
1  2  17
2  2  80
3  2  46
4  2  20
5  2  66
6  2  55
7  2  78
8  2  82
9  2  66
10  2  53
1  3  53
2  3  89
3  3  38
4  3  39
5  3  52
6  3  44
7  3  81
8  3  21
9  3  29
10  3  22
1  4  46
2  4  72
3  4  39
4  4  18
5  4  37
6  4  21
7  4  17
8  4  82
9  4  33
10  4  14
1  5  13
2  5  69
3  5  14
4  5  85
5  5  27
6  5  34
7  5  46
8  5  67
9  5  27
10  5  30
1  6  44
2  6  76
3  6  15
4  6  88
5  6  49
6  6  61
7  6  88
8  6  41
9  6  34
10  6  60
1  7  42
2  7  23
3  7  80
4  7  73
5  7  60
6  7  73
7  7  26
8  7  31
9  7  51
10  7  23
1  8  17
2  8  75
3  8  28
4  8  23
5  8  27
6  8  21
7  8  74
8  8  52
9  8  76
10  8  31
1  9  18
2  9  20
3  9  48
4  9  40
5  9  32
6  9  76
7  9  21
8  9  25
9  9  49
10  9  50
1  10  15
2  10  56
3  10  85
4  10  42
5  10  68
6  10  51
7  10  18
8  10  57
9  10  45
10  10  48
1  11  15
2  11  54
3  11  14
4  11  85
5  11  51
6  11  46
7  11  53
8  11  16
9  11  75
10  11  90
1  12  45
2  12  80
3  12  36
4  12  17
5  12  42
6  12  74
7  12  70
8  12  29
9  12  25
10  12  11
1  13  68
2  13  43
3  13  24
4  13  85
5  13  26
6  13  28
7  13  74
8  13  65
9  13  74
10  13  40
1  14  46
2  14  82
3  14  16
4  14  69
5  14  54
6  14  49
7  14  22
8  14  32
9  14  59
10  14  81
1  15  66
2  15  58
3  15  86
4  15  39
5  15  63
6  15  77
7  15  38
8  15  73
9  15  18
10  15  17
1  16  81
2  16  33
3  16  14
4  16  17
5  16  17
6  16  73
7  16  15
8  16  77
9  16  33
10  16  26
1  17  49
2  17  20
3  17  86
4  17  28
5  17  61
6  17  58
7  17  79
8  17  85
9  17  22
10  17  43
1  18  58
2  18  30
3  18  82
4  18  69
5  18  85
6  18  41
7  18  22
8  18  63
9  18  30
10  18  62
1  19  78
2  19  45
3  19  10
4  19  32
5  19  41
6  19  61
7  19  11
8  19  19
9  19  83
10  19  89
1  20  10
2  20  50
3  20  36
4  20  38
5  20  75
6  20  67
7  20  75
8  20  23
9  20  17
10  20  32
1  21  87
2  21  90
3  21  60
4  21  33
5  21  10
6  21  27
7  21  19
8  21  83
9  21  83
10  21  16
1  22  60
2  22  35
3  22  63
4  22  84
5  22  70
6  22  41
7  22  37
8  22  52
9  22  32
10  22  44
1  23  23
2  23  73
3  23  18
4  23  51
5  23  19
6  23  45
7  23  68
8  23  20
9  23  36
10  23  40
1  24  23
2  24  39
3  24  27
4  24  44
5  24  34
6  24  67
7  24  24
8  24  35
9  24  33
10  24  40
1  25  16
2  25  53
3  25  64
4  25  64
5  25  51
6  25  71
7  25  29
8  25  14
9  25  27
10  25  85
1  26  73
2  26  13
3  26  44
4  26  48
5  26  29
6  26  62
7  26  34
8  26  28
9  26  11
10  26  24
1  27  55
2  27  57
3  27  74
4  27  87
5  27  38
6  27  41
7  27  29
8  27  12
9  27  32
10  27  50
1  28  33
2  28  61
3  28  13
4  28  64
5  28  14
6  28  57
7  28  57
8  28  38
9  28  87
10  28  44
1  29  50
2  29  88
3  29  38
4  29  72
5  29  27
6  29  73
7  29  27
8  29  58
9  29  90
10  29  34
1  30  42
2  30  18
3  30  63
4  30  90
5  30  21
6  30  16
7  30  87
8  30  31
9  30  71
10  30  46
1  31  21
2  31  27
3  31  32
4  31  28
5  31  77
6  31  29
7  31  45
8  31  32
9  31  27
10  31  70
1  32  67
2  32  77
3  32  41
4  32  14
5  32  42
6  32  74
7  32  66
8  32  22
9  32  66
10  32  71
1  33  88
2  33  36
3  33  39
4  33  32
5  33  63
6  33  60
7  33  13
8  33  71
9  33  45
10  33  61
1  34  74
2  34  36
3  34  60
4  34  19
5  34  85
6  34  74
7  34  63
8  34  13
9  34  88
10  34  47
1  35  54
2  35  54
3  35  53
4  35  77
5  35  34
6  35  81
7  35  33
8  35  26
9  35  70
10  35  35
1  36  84
2  36  40
3  36  57
4  36  61
5  36  59
6  36  73
7  36  14
8  36  38
9  36  36
10  36  83
1  37  14
2  37  24
3  37  32
4  37  61
5  37  88
6  37  77
7  37  46
8  37  55
9  37  50
10  37  40
1  38  65
2  38  37
3  38  35
4  38  32
5  38  18
6  38  13
7  38  32
8  38  19
9  38  75
10  38  32
1  39  11
2  39  63
3  39  77
4  39  88
5  39  81
6  39  49
7  39  26
8  39  86
9  39  20
10  39  10
1  40  59
2  40  56
3  40  49
4  40  87
5  40  81
6  40  51
7  40  49
8  40  22
9  40  20
10  40  37
1  41  69
2  41  56
3  41  86
4  41  28
5  41  59
6  41  12
7  41  40
8  41  80
9  41  35
10  41  80
1  42  50
2  42  51
3  42  23
4  42  18
5  42  26
6  42  15
7  42  85
8  42  23
9  42  89
10  42  43
1  43  56
2  43  33
3  43  37
4  43  79
5  43  17
6  43  69
7  43  39
8  43  54
9  43  70
10  43  16
1  44  23
2  44  40
3  44  37
4  44  18
5  44  60
6  44  32
7  44  40
8  44  12
9  44  81
10  44  86
1  45  13
2  45  61
3  45  22
4  45  80
5  45  83
6  45  60
7  45  75
8  45  51
9  45  22
10  45  88
1  46  52
2  46  51
3  46  42
4  46  66
5  46  51
6  46  28
7  46  54
8  46  56
9  46  74
10  46  60
1  47  32
2  47  72
3  47  49
4  47  62
5  47  48
6  47  87
7  47  53
8  47  41
9  47  64
10  47  83
1  48  82
2  48  52
3  48  51
4  48  47
5  48  76
6  48  89
7  48  75
8  48  88
9  48  46
10  48  54
1  49  81
2  49  36
3  49  39
4  49  79
5  49  23
6  49  56
7  49  15
8  49  69
9  49  75
10  49  67
1  50  16
2  50  44
3  50  28
4  50  59
5  50  78
6  50  76
7  50  11
8  50  89
9  50  36
10  50  33
1  51  18
2  51  55
3  51  26
4  51  86
5  51  48
6  51  77
7  51  14
8  51  21
9  51  86
10  51  46
1  52  24
2  52  20
3  52  86
4  52  74
5  52  28
6  52  85
7  52  47
8  52  58
9  52  25
10  52  50
1  53  77
2  53  22
3  53  86
4  53  44
5  53  45
6  53  13
7  53  33
8  53  84
9  53  79
10  53  78
1  54  87
2  54  66
3  54  17
4  54  26
5  54  44
6  54  35
7  54  82
8  54  26
9  54  82
10  54  64
1  55  89
2  55  21
3  55  60
4  55  26
5  55  57
6  55  33
7  55  68
8  55  56
9  55  90
10  55  10
1  56  90
2  56  20
3  56  29
4  56  59
5  56  66
6  56  56
7  56  54
8  56  53
9  56  57
10  56  41
1  57  53
2  57  77
3  57  44
4  57  84
5  57  70
6  57  57
7  57  22
8  57  35
9  57  35
10  57  32
1  58  70
2  58  24
3  58  59
4  58  55
5  58  84
6  58  47
7  58  10
8  58  51
9  58  18
10  58  22
1  59  33
2  59  74
3  59  29
4  59  61
5  59  16
6  59  11
7  59  56
8  59  50
9  59  47
10  59  27
1  60  27
2  60  59
3  60  85
4  60  37
5  60  44
6  60  26
7  60  69
8  60  68
9  60  26
10  60  56
1  61  81
2  61  89
3  61  34
4  61  19
5  61  23
6  61  73
7  61  10
8  61  50
9  61  73
10  61  83
1  62  41
2  62  67
3  62  20
4  62  68
5  62  39
6  62  28
7  62  55
8  62  15
9  62  43
10  62  32
1  63  64
2  63  66
3  63  75
4  63  19
5  63  28
6  63  84
7  63  30
8  63  78
9  63  89
10  63  55
1  64  68
2  64  63
3  64  10
4  64  87
5  64  39
6  64  87
7  64  15
8  64  79
9  64  12
10  64  78
1  65  81
2  65  70
3  65  87
4  65  39
5  65  50
6  65  84
7  65  60
8  65  73
9  65  63
10  65  41
1  66  41
2  66  73
3  66  25
4  66  70
5  66  22
6  66  37
7  66  34
8  66  69
9  66  44
10  66  78
1  67  79
2  67  84
3  67  70
4  67  76
5  67  43
6  67  79
7  67  13
8  67  65
9  67  19
10  67  49
1  68  54
2  68  23
3  68  61
4  68  23
5  68  87
6  68  46
7  68  10
8  68  89
9  68  76
10  68  89
1  69  88
2  69  36
3  69  17
4  69  26
5  69  37
6  69  81
7  69  50
8  69  78
9  69  79
10  69  44
1  70  79
2  70  44
3  70  44
4  70  25
5  70  59
6  70  58
7  70  66
8  70  54
9  70  34
10  70  79
1  71  81
2  71  36
3  71  71
4  71  89
5  71  56
6  71  46
7  71  90
8  71  57
9  71  87
10  71  31
1  72  20
2  72  41
3  72  33
4  72  43
5  72  59
6  72  42
7  72  60
8  72  10
9  72  49
10  72  33
1  73  37
2  73  65
3  73  76
4  73  25
5  73  24
6  73  76
7  73  64
8  73  90
9  73  37
10  73  72
1  74  31
2  74  81
3  74  48
4  74  17
5  74  61
6  74  62
7  74  89
8  74  38
9  74  58
10  74  67
1  75  37
2  75  87
3  75  32
4  75  62
5  75  11
6  75  17
7  75  66
8  75  49
9  75  44
10  75  22
1  76  42
2  76  31
3  76  71
4  76  35
5  76  40
6  76  48
7  76  31
8  76  28
9  76  52
10  76  15
1  77  24
2  77  16
3  77  48
4  77  64
5  77  69
6  77  19
7  77  12
8  77  25
9  77  24
10  77  61
1  78  58
2  78  66
3  78  52
4  78  82
5  78  28
6  78  30
7  78  37
8  78  87
9  78  49
10  78  22
1  79  14
2  79  75
3  79  57
4  79  66
5  79  84
6  79  87
7  79  32
8  79  86
9  79  37
10  79  11
1  80  81
2  80  70
3  80  42
4  80  21
5  80  50
6  80  18
7  80  46
8  80  74
9  80  40
10  80  43
1  81  29
2  81  28
3  81  87
4  81  87
5  81  77
6  81  42
7  81  30
8  81  89
9  81  51
10  81  69
1  82  72
2  82  29
3  82  18
4  82  89
5  82  63
6  82  73
7  82  50
8  82  82
9  82  16
10  82  66
1  83  35
2  83  20
3  83  16
4  83  40
5  83  81
6  83  86
7  83  43
8  83  37
9  83  83
10  83  20
1  84  73
2  84  55
3  84  85
4  84  42
5  84  30
6  84  82
7  84  39
8  84  33
9  84  17
10  84  42
1  85  33
2  85  81
3  85  43
4  85  90
5  85  62
6  85  12
7  85  89
8  85  46
9  85  45
10  85  63
1  86  73
2  86  25
3  86  74
4  86  30
5  86  41
6  86  12
7  86  57
8  86  25
9  86  87
10  86  22
1  87  35
2  87  24
3  87  48
4  87  38
5  87  69
6  87  84
7  87  47
8  87  83
9  87  21
10  87  29
1  88  25
2  88  45
3  88  26
4  88  63
5  88  41
6  88  40
7  88  74
8  88  40
9  88  71
10  88  37
1  89  48
2  89  14
3  89  37
4  89  54
5  89  87
6  89  88
7  89  36
8  89  67
9  89  83
10  89  44
1  90  72
2  90  53
3  90  24
4  90  70
5  90  38
6  90  55
7  90  82
8  90  10
9  90  64
10  90  44
1  91  69
2  91  19
3  91  12
4  91  53
5  91  42
6  91  53
7  91  38
8  91  16
9  91  70
10  91  28
1  92  37
2  92  63
3  92  86
4  92  38
5  92  13
6  92  42
7  92  59
8  92  53
9  92  56
10  92  83
1  93  10
2  93  39
3  93  60
4  93  29
5  93  32
6  93  28
7  93  26
8  93  41
9  93  79
10  93  69
1  94  69
2  94  14
3  94  39
4  94  41
5  94  62
6  94  20
7  94  64
8  94  49
9  94  80
10  94  38
1  95  89
2  95  12
3  95  47
4  95  71
5  95  69
6  95  33
7  95  60
8  95  12
9  95  38
10  95  23
1  96  30
2  96  60
3  96  86
4  96  22
5  96  13
6  96  70
7  96  57
8  96  37
9  96  80
10  96  52
1  97  44
2  97  66
3  97  46
4  97  79
5  97  62
6  97  58
7  97  73
8  97  12
9  97  77
10  97  75
1  98  29
2  98  31
3  98  86
4  98  52
5  98  90
6  98  11
7  98  49
8  98  17
9  98  17
10  98  57
1  99  16
2  99  46
3  99  88
4  99  56
5  99  71
6  99  63
7  99  20
8  99  51
9  99  87
10  99  85
1  100  45
2  100  12
3  100  35
4  100  73
5  100  36
6  100  45
7  100  18
8  100  27
9  100  38
10  100  25
1  101  75
2  101  54
3  101  31
4  101  53
5  101  31
6  101  77
7  101  66
8  101  82
9  101  16
10  101  19
1  102  29
2  102  83
3  102  19
4  102  75
5  102  23
6  102  88
7  102  59
8  102  36
9  102  23
10  102  21
1  103  12
2  103  77
3  103  40
4  103  10
5  103  42
6  103  65
7  103  47
8  103  76
9  103  70
10  103  84
1  104  65
2  104  23
3  104  47
4  104  67
5  104  47
6  104  73
7  104  26
8  104  30
9  104  13
10  104  37
1  105  59
2  105  51
3  105  68
4  105  60
5  105  84
6  105  85
7  105  11
8  105  81
9  105  74
10  105  45
1  106  10
2  106  75
3  106  26
4  106  83
5  106  59
6  106  82
7  106  38
8  106  58
9  106  35
10  106  16
1  107  17
2  107  84
3  107  51
4  107  63
5  107  15
6  107  18
7  107  20
8  107  85
9  107  46
10  107  55
1  108  82
2  108  69
3  108  40
4  108  81
5  108  53
6  108  18
7  108  40
8  108  72
9  108  34
10  108  71
1  109  69
2  109  19
3  109  13
4  109  77
5  109  76
6  109  30
7  109  36
8  109  61
9  109  76
10  109  27
1  110  75
2  110  36
3  110  12
4  110  45
5  110  48
6  110  10
7  110  43
8  110  60
9  110  42
10  110  74
1  111  17
2  111  35
3  111  11
4  111  79
5  111  62
6  111  36
7  111  52
8  111  73
9  111  29
10  111  44
1  112  83
2  112  22
3  112  32
4  112  73
5  112  49
6  112  19
7  112  79
8  112  85
9  112  63
10  112  62
1  113  88
2  113  34
3  113  43
4  113  69
5  113  53
6  113  43
7  113  78
8  113  59
9  113  32
10  113  16
1  114  64
2  114  76
3  114  16
4  114  67
5  114  81
6  114  48
7  114  37
8  114  70
9  114  21
10  114  18
1  115  80
2  115  20
3  115  68
4  115  63
5  115  75
6  115  64
7  115  27
8  115  22
9  115  69
10  115  64
1  116  24
2  116  12
3  116  83
4  116  49
5  116  88
6  116  54
7  116  17
8  116  88
9  116  53
10  116  38
1  117  51
2  117  71
3  117  41
4  117  87
5  117  55
6  117  45
7  117  38
8  117  60
9  117  20
10  117  68
1  118  36
2  118  16
3  118  32
4  118  36
5  118  18
6  118  17
7  118  32
8  118  73
9  118  26
10  118  49
1  119  83
2  119  76
3  119  63
4  119  46
5  119  63
6  119  74
7  119  60
8  119  14
9  119  48
10  119  12
1  120  13
2  120  61
3  120  61
4  120  26
5  120  37
6  120  32
7  120  31
8  120  39
9  120  54
10  120  41
1  121  34
2  121  61
3  121  39
4  121  59
5  121  45
6  121  84
7  121  82
8  121  85
9  121  56
10  121  18
1  122  32
2  122  18
3  122  75
4  122  19
5  122  56
6  122  88
7  122  72
8  122  77
9  122  32
10  122  47
1  123  50
2  123  11
3  123  75
4  123  69
5  123  46
6  123  73
7  123  83
8  123  38
9  123  69
10  123  20
1  124  34
2  124  64
3  124  30
4  124  89
5  124  87
6  124  66
7  124  47
8  124  44
9  124  10
10  124  89
1  125  65
2  125  47
3  125  40
4  125  22
5  125  45
6  125  51
7  125  75
8  125  45
9  125  70
10  125  52
1  126  38
2  126  53
3  126  23
4  126  53
5  126  17
6  126  40
7  126  90
8  126  42
9  126  48
10  126  56
1  127  59
2  127  65
3  127  32
4  127  68
5  127  27
6  127  80
7  127  64
8  127  25
9  127  29
10  127  80
1  128  51
2  128  41
3  128  57
4  128  86
5  128  68
6  128  18
7  128  52
8  128  56
9  128  79
10  128  57
1  129  24
2  129  11
3  129  41
4  129  43
5  129  40
6  129  26
7  129  34
8  129  19
9  129  83
10  129  63
1  130  17
2  130  25
3  130  27
4  130  42
5  130  87
6  130  74
7  130  56
8  130  13
9  130  79
10  130  20
1  131  75
2  131  26
3  131  69
4  131  32
5  131  26
6  131  42
7  131  39
8  131  21
9  131  44
10  131  42
1  132  39
2  132  22
3  132  82
4  132  40
5  132  52
6  132  61
7  132  10
8  132  20
9  132  83
10  132  35
1  133  14
2  133  10
3  133  81
4  133  19
5  133  63
6  133  81
7  133  16
8  133  30
9  133  31
10  133  76
1  134  84
2  134  34
3  134  88
4  134  89
5  134  45
6  134  38
7  134  74
8  134  40
9  134  84
10  134  73
1  135  48
2  135  16
3  135  62
4  135  39
5  135  24
6  135  83
7  135  20
8  135  57
9  135  24
10  135  22
1  136  76
2  136  73
3  136  16
4  136  36
5  136  70
6  136  76
7  136  77
8  136  41
9  136  65
10  136  45
1  137  57
2  137  71
3  137  73
4  137  26
5  137  49
6  137  83
7  137  88
8  137  80
9  137  18
10  137  13
1  138  64
2  138  86
3  138  75
4  138  57
5  138  79
6  138  60
7  138  76
8  138  82
9  138  74
10  138  42
1  139  64
2  139  74
3  139  87
4  139  31
5  139  20
6  139  77
7  139  88
8  139  88
9  139  24
10  139  72
1  140  13
2  140  46
3  140  30
4  140  58
5  140  60
6  140  26
7  140  59
8  140  12
9  140  29
10  140  78
1  141  20
2  141  87
3  141  70
4  141  41
5  141  23
6  141  33
7  141  54
8  141  87
9  141  12
10  141  37
1  142  19
2  142  62
3  142  69
4  142  10
5  142  90
6  142  17
7  142  66
8  142  87
9  142  78
10  142  32
1  143  36
2  143  69
3  143  39
4  143  80
5  143  44
6  143  67
7  143  37
8  143  50
9  143  36
10  143  58
1  144  51
2  144  66
3  144  61
4  144  90
5  144  13
6  144  86
7  144  25
8  144  44
9  144  27
10  144  19
1  145  85
2  145  17
3  145  31
4  145  30
5  145  79
6  145  45
7  145  22
8  145  14
9  145  30
10  145  14
1  146  58
2  146  20
3  146  80
4  146  39
5  146  51
6  146  29
7  146  53
8  146  70
9  146  16
10  146  13
1  147  16
2  147  53
3  147  66
4  147  73
5  147  53
6  147  50
7  147  71
8  147  48
9  147  30
10  147  72
1  148  71
2  148  49
3  148  76
4  148  21
5  148  75
6  148  80
7  148  16
8  148  12
9  148  38
10  148  25
1  149  65
2  149  58
3  149  37
4  149  68
5  149  54
6  149  49
7  149  22
8  149  74
9  149  40
10  149  54
1  150  67
2  150  19
3  150  46
4  150  48
5  150  17
6  150  31
7  150  48
8  150  43
9  150  74
10  150  70
1  151  21
2  151  89
3  151  11
4  151  11
5  151  73
6  151  45
7  151  68
8  151  80
9  151  48
10  151  16
1  152  29
2  152  75
3  152  43
4  152  33
5  152  42
6  152  64
7  152  11
8  152  28
9  152  40
10  152  28
1  153  81
2  153  58
3  153  70
4  153  15
5  153  44
6  153  83
7  153  60
8  153  53
9  153  24
10  153  48
1  154  86
2  154  63
3  154  62
4  154  43
5  154  42
6  154  77
7  154  62
8  154  53
9  154  34
10  154  31
1  155  11
2  155  16
3  155  23
4  155  67
5  155  69
6  155  17
7  155  21
8  155  24
9  155  21
10  155  78
1  156  38
2  156  61
3  156  68
4  156  74
5  156  59
6  156  16
7  156  20
8  156  21
9  156  78
10  156  46
1  157  76
2  157  14
3  157  57
4  157  38
5  157  66
6  157  73
7  157  13
8  157  20
9  157  79
10  157  29
1  158  37
2  158  86
3  158  41
4  158  47
5  158  70
6  158  25
7  158  57
8  158  81
9  158  90
10  158  22
1  159  33
2  159  17
3  159  27
4  159  36
5  159  29
6  159  18
7  159  17
8  159  16
9  159  22
10  159  73
1  160  90
2  160  54
3  160  14
4  160  77
5  160  63
6  160  57
7  160  76
8  160  67
9  160  62
10  160  14
1  161  69
2  161  37
3  161  20
4  161  47
5  161  72
6  161  81
7  161  12
8  161  15
9  161  64
10  161  75
1  162  54
2  162  72
3  162  50
4  162  36
5  162  77
6  162  41
7  162  61
8  162  49
9  162  71
10  162  69
1  163  29
2  163  86
3  163  46
4  163  47
5  163  44
6  163  17
7  163  78
8  163  82
9  163  63
10  163  72
1  164  42
2  164  36
3  164  57
4  164  88
5  164  28
6  164  38
7  164  28
8  164  28
9  164  16
10  164  88
1  165  41
2  165  66
3  165  22
4  165  42
5  165  44
6  165  85
7  165  62
8  165  80
9  165  17
10  165  21
1  166  78
2  166  42
3  166  25
4  166  15
5  166  57
6  166  13
7  166  44
8  166  32
9  166  27
10  166  86
1  167  54
2  167  34
3  167  24
4  167  13
5  167  49
6  167  62
7  167  23
8  167  52
9  167  45
10  167  28
1  168  21
2  168  58
3  168  75
4  168  43
5  168  78
6  168  88
7  168  87
8  168  24
9  168  47
10  168  40
1  169  49
2  169  15
3  169  67
4  169  42
5  169  82
6  169  34
7  169  62
8  169  82
9  169  55
10  169  19
1  170  55
2  170  85
3  170  33
4  170  44
5  170  82
6  170  90
7  170  59
8  170  12
9  170  68
10  170  68
1  171  79
2  171  89
3  171  68
4  171  78
5  171  37
6  171  80
7  171  43
8  171  83
9  171  28
10  171  39
1  172  88
2  172  12
3  172  78
4  172  76
5  172  88
6  172  14
7  172  68
8  172  44
9  172  60
10  172  49
1  173  55
2  173  72
3  173  11
4  173  72
5  173  37
6  173  21
7  173  34
8  173  72
9  173  59
10  173  63
1  174  79
2  174  61
3  174  74
4  174  78
5  174  72
6  174  56
7  174  79
8  174  52
9  174  16
10  174  58
1  175  49
2  175  45
3  175  37
4  175  79
5  175  84
6  175  63
7  175  79
8  175  44
9  175  68
10  175  42
1  176  17
2  176  31
3  176  18
4  176  58
5  176  13
6  176  70
7  176  25
8  176  39
9  176  17
10  176  19
1  177  28
2  177  57
3  177  49
4  177  81
5  177  28
6  177  74
7  177  53
8  177  20
9  177  67
10  177  37
1  178  88
2  178  21
3  178  73
4  178  46
5  178  65
6  178  34
7  178  27
8  178  42
9  178  80
10  178  33
1  179  48
2  179  80
3  179  50
4  179  37
5  179  23
6  179  28
7  179  49
8  179  72
9  179  34
10  179  86
1  180  15
2  180  84
3  180  59
4  180  77
5  180  40
6  180  84
7  180  40
8  180  73
9  180  61
10  180  36
1  181  14
2  181  77
3  181  40
4  181  56
5  181  58
6  181  57
7  181  12
8  181  63
9  181  87
10  181  19
1  182  62
2  182  65
3  182  77
4  182  36
5  182  71
6  182  34
7  182  30
8  182  89
9  182  90
10  182  38
1  183  57
2  183  67
3  183  26
4  183  51
5  183  79
6  183  73
7  183  57
8  183  64
9  183  86
10  183  74
1  184  49
2  184  50
3  184  34
4  184  71
5  184  21
6  184  80
7  184  12
8  184  71
9  184  74
10  184  65
1  185  16
2  185  10
3  185  32
4  185  58
5  185  87
6  185  34
7  185  24
8  185  11
9  185  79
10  185  11
1  186  72
2  186  40
3  186  69
4  186  48
5  186  83
6  186  72
7  186  58
8  186  16
9  186  32
10  186  84
1  187  53
2  187  67
3  187  47
4  187  69
5  187  82
6  187  72
7  187  62
8  187  49
9  187  21
10  187  43
1  188  60
2  188  90
3  188  62
4  188  82
5  188  22
6  188  65
7  188  56
8  188  28
9  188  14
10  188  55
1  189  47
2  189  24
3  189  46
4  189  30
5  189  55
6  189  12
7  189  83
8  189  15
9  189  55
10  189  23
1  190  27
2  190  69
3  190  38
4  190  48
5  190  42
6  190  72
7  190  26
8  190  78
9  190  30
10  190  37
1  191  39
2  191  25
3  191  80
4  191  36
5  191  32
6  191  56
7  191  79
8  191  30
9  191  50
10  191  37
1  192  30
2  192  89
3  192  75
4  192  84
5  192  82
6  192  38
7  192  10
8  192  69
9  192  68
10  192  74
1  193  86
2  193  72
3  193  38
4  193  74
5  193  21
6  193  42
7  193  37
8  193  57
9  193  80
10  193  81
1  194  28
2  194  18
3  194  36
4  194  75
5  194  58
6  194  12
7  194  15
8  194  60
9  194  80
10  194  72
1  195  24
2  195  82
3  195  37
4  195  38
5  195  50
6  195  49
7  195  36
8  195  74
9  195  20
10  195  24
1  196  76
2  196  52
3  196  28
4  196  31
5  196  44
6  196  65
7  196  80
8  196  69
9  196  65
10  196  60
1  197  69
2  197  40
3  197  75
4  197  14
5  197  14
6  197  16
7  197  31
8  197  67
9  197  85
10  197  48
1  198  10
2  198  75
3  198  39
4  198  39
5  198  71
6  198  31
7  198  48
8  198  61
9  198  74
10  198  18
1  199  27
2  199  75
3  199  64
4  199  41
5  199  18
6  199  77
7  199  60
8  199  76
9  199  17
10  199  49
1  200  72
2  200  69
3  200  69
4  200  88
5  200  30
6  200  64
7  200  42
8  200  66
9  200  44
10  200  17
;

param a :=
1  1  1
2  1  0.58
1  2  1
2  2  0.55
1  3  1
2  3  0.55
1  4  1
2  4  0.59
1  5  1
2  5  0.46
1  6  1
2  6  0.52
1  7  1
2  7  0.46
1  8  1
2  8  0.46
1  9  1
2  9  0.41
1  10  1
2  10  0.59
;

