param com_measure1 := 1;

param com_measure2 := 1;

param kappa_max := 761.26;

param U_tau := 634.7752;

param nT := 2;

param nS := 50;

param nL := 20;

param B := 1004.98;

param w :=
1  1
2  3
3  1
4  2
5  2
6  3
7  3
8  3
9  2
10  2
11  3
12  1
13  2
14  1
15  2
16  3
17  3
18  2
19  2
20  1
;

param h :=
1  1  0
1  2  0
1  3  0
1  4  0
1  5  0
1  6  0
1  7  0
1  8  0
1  9  0
1  10  0
1  11  0
1  12  0
1  13  0
1  14  0
1  15  0
1  16  0
1  17  0
1  18  0
1  19  0
1  20  0
2  1  117.90
2  2  97.50
2  3  115.96
2  4  131.92
2  5  108.78
2  6  91.84
2  7  85.05
2  8  81.48
2  9  99.48
2  10  99.45
2  11  115.71
2  12  108.42
2  13  81.05
2  14  109.12
2  15  96.94
2  16  81.70
2  17  83.63
2  18  96.82
2  19  118.38
2  20  88.84
;

param xi :=
1  1  1  20
2  1  1  56
3  1  1  21
4  1  1  80
5  1  1  36
6  1  1  62
7  1  1  22
8  1  1  54
9  1  1  32
10  1  1  89
11  1  1  41
12  1  1  49
13  1  1  81
14  1  1  21
15  1  1  18
16  1  1  69
17  1  1  14
18  1  1  33
19  1  1  60
20  1  1  66
1  2  1  43
2  2  1  15
3  2  1  31
4  2  1  84
5  2  1  26
6  2  1  22
7  2  1  12
8  2  1  27
9  2  1  61
10  2  1  56
11  2  1  20
12  2  1  49
13  2  1  49
14  2  1  16
15  2  1  11
16  2  1  40
17  2  1  61
18  2  1  56
19  2  1  47
20  2  1  46
1  3  1  67
2  3  1  88
3  3  1  62
4  3  1  33
5  3  1  37
6  3  1  43
7  3  1  85
8  3  1  18
9  3  1  54
10  3  1  48
11  3  1  88
12  3  1  57
13  3  1  13
14  3  1  50
15  3  1  12
16  3  1  36
17  3  1  26
18  3  1  50
19  3  1  64
20  3  1  86
1  4  1  67
2  4  1  28
3  4  1  16
4  4  1  57
5  4  1  73
6  4  1  72
7  4  1  70
8  4  1  32
9  4  1  55
10  4  1  19
11  4  1  16
12  4  1  83
13  4  1  67
14  4  1  88
15  4  1  22
16  4  1  23
17  4  1  70
18  4  1  69
19  4  1  67
20  4  1  40
1  5  1  59
2  5  1  81
3  5  1  75
4  5  1  43
5  5  1  80
6  5  1  31
7  5  1  58
8  5  1  41
9  5  1  79
10  5  1  54
11  5  1  72
12  5  1  71
13  5  1  62
14  5  1  20
15  5  1  62
16  5  1  40
17  5  1  36
18  5  1  48
19  5  1  24
20  5  1  82
1  6  1  71
2  6  1  62
3  6  1  57
4  6  1  56
5  6  1  87
6  6  1  30
7  6  1  39
8  6  1  67
9  6  1  18
10  6  1  66
11  6  1  72
12  6  1  81
13  6  1  87
14  6  1  88
15  6  1  73
16  6  1  57
17  6  1  47
18  6  1  85
19  6  1  50
20  6  1  29
1  7  1  57
2  7  1  42
3  7  1  70
4  7  1  71
5  7  1  29
6  7  1  72
7  7  1  60
8  7  1  44
9  7  1  80
10  7  1  67
11  7  1  35
12  7  1  24
13  7  1  63
14  7  1  74
15  7  1  39
16  7  1  37
17  7  1  47
18  7  1  87
19  7  1  53
20  7  1  17
1  8  1  41
2  8  1  43
3  8  1  62
4  8  1  58
5  8  1  76
6  8  1  51
7  8  1  42
8  8  1  58
9  8  1  69
10  8  1  29
11  8  1  43
12  8  1  15
13  8  1  32
14  8  1  89
15  8  1  46
16  8  1  32
17  8  1  37
18  8  1  64
19  8  1  53
20  8  1  27
1  9  1  90
2  9  1  22
3  9  1  88
4  9  1  43
5  9  1  71
6  9  1  86
7  9  1  62
8  9  1  35
9  9  1  45
10  9  1  49
11  9  1  54
12  9  1  31
13  9  1  73
14  9  1  84
15  9  1  41
16  9  1  30
17  9  1  66
18  9  1  51
19  9  1  43
20  9  1  47
1  10  1  59
2  10  1  12
3  10  1  89
4  10  1  83
5  10  1  38
6  10  1  48
7  10  1  55
8  10  1  68
9  10  1  26
10  10  1  54
11  10  1  45
12  10  1  27
13  10  1  15
14  10  1  52
15  10  1  82
16  10  1  79
17  10  1  60
18  10  1  74
19  10  1  55
20  10  1  75
1  11  1  85
2  11  1  16
3  11  1  66
4  11  1  23
5  11  1  48
6  11  1  37
7  11  1  25
8  11  1  37
9  11  1  22
10  11  1  45
11  11  1  19
12  11  1  36
13  11  1  33
14  11  1  88
15  11  1  86
16  11  1  53
17  11  1  19
18  11  1  28
19  11  1  64
20  11  1  61
1  12  1  80
2  12  1  22
3  12  1  19
4  12  1  22
5  12  1  88
6  12  1  70
7  12  1  16
8  12  1  88
9  12  1  69
10  12  1  64
11  12  1  71
12  12  1  63
13  12  1  36
14  12  1  31
15  12  1  27
16  12  1  63
17  12  1  14
18  12  1  81
19  12  1  51
20  12  1  55
1  13  1  17
2  13  1  89
3  13  1  76
4  13  1  59
5  13  1  16
6  13  1  59
7  13  1  68
8  13  1  43
9  13  1  34
10  13  1  85
11  13  1  63
12  13  1  48
13  13  1  26
14  13  1  51
15  13  1  73
16  13  1  31
17  13  1  44
18  13  1  68
19  13  1  55
20  13  1  65
1  14  1  32
2  14  1  23
3  14  1  69
4  14  1  76
5  14  1  64
6  14  1  60
7  14  1  52
8  14  1  48
9  14  1  55
10  14  1  62
11  14  1  79
12  14  1  27
13  14  1  57
14  14  1  49
15  14  1  46
16  14  1  82
17  14  1  85
18  14  1  76
19  14  1  17
20  14  1  36
1  15  1  14
2  15  1  68
3  15  1  85
4  15  1  40
5  15  1  42
6  15  1  59
7  15  1  51
8  15  1  62
9  15  1  54
10  15  1  23
11  15  1  85
12  15  1  77
13  15  1  55
14  15  1  50
15  15  1  52
16  15  1  88
17  15  1  18
18  15  1  19
19  15  1  48
20  15  1  46
1  16  1  22
2  16  1  27
3  16  1  17
4  16  1  49
5  16  1  41
6  16  1  66
7  16  1  12
8  16  1  72
9  16  1  67
10  16  1  29
11  16  1  48
12  16  1  27
13  16  1  10
14  16  1  36
15  16  1  86
16  16  1  45
17  16  1  11
18  16  1  55
19  16  1  23
20  16  1  63
1  17  1  70
2  17  1  30
3  17  1  71
4  17  1  31
5  17  1  90
6  17  1  59
7  17  1  47
8  17  1  31
9  17  1  89
10  17  1  41
11  17  1  76
12  17  1  68
13  17  1  65
14  17  1  66
15  17  1  23
16  17  1  81
17  17  1  65
18  17  1  80
19  17  1  68
20  17  1  36
1  18  1  42
2  18  1  50
3  18  1  40
4  18  1  27
5  18  1  51
6  18  1  70
7  18  1  50
8  18  1  24
9  18  1  49
10  18  1  35
11  18  1  17
12  18  1  63
13  18  1  34
14  18  1  32
15  18  1  65
16  18  1  79
17  18  1  69
18  18  1  76
19  18  1  89
20  18  1  39
1  19  1  66
2  19  1  10
3  19  1  49
4  19  1  57
5  19  1  63
6  19  1  63
7  19  1  30
8  19  1  89
9  19  1  70
10  19  1  56
11  19  1  34
12  19  1  28
13  19  1  50
14  19  1  47
15  19  1  39
16  19  1  23
17  19  1  29
18  19  1  15
19  19  1  84
20  19  1  66
1  20  1  17
2  20  1  13
3  20  1  55
4  20  1  75
5  20  1  19
6  20  1  87
7  20  1  77
8  20  1  74
9  20  1  53
10  20  1  89
11  20  1  16
12  20  1  70
13  20  1  42
14  20  1  65
15  20  1  16
16  20  1  11
17  20  1  81
18  20  1  54
19  20  1  42
20  20  1  41
1  21  1  63
2  21  1  57
3  21  1  19
4  21  1  45
5  21  1  60
6  21  1  50
7  21  1  85
8  21  1  36
9  21  1  90
10  21  1  31
11  21  1  38
12  21  1  82
13  21  1  60
14  21  1  26
15  21  1  34
16  21  1  42
17  21  1  58
18  21  1  89
19  21  1  70
20  21  1  44
1  22  1  41
2  22  1  81
3  22  1  17
4  22  1  50
5  22  1  18
6  22  1  23
7  22  1  89
8  22  1  36
9  22  1  19
10  22  1  56
11  22  1  75
12  22  1  68
13  22  1  62
14  22  1  53
15  22  1  70
16  22  1  37
17  22  1  57
18  22  1  73
19  22  1  45
20  22  1  27
1  23  1  45
2  23  1  26
3  23  1  54
4  23  1  64
5  23  1  13
6  23  1  43
7  23  1  63
8  23  1  26
9  23  1  87
10  23  1  33
11  23  1  66
12  23  1  43
13  23  1  15
14  23  1  41
15  23  1  73
16  23  1  70
17  23  1  43
18  23  1  29
19  23  1  78
20  23  1  70
1  24  1  74
2  24  1  88
3  24  1  17
4  24  1  71
5  24  1  54
6  24  1  43
7  24  1  29
8  24  1  65
9  24  1  20
10  24  1  84
11  24  1  89
12  24  1  67
13  24  1  60
14  24  1  74
15  24  1  67
16  24  1  20
17  24  1  16
18  24  1  41
19  24  1  46
20  24  1  72
1  25  1  34
2  25  1  52
3  25  1  21
4  25  1  51
5  25  1  23
6  25  1  20
7  25  1  49
8  25  1  25
9  25  1  19
10  25  1  19
11  25  1  84
12  25  1  86
13  25  1  49
14  25  1  23
15  25  1  17
16  25  1  87
17  25  1  68
18  25  1  20
19  25  1  68
20  25  1  45
1  26  1  41
2  26  1  63
3  26  1  82
4  26  1  62
5  26  1  73
6  26  1  34
7  26  1  61
8  26  1  32
9  26  1  84
10  26  1  48
11  26  1  17
12  26  1  85
13  26  1  10
14  26  1  63
15  26  1  44
16  26  1  26
17  26  1  79
18  26  1  18
19  26  1  63
20  26  1  15
1  27  1  81
2  27  1  26
3  27  1  31
4  27  1  19
5  27  1  21
6  27  1  64
7  27  1  14
8  27  1  61
9  27  1  86
10  27  1  74
11  27  1  20
12  27  1  55
13  27  1  10
14  27  1  35
15  27  1  84
16  27  1  51
17  27  1  37
18  27  1  36
19  27  1  15
20  27  1  63
1  28  1  83
2  28  1  17
3  28  1  79
4  28  1  26
5  28  1  73
6  28  1  18
7  28  1  16
8  28  1  18
9  28  1  63
10  28  1  76
11  28  1  14
12  28  1  12
13  28  1  49
14  28  1  37
15  28  1  44
16  28  1  66
17  28  1  80
18  28  1  70
19  28  1  59
20  28  1  44
1  29  1  73
2  29  1  46
3  29  1  13
4  29  1  49
5  29  1  43
6  29  1  83
7  29  1  25
8  29  1  16
9  29  1  55
10  29  1  40
11  29  1  59
12  29  1  14
13  29  1  74
14  29  1  50
15  29  1  19
16  29  1  72
17  29  1  76
18  29  1  43
19  29  1  29
20  29  1  85
1  30  1  35
2  30  1  34
3  30  1  53
4  30  1  60
5  30  1  35
6  30  1  81
7  30  1  29
8  30  1  70
9  30  1  22
10  30  1  33
11  30  1  77
12  30  1  25
13  30  1  67
14  30  1  59
15  30  1  32
16  30  1  63
17  30  1  25
18  30  1  79
19  30  1  53
20  30  1  70
1  31  1  11
2  31  1  53
3  31  1  68
4  31  1  80
5  31  1  41
6  31  1  19
7  31  1  72
8  31  1  37
9  31  1  66
10  31  1  40
11  31  1  58
12  31  1  40
13  31  1  28
14  31  1  33
15  31  1  63
16  31  1  33
17  31  1  63
18  31  1  57
19  31  1  24
20  31  1  39
1  32  1  23
2  32  1  60
3  32  1  10
4  32  1  23
5  32  1  82
6  32  1  65
7  32  1  10
8  32  1  59
9  32  1  43
10  32  1  89
11  32  1  39
12  32  1  56
13  32  1  42
14  32  1  13
15  32  1  77
16  32  1  88
17  32  1  16
18  32  1  64
19  32  1  89
20  32  1  40
1  33  1  30
2  33  1  33
3  33  1  73
4  33  1  66
5  33  1  63
6  33  1  46
7  33  1  14
8  33  1  48
9  33  1  57
10  33  1  45
11  33  1  88
12  33  1  64
13  33  1  67
14  33  1  74
15  33  1  39
16  33  1  39
17  33  1  62
18  33  1  53
19  33  1  66
20  33  1  22
1  34  1  48
2  34  1  36
3  34  1  43
4  34  1  54
5  34  1  75
6  34  1  78
7  34  1  76
8  34  1  70
9  34  1  90
10  34  1  76
11  34  1  31
12  34  1  83
13  34  1  33
14  34  1  26
15  34  1  86
16  34  1  24
17  34  1  55
18  34  1  17
19  34  1  33
20  34  1  63
1  35  1  40
2  35  1  10
3  35  1  25
4  35  1  85
5  35  1  80
6  35  1  25
7  35  1  20
8  35  1  60
9  35  1  11
10  35  1  15
11  35  1  88
12  35  1  73
13  35  1  81
14  35  1  45
15  35  1  22
16  35  1  58
17  35  1  83
18  35  1  41
19  35  1  64
20  35  1  24
1  36  1  12
2  36  1  17
3  36  1  64
4  36  1  57
5  36  1  83
6  36  1  64
7  36  1  35
8  36  1  34
9  36  1  60
10  36  1  44
11  36  1  54
12  36  1  81
13  36  1  15
14  36  1  41
15  36  1  76
16  36  1  49
17  36  1  76
18  36  1  46
19  36  1  56
20  36  1  81
1  37  1  90
2  37  1  87
3  37  1  85
4  37  1  86
5  37  1  86
6  37  1  53
7  37  1  26
8  37  1  85
9  37  1  21
10  37  1  11
11  37  1  46
12  37  1  62
13  37  1  60
14  37  1  53
15  37  1  66
16  37  1  29
17  37  1  38
18  37  1  14
19  37  1  76
20  37  1  10
1  38  1  18
2  38  1  25
3  38  1  34
4  38  1  81
5  38  1  62
6  38  1  49
7  38  1  24
8  38  1  49
9  38  1  75
10  38  1  40
11  38  1  82
12  38  1  20
13  38  1  58
14  38  1  41
15  38  1  62
16  38  1  86
17  38  1  71
18  38  1  68
19  38  1  30
20  38  1  14
1  39  1  77
2  39  1  66
3  39  1  83
4  39  1  40
5  39  1  41
6  39  1  34
7  39  1  24
8  39  1  18
9  39  1  16
10  39  1  43
11  39  1  50
12  39  1  10
13  39  1  74
14  39  1  44
15  39  1  56
16  39  1  49
17  39  1  69
18  39  1  34
19  39  1  28
20  39  1  72
1  40  1  86
2  40  1  64
3  40  1  39
4  40  1  46
5  40  1  86
6  40  1  86
7  40  1  87
8  40  1  76
9  40  1  36
10  40  1  55
11  40  1  84
12  40  1  24
13  40  1  58
14  40  1  22
15  40  1  10
16  40  1  83
17  40  1  16
18  40  1  90
19  40  1  31
20  40  1  13
1  41  1  77
2  41  1  41
3  41  1  53
4  41  1  28
5  41  1  27
6  41  1  16
7  41  1  55
8  41  1  83
9  41  1  30
10  41  1  81
11  41  1  85
12  41  1  61
13  41  1  78
14  41  1  27
15  41  1  78
16  41  1  20
17  41  1  51
18  41  1  16
19  41  1  27
20  41  1  80
1  42  1  23
2  42  1  72
3  42  1  59
4  42  1  49
5  42  1  71
6  42  1  37
7  42  1  72
8  42  1  61
9  42  1  15
10  42  1  49
11  42  1  19
12  42  1  76
13  42  1  22
14  42  1  12
15  42  1  71
16  42  1  35
17  42  1  34
18  42  1  11
19  42  1  88
20  42  1  72
1  43  1  25
2  43  1  30
3  43  1  44
4  43  1  76
5  43  1  82
6  43  1  51
7  43  1  78
8  43  1  37
9  43  1  32
10  43  1  71
11  43  1  69
12  43  1  46
13  43  1  87
14  43  1  53
15  43  1  18
16  43  1  43
17  43  1  58
18  43  1  26
19  43  1  86
20  43  1  17
1  44  1  38
2  44  1  27
3  44  1  20
4  44  1  23
5  44  1  49
6  44  1  90
7  44  1  48
8  44  1  54
9  44  1  51
10  44  1  64
11  44  1  63
12  44  1  75
13  44  1  63
14  44  1  68
15  44  1  82
16  44  1  42
17  44  1  50
18  44  1  75
19  44  1  82
20  44  1  46
1  45  1  64
2  45  1  73
3  45  1  62
4  45  1  83
5  45  1  39
6  45  1  23
7  45  1  11
8  45  1  16
9  45  1  42
10  45  1  75
11  45  1  72
12  45  1  12
13  45  1  81
14  45  1  10
15  45  1  38
16  45  1  88
17  45  1  23
18  45  1  48
19  45  1  12
20  45  1  57
1  46  1  85
2  46  1  79
3  46  1  72
4  46  1  79
5  46  1  27
6  46  1  23
7  46  1  36
8  46  1  38
9  46  1  10
10  46  1  90
11  46  1  20
12  46  1  12
13  46  1  19
14  46  1  40
15  46  1  22
16  46  1  25
17  46  1  75
18  46  1  35
19  46  1  34
20  46  1  59
1  47  1  22
2  47  1  34
3  47  1  52
4  47  1  16
5  47  1  28
6  47  1  22
7  47  1  26
8  47  1  84
9  47  1  20
10  47  1  77
11  47  1  89
12  47  1  41
13  47  1  71
14  47  1  28
15  47  1  74
16  47  1  71
17  47  1  62
18  47  1  33
19  47  1  37
20  47  1  26
1  48  1  85
2  48  1  76
3  48  1  60
4  48  1  86
5  48  1  30
6  48  1  32
7  48  1  80
8  48  1  78
9  48  1  84
10  48  1  26
11  48  1  64
12  48  1  34
13  48  1  49
14  48  1  85
15  48  1  53
16  48  1  86
17  48  1  53
18  48  1  89
19  48  1  27
20  48  1  22
1  49  1  75
2  49  1  50
3  49  1  35
4  49  1  87
5  49  1  51
6  49  1  69
7  49  1  39
8  49  1  25
9  49  1  32
10  49  1  80
11  49  1  81
12  49  1  35
13  49  1  28
14  49  1  39
15  49  1  34
16  49  1  56
17  49  1  82
18  49  1  71
19  49  1  89
20  49  1  50
1  50  1  23
2  50  1  37
3  50  1  58
4  50  1  86
5  50  1  24
6  50  1  63
7  50  1  36
8  50  1  75
9  50  1  70
10  50  1  20
11  50  1  14
12  50  1  28
13  50  1  51
14  50  1  81
15  50  1  43
16  50  1  16
17  50  1  14
18  50  1  20
19  50  1  34
20  50  1  49
1  1  2  8.4
2  1  2  25.76
3  1  2  9.03
4  1  2  32.8
5  1  2  17.28
6  1  2  34.1
7  1  2  11.66
8  1  2  31.86
9  1  2  16
10  1  2  47.17
11  1  2  19.27
12  1  2  22.05
13  1  2  47.79
14  1  2  9.03
15  1  2  9.18
16  1  2  41.4
17  1  2  8.12
18  1  2  17.49
19  1  2  25.8
20  1  2  35.64
1  2  2  18.06
2  2  2  6.9
3  2  2  13.33
4  2  2  34.44
5  2  2  12.48
6  2  2  12.1
7  2  2  6.36
8  2  2  15.93
9  2  2  30.5
10  2  2  29.68
11  2  2  9.4
12  2  2  22.05
13  2  2  28.91
14  2  2  6.88
15  2  2  5.61
16  2  2  24
17  2  2  35.38
18  2  2  29.68
19  2  2  20.21
20  2  2  24.84
1  3  2  28.14
2  3  2  40.48
3  3  2  26.66
4  3  2  13.53
5  3  2  17.76
6  3  2  23.65
7  3  2  45.05
8  3  2  10.62
9  3  2  27
10  3  2  25.44
11  3  2  41.36
12  3  2  25.65
13  3  2  7.67
14  3  2  21.5
15  3  2  6.12
16  3  2  21.6
17  3  2  15.08
18  3  2  26.5
19  3  2  27.52
20  3  2  46.44
1  4  2  28.14
2  4  2  12.88
3  4  2  6.88
4  4  2  23.37
5  4  2  35.04
6  4  2  39.6
7  4  2  37.1
8  4  2  18.88
9  4  2  27.5
10  4  2  10.07
11  4  2  7.52
12  4  2  37.35
13  4  2  39.53
14  4  2  37.84
15  4  2  11.22
16  4  2  13.8
17  4  2  40.6
18  4  2  36.57
19  4  2  28.81
20  4  2  21.6
1  5  2  24.78
2  5  2  37.26
3  5  2  32.25
4  5  2  17.63
5  5  2  38.4
6  5  2  17.05
7  5  2  30.74
8  5  2  24.19
9  5  2  39.5
10  5  2  28.62
11  5  2  33.84
12  5  2  31.95
13  5  2  36.58
14  5  2  8.6
15  5  2  31.62
16  5  2  24
17  5  2  20.88
18  5  2  25.44
19  5  2  10.32
20  5  2  44.28
1  6  2  29.82
2  6  2  28.52
3  6  2  24.51
4  6  2  22.96
5  6  2  41.76
6  6  2  16.5
7  6  2  20.67
8  6  2  39.53
9  6  2  9
10  6  2  34.98
11  6  2  33.84
12  6  2  36.45
13  6  2  51.33
14  6  2  37.84
15  6  2  37.23
16  6  2  34.2
17  6  2  27.26
18  6  2  45.05
19  6  2  21.5
20  6  2  15.66
1  7  2  23.94
2  7  2  19.32
3  7  2  30.1
4  7  2  29.11
5  7  2  13.92
6  7  2  39.6
7  7  2  31.8
8  7  2  25.96
9  7  2  40
10  7  2  35.51
11  7  2  16.45
12  7  2  10.8
13  7  2  37.17
14  7  2  31.82
15  7  2  19.89
16  7  2  22.2
17  7  2  27.26
18  7  2  46.11
19  7  2  22.79
20  7  2  9.18
1  8  2  17.22
2  8  2  19.78
3  8  2  26.66
4  8  2  23.78
5  8  2  36.48
6  8  2  28.05
7  8  2  22.26
8  8  2  34.22
9  8  2  34.5
10  8  2  15.37
11  8  2  20.21
12  8  2  6.75
13  8  2  18.88
14  8  2  38.27
15  8  2  23.46
16  8  2  19.2
17  8  2  21.46
18  8  2  33.92
19  8  2  22.79
20  8  2  14.58
1  9  2  37.8
2  9  2  10.12
3  9  2  37.84
4  9  2  17.63
5  9  2  34.08
6  9  2  47.3
7  9  2  32.86
8  9  2  20.65
9  9  2  22.5
10  9  2  25.97
11  9  2  25.38
12  9  2  13.95
13  9  2  43.07
14  9  2  36.12
15  9  2  20.91
16  9  2  18
17  9  2  38.28
18  9  2  27.03
19  9  2  18.49
20  9  2  25.38
1  10  2  24.78
2  10  2  5.52
3  10  2  38.27
4  10  2  34.03
5  10  2  18.24
6  10  2  26.4
7  10  2  29.15
8  10  2  40.12
9  10  2  13
10  10  2  28.62
11  10  2  21.15
12  10  2  12.15
13  10  2  8.85
14  10  2  22.36
15  10  2  41.82
16  10  2  47.4
17  10  2  34.8
18  10  2  39.22
19  10  2  23.65
20  10  2  40.5
1  11  2  35.7
2  11  2  7.36
3  11  2  28.38
4  11  2  9.43
5  11  2  23.04
6  11  2  20.35
7  11  2  13.25
8  11  2  21.83
9  11  2  11
10  11  2  23.85
11  11  2  8.93
12  11  2  16.2
13  11  2  19.47
14  11  2  37.84
15  11  2  43.86
16  11  2  31.8
17  11  2  11.02
18  11  2  14.84
19  11  2  27.52
20  11  2  32.94
1  12  2  33.6
2  12  2  10.12
3  12  2  8.17
4  12  2  9.02
5  12  2  42.24
6  12  2  38.5
7  12  2  8.48
8  12  2  51.92
9  12  2  34.5
10  12  2  33.92
11  12  2  33.37
12  12  2  28.35
13  12  2  21.24
14  12  2  13.33
15  12  2  13.77
16  12  2  37.8
17  12  2  8.12
18  12  2  42.93
19  12  2  21.93
20  12  2  29.7
1  13  2  7.14
2  13  2  40.94
3  13  2  32.68
4  13  2  24.19
5  13  2  7.68
6  13  2  32.45
7  13  2  36.04
8  13  2  25.37
9  13  2  17
10  13  2  45.05
11  13  2  29.61
12  13  2  21.6
13  13  2  15.34
14  13  2  21.93
15  13  2  37.23
16  13  2  18.6
17  13  2  25.52
18  13  2  36.04
19  13  2  23.65
20  13  2  35.1
1  14  2  13.44
2  14  2  10.58
3  14  2  29.67
4  14  2  31.16
5  14  2  30.72
6  14  2  33
7  14  2  27.56
8  14  2  28.32
9  14  2  27.5
10  14  2  32.86
11  14  2  37.13
12  14  2  12.15
13  14  2  33.63
14  14  2  21.07
15  14  2  23.46
16  14  2  49.2
17  14  2  49.3
18  14  2  40.28
19  14  2  7.31
20  14  2  19.44
1  15  2  5.88
2  15  2  31.28
3  15  2  36.55
4  15  2  16.4
5  15  2  20.16
6  15  2  32.45
7  15  2  27.03
8  15  2  36.58
9  15  2  27
10  15  2  12.19
11  15  2  39.95
12  15  2  34.65
13  15  2  32.45
14  15  2  21.5
15  15  2  26.52
16  15  2  52.8
17  15  2  10.44
18  15  2  10.07
19  15  2  20.64
20  15  2  24.84
1  16  2  9.24
2  16  2  12.42
3  16  2  7.31
4  16  2  20.09
5  16  2  19.68
6  16  2  36.3
7  16  2  6.36
8  16  2  42.48
9  16  2  33.5
10  16  2  15.37
11  16  2  22.56
12  16  2  12.15
13  16  2  5.9
14  16  2  15.48
15  16  2  43.86
16  16  2  27
17  16  2  6.38
18  16  2  29.15
19  16  2  9.89
20  16  2  34.02
1  17  2  29.4
2  17  2  13.8
3  17  2  30.53
4  17  2  12.71
5  17  2  43.2
6  17  2  32.45
7  17  2  24.91
8  17  2  18.29
9  17  2  44.5
10  17  2  21.73
11  17  2  35.72
12  17  2  30.6
13  17  2  38.35
14  17  2  28.38
15  17  2  11.73
16  17  2  48.6
17  17  2  37.7
18  17  2  42.4
19  17  2  29.24
20  17  2  19.44
1  18  2  17.64
2  18  2  23
3  18  2  17.2
4  18  2  11.07
5  18  2  24.48
6  18  2  38.5
7  18  2  26.5
8  18  2  14.16
9  18  2  24.5
10  18  2  18.55
11  18  2  7.99
12  18  2  28.35
13  18  2  20.06
14  18  2  13.76
15  18  2  33.15
16  18  2  47.4
17  18  2  40.02
18  18  2  40.28
19  18  2  38.27
20  18  2  21.06
1  19  2  27.72
2  19  2  4.6
3  19  2  21.07
4  19  2  23.37
5  19  2  30.24
6  19  2  34.65
7  19  2  15.9
8  19  2  52.51
9  19  2  35
10  19  2  29.68
11  19  2  15.98
12  19  2  12.6
13  19  2  29.5
14  19  2  20.21
15  19  2  19.89
16  19  2  13.8
17  19  2  16.82
18  19  2  7.95
19  19  2  36.12
20  19  2  35.64
1  20  2  7.14
2  20  2  5.98
3  20  2  23.65
4  20  2  30.75
5  20  2  9.12
6  20  2  47.85
7  20  2  40.81
8  20  2  43.66
9  20  2  26.5
10  20  2  47.17
11  20  2  7.52
12  20  2  31.5
13  20  2  24.78
14  20  2  27.95
15  20  2  8.16
16  20  2  6.6
17  20  2  46.98
18  20  2  28.62
19  20  2  18.06
20  20  2  22.14
1  21  2  26.46
2  21  2  26.22
3  21  2  8.17
4  21  2  18.45
5  21  2  28.8
6  21  2  27.5
7  21  2  45.05
8  21  2  21.24
9  21  2  45
10  21  2  16.43
11  21  2  17.86
12  21  2  36.9
13  21  2  35.4
14  21  2  11.18
15  21  2  17.34
16  21  2  25.2
17  21  2  33.64
18  21  2  47.17
19  21  2  30.1
20  21  2  23.76
1  22  2  17.22
2  22  2  37.26
3  22  2  7.31
4  22  2  20.5
5  22  2  8.64
6  22  2  12.65
7  22  2  47.17
8  22  2  21.24
9  22  2  9.5
10  22  2  29.68
11  22  2  35.25
12  22  2  30.6
13  22  2  36.58
14  22  2  22.79
15  22  2  35.7
16  22  2  22.2
17  22  2  33.06
18  22  2  38.69
19  22  2  19.35
20  22  2  14.58
1  23  2  18.9
2  23  2  11.96
3  23  2  23.22
4  23  2  26.24
5  23  2  6.24
6  23  2  23.65
7  23  2  33.39
8  23  2  15.34
9  23  2  43.5
10  23  2  17.49
11  23  2  31.02
12  23  2  19.35
13  23  2  8.85
14  23  2  17.63
15  23  2  37.23
16  23  2  42
17  23  2  24.94
18  23  2  15.37
19  23  2  33.54
20  23  2  37.8
1  24  2  31.08
2  24  2  40.48
3  24  2  7.31
4  24  2  29.11
5  24  2  25.92
6  24  2  23.65
7  24  2  15.37
8  24  2  38.35
9  24  2  10
10  24  2  44.52
11  24  2  41.83
12  24  2  30.15
13  24  2  35.4
14  24  2  31.82
15  24  2  34.17
16  24  2  12
17  24  2  9.28
18  24  2  21.73
19  24  2  19.78
20  24  2  38.88
1  25  2  14.28
2  25  2  23.92
3  25  2  9.03
4  25  2  20.91
5  25  2  11.04
6  25  2  11
7  25  2  25.97
8  25  2  14.75
9  25  2  9.5
10  25  2  10.07
11  25  2  39.48
12  25  2  38.7
13  25  2  28.91
14  25  2  9.89
15  25  2  8.67
16  25  2  52.2
17  25  2  39.44
18  25  2  10.6
19  25  2  29.24
20  25  2  24.3
1  26  2  17.22
2  26  2  28.98
3  26  2  35.26
4  26  2  25.42
5  26  2  35.04
6  26  2  18.7
7  26  2  32.33
8  26  2  18.88
9  26  2  42
10  26  2  25.44
11  26  2  7.99
12  26  2  38.25
13  26  2  5.9
14  26  2  27.09
15  26  2  22.44
16  26  2  15.6
17  26  2  45.82
18  26  2  9.54
19  26  2  27.09
20  26  2  8.1
1  27  2  34.02
2  27  2  11.96
3  27  2  13.33
4  27  2  7.79
5  27  2  10.08
6  27  2  35.2
7  27  2  7.42
8  27  2  35.99
9  27  2  43
10  27  2  39.22
11  27  2  9.4
12  27  2  24.75
13  27  2  5.9
14  27  2  15.05
15  27  2  42.84
16  27  2  30.6
17  27  2  21.46
18  27  2  19.08
19  27  2  6.45
20  27  2  34.02
1  28  2  34.86
2  28  2  7.82
3  28  2  33.97
4  28  2  10.66
5  28  2  35.04
6  28  2  9.9
7  28  2  8.48
8  28  2  10.62
9  28  2  31.5
10  28  2  40.28
11  28  2  6.58
12  28  2  5.4
13  28  2  28.91
14  28  2  15.91
15  28  2  22.44
16  28  2  39.6
17  28  2  46.4
18  28  2  37.1
19  28  2  25.37
20  28  2  23.76
1  29  2  30.66
2  29  2  21.16
3  29  2  5.59
4  29  2  20.09
5  29  2  20.64
6  29  2  45.65
7  29  2  13.25
8  29  2  9.44
9  29  2  27.5
10  29  2  21.2
11  29  2  27.73
12  29  2  6.3
13  29  2  43.66
14  29  2  21.5
15  29  2  9.69
16  29  2  43.2
17  29  2  44.08
18  29  2  22.79
19  29  2  12.47
20  29  2  45.9
1  30  2  14.7
2  30  2  15.64
3  30  2  22.79
4  30  2  24.6
5  30  2  16.8
6  30  2  44.55
7  30  2  15.37
8  30  2  41.3
9  30  2  11
10  30  2  17.49
11  30  2  36.19
12  30  2  11.25
13  30  2  39.53
14  30  2  25.37
15  30  2  16.32
16  30  2  37.8
17  30  2  14.5
18  30  2  41.87
19  30  2  22.79
20  30  2  37.8
1  31  2  4.62
2  31  2  24.38
3  31  2  29.24
4  31  2  32.8
5  31  2  19.68
6  31  2  10.45
7  31  2  38.16
8  31  2  21.83
9  31  2  33
10  31  2  21.2
11  31  2  27.26
12  31  2  18
13  31  2  16.52
14  31  2  14.19
15  31  2  32.13
16  31  2  19.8
17  31  2  36.54
18  31  2  30.21
19  31  2  10.32
20  31  2  21.06
1  32  2  9.66
2  32  2  27.6
3  32  2  4.3
4  32  2  9.43
5  32  2  39.36
6  32  2  35.75
7  32  2  5.3
8  32  2  34.81
9  32  2  21.5
10  32  2  47.17
11  32  2  18.33
12  32  2  25.2
13  32  2  24.78
14  32  2  5.59
15  32  2  39.27
16  32  2  52.8
17  32  2  9.28
18  32  2  33.92
19  32  2  38.27
20  32  2  21.6
1  33  2  12.6
2  33  2  15.18
3  33  2  31.39
4  33  2  27.06
5  33  2  30.24
6  33  2  25.3
7  33  2  7.42
8  33  2  28.32
9  33  2  28.5
10  33  2  23.85
11  33  2  41.36
12  33  2  28.8
13  33  2  39.53
14  33  2  31.82
15  33  2  19.89
16  33  2  23.4
17  33  2  35.96
18  33  2  28.09
19  33  2  28.38
20  33  2  11.88
1  34  2  20.16
2  34  2  16.56
3  34  2  18.49
4  34  2  22.14
5  34  2  36
6  34  2  42.9
7  34  2  40.28
8  34  2  41.3
9  34  2  45
10  34  2  40.28
11  34  2  14.57
12  34  2  37.35
13  34  2  19.47
14  34  2  11.18
15  34  2  43.86
16  34  2  14.4
17  34  2  31.9
18  34  2  9.01
19  34  2  14.19
20  34  2  34.02
1  35  2  16.8
2  35  2  4.6
3  35  2  10.75
4  35  2  34.85
5  35  2  38.4
6  35  2  13.75
7  35  2  10.6
8  35  2  35.4
9  35  2  5.5
10  35  2  7.95
11  35  2  41.36
12  35  2  32.85
13  35  2  47.79
14  35  2  19.35
15  35  2  11.22
16  35  2  34.8
17  35  2  48.14
18  35  2  21.73
19  35  2  27.52
20  35  2  12.96
1  36  2  5.04
2  36  2  7.82
3  36  2  27.52
4  36  2  23.37
5  36  2  39.84
6  36  2  35.2
7  36  2  18.55
8  36  2  20.06
9  36  2  30
10  36  2  23.32
11  36  2  25.38
12  36  2  36.45
13  36  2  8.85
14  36  2  17.63
15  36  2  38.76
16  36  2  29.4
17  36  2  44.08
18  36  2  24.38
19  36  2  24.08
20  36  2  43.74
1  37  2  37.8
2  37  2  40.02
3  37  2  36.55
4  37  2  35.26
5  37  2  41.28
6  37  2  29.15
7  37  2  13.78
8  37  2  50.15
9  37  2  10.5
10  37  2  5.83
11  37  2  21.62
12  37  2  27.9
13  37  2  35.4
14  37  2  22.79
15  37  2  33.66
16  37  2  17.4
17  37  2  22.04
18  37  2  7.42
19  37  2  32.68
20  37  2  5.4
1  38  2  7.56
2  38  2  11.5
3  38  2  14.62
4  38  2  33.21
5  38  2  29.76
6  38  2  26.95
7  38  2  12.72
8  38  2  28.91
9  38  2  37.5
10  38  2  21.2
11  38  2  38.54
12  38  2  9
13  38  2  34.22
14  38  2  17.63
15  38  2  31.62
16  38  2  51.6
17  38  2  41.18
18  38  2  36.04
19  38  2  12.9
20  38  2  7.56
1  39  2  32.34
2  39  2  30.36
3  39  2  35.69
4  39  2  16.4
5  39  2  19.68
6  39  2  18.7
7  39  2  12.72
8  39  2  10.62
9  39  2  8
10  39  2  22.79
11  39  2  23.5
12  39  2  4.5
13  39  2  43.66
14  39  2  18.92
15  39  2  28.56
16  39  2  29.4
17  39  2  40.02
18  39  2  18.02
19  39  2  12.04
20  39  2  38.88
1  40  2  36.12
2  40  2  29.44
3  40  2  16.77
4  40  2  18.86
5  40  2  41.28
6  40  2  47.3
7  40  2  46.11
8  40  2  44.84
9  40  2  18
10  40  2  29.15
11  40  2  39.48
12  40  2  10.8
13  40  2  34.22
14  40  2  9.46
15  40  2  5.1
16  40  2  49.8
17  40  2  9.28
18  40  2  47.7
19  40  2  13.33
20  40  2  7.02
1  41  2  32.34
2  41  2  18.86
3  41  2  22.79
4  41  2  11.48
5  41  2  12.96
6  41  2  8.8
7  41  2  29.15
8  41  2  48.97
9  41  2  15
10  41  2  42.93
11  41  2  39.95
12  41  2  27.45
13  41  2  46.02
14  41  2  11.61
15  41  2  39.78
16  41  2  12
17  41  2  29.58
18  41  2  8.48
19  41  2  11.61
20  41  2  43.2
1  42  2  9.66
2  42  2  33.12
3  42  2  25.37
4  42  2  20.09
5  42  2  34.08
6  42  2  20.35
7  42  2  38.16
8  42  2  35.99
9  42  2  7.5
10  42  2  25.97
11  42  2  8.93
12  42  2  34.2
13  42  2  12.98
14  42  2  5.16
15  42  2  36.21
16  42  2  21
17  42  2  19.72
18  42  2  5.83
19  42  2  37.84
20  42  2  38.88
1  43  2  10.5
2  43  2  13.8
3  43  2  18.92
4  43  2  31.16
5  43  2  39.36
6  43  2  28.05
7  43  2  41.34
8  43  2  21.83
9  43  2  16
10  43  2  37.63
11  43  2  32.43
12  43  2  20.7
13  43  2  51.33
14  43  2  22.79
15  43  2  9.18
16  43  2  25.8
17  43  2  33.64
18  43  2  13.78
19  43  2  36.98
20  43  2  9.18
1  44  2  15.96
2  44  2  12.42
3  44  2  8.6
4  44  2  9.43
5  44  2  23.52
6  44  2  49.5
7  44  2  25.44
8  44  2  31.86
9  44  2  25.5
10  44  2  33.92
11  44  2  29.61
12  44  2  33.75
13  44  2  37.17
14  44  2  29.24
15  44  2  41.82
16  44  2  25.2
17  44  2  29
18  44  2  39.75
19  44  2  35.26
20  44  2  24.84
1  45  2  26.88
2  45  2  33.58
3  45  2  26.66
4  45  2  34.03
5  45  2  18.72
6  45  2  12.65
7  45  2  5.83
8  45  2  9.44
9  45  2  21
10  45  2  39.75
11  45  2  33.84
12  45  2  5.4
13  45  2  47.79
14  45  2  4.3
15  45  2  19.38
16  45  2  52.8
17  45  2  13.34
18  45  2  25.44
19  45  2  5.16
20  45  2  30.78
1  46  2  35.7
2  46  2  36.34
3  46  2  30.96
4  46  2  32.39
5  46  2  12.96
6  46  2  12.65
7  46  2  19.08
8  46  2  22.42
9  46  2  5
10  46  2  47.7
11  46  2  9.4
12  46  2  5.4
13  46  2  11.21
14  46  2  17.2
15  46  2  11.22
16  46  2  15
17  46  2  43.5
18  46  2  18.55
19  46  2  14.62
20  46  2  31.86
1  47  2  9.24
2  47  2  15.64
3  47  2  22.36
4  47  2  6.56
5  47  2  13.44
6  47  2  12.1
7  47  2  13.78
8  47  2  49.56
9  47  2  10
10  47  2  40.81
11  47  2  41.83
12  47  2  18.45
13  47  2  41.89
14  47  2  12.04
15  47  2  37.74
16  47  2  42.6
17  47  2  35.96
18  47  2  17.49
19  47  2  15.91
20  47  2  14.04
1  48  2  35.7
2  48  2  34.96
3  48  2  25.8
4  48  2  35.26
5  48  2  14.4
6  48  2  17.6
7  48  2  42.4
8  48  2  46.02
9  48  2  42
10  48  2  13.78
11  48  2  30.08
12  48  2  15.3
13  48  2  28.91
14  48  2  36.55
15  48  2  27.03
16  48  2  51.6
17  48  2  30.74
18  48  2  47.17
19  48  2  11.61
20  48  2  11.88
1  49  2  31.5
2  49  2  23
3  49  2  15.05
4  49  2  35.67
5  49  2  24.48
6  49  2  37.95
7  49  2  20.67
8  49  2  14.75
9  49  2  16
10  49  2  42.4
11  49  2  38.07
12  49  2  15.75
13  49  2  16.52
14  49  2  16.77
15  49  2  17.34
16  49  2  33.6
17  49  2  47.56
18  49  2  37.63
19  49  2  38.27
20  49  2  27
1  50  2  9.66
2  50  2  17.02
3  50  2  24.94
4  50  2  35.26
5  50  2  11.52
6  50  2  34.65
7  50  2  19.08
8  50  2  44.25
9  50  2  35
10  50  2  10.6
11  50  2  6.58
12  50  2  12.6
13  50  2  30.09
14  50  2  34.83
15  50  2  21.93
16  50  2  9.6
17  50  2  8.12
18  50  2  10.6
19  50  2  14.62
20  50  2  26.46
;

param xi_base :=
1  1  20
2  1  56
3  1  21
4  1  80
5  1  36
6  1  62
7  1  22
8  1  54
9  1  32
10  1  89
11  1  41
12  1  49
13  1  81
14  1  21
15  1  18
16  1  69
17  1  14
18  1  33
19  1  60
20  1  66
1  2  43
2  2  15
3  2  31
4  2  84
5  2  26
6  2  22
7  2  12
8  2  27
9  2  61
10  2  56
11  2  20
12  2  49
13  2  49
14  2  16
15  2  11
16  2  40
17  2  61
18  2  56
19  2  47
20  2  46
1  3  67
2  3  88
3  3  62
4  3  33
5  3  37
6  3  43
7  3  85
8  3  18
9  3  54
10  3  48
11  3  88
12  3  57
13  3  13
14  3  50
15  3  12
16  3  36
17  3  26
18  3  50
19  3  64
20  3  86
1  4  67
2  4  28
3  4  16
4  4  57
5  4  73
6  4  72
7  4  70
8  4  32
9  4  55
10  4  19
11  4  16
12  4  83
13  4  67
14  4  88
15  4  22
16  4  23
17  4  70
18  4  69
19  4  67
20  4  40
1  5  59
2  5  81
3  5  75
4  5  43
5  5  80
6  5  31
7  5  58
8  5  41
9  5  79
10  5  54
11  5  72
12  5  71
13  5  62
14  5  20
15  5  62
16  5  40
17  5  36
18  5  48
19  5  24
20  5  82
1  6  71
2  6  62
3  6  57
4  6  56
5  6  87
6  6  30
7  6  39
8  6  67
9  6  18
10  6  66
11  6  72
12  6  81
13  6  87
14  6  88
15  6  73
16  6  57
17  6  47
18  6  85
19  6  50
20  6  29
1  7  57
2  7  42
3  7  70
4  7  71
5  7  29
6  7  72
7  7  60
8  7  44
9  7  80
10  7  67
11  7  35
12  7  24
13  7  63
14  7  74
15  7  39
16  7  37
17  7  47
18  7  87
19  7  53
20  7  17
1  8  41
2  8  43
3  8  62
4  8  58
5  8  76
6  8  51
7  8  42
8  8  58
9  8  69
10  8  29
11  8  43
12  8  15
13  8  32
14  8  89
15  8  46
16  8  32
17  8  37
18  8  64
19  8  53
20  8  27
1  9  90
2  9  22
3  9  88
4  9  43
5  9  71
6  9  86
7  9  62
8  9  35
9  9  45
10  9  49
11  9  54
12  9  31
13  9  73
14  9  84
15  9  41
16  9  30
17  9  66
18  9  51
19  9  43
20  9  47
1  10  59
2  10  12
3  10  89
4  10  83
5  10  38
6  10  48
7  10  55
8  10  68
9  10  26
10  10  54
11  10  45
12  10  27
13  10  15
14  10  52
15  10  82
16  10  79
17  10  60
18  10  74
19  10  55
20  10  75
1  11  85
2  11  16
3  11  66
4  11  23
5  11  48
6  11  37
7  11  25
8  11  37
9  11  22
10  11  45
11  11  19
12  11  36
13  11  33
14  11  88
15  11  86
16  11  53
17  11  19
18  11  28
19  11  64
20  11  61
1  12  80
2  12  22
3  12  19
4  12  22
5  12  88
6  12  70
7  12  16
8  12  88
9  12  69
10  12  64
11  12  71
12  12  63
13  12  36
14  12  31
15  12  27
16  12  63
17  12  14
18  12  81
19  12  51
20  12  55
1  13  17
2  13  89
3  13  76
4  13  59
5  13  16
6  13  59
7  13  68
8  13  43
9  13  34
10  13  85
11  13  63
12  13  48
13  13  26
14  13  51
15  13  73
16  13  31
17  13  44
18  13  68
19  13  55
20  13  65
1  14  32
2  14  23
3  14  69
4  14  76
5  14  64
6  14  60
7  14  52
8  14  48
9  14  55
10  14  62
11  14  79
12  14  27
13  14  57
14  14  49
15  14  46
16  14  82
17  14  85
18  14  76
19  14  17
20  14  36
1  15  14
2  15  68
3  15  85
4  15  40
5  15  42
6  15  59
7  15  51
8  15  62
9  15  54
10  15  23
11  15  85
12  15  77
13  15  55
14  15  50
15  15  52
16  15  88
17  15  18
18  15  19
19  15  48
20  15  46
1  16  22
2  16  27
3  16  17
4  16  49
5  16  41
6  16  66
7  16  12
8  16  72
9  16  67
10  16  29
11  16  48
12  16  27
13  16  10
14  16  36
15  16  86
16  16  45
17  16  11
18  16  55
19  16  23
20  16  63
1  17  70
2  17  30
3  17  71
4  17  31
5  17  90
6  17  59
7  17  47
8  17  31
9  17  89
10  17  41
11  17  76
12  17  68
13  17  65
14  17  66
15  17  23
16  17  81
17  17  65
18  17  80
19  17  68
20  17  36
1  18  42
2  18  50
3  18  40
4  18  27
5  18  51
6  18  70
7  18  50
8  18  24
9  18  49
10  18  35
11  18  17
12  18  63
13  18  34
14  18  32
15  18  65
16  18  79
17  18  69
18  18  76
19  18  89
20  18  39
1  19  66
2  19  10
3  19  49
4  19  57
5  19  63
6  19  63
7  19  30
8  19  89
9  19  70
10  19  56
11  19  34
12  19  28
13  19  50
14  19  47
15  19  39
16  19  23
17  19  29
18  19  15
19  19  84
20  19  66
1  20  17
2  20  13
3  20  55
4  20  75
5  20  19
6  20  87
7  20  77
8  20  74
9  20  53
10  20  89
11  20  16
12  20  70
13  20  42
14  20  65
15  20  16
16  20  11
17  20  81
18  20  54
19  20  42
20  20  41
1  21  63
2  21  57
3  21  19
4  21  45
5  21  60
6  21  50
7  21  85
8  21  36
9  21  90
10  21  31
11  21  38
12  21  82
13  21  60
14  21  26
15  21  34
16  21  42
17  21  58
18  21  89
19  21  70
20  21  44
1  22  41
2  22  81
3  22  17
4  22  50
5  22  18
6  22  23
7  22  89
8  22  36
9  22  19
10  22  56
11  22  75
12  22  68
13  22  62
14  22  53
15  22  70
16  22  37
17  22  57
18  22  73
19  22  45
20  22  27
1  23  45
2  23  26
3  23  54
4  23  64
5  23  13
6  23  43
7  23  63
8  23  26
9  23  87
10  23  33
11  23  66
12  23  43
13  23  15
14  23  41
15  23  73
16  23  70
17  23  43
18  23  29
19  23  78
20  23  70
1  24  74
2  24  88
3  24  17
4  24  71
5  24  54
6  24  43
7  24  29
8  24  65
9  24  20
10  24  84
11  24  89
12  24  67
13  24  60
14  24  74
15  24  67
16  24  20
17  24  16
18  24  41
19  24  46
20  24  72
1  25  34
2  25  52
3  25  21
4  25  51
5  25  23
6  25  20
7  25  49
8  25  25
9  25  19
10  25  19
11  25  84
12  25  86
13  25  49
14  25  23
15  25  17
16  25  87
17  25  68
18  25  20
19  25  68
20  25  45
1  26  41
2  26  63
3  26  82
4  26  62
5  26  73
6  26  34
7  26  61
8  26  32
9  26  84
10  26  48
11  26  17
12  26  85
13  26  10
14  26  63
15  26  44
16  26  26
17  26  79
18  26  18
19  26  63
20  26  15
1  27  81
2  27  26
3  27  31
4  27  19
5  27  21
6  27  64
7  27  14
8  27  61
9  27  86
10  27  74
11  27  20
12  27  55
13  27  10
14  27  35
15  27  84
16  27  51
17  27  37
18  27  36
19  27  15
20  27  63
1  28  83
2  28  17
3  28  79
4  28  26
5  28  73
6  28  18
7  28  16
8  28  18
9  28  63
10  28  76
11  28  14
12  28  12
13  28  49
14  28  37
15  28  44
16  28  66
17  28  80
18  28  70
19  28  59
20  28  44
1  29  73
2  29  46
3  29  13
4  29  49
5  29  43
6  29  83
7  29  25
8  29  16
9  29  55
10  29  40
11  29  59
12  29  14
13  29  74
14  29  50
15  29  19
16  29  72
17  29  76
18  29  43
19  29  29
20  29  85
1  30  35
2  30  34
3  30  53
4  30  60
5  30  35
6  30  81
7  30  29
8  30  70
9  30  22
10  30  33
11  30  77
12  30  25
13  30  67
14  30  59
15  30  32
16  30  63
17  30  25
18  30  79
19  30  53
20  30  70
1  31  11
2  31  53
3  31  68
4  31  80
5  31  41
6  31  19
7  31  72
8  31  37
9  31  66
10  31  40
11  31  58
12  31  40
13  31  28
14  31  33
15  31  63
16  31  33
17  31  63
18  31  57
19  31  24
20  31  39
1  32  23
2  32  60
3  32  10
4  32  23
5  32  82
6  32  65
7  32  10
8  32  59
9  32  43
10  32  89
11  32  39
12  32  56
13  32  42
14  32  13
15  32  77
16  32  88
17  32  16
18  32  64
19  32  89
20  32  40
1  33  30
2  33  33
3  33  73
4  33  66
5  33  63
6  33  46
7  33  14
8  33  48
9  33  57
10  33  45
11  33  88
12  33  64
13  33  67
14  33  74
15  33  39
16  33  39
17  33  62
18  33  53
19  33  66
20  33  22
1  34  48
2  34  36
3  34  43
4  34  54
5  34  75
6  34  78
7  34  76
8  34  70
9  34  90
10  34  76
11  34  31
12  34  83
13  34  33
14  34  26
15  34  86
16  34  24
17  34  55
18  34  17
19  34  33
20  34  63
1  35  40
2  35  10
3  35  25
4  35  85
5  35  80
6  35  25
7  35  20
8  35  60
9  35  11
10  35  15
11  35  88
12  35  73
13  35  81
14  35  45
15  35  22
16  35  58
17  35  83
18  35  41
19  35  64
20  35  24
1  36  12
2  36  17
3  36  64
4  36  57
5  36  83
6  36  64
7  36  35
8  36  34
9  36  60
10  36  44
11  36  54
12  36  81
13  36  15
14  36  41
15  36  76
16  36  49
17  36  76
18  36  46
19  36  56
20  36  81
1  37  90
2  37  87
3  37  85
4  37  86
5  37  86
6  37  53
7  37  26
8  37  85
9  37  21
10  37  11
11  37  46
12  37  62
13  37  60
14  37  53
15  37  66
16  37  29
17  37  38
18  37  14
19  37  76
20  37  10
1  38  18
2  38  25
3  38  34
4  38  81
5  38  62
6  38  49
7  38  24
8  38  49
9  38  75
10  38  40
11  38  82
12  38  20
13  38  58
14  38  41
15  38  62
16  38  86
17  38  71
18  38  68
19  38  30
20  38  14
1  39  77
2  39  66
3  39  83
4  39  40
5  39  41
6  39  34
7  39  24
8  39  18
9  39  16
10  39  43
11  39  50
12  39  10
13  39  74
14  39  44
15  39  56
16  39  49
17  39  69
18  39  34
19  39  28
20  39  72
1  40  86
2  40  64
3  40  39
4  40  46
5  40  86
6  40  86
7  40  87
8  40  76
9  40  36
10  40  55
11  40  84
12  40  24
13  40  58
14  40  22
15  40  10
16  40  83
17  40  16
18  40  90
19  40  31
20  40  13
1  41  77
2  41  41
3  41  53
4  41  28
5  41  27
6  41  16
7  41  55
8  41  83
9  41  30
10  41  81
11  41  85
12  41  61
13  41  78
14  41  27
15  41  78
16  41  20
17  41  51
18  41  16
19  41  27
20  41  80
1  42  23
2  42  72
3  42  59
4  42  49
5  42  71
6  42  37
7  42  72
8  42  61
9  42  15
10  42  49
11  42  19
12  42  76
13  42  22
14  42  12
15  42  71
16  42  35
17  42  34
18  42  11
19  42  88
20  42  72
1  43  25
2  43  30
3  43  44
4  43  76
5  43  82
6  43  51
7  43  78
8  43  37
9  43  32
10  43  71
11  43  69
12  43  46
13  43  87
14  43  53
15  43  18
16  43  43
17  43  58
18  43  26
19  43  86
20  43  17
1  44  38
2  44  27
3  44  20
4  44  23
5  44  49
6  44  90
7  44  48
8  44  54
9  44  51
10  44  64
11  44  63
12  44  75
13  44  63
14  44  68
15  44  82
16  44  42
17  44  50
18  44  75
19  44  82
20  44  46
1  45  64
2  45  73
3  45  62
4  45  83
5  45  39
6  45  23
7  45  11
8  45  16
9  45  42
10  45  75
11  45  72
12  45  12
13  45  81
14  45  10
15  45  38
16  45  88
17  45  23
18  45  48
19  45  12
20  45  57
1  46  85
2  46  79
3  46  72
4  46  79
5  46  27
6  46  23
7  46  36
8  46  38
9  46  10
10  46  90
11  46  20
12  46  12
13  46  19
14  46  40
15  46  22
16  46  25
17  46  75
18  46  35
19  46  34
20  46  59
1  47  22
2  47  34
3  47  52
4  47  16
5  47  28
6  47  22
7  47  26
8  47  84
9  47  20
10  47  77
11  47  89
12  47  41
13  47  71
14  47  28
15  47  74
16  47  71
17  47  62
18  47  33
19  47  37
20  47  26
1  48  85
2  48  76
3  48  60
4  48  86
5  48  30
6  48  32
7  48  80
8  48  78
9  48  84
10  48  26
11  48  64
12  48  34
13  48  49
14  48  85
15  48  53
16  48  86
17  48  53
18  48  89
19  48  27
20  48  22
1  49  75
2  49  50
3  49  35
4  49  87
5  49  51
6  49  69
7  49  39
8  49  25
9  49  32
10  49  80
11  49  81
12  49  35
13  49  28
14  49  39
15  49  34
16  49  56
17  49  82
18  49  71
19  49  89
20  49  50
1  50  23
2  50  37
3  50  58
4  50  86
5  50  24
6  50  63
7  50  36
8  50  75
9  50  70
10  50  20
11  50  14
12  50  28
13  50  51
14  50  81
15  50  43
16  50  16
17  50  14
18  50  20
19  50  34
20  50  49
;

param a :=
1  1  1
2  1  0.42
1  2  1
2  2  0.46
1  3  1
2  3  0.43
1  4  1
2  4  0.41
1  5  1
2  5  0.48
1  6  1
2  6  0.55
1  7  1
2  7  0.53
1  8  1
2  8  0.59
1  9  1
2  9  0.5
1  10  1
2  10  0.53
1  11  1
2  11  0.47
1  12  1
2  12  0.45
1  13  1
2  13  0.59
1  14  1
2  14  0.43
1  15  1
2  15  0.51
1  16  1
2  16  0.6
1  17  1
2  17  0.58
1  18  1
2  18  0.53
1  19  1
2  19  0.43
1  20  1
2  20  0.54
;

