param com_measure1 := 1;

param com_measure2 := 1;

param kappa_max := 1163.62;

param U_tau := 655.332;

param nT := 2;

param nS := 50;

param nL := 30;

param B := 2239.63;

param w :=
1  3
2  2
3  3
4  2
5  1
6  1
7  1
8  2
9  3
10  3
11  3
12  1
13  1
14  2
15  1
16  2
17  1
18  2
19  1
20  3
21  3
22  2
23  3
24  3
25  3
26  1
27  3
28  3
29  2
30  2
;

param h :=
1  1  0
1  2  0
1  3  0
1  4  0
1  5  0
1  6  0
1  7  0
1  8  0
1  9  0
1  10  0
1  11  0
1  12  0
1  13  0
1  14  0
1  15  0
1  16  0
1  17  0
1  18  0
1  19  0
1  20  0
1  21  0
1  22  0
1  23  0
1  24  0
1  25  0
1  26  0
1  27  0
1  28  0
1  29  0
1  30  0
2  1  132.13
2  2  157.26
2  3  131.79
2  4  129.01
2  5  168.76
2  6  175.80
2  7  195.98
2  8  156.76
2  9  162.58
2  10  122.53
2  11  137.20
2  12  135.13
2  13  159.49
2  14  132.30
2  15  167.40
2  16  176.83
2  17  135.66
2  18  137.05
2  19  129.26
2  20  130.66
2  21  133.31
2  22  138.67
2  23  152.72
2  24  135.14
2  25  134.16
2  26  157.66
2  27  150.12
2  28  156.88
2  29  166.06
2  30  180.97
;

param xi :=
1  1  1  31
2  1  1  74
3  1  1  42
4  1  1  17
5  1  1  71
6  1  1  77
7  1  1  15
8  1  1  73
9  1  1  29
10  1  1  51
11  1  1  70
12  1  1  18
13  1  1  18
14  1  1  24
15  1  1  54
16  1  1  26
17  1  1  24
18  1  1  49
19  1  1  27
20  1  1  19
21  1  1  88
22  1  1  17
23  1  1  50
24  1  1  60
25  1  1  37
26  1  1  31
27  1  1  32
28  1  1  50
29  1  1  31
30  1  1  28
1  2  1  25
2  2  1  32
3  2  1  56
4  2  1  11
5  2  1  84
6  2  1  32
7  2  1  20
8  2  1  51
9  2  1  73
10  2  1  53
11  2  1  17
12  2  1  77
13  2  1  10
14  2  1  19
15  2  1  86
16  2  1  17
17  2  1  86
18  2  1  31
19  2  1  53
20  2  1  83
21  2  1  43
22  2  1  62
23  2  1  52
24  2  1  63
25  2  1  80
26  2  1  79
27  2  1  88
28  2  1  26
29  2  1  69
30  2  1  69
1  3  1  44
2  3  1  31
3  3  1  19
4  3  1  34
5  3  1  38
6  3  1  66
7  3  1  51
8  3  1  21
9  3  1  70
10  3  1  29
11  3  1  37
12  3  1  37
13  3  1  33
14  3  1  76
15  3  1  40
16  3  1  79
17  3  1  65
18  3  1  77
19  3  1  87
20  3  1  42
21  3  1  73
22  3  1  75
23  3  1  50
24  3  1  34
25  3  1  31
26  3  1  49
27  3  1  43
28  3  1  59
29  3  1  28
30  3  1  10
1  4  1  28
2  4  1  41
3  4  1  70
4  4  1  22
5  4  1  28
6  4  1  46
7  4  1  33
8  4  1  23
9  4  1  86
10  4  1  19
11  4  1  36
12  4  1  77
13  4  1  72
14  4  1  60
15  4  1  50
16  4  1  60
17  4  1  18
18  4  1  31
19  4  1  27
20  4  1  29
21  4  1  66
22  4  1  39
23  4  1  33
24  4  1  60
25  4  1  20
26  4  1  21
27  4  1  70
28  4  1  14
29  4  1  33
30  4  1  48
1  5  1  61
2  5  1  68
3  5  1  66
4  5  1  37
5  5  1  77
6  5  1  82
7  5  1  57
8  5  1  75
9  5  1  58
10  5  1  60
11  5  1  38
12  5  1  16
13  5  1  67
14  5  1  71
15  5  1  33
16  5  1  42
17  5  1  38
18  5  1  40
19  5  1  11
20  5  1  63
21  5  1  78
22  5  1  75
23  5  1  11
24  5  1  51
25  5  1  18
26  5  1  60
27  5  1  70
28  5  1  67
29  5  1  23
30  5  1  41
1  6  1  19
2  6  1  37
3  6  1  56
4  6  1  76
5  6  1  44
6  6  1  44
7  6  1  70
8  6  1  80
9  6  1  25
10  6  1  85
11  6  1  49
12  6  1  30
13  6  1  86
14  6  1  58
15  6  1  25
16  6  1  51
17  6  1  74
18  6  1  21
19  6  1  82
20  6  1  29
21  6  1  22
22  6  1  71
23  6  1  58
24  6  1  79
25  6  1  69
26  6  1  18
27  6  1  11
28  6  1  51
29  6  1  63
30  6  1  71
1  7  1  38
2  7  1  82
3  7  1  29
4  7  1  80
5  7  1  39
6  7  1  70
7  7  1  81
8  7  1  33
9  7  1  21
10  7  1  24
11  7  1  57
12  7  1  85
13  7  1  65
14  7  1  31
15  7  1  61
16  7  1  90
17  7  1  19
18  7  1  49
19  7  1  16
20  7  1  78
21  7  1  55
22  7  1  34
23  7  1  28
24  7  1  44
25  7  1  49
26  7  1  84
27  7  1  31
28  7  1  26
29  7  1  78
30  7  1  60
1  8  1  44
2  8  1  32
3  8  1  81
4  8  1  74
5  8  1  55
6  8  1  20
7  8  1  72
8  8  1  57
9  8  1  49
10  8  1  60
11  8  1  26
12  8  1  29
13  8  1  20
14  8  1  59
15  8  1  86
16  8  1  42
17  8  1  34
18  8  1  32
19  8  1  44
20  8  1  40
21  8  1  86
22  8  1  88
23  8  1  38
24  8  1  52
25  8  1  67
26  8  1  83
27  8  1  28
28  8  1  86
29  8  1  39
30  8  1  59
1  9  1  90
2  9  1  50
3  9  1  14
4  9  1  30
5  9  1  32
6  9  1  53
7  9  1  86
8  9  1  49
9  9  1  26
10  9  1  23
11  9  1  32
12  9  1  34
13  9  1  15
14  9  1  77
15  9  1  19
16  9  1  47
17  9  1  17
18  9  1  80
19  9  1  53
20  9  1  12
21  9  1  61
22  9  1  51
23  9  1  39
24  9  1  58
25  9  1  59
26  9  1  41
27  9  1  36
28  9  1  36
29  9  1  74
30  9  1  90
1  10  1  81
2  10  1  86
3  10  1  35
4  10  1  90
5  10  1  83
6  10  1  68
7  10  1  21
8  10  1  80
9  10  1  53
10  10  1  68
11  10  1  29
12  10  1  59
13  10  1  69
14  10  1  83
15  10  1  69
16  10  1  34
17  10  1  67
18  10  1  60
19  10  1  61
20  10  1  73
21  10  1  31
22  10  1  54
23  10  1  29
24  10  1  81
25  10  1  34
26  10  1  16
27  10  1  55
28  10  1  31
29  10  1  84
30  10  1  82
1  11  1  18
2  11  1  48
3  11  1  89
4  11  1  20
5  11  1  15
6  11  1  77
7  11  1  51
8  11  1  35
9  11  1  52
10  11  1  82
11  11  1  79
12  11  1  67
13  11  1  80
14  11  1  72
15  11  1  29
16  11  1  22
17  11  1  67
18  11  1  51
19  11  1  43
20  11  1  83
21  11  1  24
22  11  1  17
23  11  1  38
24  11  1  21
25  11  1  72
26  11  1  13
27  11  1  47
28  11  1  16
29  11  1  44
30  11  1  89
1  12  1  43
2  12  1  87
3  12  1  47
4  12  1  39
5  12  1  46
6  12  1  51
7  12  1  20
8  12  1  27
9  12  1  13
10  12  1  53
11  12  1  70
12  12  1  78
13  12  1  57
14  12  1  90
15  12  1  80
16  12  1  68
17  12  1  56
18  12  1  80
19  12  1  34
20  12  1  81
21  12  1  67
22  12  1  38
23  12  1  47
24  12  1  50
25  12  1  88
26  12  1  85
27  12  1  11
28  12  1  32
29  12  1  74
30  12  1  31
1  13  1  21
2  13  1  44
3  13  1  34
4  13  1  22
5  13  1  36
6  13  1  32
7  13  1  69
8  13  1  41
9  13  1  67
10  13  1  28
11  13  1  35
12  13  1  35
13  13  1  33
14  13  1  81
15  13  1  57
16  13  1  48
17  13  1  30
18  13  1  39
19  13  1  40
20  13  1  76
21  13  1  13
22  13  1  85
23  13  1  27
24  13  1  22
25  13  1  65
26  13  1  48
27  13  1  59
28  13  1  28
29  13  1  71
30  13  1  89
1  14  1  58
2  14  1  77
3  14  1  50
4  14  1  33
5  14  1  68
6  14  1  81
7  14  1  85
8  14  1  51
9  14  1  51
10  14  1  87
11  14  1  51
12  14  1  80
13  14  1  79
14  14  1  19
15  14  1  49
16  14  1  67
17  14  1  45
18  14  1  83
19  14  1  20
20  14  1  25
21  14  1  90
22  14  1  37
23  14  1  56
24  14  1  87
25  14  1  10
26  14  1  82
27  14  1  47
28  14  1  68
29  14  1  22
30  14  1  35
1  15  1  21
2  15  1  70
3  15  1  46
4  15  1  38
5  15  1  87
6  15  1  78
7  15  1  54
8  15  1  32
9  15  1  28
10  15  1  56
11  15  1  73
12  15  1  85
13  15  1  58
14  15  1  39
15  15  1  52
16  15  1  89
17  15  1  14
18  15  1  10
19  15  1  89
20  15  1  24
21  15  1  33
22  15  1  52
23  15  1  69
24  15  1  38
25  15  1  54
26  15  1  58
27  15  1  55
28  15  1  67
29  15  1  20
30  15  1  86
1  16  1  53
2  16  1  20
3  16  1  60
4  16  1  44
5  16  1  50
6  16  1  68
7  16  1  86
8  16  1  48
9  16  1  60
10  16  1  31
11  16  1  40
12  16  1  19
13  16  1  41
14  16  1  70
15  16  1  12
16  16  1  42
17  16  1  15
18  16  1  16
19  16  1  21
20  16  1  29
21  16  1  60
22  16  1  89
23  16  1  49
24  16  1  24
25  16  1  57
26  16  1  10
27  16  1  19
28  16  1  11
29  16  1  73
30  16  1  63
1  17  1  68
2  17  1  34
3  17  1  76
4  17  1  78
5  17  1  47
6  17  1  59
7  17  1  33
8  17  1  42
9  17  1  47
10  17  1  20
11  17  1  73
12  17  1  36
13  17  1  72
14  17  1  43
15  17  1  44
16  17  1  53
17  17  1  19
18  17  1  41
19  17  1  58
20  17  1  32
21  17  1  38
22  17  1  39
23  17  1  47
24  17  1  41
25  17  1  24
26  17  1  11
27  17  1  34
28  17  1  74
29  17  1  57
30  17  1  25
1  18  1  12
2  18  1  74
3  18  1  30
4  18  1  69
5  18  1  87
6  18  1  41
7  18  1  17
8  18  1  57
9  18  1  51
10  18  1  52
11  18  1  26
12  18  1  84
13  18  1  53
14  18  1  19
15  18  1  23
16  18  1  81
17  18  1  45
18  18  1  57
19  18  1  47
20  18  1  88
21  18  1  65
22  18  1  81
23  18  1  47
24  18  1  76
25  18  1  69
26  18  1  53
27  18  1  51
28  18  1  54
29  18  1  78
30  18  1  43
1  19  1  34
2  19  1  24
3  19  1  69
4  19  1  16
5  19  1  49
6  19  1  82
7  19  1  85
8  19  1  67
9  19  1  39
10  19  1  36
11  19  1  19
12  19  1  57
13  19  1  32
14  19  1  65
15  19  1  37
16  19  1  29
17  19  1  11
18  19  1  56
19  19  1  27
20  19  1  80
21  19  1  43
22  19  1  60
23  19  1  87
24  19  1  63
25  19  1  48
26  19  1  38
27  19  1  38
28  19  1  62
29  19  1  21
30  19  1  86
1  20  1  37
2  20  1  13
3  20  1  16
4  20  1  32
5  20  1  45
6  20  1  55
7  20  1  77
8  20  1  74
9  20  1  64
10  20  1  49
11  20  1  39
12  20  1  36
13  20  1  26
14  20  1  43
15  20  1  60
16  20  1  24
17  20  1  11
18  20  1  88
19  20  1  36
20  20  1  90
21  20  1  59
22  20  1  86
23  20  1  54
24  20  1  60
25  20  1  38
26  20  1  71
27  20  1  25
28  20  1  68
29  20  1  86
30  20  1  18
1  21  1  44
2  21  1  15
3  21  1  59
4  21  1  67
5  21  1  48
6  21  1  69
7  21  1  72
8  21  1  79
9  21  1  44
10  21  1  62
11  21  1  50
12  21  1  16
13  21  1  64
14  21  1  60
15  21  1  16
16  21  1  40
17  21  1  52
18  21  1  66
19  21  1  39
20  21  1  54
21  21  1  27
22  21  1  29
23  21  1  35
24  21  1  10
25  21  1  28
26  21  1  34
27  21  1  65
28  21  1  51
29  21  1  40
30  21  1  81
1  22  1  36
2  22  1  33
3  22  1  35
4  22  1  31
5  22  1  70
6  22  1  50
7  22  1  59
8  22  1  27
9  22  1  20
10  22  1  42
11  22  1  51
12  22  1  11
13  22  1  24
14  22  1  86
15  22  1  60
16  22  1  14
17  22  1  55
18  22  1  82
19  22  1  69
20  22  1  13
21  22  1  19
22  22  1  54
23  22  1  10
24  22  1  74
25  22  1  73
26  22  1  73
27  22  1  27
28  22  1  88
29  22  1  42
30  22  1  31
1  23  1  82
2  23  1  89
3  23  1  48
4  23  1  76
5  23  1  54
6  23  1  76
7  23  1  87
8  23  1  82
9  23  1  66
10  23  1  67
11  23  1  79
12  23  1  16
13  23  1  45
14  23  1  56
15  23  1  40
16  23  1  74
17  23  1  71
18  23  1  57
19  23  1  48
20  23  1  50
21  23  1  58
22  23  1  36
23  23  1  65
24  23  1  13
25  23  1  23
26  23  1  68
27  23  1  29
28  23  1  76
29  23  1  12
30  23  1  33
1  24  1  77
2  24  1  47
3  24  1  45
4  24  1  62
5  24  1  74
6  24  1  68
7  24  1  20
8  24  1  54
9  24  1  23
10  24  1  56
11  24  1  13
12  24  1  49
13  24  1  62
14  24  1  42
15  24  1  81
16  24  1  68
17  24  1  37
18  24  1  19
19  24  1  76
20  24  1  21
21  24  1  61
22  24  1  41
23  24  1  81
24  24  1  35
25  24  1  72
26  24  1  36
27  24  1  68
28  24  1  84
29  24  1  27
30  24  1  62
1  25  1  48
2  25  1  82
3  25  1  55
4  25  1  49
5  25  1  13
6  25  1  77
7  25  1  12
8  25  1  86
9  25  1  10
10  25  1  74
11  25  1  66
12  25  1  37
13  25  1  83
14  25  1  11
15  25  1  11
16  25  1  38
17  25  1  21
18  25  1  70
19  25  1  25
20  25  1  72
21  25  1  84
22  25  1  66
23  25  1  64
24  25  1  49
25  25  1  89
26  25  1  72
27  25  1  88
28  25  1  64
29  25  1  32
30  25  1  12
1  26  1  61
2  26  1  37
3  26  1  23
4  26  1  48
5  26  1  79
6  26  1  24
7  26  1  59
8  26  1  17
9  26  1  44
10  26  1  27
11  26  1  75
12  26  1  55
13  26  1  72
14  26  1  42
15  26  1  56
16  26  1  71
17  26  1  74
18  26  1  84
19  26  1  88
20  26  1  86
21  26  1  29
22  26  1  22
23  26  1  32
24  26  1  30
25  26  1  47
26  26  1  20
27  26  1  15
28  26  1  73
29  26  1  58
30  26  1  25
1  27  1  49
2  27  1  27
3  27  1  59
4  27  1  80
5  27  1  53
6  27  1  29
7  27  1  42
8  27  1  19
9  27  1  83
10  27  1  31
11  27  1  18
12  27  1  16
13  27  1  47
14  27  1  65
15  27  1  25
16  27  1  27
17  27  1  22
18  27  1  73
19  27  1  77
20  27  1  62
21  27  1  82
22  27  1  81
23  27  1  25
24  27  1  35
25  27  1  36
26  27  1  56
27  27  1  80
28  27  1  39
29  27  1  53
30  27  1  88
1  28  1  41
2  28  1  46
3  28  1  87
4  28  1  51
5  28  1  35
6  28  1  69
7  28  1  88
8  28  1  42
9  28  1  25
10  28  1  36
11  28  1  79
12  28  1  58
13  28  1  60
14  28  1  59
15  28  1  73
16  28  1  34
17  28  1  64
18  28  1  22
19  28  1  20
20  28  1  34
21  28  1  22
22  28  1  26
23  28  1  22
24  28  1  63
25  28  1  58
26  28  1  38
27  28  1  33
28  28  1  59
29  28  1  38
30  28  1  12
1  29  1  20
2  29  1  86
3  29  1  28
4  29  1  21
5  29  1  36
6  29  1  43
7  29  1  89
8  29  1  85
9  29  1  69
10  29  1  60
11  29  1  43
12  29  1  73
13  29  1  75
14  29  1  10
15  29  1  54
16  29  1  90
17  29  1  43
18  29  1  10
19  29  1  69
20  29  1  18
21  29  1  67
22  29  1  19
23  29  1  75
24  29  1  26
25  29  1  65
26  29  1  68
27  29  1  42
28  29  1  20
29  29  1  50
30  29  1  74
1  30  1  30
2  30  1  79
3  30  1  43
4  30  1  15
5  30  1  18
6  30  1  45
7  30  1  57
8  30  1  76
9  30  1  76
10  30  1  10
11  30  1  55
12  30  1  18
13  30  1  44
14  30  1  35
15  30  1  49
16  30  1  73
17  30  1  53
18  30  1  83
19  30  1  44
20  30  1  42
21  30  1  16
22  30  1  18
23  30  1  29
24  30  1  41
25  30  1  77
26  30  1  64
27  30  1  74
28  30  1  22
29  30  1  80
30  30  1  45
1  31  1  40
2  31  1  42
3  31  1  67
4  31  1  34
5  31  1  49
6  31  1  24
7  31  1  69
8  31  1  21
9  31  1  48
10  31  1  77
11  31  1  81
12  31  1  27
13  31  1  89
14  31  1  79
15  31  1  64
16  31  1  60
17  31  1  48
18  31  1  12
19  31  1  60
20  31  1  18
21  31  1  77
22  31  1  53
23  31  1  21
24  31  1  61
25  31  1  19
26  31  1  19
27  31  1  66
28  31  1  42
29  31  1  89
30  31  1  68
1  32  1  30
2  32  1  46
3  32  1  86
4  32  1  59
5  32  1  66
6  32  1  47
7  32  1  59
8  32  1  44
9  32  1  70
10  32  1  34
11  32  1  84
12  32  1  19
13  32  1  61
14  32  1  69
15  32  1  77
16  32  1  19
17  32  1  74
18  32  1  67
19  32  1  23
20  32  1  77
21  32  1  63
22  32  1  76
23  32  1  65
24  32  1  81
25  32  1  68
26  32  1  62
27  32  1  43
28  32  1  19
29  32  1  46
30  32  1  42
1  33  1  85
2  33  1  58
3  33  1  33
4  33  1  29
5  33  1  18
6  33  1  69
7  33  1  37
8  33  1  79
9  33  1  62
10  33  1  65
11  33  1  69
12  33  1  64
13  33  1  29
14  33  1  29
15  33  1  74
16  33  1  57
17  33  1  14
18  33  1  63
19  33  1  35
20  33  1  10
21  33  1  29
22  33  1  47
23  33  1  24
24  33  1  83
25  33  1  23
26  33  1  54
27  33  1  39
28  33  1  14
29  33  1  26
30  33  1  35
1  34  1  21
2  34  1  90
3  34  1  59
4  34  1  76
5  34  1  21
6  34  1  21
7  34  1  88
8  34  1  67
9  34  1  19
10  34  1  53
11  34  1  79
12  34  1  58
13  34  1  69
14  34  1  36
15  34  1  10
16  34  1  18
17  34  1  48
18  34  1  87
19  34  1  13
20  34  1  17
21  34  1  72
22  34  1  80
23  34  1  12
24  34  1  82
25  34  1  55
26  34  1  12
27  34  1  74
28  34  1  23
29  34  1  27
30  34  1  59
1  35  1  22
2  35  1  77
3  35  1  65
4  35  1  17
5  35  1  88
6  35  1  22
7  35  1  54
8  35  1  88
9  35  1  16
10  35  1  14
11  35  1  75
12  35  1  55
13  35  1  90
14  35  1  81
15  35  1  15
16  35  1  50
17  35  1  47
18  35  1  26
19  35  1  44
20  35  1  19
21  35  1  65
22  35  1  50
23  35  1  14
24  35  1  84
25  35  1  49
26  35  1  12
27  35  1  82
28  35  1  75
29  35  1  65
30  35  1  14
1  36  1  74
2  36  1  43
3  36  1  55
4  36  1  18
5  36  1  15
6  36  1  73
7  36  1  81
8  36  1  19
9  36  1  61
10  36  1  54
11  36  1  32
12  36  1  29
13  36  1  29
14  36  1  73
15  36  1  53
16  36  1  88
17  36  1  34
18  36  1  25
19  36  1  69
20  36  1  45
21  36  1  44
22  36  1  35
23  36  1  84
24  36  1  86
25  36  1  35
26  36  1  46
27  36  1  50
28  36  1  22
29  36  1  57
30  36  1  79
1  37  1  51
2  37  1  66
3  37  1  33
4  37  1  27
5  37  1  33
6  37  1  25
7  37  1  37
8  37  1  76
9  37  1  87
10  37  1  26
11  37  1  61
12  37  1  64
13  37  1  58
14  37  1  60
15  37  1  68
16  37  1  37
17  37  1  67
18  37  1  21
19  37  1  75
20  37  1  38
21  37  1  27
22  37  1  54
23  37  1  19
24  37  1  31
25  37  1  12
26  37  1  59
27  37  1  83
28  37  1  53
29  37  1  56
30  37  1  82
1  38  1  66
2  38  1  28
3  38  1  54
4  38  1  90
5  38  1  82
6  38  1  41
7  38  1  81
8  38  1  75
9  38  1  65
10  38  1  32
11  38  1  12
12  38  1  71
13  38  1  78
14  38  1  10
15  38  1  82
16  38  1  62
17  38  1  25
18  38  1  53
19  38  1  25
20  38  1  29
21  38  1  78
22  38  1  40
23  38  1  69
24  38  1  47
25  38  1  22
26  38  1  33
27  38  1  36
28  38  1  32
29  38  1  53
30  38  1  52
1  39  1  74
2  39  1  19
3  39  1  32
4  39  1  39
5  39  1  42
6  39  1  50
7  39  1  78
8  39  1  90
9  39  1  59
10  39  1  16
11  39  1  21
12  39  1  17
13  39  1  51
14  39  1  56
15  39  1  21
16  39  1  88
17  39  1  40
18  39  1  21
19  39  1  55
20  39  1  49
21  39  1  38
22  39  1  56
23  39  1  29
24  39  1  51
25  39  1  87
26  39  1  41
27  39  1  89
28  39  1  46
29  39  1  49
30  39  1  24
1  40  1  64
2  40  1  88
3  40  1  76
4  40  1  37
5  40  1  88
6  40  1  61
7  40  1  74
8  40  1  76
9  40  1  49
10  40  1  24
11  40  1  12
12  40  1  44
13  40  1  72
14  40  1  55
15  40  1  34
16  40  1  59
17  40  1  30
18  40  1  82
19  40  1  90
20  40  1  29
21  40  1  50
22  40  1  53
23  40  1  48
24  40  1  42
25  40  1  68
26  40  1  19
27  40  1  84
28  40  1  59
29  40  1  53
30  40  1  43
1  41  1  22
2  41  1  38
3  41  1  84
4  41  1  67
5  41  1  32
6  41  1  65
7  41  1  81
8  41  1  84
9  41  1  89
10  41  1  21
11  41  1  40
12  41  1  60
13  41  1  17
14  41  1  27
15  41  1  14
16  41  1  25
17  41  1  54
18  41  1  32
19  41  1  70
20  41  1  60
21  41  1  75
22  41  1  90
23  41  1  82
24  41  1  58
25  41  1  85
26  41  1  60
27  41  1  86
28  41  1  88
29  41  1  24
30  41  1  57
1  42  1  71
2  42  1  39
3  42  1  14
4  42  1  11
5  42  1  84
6  42  1  31
7  42  1  20
8  42  1  59
9  42  1  48
10  42  1  38
11  42  1  42
12  42  1  90
13  42  1  20
14  42  1  14
15  42  1  66
16  42  1  16
17  42  1  89
18  42  1  85
19  42  1  84
20  42  1  32
21  42  1  83
22  42  1  74
23  42  1  12
24  42  1  67
25  42  1  82
26  42  1  48
27  42  1  20
28  42  1  51
29  42  1  84
30  42  1  80
1  43  1  83
2  43  1  51
3  43  1  78
4  43  1  90
5  43  1  70
6  43  1  30
7  43  1  53
8  43  1  59
9  43  1  52
10  43  1  39
11  43  1  46
12  43  1  74
13  43  1  70
14  43  1  85
15  43  1  12
16  43  1  47
17  43  1  37
18  43  1  37
19  43  1  69
20  43  1  49
21  43  1  37
22  43  1  22
23  43  1  69
24  43  1  54
25  43  1  75
26  43  1  85
27  43  1  48
28  43  1  18
29  43  1  71
30  43  1  64
1  44  1  50
2  44  1  77
3  44  1  16
4  44  1  67
5  44  1  36
6  44  1  47
7  44  1  57
8  44  1  23
9  44  1  55
10  44  1  26
11  44  1  17
12  44  1  63
13  44  1  33
14  44  1  63
15  44  1  25
16  44  1  37
17  44  1  31
18  44  1  51
19  44  1  48
20  44  1  18
21  44  1  26
22  44  1  17
23  44  1  26
24  44  1  42
25  44  1  29
26  44  1  89
27  44  1  64
28  44  1  76
29  44  1  74
30  44  1  35
1  45  1  21
2  45  1  56
3  45  1  68
4  45  1  68
5  45  1  30
6  45  1  44
7  45  1  12
8  45  1  16
9  45  1  65
10  45  1  56
11  45  1  52
12  45  1  47
13  45  1  75
14  45  1  38
15  45  1  15
16  45  1  11
17  45  1  41
18  45  1  44
19  45  1  17
20  45  1  10
21  45  1  13
22  45  1  57
23  45  1  23
24  45  1  78
25  45  1  66
26  45  1  49
27  45  1  61
28  45  1  48
29  45  1  88
30  45  1  87
1  46  1  34
2  46  1  51
3  46  1  77
4  46  1  39
5  46  1  56
6  46  1  62
7  46  1  60
8  46  1  57
9  46  1  34
10  46  1  53
11  46  1  49
12  46  1  87
13  46  1  45
14  46  1  52
15  46  1  21
16  46  1  40
17  46  1  17
18  46  1  20
19  46  1  83
20  46  1  76
21  46  1  23
22  46  1  54
23  46  1  83
24  46  1  42
25  46  1  15
26  46  1  85
27  46  1  44
28  46  1  66
29  46  1  76
30  46  1  84
1  47  1  55
2  47  1  75
3  47  1  66
4  47  1  87
5  47  1  28
6  47  1  11
7  47  1  57
8  47  1  26
9  47  1  62
10  47  1  74
11  47  1  38
12  47  1  11
13  47  1  25
14  47  1  82
15  47  1  86
16  47  1  85
17  47  1  63
18  47  1  22
19  47  1  33
20  47  1  77
21  47  1  89
22  47  1  70
23  47  1  81
24  47  1  69
25  47  1  73
26  47  1  73
27  47  1  54
28  47  1  60
29  47  1  37
30  47  1  84
1  48  1  36
2  48  1  27
3  48  1  43
4  48  1  52
5  48  1  72
6  48  1  63
7  48  1  15
8  48  1  63
9  48  1  35
10  48  1  33
11  48  1  85
12  48  1  28
13  48  1  25
14  48  1  12
15  48  1  53
16  48  1  19
17  48  1  64
18  48  1  85
19  48  1  64
20  48  1  61
21  48  1  90
22  48  1  62
23  48  1  83
24  48  1  70
25  48  1  28
26  48  1  29
27  48  1  87
28  48  1  54
29  48  1  28
30  48  1  57
1  49  1  60
2  49  1  14
3  49  1  12
4  49  1  59
5  49  1  74
6  49  1  27
7  49  1  24
8  49  1  13
9  49  1  72
10  49  1  87
11  49  1  46
12  49  1  37
13  49  1  25
14  49  1  58
15  49  1  18
16  49  1  82
17  49  1  21
18  49  1  90
19  49  1  37
20  49  1  37
21  49  1  38
22  49  1  23
23  49  1  77
24  49  1  23
25  49  1  80
26  49  1  60
27  49  1  25
28  49  1  47
29  49  1  27
30  49  1  24
1  50  1  21
2  50  1  71
3  50  1  69
4  50  1  61
5  50  1  12
6  50  1  71
7  50  1  17
8  50  1  48
9  50  1  39
10  50  1  16
11  50  1  16
12  50  1  13
13  50  1  83
14  50  1  81
15  50  1  86
16  50  1  16
17  50  1  83
18  50  1  58
19  50  1  80
20  50  1  88
21  50  1  68
22  50  1  13
23  50  1  46
24  50  1  28
25  50  1  13
26  50  1  18
27  50  1  47
28  50  1  26
29  50  1  81
30  50  1  37
1  1  2  16.12
2  1  2  37
3  1  2  23.94
4  1  2  9.35
5  1  2  31.95
6  1  2  33.88
7  1  2  6
8  1  2  37.23
9  1  2  13.34
10  1  2  28.05
11  1  2  36.4
12  1  2  9.36
13  1  2  8.82
14  1  2  13.92
15  1  2  21.6
16  1  2  10.4
17  1  2  11.52
18  1  2  26.95
19  1  2  15.39
20  1  2  10.26
21  1  2  51.04
22  1  2  9.35
23  1  2  22.5
24  1  2  34.2
25  1  2  20.72
26  1  2  14.26
27  1  2  16.32
28  1  2  23
29  1  2  14.57
30  1  2  12.32
1  2  2  13
2  2  2  16
3  2  2  31.92
4  2  2  6.05
5  2  2  37.8
6  2  2  14.08
7  2  2  8
8  2  2  26.01
9  2  2  33.58
10  2  2  29.15
11  2  2  8.84
12  2  2  40.04
13  2  2  4.9
14  2  2  11.02
15  2  2  34.4
16  2  2  6.8
17  2  2  41.28
18  2  2  17.05
19  2  2  30.21
20  2  2  44.82
21  2  2  24.94
22  2  2  34.1
23  2  2  23.4
24  2  2  35.91
25  2  2  44.8
26  2  2  36.34
27  2  2  44.88
28  2  2  11.96
29  2  2  32.43
30  2  2  30.36
1  3  2  22.88
2  3  2  15.5
3  3  2  10.83
4  3  2  18.7
5  3  2  17.1
6  3  2  29.04
7  3  2  20.4
8  3  2  10.71
9  3  2  32.2
10  3  2  15.95
11  3  2  19.24
12  3  2  19.24
13  3  2  16.17
14  3  2  44.08
15  3  2  16
16  3  2  31.6
17  3  2  31.2
18  3  2  42.35
19  3  2  49.59
20  3  2  22.68
21  3  2  42.34
22  3  2  41.25
23  3  2  22.5
24  3  2  19.38
25  3  2  17.36
26  3  2  22.54
27  3  2  21.93
28  3  2  27.14
29  3  2  13.16
30  3  2  4.4
1  4  2  14.56
2  4  2  20.5
3  4  2  39.9
4  4  2  12.1
5  4  2  12.6
6  4  2  20.24
7  4  2  13.2
8  4  2  11.73
9  4  2  39.56
10  4  2  10.45
11  4  2  18.72
12  4  2  40.04
13  4  2  35.28
14  4  2  34.8
15  4  2  20
16  4  2  24
17  4  2  8.64
18  4  2  17.05
19  4  2  15.39
20  4  2  15.66
21  4  2  38.28
22  4  2  21.45
23  4  2  14.85
24  4  2  34.2
25  4  2  11.2
26  4  2  9.66
27  4  2  35.7
28  4  2  6.44
29  4  2  15.51
30  4  2  21.12
1  5  2  31.72
2  5  2  34
3  5  2  37.62
4  5  2  20.35
5  5  2  34.65
6  5  2  36.08
7  5  2  22.8
8  5  2  38.25
9  5  2  26.68
10  5  2  33
11  5  2  19.76
12  5  2  8.32
13  5  2  32.83
14  5  2  41.18
15  5  2  13.2
16  5  2  16.8
17  5  2  18.24
18  5  2  22
19  5  2  6.27
20  5  2  34.02
21  5  2  45.24
22  5  2  41.25
23  5  2  4.95
24  5  2  29.07
25  5  2  10.08
26  5  2  27.6
27  5  2  35.7
28  5  2  30.82
29  5  2  10.81
30  5  2  18.04
1  6  2  9.88
2  6  2  18.5
3  6  2  31.92
4  6  2  41.8
5  6  2  19.8
6  6  2  19.36
7  6  2  28
8  6  2  40.8
9  6  2  11.5
10  6  2  46.75
11  6  2  25.48
12  6  2  15.6
13  6  2  42.14
14  6  2  33.64
15  6  2  10
16  6  2  20.4
17  6  2  35.52
18  6  2  11.55
19  6  2  46.74
20  6  2  15.66
21  6  2  12.76
22  6  2  39.05
23  6  2  26.1
24  6  2  45.03
25  6  2  38.64
26  6  2  8.28
27  6  2  5.61
28  6  2  23.46
29  6  2  29.61
30  6  2  31.24
1  7  2  19.76
2  7  2  41
3  7  2  16.53
4  7  2  44
5  7  2  17.55
6  7  2  30.8
7  7  2  32.4
8  7  2  16.83
9  7  2  9.66
10  7  2  13.2
11  7  2  29.64
12  7  2  44.2
13  7  2  31.85
14  7  2  17.98
15  7  2  24.4
16  7  2  36
17  7  2  9.12
18  7  2  26.95
19  7  2  9.12
20  7  2  42.12
21  7  2  31.9
22  7  2  18.7
23  7  2  12.6
24  7  2  25.08
25  7  2  27.44
26  7  2  38.64
27  7  2  15.81
28  7  2  11.96
29  7  2  36.66
30  7  2  26.4
1  8  2  22.88
2  8  2  16
3  8  2  46.17
4  8  2  40.7
5  8  2  24.75
6  8  2  8.8
7  8  2  28.8
8  8  2  29.07
9  8  2  22.54
10  8  2  33
11  8  2  13.52
12  8  2  15.08
13  8  2  9.8
14  8  2  34.22
15  8  2  34.4
16  8  2  16.8
17  8  2  16.32
18  8  2  17.6
19  8  2  25.08
20  8  2  21.6
21  8  2  49.88
22  8  2  48.4
23  8  2  17.1
24  8  2  29.64
25  8  2  37.52
26  8  2  38.18
27  8  2  14.28
28  8  2  39.56
29  8  2  18.33
30  8  2  25.96
1  9  2  46.8
2  9  2  25
3  9  2  7.98
4  9  2  16.5
5  9  2  14.4
6  9  2  23.32
7  9  2  34.4
8  9  2  24.99
9  9  2  11.96
10  9  2  12.65
11  9  2  16.64
12  9  2  17.68
13  9  2  7.35
14  9  2  44.66
15  9  2  7.6
16  9  2  18.8
17  9  2  8.16
18  9  2  44
19  9  2  30.21
20  9  2  6.48
21  9  2  35.38
22  9  2  28.05
23  9  2  17.55
24  9  2  33.06
25  9  2  33.04
26  9  2  18.86
27  9  2  18.36
28  9  2  16.56
29  9  2  34.78
30  9  2  39.6
1  10  2  42.12
2  10  2  43
3  10  2  19.95
4  10  2  49.5
5  10  2  37.35
6  10  2  29.92
7  10  2  8.4
8  10  2  40.8
9  10  2  24.38
10  10  2  37.4
11  10  2  15.08
12  10  2  30.68
13  10  2  33.81
14  10  2  48.14
15  10  2  27.6
16  10  2  13.6
17  10  2  32.16
18  10  2  33
19  10  2  34.77
20  10  2  39.42
21  10  2  17.98
22  10  2  29.7
23  10  2  13.05
24  10  2  46.17
25  10  2  19.04
26  10  2  7.36
27  10  2  28.05
28  10  2  14.26
29  10  2  39.48
30  10  2  36.08
1  11  2  9.36
2  11  2  24
3  11  2  50.73
4  11  2  11
5  11  2  6.75
6  11  2  33.88
7  11  2  20.4
8  11  2  17.85
9  11  2  23.92
10  11  2  45.1
11  11  2  41.08
12  11  2  34.84
13  11  2  39.2
14  11  2  41.76
15  11  2  11.6
16  11  2  8.8
17  11  2  32.16
18  11  2  28.05
19  11  2  24.51
20  11  2  44.82
21  11  2  13.92
22  11  2  9.35
23  11  2  17.1
24  11  2  11.97
25  11  2  40.32
26  11  2  5.98
27  11  2  23.97
28  11  2  7.36
29  11  2  20.68
30  11  2  39.16
1  12  2  22.36
2  12  2  43.5
3  12  2  26.79
4  12  2  21.45
5  12  2  20.7
6  12  2  22.44
7  12  2  8
8  12  2  13.77
9  12  2  5.98
10  12  2  29.15
11  12  2  36.4
12  12  2  40.56
13  12  2  27.93
14  12  2  52.2
15  12  2  32
16  12  2  27.2
17  12  2  26.88
18  12  2  44
19  12  2  19.38
20  12  2  43.74
21  12  2  38.86
22  12  2  20.9
23  12  2  21.15
24  12  2  28.5
25  12  2  49.28
26  12  2  39.1
27  12  2  5.61
28  12  2  14.72
29  12  2  34.78
30  12  2  13.64
1  13  2  10.92
2  13  2  22
3  13  2  19.38
4  13  2  12.1
5  13  2  16.2
6  13  2  14.08
7  13  2  27.6
8  13  2  20.91
9  13  2  30.82
10  13  2  15.4
11  13  2  18.2
12  13  2  18.2
13  13  2  16.17
14  13  2  46.98
15  13  2  22.8
16  13  2  19.2
17  13  2  14.4
18  13  2  21.45
19  13  2  22.8
20  13  2  41.04
21  13  2  7.54
22  13  2  46.75
23  13  2  12.15
24  13  2  12.54
25  13  2  36.4
26  13  2  22.08
27  13  2  30.09
28  13  2  12.88
29  13  2  33.37
30  13  2  39.16
1  14  2  30.16
2  14  2  38.5
3  14  2  28.5
4  14  2  18.15
5  14  2  30.6
6  14  2  35.64
7  14  2  34
8  14  2  26.01
9  14  2  23.46
10  14  2  47.85
11  14  2  26.52
12  14  2  41.6
13  14  2  38.71
14  14  2  11.02
15  14  2  19.6
16  14  2  26.8
17  14  2  21.6
18  14  2  45.65
19  14  2  11.4
20  14  2  13.5
21  14  2  52.2
22  14  2  20.35
23  14  2  25.2
24  14  2  49.59
25  14  2  5.6
26  14  2  37.72
27  14  2  23.97
28  14  2  31.28
29  14  2  10.34
30  14  2  15.4
1  15  2  10.92
2  15  2  35
3  15  2  26.22
4  15  2  20.9
5  15  2  39.15
6  15  2  34.32
7  15  2  21.6
8  15  2  16.32
9  15  2  12.88
10  15  2  30.8
11  15  2  37.96
12  15  2  44.2
13  15  2  28.42
14  15  2  22.62
15  15  2  20.8
16  15  2  35.6
17  15  2  6.72
18  15  2  5.5
19  15  2  50.73
20  15  2  12.96
21  15  2  19.14
22  15  2  28.6
23  15  2  31.05
24  15  2  21.66
25  15  2  30.24
26  15  2  26.68
27  15  2  28.05
28  15  2  30.82
29  15  2  9.4
30  15  2  37.84
1  16  2  27.56
2  16  2  10
3  16  2  34.2
4  16  2  24.2
5  16  2  22.5
6  16  2  29.92
7  16  2  34.4
8  16  2  24.48
9  16  2  27.6
10  16  2  17.05
11  16  2  20.8
12  16  2  9.88
13  16  2  20.09
14  16  2  40.6
15  16  2  4.8
16  16  2  16.8
17  16  2  7.2
18  16  2  8.8
19  16  2  11.97
20  16  2  15.66
21  16  2  34.8
22  16  2  48.95
23  16  2  22.05
24  16  2  13.68
25  16  2  31.92
26  16  2  4.6
27  16  2  9.69
28  16  2  5.06
29  16  2  34.31
30  16  2  27.72
1  17  2  35.36
2  17  2  17
3  17  2  43.32
4  17  2  42.9
5  17  2  21.15
6  17  2  25.96
7  17  2  13.2
8  17  2  21.42
9  17  2  21.62
10  17  2  11
11  17  2  37.96
12  17  2  18.72
13  17  2  35.28
14  17  2  24.94
15  17  2  17.6
16  17  2  21.2
17  17  2  9.12
18  17  2  22.55
19  17  2  33.06
20  17  2  17.28
21  17  2  22.04
22  17  2  21.45
23  17  2  21.15
24  17  2  23.37
25  17  2  13.44
26  17  2  5.06
27  17  2  17.34
28  17  2  34.04
29  17  2  26.79
30  17  2  11
1  18  2  6.24
2  18  2  37
3  18  2  17.1
4  18  2  37.95
5  18  2  39.15
6  18  2  18.04
7  18  2  6.8
8  18  2  29.07
9  18  2  23.46
10  18  2  28.6
11  18  2  13.52
12  18  2  43.68
13  18  2  25.97
14  18  2  11.02
15  18  2  9.2
16  18  2  32.4
17  18  2  21.6
18  18  2  31.35
19  18  2  26.79
20  18  2  47.52
21  18  2  37.7
22  18  2  44.55
23  18  2  21.15
24  18  2  43.32
25  18  2  38.64
26  18  2  24.38
27  18  2  26.01
28  18  2  24.84
29  18  2  36.66
30  18  2  18.92
1  19  2  17.68
2  19  2  12
3  19  2  39.33
4  19  2  8.8
5  19  2  22.05
6  19  2  36.08
7  19  2  34
8  19  2  34.17
9  19  2  17.94
10  19  2  19.8
11  19  2  9.88
12  19  2  29.64
13  19  2  15.68
14  19  2  37.7
15  19  2  14.8
16  19  2  11.6
17  19  2  5.28
18  19  2  30.8
19  19  2  15.39
20  19  2  43.2
21  19  2  24.94
22  19  2  33
23  19  2  39.15
24  19  2  35.91
25  19  2  26.88
26  19  2  17.48
27  19  2  19.38
28  19  2  28.52
29  19  2  9.87
30  19  2  37.84
1  20  2  19.24
2  20  2  6.5
3  20  2  9.12
4  20  2  17.6
5  20  2  20.25
6  20  2  24.2
7  20  2  30.8
8  20  2  37.74
9  20  2  29.44
10  20  2  26.95
11  20  2  20.28
12  20  2  18.72
13  20  2  12.74
14  20  2  24.94
15  20  2  24
16  20  2  9.6
17  20  2  5.28
18  20  2  48.4
19  20  2  20.52
20  20  2  48.6
21  20  2  34.22
22  20  2  47.3
23  20  2  24.3
24  20  2  34.2
25  20  2  21.28
26  20  2  32.66
27  20  2  12.75
28  20  2  31.28
29  20  2  40.42
30  20  2  7.92
1  21  2  22.88
2  21  2  7.5
3  21  2  33.63
4  21  2  36.85
5  21  2  21.6
6  21  2  30.36
7  21  2  28.8
8  21  2  40.29
9  21  2  20.24
10  21  2  34.1
11  21  2  26
12  21  2  8.32
13  21  2  31.36
14  21  2  34.8
15  21  2  6.4
16  21  2  16
17  21  2  24.96
18  21  2  36.3
19  21  2  22.23
20  21  2  29.16
21  21  2  15.66
22  21  2  15.95
23  21  2  15.75
24  21  2  5.7
25  21  2  15.68
26  21  2  15.64
27  21  2  33.15
28  21  2  23.46
29  21  2  18.8
30  21  2  35.64
1  22  2  18.72
2  22  2  16.5
3  22  2  19.95
4  22  2  17.05
5  22  2  31.5
6  22  2  22
7  22  2  23.6
8  22  2  13.77
9  22  2  9.2
10  22  2  23.1
11  22  2  26.52
12  22  2  5.72
13  22  2  11.76
14  22  2  49.88
15  22  2  24
16  22  2  5.6
17  22  2  26.4
18  22  2  45.1
19  22  2  39.33
20  22  2  7.02
21  22  2  11.02
22  22  2  29.7
23  22  2  4.5
24  22  2  42.18
25  22  2  40.88
26  22  2  33.58
27  22  2  13.77
28  22  2  40.48
29  22  2  19.74
30  22  2  13.64
1  23  2  42.64
2  23  2  44.5
3  23  2  27.36
4  23  2  41.8
5  23  2  24.3
6  23  2  33.44
7  23  2  34.8
8  23  2  41.82
9  23  2  30.36
10  23  2  36.85
11  23  2  41.08
12  23  2  8.32
13  23  2  22.05
14  23  2  32.48
15  23  2  16
16  23  2  29.6
17  23  2  34.08
18  23  2  31.35
19  23  2  27.36
20  23  2  27
21  23  2  33.64
22  23  2  19.8
23  23  2  29.25
24  23  2  7.41
25  23  2  12.88
26  23  2  31.28
27  23  2  14.79
28  23  2  34.96
29  23  2  5.64
30  23  2  14.52
1  24  2  40.04
2  24  2  23.5
3  24  2  25.65
4  24  2  34.1
5  24  2  33.3
6  24  2  29.92
7  24  2  8
8  24  2  27.54
9  24  2  10.58
10  24  2  30.8
11  24  2  6.76
12  24  2  25.48
13  24  2  30.38
14  24  2  24.36
15  24  2  32.4
16  24  2  27.2
17  24  2  17.76
18  24  2  10.45
19  24  2  43.32
20  24  2  11.34
21  24  2  35.38
22  24  2  22.55
23  24  2  36.45
24  24  2  19.95
25  24  2  40.32
26  24  2  16.56
27  24  2  34.68
28  24  2  38.64
29  24  2  12.69
30  24  2  27.28
1  25  2  24.96
2  25  2  41
3  25  2  31.35
4  25  2  26.95
5  25  2  5.85
6  25  2  33.88
7  25  2  4.8
8  25  2  43.86
9  25  2  4.6
10  25  2  40.7
11  25  2  34.32
12  25  2  19.24
13  25  2  40.67
14  25  2  6.38
15  25  2  4.4
16  25  2  15.2
17  25  2  10.08
18  25  2  38.5
19  25  2  14.25
20  25  2  38.88
21  25  2  48.72
22  25  2  36.3
23  25  2  28.8
24  25  2  27.93
25  25  2  49.84
26  25  2  33.12
27  25  2  44.88
28  25  2  29.44
29  25  2  15.04
30  25  2  5.28
1  26  2  31.72
2  26  2  18.5
3  26  2  13.11
4  26  2  26.4
5  26  2  35.55
6  26  2  10.56
7  26  2  23.6
8  26  2  8.67
9  26  2  20.24
10  26  2  14.85
11  26  2  39
12  26  2  28.6
13  26  2  35.28
14  26  2  24.36
15  26  2  22.4
16  26  2  28.4
17  26  2  35.52
18  26  2  46.2
19  26  2  50.16
20  26  2  46.44
21  26  2  16.82
22  26  2  12.1
23  26  2  14.4
24  26  2  17.1
25  26  2  26.32
26  26  2  9.2
27  26  2  7.65
28  26  2  33.58
29  26  2  27.26
30  26  2  11
1  27  2  25.48
2  27  2  13.5
3  27  2  33.63
4  27  2  44
5  27  2  23.85
6  27  2  12.76
7  27  2  16.8
8  27  2  9.69
9  27  2  38.18
10  27  2  17.05
11  27  2  9.36
12  27  2  8.32
13  27  2  23.03
14  27  2  37.7
15  27  2  10
16  27  2  10.8
17  27  2  10.56
18  27  2  40.15
19  27  2  43.89
20  27  2  33.48
21  27  2  47.56
22  27  2  44.55
23  27  2  11.25
24  27  2  19.95
25  27  2  20.16
26  27  2  25.76
27  27  2  40.8
28  27  2  17.94
29  27  2  24.91
30  27  2  38.72
1  28  2  21.32
2  28  2  23
3  28  2  49.59
4  28  2  28.05
5  28  2  15.75
6  28  2  30.36
7  28  2  35.2
8  28  2  21.42
9  28  2  11.5
10  28  2  19.8
11  28  2  41.08
12  28  2  30.16
13  28  2  29.4
14  28  2  34.22
15  28  2  29.2
16  28  2  13.6
17  28  2  30.72
18  28  2  12.1
19  28  2  11.4
20  28  2  18.36
21  28  2  12.76
22  28  2  14.3
23  28  2  9.9
24  28  2  35.91
25  28  2  32.48
26  28  2  17.48
27  28  2  16.83
28  28  2  27.14
29  28  2  17.86
30  28  2  5.28
1  29  2  10.4
2  29  2  43
3  29  2  15.96
4  29  2  11.55
5  29  2  16.2
6  29  2  18.92
7  29  2  35.6
8  29  2  43.35
9  29  2  31.74
10  29  2  33
11  29  2  22.36
12  29  2  37.96
13  29  2  36.75
14  29  2  5.8
15  29  2  21.6
16  29  2  36
17  29  2  20.64
18  29  2  5.5
19  29  2  39.33
20  29  2  9.72
21  29  2  38.86
22  29  2  10.45
23  29  2  33.75
24  29  2  14.82
25  29  2  36.4
26  29  2  31.28
27  29  2  21.42
28  29  2  9.2
29  29  2  23.5
30  29  2  32.56
1  30  2  15.6
2  30  2  39.5
3  30  2  24.51
4  30  2  8.25
5  30  2  8.1
6  30  2  19.8
7  30  2  22.8
8  30  2  38.76
9  30  2  34.96
10  30  2  5.5
11  30  2  28.6
12  30  2  9.36
13  30  2  21.56
14  30  2  20.3
15  30  2  19.6
16  30  2  29.2
17  30  2  25.44
18  30  2  45.65
19  30  2  25.08
20  30  2  22.68
21  30  2  9.28
22  30  2  9.9
23  30  2  13.05
24  30  2  23.37
25  30  2  43.12
26  30  2  29.44
27  30  2  37.74
28  30  2  10.12
29  30  2  37.6
30  30  2  19.8
1  31  2  20.8
2  31  2  21
3  31  2  38.19
4  31  2  18.7
5  31  2  22.05
6  31  2  10.56
7  31  2  27.6
8  31  2  10.71
9  31  2  22.08
10  31  2  42.35
11  31  2  42.12
12  31  2  14.04
13  31  2  43.61
14  31  2  45.82
15  31  2  25.6
16  31  2  24
17  31  2  23.04
18  31  2  6.6
19  31  2  34.2
20  31  2  9.72
21  31  2  44.66
22  31  2  29.15
23  31  2  9.45
24  31  2  34.77
25  31  2  10.64
26  31  2  8.74
27  31  2  33.66
28  31  2  19.32
29  31  2  41.83
30  31  2  29.92
1  32  2  15.6
2  32  2  23
3  32  2  49.02
4  32  2  32.45
5  32  2  29.7
6  32  2  20.68
7  32  2  23.6
8  32  2  22.44
9  32  2  32.2
10  32  2  18.7
11  32  2  43.68
12  32  2  9.88
13  32  2  29.89
14  32  2  40.02
15  32  2  30.8
16  32  2  7.6
17  32  2  35.52
18  32  2  36.85
19  32  2  13.11
20  32  2  41.58
21  32  2  36.54
22  32  2  41.8
23  32  2  29.25
24  32  2  46.17
25  32  2  38.08
26  32  2  28.52
27  32  2  21.93
28  32  2  8.74
29  32  2  21.62
30  32  2  18.48
1  33  2  44.2
2  33  2  29
3  33  2  18.81
4  33  2  15.95
5  33  2  8.1
6  33  2  30.36
7  33  2  14.8
8  33  2  40.29
9  33  2  28.52
10  33  2  35.75
11  33  2  35.88
12  33  2  33.28
13  33  2  14.21
14  33  2  16.82
15  33  2  29.6
16  33  2  22.8
17  33  2  6.72
18  33  2  34.65
19  33  2  19.95
20  33  2  5.4
21  33  2  16.82
22  33  2  25.85
23  33  2  10.8
24  33  2  47.31
25  33  2  12.88
26  33  2  24.84
27  33  2  19.89
28  33  2  6.44
29  33  2  12.22
30  33  2  15.4
1  34  2  10.92
2  34  2  45
3  34  2  33.63
4  34  2  41.8
5  34  2  9.45
6  34  2  9.24
7  34  2  35.2
8  34  2  34.17
9  34  2  8.74
10  34  2  29.15
11  34  2  41.08
12  34  2  30.16
13  34  2  33.81
14  34  2  20.88
15  34  2  4
16  34  2  7.2
17  34  2  23.04
18  34  2  47.85
19  34  2  7.41
20  34  2  9.18
21  34  2  41.76
22  34  2  44
23  34  2  5.4
24  34  2  46.74
25  34  2  30.8
26  34  2  5.52
27  34  2  37.74
28  34  2  10.58
29  34  2  12.69
30  34  2  25.96
1  35  2  11.44
2  35  2  38.5
3  35  2  37.05
4  35  2  9.35
5  35  2  39.6
6  35  2  9.68
7  35  2  21.6
8  35  2  44.88
9  35  2  7.36
10  35  2  7.7
11  35  2  39
12  35  2  28.6
13  35  2  44.1
14  35  2  46.98
15  35  2  6
16  35  2  20
17  35  2  22.56
18  35  2  14.3
19  35  2  25.08
20  35  2  10.26
21  35  2  37.7
22  35  2  27.5
23  35  2  6.3
24  35  2  47.88
25  35  2  27.44
26  35  2  5.52
27  35  2  41.82
28  35  2  34.5
29  35  2  30.55
30  35  2  6.16
1  36  2  38.48
2  36  2  21.5
3  36  2  31.35
4  36  2  9.9
5  36  2  6.75
6  36  2  32.12
7  36  2  32.4
8  36  2  9.69
9  36  2  28.06
10  36  2  29.7
11  36  2  16.64
12  36  2  15.08
13  36  2  14.21
14  36  2  42.34
15  36  2  21.2
16  36  2  35.2
17  36  2  16.32
18  36  2  13.75
19  36  2  39.33
20  36  2  24.3
21  36  2  25.52
22  36  2  19.25
23  36  2  37.8
24  36  2  49.02
25  36  2  19.6
26  36  2  21.16
27  36  2  25.5
28  36  2  10.12
29  36  2  26.79
30  36  2  34.76
1  37  2  26.52
2  37  2  33
3  37  2  18.81
4  37  2  14.85
5  37  2  14.85
6  37  2  11
7  37  2  14.8
8  37  2  38.76
9  37  2  40.02
10  37  2  14.3
11  37  2  31.72
12  37  2  33.28
13  37  2  28.42
14  37  2  34.8
15  37  2  27.2
16  37  2  14.8
17  37  2  32.16
18  37  2  11.55
19  37  2  42.75
20  37  2  20.52
21  37  2  15.66
22  37  2  29.7
23  37  2  8.55
24  37  2  17.67
25  37  2  6.72
26  37  2  27.14
27  37  2  42.33
28  37  2  24.38
29  37  2  26.32
30  37  2  36.08
1  38  2  34.32
2  38  2  14
3  38  2  30.78
4  38  2  49.5
5  38  2  36.9
6  38  2  18.04
7  38  2  32.4
8  38  2  38.25
9  38  2  29.9
10  38  2  17.6
11  38  2  6.24
12  38  2  36.92
13  38  2  38.22
14  38  2  5.8
15  38  2  32.8
16  38  2  24.8
17  38  2  12
18  38  2  29.15
19  38  2  14.25
20  38  2  15.66
21  38  2  45.24
22  38  2  22
23  38  2  31.05
24  38  2  26.79
25  38  2  12.32
26  38  2  15.18
27  38  2  18.36
28  38  2  14.72
29  38  2  24.91
30  38  2  22.88
1  39  2  38.48
2  39  2  9.5
3  39  2  18.24
4  39  2  21.45
5  39  2  18.9
6  39  2  22
7  39  2  31.2
8  39  2  45.9
9  39  2  27.14
10  39  2  8.8
11  39  2  10.92
12  39  2  8.84
13  39  2  24.99
14  39  2  32.48
15  39  2  8.4
16  39  2  35.2
17  39  2  19.2
18  39  2  11.55
19  39  2  31.35
20  39  2  26.46
21  39  2  22.04
22  39  2  30.8
23  39  2  13.05
24  39  2  29.07
25  39  2  48.72
26  39  2  18.86
27  39  2  45.39
28  39  2  21.16
29  39  2  23.03
30  39  2  10.56
1  40  2  33.28
2  40  2  44
3  40  2  43.32
4  40  2  20.35
5  40  2  39.6
6  40  2  26.84
7  40  2  29.6
8  40  2  38.76
9  40  2  22.54
10  40  2  13.2
11  40  2  6.24
12  40  2  22.88
13  40  2  35.28
14  40  2  31.9
15  40  2  13.6
16  40  2  23.6
17  40  2  14.4
18  40  2  45.1
19  40  2  51.3
20  40  2  15.66
21  40  2  29
22  40  2  29.15
23  40  2  21.6
24  40  2  23.94
25  40  2  38.08
26  40  2  8.74
27  40  2  42.84
28  40  2  27.14
29  40  2  24.91
30  40  2  18.92
1  41  2  11.44
2  41  2  19
3  41  2  47.88
4  41  2  36.85
5  41  2  14.4
6  41  2  28.6
7  41  2  32.4
8  41  2  42.84
9  41  2  40.94
10  41  2  11.55
11  41  2  20.8
12  41  2  31.2
13  41  2  8.33
14  41  2  15.66
15  41  2  5.6
16  41  2  10
17  41  2  25.92
18  41  2  17.6
19  41  2  39.9
20  41  2  32.4
21  41  2  43.5
22  41  2  49.5
23  41  2  36.9
24  41  2  33.06
25  41  2  47.6
26  41  2  27.6
27  41  2  43.86
28  41  2  40.48
29  41  2  11.28
30  41  2  25.08
1  42  2  36.92
2  42  2  19.5
3  42  2  7.98
4  42  2  6.05
5  42  2  37.8
6  42  2  13.64
7  42  2  8
8  42  2  30.09
9  42  2  22.08
10  42  2  20.9
11  42  2  21.84
12  42  2  46.8
13  42  2  9.8
14  42  2  8.12
15  42  2  26.4
16  42  2  6.4
17  42  2  42.72
18  42  2  46.75
19  42  2  47.88
20  42  2  17.28
21  42  2  48.14
22  42  2  40.7
23  42  2  5.4
24  42  2  38.19
25  42  2  45.92
26  42  2  22.08
27  42  2  10.2
28  42  2  23.46
29  42  2  39.48
30  42  2  35.2
1  43  2  43.16
2  43  2  25.5
3  43  2  44.46
4  43  2  49.5
5  43  2  31.5
6  43  2  13.2
7  43  2  21.2
8  43  2  30.09
9  43  2  23.92
10  43  2  21.45
11  43  2  23.92
12  43  2  38.48
13  43  2  34.3
14  43  2  49.3
15  43  2  4.8
16  43  2  18.8
17  43  2  17.76
18  43  2  20.35
19  43  2  39.33
20  43  2  26.46
21  43  2  21.46
22  43  2  12.1
23  43  2  31.05
24  43  2  30.78
25  43  2  42
26  43  2  39.1
27  43  2  24.48
28  43  2  8.28
29  43  2  33.37
30  43  2  28.16
1  44  2  26
2  44  2  38.5
3  44  2  9.12
4  44  2  36.85
5  44  2  16.2
6  44  2  20.68
7  44  2  22.8
8  44  2  11.73
9  44  2  25.3
10  44  2  14.3
11  44  2  8.84
12  44  2  32.76
13  44  2  16.17
14  44  2  36.54
15  44  2  10
16  44  2  14.8
17  44  2  14.88
18  44  2  28.05
19  44  2  27.36
20  44  2  9.72
21  44  2  15.08
22  44  2  9.35
23  44  2  11.7
24  44  2  23.94
25  44  2  16.24
26  44  2  40.94
27  44  2  32.64
28  44  2  34.96
29  44  2  34.78
30  44  2  15.4
1  45  2  10.92
2  45  2  28
3  45  2  38.76
4  45  2  37.4
5  45  2  13.5
6  45  2  19.36
7  45  2  4.8
8  45  2  8.16
9  45  2  29.9
10  45  2  30.8
11  45  2  27.04
12  45  2  24.44
13  45  2  36.75
14  45  2  22.04
15  45  2  6
16  45  2  4.4
17  45  2  19.68
18  45  2  24.2
19  45  2  9.69
20  45  2  5.4
21  45  2  7.54
22  45  2  31.35
23  45  2  10.35
24  45  2  44.46
25  45  2  36.96
26  45  2  22.54
27  45  2  31.11
28  45  2  22.08
29  45  2  41.36
30  45  2  38.28
1  46  2  17.68
2  46  2  25.5
3  46  2  43.89
4  46  2  21.45
5  46  2  25.2
6  46  2  27.28
7  46  2  24
8  46  2  29.07
9  46  2  15.64
10  46  2  29.15
11  46  2  25.48
12  46  2  45.24
13  46  2  22.05
14  46  2  30.16
15  46  2  8.4
16  46  2  16
17  46  2  8.16
18  46  2  11
19  46  2  47.31
20  46  2  41.04
21  46  2  13.34
22  46  2  29.7
23  46  2  37.35
24  46  2  23.94
25  46  2  8.4
26  46  2  39.1
27  46  2  22.44
28  46  2  30.36
29  46  2  35.72
30  46  2  36.96
1  47  2  28.6
2  47  2  37.5
3  47  2  37.62
4  47  2  47.85
5  47  2  12.6
6  47  2  4.84
7  47  2  22.8
8  47  2  13.26
9  47  2  28.52
10  47  2  40.7
11  47  2  19.76
12  47  2  5.72
13  47  2  12.25
14  47  2  47.56
15  47  2  34.4
16  47  2  34
17  47  2  30.24
18  47  2  12.1
19  47  2  18.81
20  47  2  41.58
21  47  2  51.62
22  47  2  38.5
23  47  2  36.45
24  47  2  39.33
25  47  2  40.88
26  47  2  33.58
27  47  2  27.54
28  47  2  27.6
29  47  2  17.39
30  47  2  36.96
1  48  2  18.72
2  48  2  13.5
3  48  2  24.51
4  48  2  28.6
5  48  2  32.4
6  48  2  27.72
7  48  2  6
8  48  2  32.13
9  48  2  16.1
10  48  2  18.15
11  48  2  44.2
12  48  2  14.56
13  48  2  12.25
14  48  2  6.96
15  48  2  21.2
16  48  2  7.6
17  48  2  30.72
18  48  2  46.75
19  48  2  36.48
20  48  2  32.94
21  48  2  52.2
22  48  2  34.1
23  48  2  37.35
24  48  2  39.9
25  48  2  15.68
26  48  2  13.34
27  48  2  44.37
28  48  2  24.84
29  48  2  13.16
30  48  2  25.08
1  49  2  31.2
2  49  2  7
3  49  2  6.84
4  49  2  32.45
5  49  2  33.3
6  49  2  11.88
7  49  2  9.6
8  49  2  6.63
9  49  2  33.12
10  49  2  47.85
11  49  2  23.92
12  49  2  19.24
13  49  2  12.25
14  49  2  33.64
15  49  2  7.2
16  49  2  32.8
17  49  2  10.08
18  49  2  49.5
19  49  2  21.09
20  49  2  19.98
21  49  2  22.04
22  49  2  12.65
23  49  2  34.65
24  49  2  13.11
25  49  2  44.8
26  49  2  27.6
27  49  2  12.75
28  49  2  21.62
29  49  2  12.69
30  49  2  10.56
1  50  2  10.92
2  50  2  35.5
3  50  2  39.33
4  50  2  33.55
5  50  2  5.4
6  50  2  31.24
7  50  2  6.8
8  50  2  24.48
9  50  2  17.94
10  50  2  8.8
11  50  2  8.32
12  50  2  6.76
13  50  2  40.67
14  50  2  46.98
15  50  2  34.4
16  50  2  6.4
17  50  2  39.84
18  50  2  31.9
19  50  2  45.6
20  50  2  47.52
21  50  2  39.44
22  50  2  7.15
23  50  2  20.7
24  50  2  15.96
25  50  2  7.28
26  50  2  8.28
27  50  2  23.97
28  50  2  11.96
29  50  2  38.07
30  50  2  16.28
;

param xi_base :=
1  1  31
2  1  74
3  1  42
4  1  17
5  1  71
6  1  77
7  1  15
8  1  73
9  1  29
10  1  51
11  1  70
12  1  18
13  1  18
14  1  24
15  1  54
16  1  26
17  1  24
18  1  49
19  1  27
20  1  19
21  1  88
22  1  17
23  1  50
24  1  60
25  1  37
26  1  31
27  1  32
28  1  50
29  1  31
30  1  28
1  2  25
2  2  32
3  2  56
4  2  11
5  2  84
6  2  32
7  2  20
8  2  51
9  2  73
10  2  53
11  2  17
12  2  77
13  2  10
14  2  19
15  2  86
16  2  17
17  2  86
18  2  31
19  2  53
20  2  83
21  2  43
22  2  62
23  2  52
24  2  63
25  2  80
26  2  79
27  2  88
28  2  26
29  2  69
30  2  69
1  3  44
2  3  31
3  3  19
4  3  34
5  3  38
6  3  66
7  3  51
8  3  21
9  3  70
10  3  29
11  3  37
12  3  37
13  3  33
14  3  76
15  3  40
16  3  79
17  3  65
18  3  77
19  3  87
20  3  42
21  3  73
22  3  75
23  3  50
24  3  34
25  3  31
26  3  49
27  3  43
28  3  59
29  3  28
30  3  10
1  4  28
2  4  41
3  4  70
4  4  22
5  4  28
6  4  46
7  4  33
8  4  23
9  4  86
10  4  19
11  4  36
12  4  77
13  4  72
14  4  60
15  4  50
16  4  60
17  4  18
18  4  31
19  4  27
20  4  29
21  4  66
22  4  39
23  4  33
24  4  60
25  4  20
26  4  21
27  4  70
28  4  14
29  4  33
30  4  48
1  5  61
2  5  68
3  5  66
4  5  37
5  5  77
6  5  82
7  5  57
8  5  75
9  5  58
10  5  60
11  5  38
12  5  16
13  5  67
14  5  71
15  5  33
16  5  42
17  5  38
18  5  40
19  5  11
20  5  63
21  5  78
22  5  75
23  5  11
24  5  51
25  5  18
26  5  60
27  5  70
28  5  67
29  5  23
30  5  41
1  6  19
2  6  37
3  6  56
4  6  76
5  6  44
6  6  44
7  6  70
8  6  80
9  6  25
10  6  85
11  6  49
12  6  30
13  6  86
14  6  58
15  6  25
16  6  51
17  6  74
18  6  21
19  6  82
20  6  29
21  6  22
22  6  71
23  6  58
24  6  79
25  6  69
26  6  18
27  6  11
28  6  51
29  6  63
30  6  71
1  7  38
2  7  82
3  7  29
4  7  80
5  7  39
6  7  70
7  7  81
8  7  33
9  7  21
10  7  24
11  7  57
12  7  85
13  7  65
14  7  31
15  7  61
16  7  90
17  7  19
18  7  49
19  7  16
20  7  78
21  7  55
22  7  34
23  7  28
24  7  44
25  7  49
26  7  84
27  7  31
28  7  26
29  7  78
30  7  60
1  8  44
2  8  32
3  8  81
4  8  74
5  8  55
6  8  20
7  8  72
8  8  57
9  8  49
10  8  60
11  8  26
12  8  29
13  8  20
14  8  59
15  8  86
16  8  42
17  8  34
18  8  32
19  8  44
20  8  40
21  8  86
22  8  88
23  8  38
24  8  52
25  8  67
26  8  83
27  8  28
28  8  86
29  8  39
30  8  59
1  9  90
2  9  50
3  9  14
4  9  30
5  9  32
6  9  53
7  9  86
8  9  49
9  9  26
10  9  23
11  9  32
12  9  34
13  9  15
14  9  77
15  9  19
16  9  47
17  9  17
18  9  80
19  9  53
20  9  12
21  9  61
22  9  51
23  9  39
24  9  58
25  9  59
26  9  41
27  9  36
28  9  36
29  9  74
30  9  90
1  10  81
2  10  86
3  10  35
4  10  90
5  10  83
6  10  68
7  10  21
8  10  80
9  10  53
10  10  68
11  10  29
12  10  59
13  10  69
14  10  83
15  10  69
16  10  34
17  10  67
18  10  60
19  10  61
20  10  73
21  10  31
22  10  54
23  10  29
24  10  81
25  10  34
26  10  16
27  10  55
28  10  31
29  10  84
30  10  82
1  11  18
2  11  48
3  11  89
4  11  20
5  11  15
6  11  77
7  11  51
8  11  35
9  11  52
10  11  82
11  11  79
12  11  67
13  11  80
14  11  72
15  11  29
16  11  22
17  11  67
18  11  51
19  11  43
20  11  83
21  11  24
22  11  17
23  11  38
24  11  21
25  11  72
26  11  13
27  11  47
28  11  16
29  11  44
30  11  89
1  12  43
2  12  87
3  12  47
4  12  39
5  12  46
6  12  51
7  12  20
8  12  27
9  12  13
10  12  53
11  12  70
12  12  78
13  12  57
14  12  90
15  12  80
16  12  68
17  12  56
18  12  80
19  12  34
20  12  81
21  12  67
22  12  38
23  12  47
24  12  50
25  12  88
26  12  85
27  12  11
28  12  32
29  12  74
30  12  31
1  13  21
2  13  44
3  13  34
4  13  22
5  13  36
6  13  32
7  13  69
8  13  41
9  13  67
10  13  28
11  13  35
12  13  35
13  13  33
14  13  81
15  13  57
16  13  48
17  13  30
18  13  39
19  13  40
20  13  76
21  13  13
22  13  85
23  13  27
24  13  22
25  13  65
26  13  48
27  13  59
28  13  28
29  13  71
30  13  89
1  14  58
2  14  77
3  14  50
4  14  33
5  14  68
6  14  81
7  14  85
8  14  51
9  14  51
10  14  87
11  14  51
12  14  80
13  14  79
14  14  19
15  14  49
16  14  67
17  14  45
18  14  83
19  14  20
20  14  25
21  14  90
22  14  37
23  14  56
24  14  87
25  14  10
26  14  82
27  14  47
28  14  68
29  14  22
30  14  35
1  15  21
2  15  70
3  15  46
4  15  38
5  15  87
6  15  78
7  15  54
8  15  32
9  15  28
10  15  56
11  15  73
12  15  85
13  15  58
14  15  39
15  15  52
16  15  89
17  15  14
18  15  10
19  15  89
20  15  24
21  15  33
22  15  52
23  15  69
24  15  38
25  15  54
26  15  58
27  15  55
28  15  67
29  15  20
30  15  86
1  16  53
2  16  20
3  16  60
4  16  44
5  16  50
6  16  68
7  16  86
8  16  48
9  16  60
10  16  31
11  16  40
12  16  19
13  16  41
14  16  70
15  16  12
16  16  42
17  16  15
18  16  16
19  16  21
20  16  29
21  16  60
22  16  89
23  16  49
24  16  24
25  16  57
26  16  10
27  16  19
28  16  11
29  16  73
30  16  63
1  17  68
2  17  34
3  17  76
4  17  78
5  17  47
6  17  59
7  17  33
8  17  42
9  17  47
10  17  20
11  17  73
12  17  36
13  17  72
14  17  43
15  17  44
16  17  53
17  17  19
18  17  41
19  17  58
20  17  32
21  17  38
22  17  39
23  17  47
24  17  41
25  17  24
26  17  11
27  17  34
28  17  74
29  17  57
30  17  25
1  18  12
2  18  74
3  18  30
4  18  69
5  18  87
6  18  41
7  18  17
8  18  57
9  18  51
10  18  52
11  18  26
12  18  84
13  18  53
14  18  19
15  18  23
16  18  81
17  18  45
18  18  57
19  18  47
20  18  88
21  18  65
22  18  81
23  18  47
24  18  76
25  18  69
26  18  53
27  18  51
28  18  54
29  18  78
30  18  43
1  19  34
2  19  24
3  19  69
4  19  16
5  19  49
6  19  82
7  19  85
8  19  67
9  19  39
10  19  36
11  19  19
12  19  57
13  19  32
14  19  65
15  19  37
16  19  29
17  19  11
18  19  56
19  19  27
20  19  80
21  19  43
22  19  60
23  19  87
24  19  63
25  19  48
26  19  38
27  19  38
28  19  62
29  19  21
30  19  86
1  20  37
2  20  13
3  20  16
4  20  32
5  20  45
6  20  55
7  20  77
8  20  74
9  20  64
10  20  49
11  20  39
12  20  36
13  20  26
14  20  43
15  20  60
16  20  24
17  20  11
18  20  88
19  20  36
20  20  90
21  20  59
22  20  86
23  20  54
24  20  60
25  20  38
26  20  71
27  20  25
28  20  68
29  20  86
30  20  18
1  21  44
2  21  15
3  21  59
4  21  67
5  21  48
6  21  69
7  21  72
8  21  79
9  21  44
10  21  62
11  21  50
12  21  16
13  21  64
14  21  60
15  21  16
16  21  40
17  21  52
18  21  66
19  21  39
20  21  54
21  21  27
22  21  29
23  21  35
24  21  10
25  21  28
26  21  34
27  21  65
28  21  51
29  21  40
30  21  81
1  22  36
2  22  33
3  22  35
4  22  31
5  22  70
6  22  50
7  22  59
8  22  27
9  22  20
10  22  42
11  22  51
12  22  11
13  22  24
14  22  86
15  22  60
16  22  14
17  22  55
18  22  82
19  22  69
20  22  13
21  22  19
22  22  54
23  22  10
24  22  74
25  22  73
26  22  73
27  22  27
28  22  88
29  22  42
30  22  31
1  23  82
2  23  89
3  23  48
4  23  76
5  23  54
6  23  76
7  23  87
8  23  82
9  23  66
10  23  67
11  23  79
12  23  16
13  23  45
14  23  56
15  23  40
16  23  74
17  23  71
18  23  57
19  23  48
20  23  50
21  23  58
22  23  36
23  23  65
24  23  13
25  23  23
26  23  68
27  23  29
28  23  76
29  23  12
30  23  33
1  24  77
2  24  47
3  24  45
4  24  62
5  24  74
6  24  68
7  24  20
8  24  54
9  24  23
10  24  56
11  24  13
12  24  49
13  24  62
14  24  42
15  24  81
16  24  68
17  24  37
18  24  19
19  24  76
20  24  21
21  24  61
22  24  41
23  24  81
24  24  35
25  24  72
26  24  36
27  24  68
28  24  84
29  24  27
30  24  62
1  25  48
2  25  82
3  25  55
4  25  49
5  25  13
6  25  77
7  25  12
8  25  86
9  25  10
10  25  74
11  25  66
12  25  37
13  25  83
14  25  11
15  25  11
16  25  38
17  25  21
18  25  70
19  25  25
20  25  72
21  25  84
22  25  66
23  25  64
24  25  49
25  25  89
26  25  72
27  25  88
28  25  64
29  25  32
30  25  12
1  26  61
2  26  37
3  26  23
4  26  48
5  26  79
6  26  24
7  26  59
8  26  17
9  26  44
10  26  27
11  26  75
12  26  55
13  26  72
14  26  42
15  26  56
16  26  71
17  26  74
18  26  84
19  26  88
20  26  86
21  26  29
22  26  22
23  26  32
24  26  30
25  26  47
26  26  20
27  26  15
28  26  73
29  26  58
30  26  25
1  27  49
2  27  27
3  27  59
4  27  80
5  27  53
6  27  29
7  27  42
8  27  19
9  27  83
10  27  31
11  27  18
12  27  16
13  27  47
14  27  65
15  27  25
16  27  27
17  27  22
18  27  73
19  27  77
20  27  62
21  27  82
22  27  81
23  27  25
24  27  35
25  27  36
26  27  56
27  27  80
28  27  39
29  27  53
30  27  88
1  28  41
2  28  46
3  28  87
4  28  51
5  28  35
6  28  69
7  28  88
8  28  42
9  28  25
10  28  36
11  28  79
12  28  58
13  28  60
14  28  59
15  28  73
16  28  34
17  28  64
18  28  22
19  28  20
20  28  34
21  28  22
22  28  26
23  28  22
24  28  63
25  28  58
26  28  38
27  28  33
28  28  59
29  28  38
30  28  12
1  29  20
2  29  86
3  29  28
4  29  21
5  29  36
6  29  43
7  29  89
8  29  85
9  29  69
10  29  60
11  29  43
12  29  73
13  29  75
14  29  10
15  29  54
16  29  90
17  29  43
18  29  10
19  29  69
20  29  18
21  29  67
22  29  19
23  29  75
24  29  26
25  29  65
26  29  68
27  29  42
28  29  20
29  29  50
30  29  74
1  30  30
2  30  79
3  30  43
4  30  15
5  30  18
6  30  45
7  30  57
8  30  76
9  30  76
10  30  10
11  30  55
12  30  18
13  30  44
14  30  35
15  30  49
16  30  73
17  30  53
18  30  83
19  30  44
20  30  42
21  30  16
22  30  18
23  30  29
24  30  41
25  30  77
26  30  64
27  30  74
28  30  22
29  30  80
30  30  45
1  31  40
2  31  42
3  31  67
4  31  34
5  31  49
6  31  24
7  31  69
8  31  21
9  31  48
10  31  77
11  31  81
12  31  27
13  31  89
14  31  79
15  31  64
16  31  60
17  31  48
18  31  12
19  31  60
20  31  18
21  31  77
22  31  53
23  31  21
24  31  61
25  31  19
26  31  19
27  31  66
28  31  42
29  31  89
30  31  68
1  32  30
2  32  46
3  32  86
4  32  59
5  32  66
6  32  47
7  32  59
8  32  44
9  32  70
10  32  34
11  32  84
12  32  19
13  32  61
14  32  69
15  32  77
16  32  19
17  32  74
18  32  67
19  32  23
20  32  77
21  32  63
22  32  76
23  32  65
24  32  81
25  32  68
26  32  62
27  32  43
28  32  19
29  32  46
30  32  42
1  33  85
2  33  58
3  33  33
4  33  29
5  33  18
6  33  69
7  33  37
8  33  79
9  33  62
10  33  65
11  33  69
12  33  64
13  33  29
14  33  29
15  33  74
16  33  57
17  33  14
18  33  63
19  33  35
20  33  10
21  33  29
22  33  47
23  33  24
24  33  83
25  33  23
26  33  54
27  33  39
28  33  14
29  33  26
30  33  35
1  34  21
2  34  90
3  34  59
4  34  76
5  34  21
6  34  21
7  34  88
8  34  67
9  34  19
10  34  53
11  34  79
12  34  58
13  34  69
14  34  36
15  34  10
16  34  18
17  34  48
18  34  87
19  34  13
20  34  17
21  34  72
22  34  80
23  34  12
24  34  82
25  34  55
26  34  12
27  34  74
28  34  23
29  34  27
30  34  59
1  35  22
2  35  77
3  35  65
4  35  17
5  35  88
6  35  22
7  35  54
8  35  88
9  35  16
10  35  14
11  35  75
12  35  55
13  35  90
14  35  81
15  35  15
16  35  50
17  35  47
18  35  26
19  35  44
20  35  19
21  35  65
22  35  50
23  35  14
24  35  84
25  35  49
26  35  12
27  35  82
28  35  75
29  35  65
30  35  14
1  36  74
2  36  43
3  36  55
4  36  18
5  36  15
6  36  73
7  36  81
8  36  19
9  36  61
10  36  54
11  36  32
12  36  29
13  36  29
14  36  73
15  36  53
16  36  88
17  36  34
18  36  25
19  36  69
20  36  45
21  36  44
22  36  35
23  36  84
24  36  86
25  36  35
26  36  46
27  36  50
28  36  22
29  36  57
30  36  79
1  37  51
2  37  66
3  37  33
4  37  27
5  37  33
6  37  25
7  37  37
8  37  76
9  37  87
10  37  26
11  37  61
12  37  64
13  37  58
14  37  60
15  37  68
16  37  37
17  37  67
18  37  21
19  37  75
20  37  38
21  37  27
22  37  54
23  37  19
24  37  31
25  37  12
26  37  59
27  37  83
28  37  53
29  37  56
30  37  82
1  38  66
2  38  28
3  38  54
4  38  90
5  38  82
6  38  41
7  38  81
8  38  75
9  38  65
10  38  32
11  38  12
12  38  71
13  38  78
14  38  10
15  38  82
16  38  62
17  38  25
18  38  53
19  38  25
20  38  29
21  38  78
22  38  40
23  38  69
24  38  47
25  38  22
26  38  33
27  38  36
28  38  32
29  38  53
30  38  52
1  39  74
2  39  19
3  39  32
4  39  39
5  39  42
6  39  50
7  39  78
8  39  90
9  39  59
10  39  16
11  39  21
12  39  17
13  39  51
14  39  56
15  39  21
16  39  88
17  39  40
18  39  21
19  39  55
20  39  49
21  39  38
22  39  56
23  39  29
24  39  51
25  39  87
26  39  41
27  39  89
28  39  46
29  39  49
30  39  24
1  40  64
2  40  88
3  40  76
4  40  37
5  40  88
6  40  61
7  40  74
8  40  76
9  40  49
10  40  24
11  40  12
12  40  44
13  40  72
14  40  55
15  40  34
16  40  59
17  40  30
18  40  82
19  40  90
20  40  29
21  40  50
22  40  53
23  40  48
24  40  42
25  40  68
26  40  19
27  40  84
28  40  59
29  40  53
30  40  43
1  41  22
2  41  38
3  41  84
4  41  67
5  41  32
6  41  65
7  41  81
8  41  84
9  41  89
10  41  21
11  41  40
12  41  60
13  41  17
14  41  27
15  41  14
16  41  25
17  41  54
18  41  32
19  41  70
20  41  60
21  41  75
22  41  90
23  41  82
24  41  58
25  41  85
26  41  60
27  41  86
28  41  88
29  41  24
30  41  57
1  42  71
2  42  39
3  42  14
4  42  11
5  42  84
6  42  31
7  42  20
8  42  59
9  42  48
10  42  38
11  42  42
12  42  90
13  42  20
14  42  14
15  42  66
16  42  16
17  42  89
18  42  85
19  42  84
20  42  32
21  42  83
22  42  74
23  42  12
24  42  67
25  42  82
26  42  48
27  42  20
28  42  51
29  42  84
30  42  80
1  43  83
2  43  51
3  43  78
4  43  90
5  43  70
6  43  30
7  43  53
8  43  59
9  43  52
10  43  39
11  43  46
12  43  74
13  43  70
14  43  85
15  43  12
16  43  47
17  43  37
18  43  37
19  43  69
20  43  49
21  43  37
22  43  22
23  43  69
24  43  54
25  43  75
26  43  85
27  43  48
28  43  18
29  43  71
30  43  64
1  44  50
2  44  77
3  44  16
4  44  67
5  44  36
6  44  47
7  44  57
8  44  23
9  44  55
10  44  26
11  44  17
12  44  63
13  44  33
14  44  63
15  44  25
16  44  37
17  44  31
18  44  51
19  44  48
20  44  18
21  44  26
22  44  17
23  44  26
24  44  42
25  44  29
26  44  89
27  44  64
28  44  76
29  44  74
30  44  35
1  45  21
2  45  56
3  45  68
4  45  68
5  45  30
6  45  44
7  45  12
8  45  16
9  45  65
10  45  56
11  45  52
12  45  47
13  45  75
14  45  38
15  45  15
16  45  11
17  45  41
18  45  44
19  45  17
20  45  10
21  45  13
22  45  57
23  45  23
24  45  78
25  45  66
26  45  49
27  45  61
28  45  48
29  45  88
30  45  87
1  46  34
2  46  51
3  46  77
4  46  39
5  46  56
6  46  62
7  46  60
8  46  57
9  46  34
10  46  53
11  46  49
12  46  87
13  46  45
14  46  52
15  46  21
16  46  40
17  46  17
18  46  20
19  46  83
20  46  76
21  46  23
22  46  54
23  46  83
24  46  42
25  46  15
26  46  85
27  46  44
28  46  66
29  46  76
30  46  84
1  47  55
2  47  75
3  47  66
4  47  87
5  47  28
6  47  11
7  47  57
8  47  26
9  47  62
10  47  74
11  47  38
12  47  11
13  47  25
14  47  82
15  47  86
16  47  85
17  47  63
18  47  22
19  47  33
20  47  77
21  47  89
22  47  70
23  47  81
24  47  69
25  47  73
26  47  73
27  47  54
28  47  60
29  47  37
30  47  84
1  48  36
2  48  27
3  48  43
4  48  52
5  48  72
6  48  63
7  48  15
8  48  63
9  48  35
10  48  33
11  48  85
12  48  28
13  48  25
14  48  12
15  48  53
16  48  19
17  48  64
18  48  85
19  48  64
20  48  61
21  48  90
22  48  62
23  48  83
24  48  70
25  48  28
26  48  29
27  48  87
28  48  54
29  48  28
30  48  57
1  49  60
2  49  14
3  49  12
4  49  59
5  49  74
6  49  27
7  49  24
8  49  13
9  49  72
10  49  87
11  49  46
12  49  37
13  49  25
14  49  58
15  49  18
16  49  82
17  49  21
18  49  90
19  49  37
20  49  37
21  49  38
22  49  23
23  49  77
24  49  23
25  49  80
26  49  60
27  49  25
28  49  47
29  49  27
30  49  24
1  50  21
2  50  71
3  50  69
4  50  61
5  50  12
6  50  71
7  50  17
8  50  48
9  50  39
10  50  16
11  50  16
12  50  13
13  50  83
14  50  81
15  50  86
16  50  16
17  50  83
18  50  58
19  50  80
20  50  88
21  50  68
22  50  13
23  50  46
24  50  28
25  50  13
26  50  18
27  50  47
28  50  26
29  50  81
30  50  37
;

param a :=
1  1  1
2  1  0.52
1  2  1
2  2  0.5
1  3  1
2  3  0.57
1  4  1
2  4  0.55
1  5  1
2  5  0.45
1  6  1
2  6  0.44
1  7  1
2  7  0.4
1  8  1
2  8  0.51
1  9  1
2  9  0.46
1  10  1
2  10  0.55
1  11  1
2  11  0.52
1  12  1
2  12  0.52
1  13  1
2  13  0.49
1  14  1
2  14  0.58
1  15  1
2  15  0.4
1  16  1
2  16  0.4
1  17  1
2  17  0.48
1  18  1
2  18  0.55
1  19  1
2  19  0.57
1  20  1
2  20  0.54
1  21  1
2  21  0.58
1  22  1
2  22  0.55
1  23  1
2  23  0.45
1  24  1
2  24  0.57
1  25  1
2  25  0.56
1  26  1
2  26  0.46
1  27  1
2  27  0.51
1  28  1
2  28  0.46
1  29  1
2  29  0.47
1  30  1
2  30  0.44
;

