param com_measure1 := 0.61109;

param com_measure2 := 0.9648;

param kappa_max := 831.8853;

param U_tau := 591.8325;

param nT := 2;

param nS := 100;

param nL := 20;

param B := 999.62;

param w :=
1  3
2  3
3  1
4  1
5  3
6  3
7  1
8  1
9  3
10  1
11  3
12  2
13  2
14  3
15  3
16  1
17  3
18  3
19  3
20  1
;

param h :=
1  1  0
1  2  0
1  3  0
1  4  0
1  5  0
1  6  0
1  7  0
1  8  0
1  9  0
1  10  0
1  11  0
1  12  0
1  13  0
1  14  0
1  15  0
1  16  0
1  17  0
1  18  0
1  19  0
1  20  0
2  1  103.63
2  2  102.66
2  3  103.91
2  4  98.38
2  5  94.96
2  6  88.29
2  7  98.34
2  8  99.00
2  9  96.12
2  10  100.10
2  11  108.07
2  12  108.23
2  13  100.07
2  14  98.56
2  15  109.99
2  16  94.33
2  17  92.52
2  18  108.56
2  19  96.13
2  20  97.37
;

param xi :=
1  1  1  85
2  1  1  23
3  1  1  75
4  1  1  51
5  1  1  31
6  1  1  31
7  1  1  55
8  1  1  77
9  1  1  48
10  1  1  72
11  1  1  59
12  1  1  88
13  1  1  25
14  1  1  67
15  1  1  31
16  1  1  62
17  1  1  63
18  1  1  66
19  1  1  53
20  1  1  47
1  2  1  44
2  2  1  46
3  2  1  66
4  2  1  44
5  2  1  13
6  2  1  67
7  2  1  75
8  2  1  72
9  2  1  39
10  2  1  23
11  2  1  85
12  2  1  65
13  2  1  54
14  2  1  45
15  2  1  62
16  2  1  46
17  2  1  34
18  2  1  86
19  2  1  79
20  2  1  72
1  3  1  80
2  3  1  11
3  3  1  25
4  3  1  43
5  3  1  20
6  3  1  21
7  3  1  52
8  3  1  12
9  3  1  20
10  3  1  12
11  3  1  52
12  3  1  18
13  3  1  74
14  3  1  74
15  3  1  82
16  3  1  32
17  3  1  13
18  3  1  85
19  3  1  31
20  3  1  75
1  4  1  41
2  4  1  76
3  4  1  62
4  4  1  89
5  4  1  62
6  4  1  19
7  4  1  64
8  4  1  45
9  4  1  63
10  4  1  37
11  4  1  83
12  4  1  56
13  4  1  77
14  4  1  33
15  4  1  48
16  4  1  52
17  4  1  47
18  4  1  13
19  4  1  45
20  4  1  20
1  5  1  63
2  5  1  41
3  5  1  12
4  5  1  80
5  5  1  64
6  5  1  52
7  5  1  13
8  5  1  54
9  5  1  28
10  5  1  77
11  5  1  66
12  5  1  11
13  5  1  86
14  5  1  17
15  5  1  47
16  5  1  53
17  5  1  69
18  5  1  16
19  5  1  47
20  5  1  90
1  6  1  24
2  6  1  66
3  6  1  31
4  6  1  31
5  6  1  19
6  6  1  17
7  6  1  17
8  6  1  72
9  6  1  45
10  6  1  41
11  6  1  17
12  6  1  62
13  6  1  37
14  6  1  34
15  6  1  29
16  6  1  79
17  6  1  60
18  6  1  68
19  6  1  32
20  6  1  18
1  7  1  68
2  7  1  59
3  7  1  33
4  7  1  82
5  7  1  83
6  7  1  72
7  7  1  21
8  7  1  66
9  7  1  60
10  7  1  23
11  7  1  88
12  7  1  60
13  7  1  69
14  7  1  75
15  7  1  57
16  7  1  30
17  7  1  80
18  7  1  47
19  7  1  22
20  7  1  64
1  8  1  64
2  8  1  37
3  8  1  52
4  8  1  12
5  8  1  86
6  8  1  46
7  8  1  13
8  8  1  90
9  8  1  33
10  8  1  10
11  8  1  57
12  8  1  14
13  8  1  74
14  8  1  69
15  8  1  40
16  8  1  52
17  8  1  58
18  8  1  81
19  8  1  12
20  8  1  72
1  9  1  75
2  9  1  62
3  9  1  57
4  9  1  43
5  9  1  43
6  9  1  77
7  9  1  69
8  9  1  19
9  9  1  67
10  9  1  38
11  9  1  68
12  9  1  88
13  9  1  35
14  9  1  64
15  9  1  35
16  9  1  65
17  9  1  19
18  9  1  40
19  9  1  71
20  9  1  81
1  10  1  73
2  10  1  23
3  10  1  75
4  10  1  83
5  10  1  16
6  10  1  16
7  10  1  22
8  10  1  78
9  10  1  87
10  10  1  49
11  10  1  75
12  10  1  86
13  10  1  32
14  10  1  33
15  10  1  24
16  10  1  52
17  10  1  80
18  10  1  19
19  10  1  49
20  10  1  29
1  11  1  26
2  11  1  83
3  11  1  79
4  11  1  31
5  11  1  77
6  11  1  74
7  11  1  52
8  11  1  23
9  11  1  60
10  11  1  45
11  11  1  69
12  11  1  24
13  11  1  89
14  11  1  48
15  11  1  89
16  11  1  32
17  11  1  56
18  11  1  86
19  11  1  90
20  11  1  38
1  12  1  13
2  12  1  35
3  12  1  54
4  12  1  42
5  12  1  69
6  12  1  66
7  12  1  15
8  12  1  67
9  12  1  18
10  12  1  64
11  12  1  38
12  12  1  75
13  12  1  16
14  12  1  29
15  12  1  73
16  12  1  39
17  12  1  12
18  12  1  54
19  12  1  49
20  12  1  67
1  13  1  62
2  13  1  57
3  13  1  54
4  13  1  10
5  13  1  81
6  13  1  25
7  13  1  56
8  13  1  61
9  13  1  43
10  13  1  71
11  13  1  78
12  13  1  25
13  13  1  82
14  13  1  46
15  13  1  89
16  13  1  50
17  13  1  56
18  13  1  48
19  13  1  44
20  13  1  16
1  14  1  69
2  14  1  40
3  14  1  45
4  14  1  66
5  14  1  11
6  14  1  34
7  14  1  16
8  14  1  61
9  14  1  81
10  14  1  67
11  14  1  88
12  14  1  56
13  14  1  17
14  14  1  79
15  14  1  76
16  14  1  65
17  14  1  31
18  14  1  42
19  14  1  70
20  14  1  49
1  15  1  65
2  15  1  80
3  15  1  65
4  15  1  81
5  15  1  28
6  15  1  13
7  15  1  20
8  15  1  84
9  15  1  52
10  15  1  44
11  15  1  60
12  15  1  29
13  15  1  61
14  15  1  11
15  15  1  37
16  15  1  70
17  15  1  26
18  15  1  60
19  15  1  37
20  15  1  70
1  16  1  68
2  16  1  23
3  16  1  36
4  16  1  30
5  16  1  49
6  16  1  33
7  16  1  60
8  16  1  82
9  16  1  42
10  16  1  35
11  16  1  29
12  16  1  49
13  16  1  46
14  16  1  23
15  16  1  45
16  16  1  29
17  16  1  16
18  16  1  11
19  16  1  37
20  16  1  55
1  17  1  59
2  17  1  63
3  17  1  82
4  17  1  42
5  17  1  82
6  17  1  63
7  17  1  22
8  17  1  71
9  17  1  70
10  17  1  65
11  17  1  71
12  17  1  81
13  17  1  85
14  17  1  12
15  17  1  33
16  17  1  51
17  17  1  19
18  17  1  76
19  17  1  61
20  17  1  83
1  18  1  49
2  18  1  43
3  18  1  86
4  18  1  36
5  18  1  36
6  18  1  45
7  18  1  34
8  18  1  23
9  18  1  38
10  18  1  59
11  18  1  82
12  18  1  72
13  18  1  17
14  18  1  37
15  18  1  58
16  18  1  76
17  18  1  56
18  18  1  42
19  18  1  57
20  18  1  34
1  19  1  20
2  19  1  27
3  19  1  44
4  19  1  61
5  19  1  32
6  19  1  71
7  19  1  87
8  19  1  20
9  19  1  60
10  19  1  71
11  19  1  26
12  19  1  21
13  19  1  34
14  19  1  46
15  19  1  50
16  19  1  29
17  19  1  83
18  19  1  88
19  19  1  12
20  19  1  78
1  20  1  88
2  20  1  18
3  20  1  71
4  20  1  10
5  20  1  62
6  20  1  48
7  20  1  17
8  20  1  47
9  20  1  19
10  20  1  50
11  20  1  84
12  20  1  47
13  20  1  83
14  20  1  68
15  20  1  79
16  20  1  17
17  20  1  32
18  20  1  13
19  20  1  32
20  20  1  17
1  21  1  61
2  21  1  86
3  21  1  59
4  21  1  36
5  21  1  38
6  21  1  72
7  21  1  89
8  21  1  40
9  21  1  47
10  21  1  66
11  21  1  18
12  21  1  82
13  21  1  77
14  21  1  76
15  21  1  76
16  21  1  10
17  21  1  42
18  21  1  62
19  21  1  12
20  21  1  76
1  22  1  57
2  22  1  89
3  22  1  45
4  22  1  75
5  22  1  72
6  22  1  81
7  22  1  49
8  22  1  75
9  22  1  58
10  22  1  19
11  22  1  77
12  22  1  62
13  22  1  46
14  22  1  86
15  22  1  62
16  22  1  52
17  22  1  33
18  22  1  35
19  22  1  89
20  22  1  90
1  23  1  17
2  23  1  85
3  23  1  70
4  23  1  79
5  23  1  78
6  23  1  14
7  23  1  46
8  23  1  53
9  23  1  68
10  23  1  33
11  23  1  62
12  23  1  87
13  23  1  46
14  23  1  36
15  23  1  55
16  23  1  79
17  23  1  70
18  23  1  30
19  23  1  32
20  23  1  16
1  24  1  90
2  24  1  63
3  24  1  30
4  24  1  82
5  24  1  70
6  24  1  37
7  24  1  48
8  24  1  15
9  24  1  16
10  24  1  32
11  24  1  59
12  24  1  11
13  24  1  26
14  24  1  69
15  24  1  20
16  24  1  44
17  24  1  60
18  24  1  23
19  24  1  44
20  24  1  43
1  25  1  21
2  25  1  35
3  25  1  57
4  25  1  77
5  25  1  38
6  25  1  24
7  25  1  38
8  25  1  60
9  25  1  14
10  25  1  26
11  25  1  53
12  25  1  16
13  25  1  36
14  25  1  12
15  25  1  13
16  25  1  81
17  25  1  18
18  25  1  66
19  25  1  28
20  25  1  15
1  26  1  57
2  26  1  74
3  26  1  74
4  26  1  89
5  26  1  10
6  26  1  33
7  26  1  11
8  26  1  62
9  26  1  76
10  26  1  38
11  26  1  51
12  26  1  69
13  26  1  47
14  26  1  43
15  26  1  69
16  26  1  88
17  26  1  19
18  26  1  90
19  26  1  62
20  26  1  23
1  27  1  58
2  27  1  57
3  27  1  48
4  27  1  38
5  27  1  84
6  27  1  36
7  27  1  64
8  27  1  87
9  27  1  74
10  27  1  79
11  27  1  82
12  27  1  50
13  27  1  63
14  27  1  14
15  27  1  86
16  27  1  16
17  27  1  31
18  27  1  73
19  27  1  19
20  27  1  39
1  28  1  55
2  28  1  62
3  28  1  20
4  28  1  13
5  28  1  13
6  28  1  32
7  28  1  74
8  28  1  58
9  28  1  32
10  28  1  35
11  28  1  90
12  28  1  82
13  28  1  56
14  28  1  88
15  28  1  44
16  28  1  89
17  28  1  63
18  28  1  45
19  28  1  34
20  28  1  18
1  29  1  60
2  29  1  48
3  29  1  68
4  29  1  63
5  29  1  31
6  29  1  58
7  29  1  83
8  29  1  31
9  29  1  51
10  29  1  48
11  29  1  86
12  29  1  14
13  29  1  11
14  29  1  19
15  29  1  28
16  29  1  74
17  29  1  82
18  29  1  28
19  29  1  27
20  29  1  76
1  30  1  39
2  30  1  50
3  30  1  43
4  30  1  64
5  30  1  86
6  30  1  25
7  30  1  17
8  30  1  31
9  30  1  51
10  30  1  71
11  30  1  59
12  30  1  35
13  30  1  89
14  30  1  19
15  30  1  80
16  30  1  73
17  30  1  32
18  30  1  89
19  30  1  59
20  30  1  47
1  31  1  55
2  31  1  54
3  31  1  12
4  31  1  85
5  31  1  42
6  31  1  20
7  31  1  17
8  31  1  47
9  31  1  18
10  31  1  65
11  31  1  47
12  31  1  56
13  31  1  13
14  31  1  51
15  31  1  22
16  31  1  82
17  31  1  22
18  31  1  29
19  31  1  39
20  31  1  42
1  32  1  51
2  32  1  49
3  32  1  51
4  32  1  27
5  32  1  78
6  32  1  65
7  32  1  25
8  32  1  28
9  32  1  35
10  32  1  47
11  32  1  15
12  32  1  43
13  32  1  62
14  32  1  63
15  32  1  13
16  32  1  29
17  32  1  36
18  32  1  44
19  32  1  84
20  32  1  26
1  33  1  12
2  33  1  89
3  33  1  61
4  33  1  19
5  33  1  61
6  33  1  70
7  33  1  62
8  33  1  25
9  33  1  32
10  33  1  22
11  33  1  64
12  33  1  70
13  33  1  15
14  33  1  89
15  33  1  35
16  33  1  18
17  33  1  52
18  33  1  17
19  33  1  35
20  33  1  72
1  34  1  45
2  34  1  28
3  34  1  77
4  34  1  88
5  34  1  48
6  34  1  90
7  34  1  85
8  34  1  63
9  34  1  58
10  34  1  75
11  34  1  65
12  34  1  19
13  34  1  36
14  34  1  16
15  34  1  80
16  34  1  89
17  34  1  75
18  34  1  11
19  34  1  73
20  34  1  76
1  35  1  16
2  35  1  86
3  35  1  88
4  35  1  44
5  35  1  79
6  35  1  49
7  35  1  11
8  35  1  63
9  35  1  84
10  35  1  62
11  35  1  62
12  35  1  76
13  35  1  41
14  35  1  21
15  35  1  90
16  35  1  25
17  35  1  36
18  35  1  38
19  35  1  64
20  35  1  53
1  36  1  51
2  36  1  82
3  36  1  55
4  36  1  72
5  36  1  10
6  36  1  78
7  36  1  40
8  36  1  11
9  36  1  86
10  36  1  88
11  36  1  60
12  36  1  65
13  36  1  50
14  36  1  75
15  36  1  70
16  36  1  63
17  36  1  65
18  36  1  70
19  36  1  50
20  36  1  16
1  37  1  84
2  37  1  37
3  37  1  64
4  37  1  84
5  37  1  57
6  37  1  56
7  37  1  22
8  37  1  55
9  37  1  42
10  37  1  39
11  37  1  39
12  37  1  71
13  37  1  52
14  37  1  14
15  37  1  44
16  37  1  55
17  37  1  34
18  37  1  77
19  37  1  70
20  37  1  77
1  38  1  13
2  38  1  44
3  38  1  22
4  38  1  37
5  38  1  76
6  38  1  78
7  38  1  33
8  38  1  64
9  38  1  51
10  38  1  17
11  38  1  90
12  38  1  70
13  38  1  86
14  38  1  19
15  38  1  85
16  38  1  88
17  38  1  42
18  38  1  35
19  38  1  46
20  38  1  85
1  39  1  85
2  39  1  68
3  39  1  57
4  39  1  12
5  39  1  59
6  39  1  39
7  39  1  11
8  39  1  30
9  39  1  38
10  39  1  52
11  39  1  54
12  39  1  58
13  39  1  84
14  39  1  39
15  39  1  21
16  39  1  32
17  39  1  29
18  39  1  52
19  39  1  87
20  39  1  62
1  40  1  19
2  40  1  47
3  40  1  77
4  40  1  70
5  40  1  34
6  40  1  39
7  40  1  10
8  40  1  88
9  40  1  30
10  40  1  72
11  40  1  33
12  40  1  24
13  40  1  75
14  40  1  75
15  40  1  64
16  40  1  20
17  40  1  85
18  40  1  50
19  40  1  54
20  40  1  18
1  41  1  10
2  41  1  32
3  41  1  56
4  41  1  20
5  41  1  44
6  41  1  39
7  41  1  87
8  41  1  88
9  41  1  13
10  41  1  35
11  41  1  52
12  41  1  34
13  41  1  12
14  41  1  61
15  41  1  65
16  41  1  37
17  41  1  26
18  41  1  83
19  41  1  22
20  41  1  82
1  42  1  60
2  42  1  19
3  42  1  86
4  42  1  90
5  42  1  25
6  42  1  33
7  42  1  11
8  42  1  12
9  42  1  38
10  42  1  69
11  42  1  63
12  42  1  84
13  42  1  24
14  42  1  26
15  42  1  55
16  42  1  86
17  42  1  78
18  42  1  33
19  42  1  63
20  42  1  29
1  43  1  56
2  43  1  13
3  43  1  23
4  43  1  79
5  43  1  16
6  43  1  26
7  43  1  62
8  43  1  55
9  43  1  42
10  43  1  27
11  43  1  47
12  43  1  49
13  43  1  64
14  43  1  13
15  43  1  72
16  43  1  47
17  43  1  15
18  43  1  75
19  43  1  48
20  43  1  26
1  44  1  23
2  44  1  21
3  44  1  30
4  44  1  10
5  44  1  28
6  44  1  42
7  44  1  38
8  44  1  89
9  44  1  65
10  44  1  48
11  44  1  45
12  44  1  47
13  44  1  63
14  44  1  73
15  44  1  71
16  44  1  32
17  44  1  79
18  44  1  38
19  44  1  38
20  44  1  18
1  45  1  87
2  45  1  11
3  45  1  78
4  45  1  68
5  45  1  11
6  45  1  26
7  45  1  77
8  45  1  78
9  45  1  29
10  45  1  68
11  45  1  30
12  45  1  63
13  45  1  44
14  45  1  45
15  45  1  80
16  45  1  90
17  45  1  58
18  45  1  89
19  45  1  25
20  45  1  82
1  46  1  38
2  46  1  24
3  46  1  77
4  46  1  54
5  46  1  67
6  46  1  17
7  46  1  61
8  46  1  46
9  46  1  83
10  46  1  62
11  46  1  36
12  46  1  76
13  46  1  72
14  46  1  27
15  46  1  16
16  46  1  52
17  46  1  67
18  46  1  62
19  46  1  88
20  46  1  58
1  47  1  32
2  47  1  59
3  47  1  43
4  47  1  35
5  47  1  36
6  47  1  62
7  47  1  57
8  47  1  71
9  47  1  50
10  47  1  10
11  47  1  39
12  47  1  35
13  47  1  86
14  47  1  66
15  47  1  76
16  47  1  28
17  47  1  28
18  47  1  45
19  47  1  44
20  47  1  49
1  48  1  79
2  48  1  85
3  48  1  83
4  48  1  75
5  48  1  48
6  48  1  42
7  48  1  78
8  48  1  88
9  48  1  52
10  48  1  35
11  48  1  47
12  48  1  86
13  48  1  88
14  48  1  78
15  48  1  33
16  48  1  39
17  48  1  58
18  48  1  66
19  48  1  59
20  48  1  55
1  49  1  32
2  49  1  70
3  49  1  88
4  49  1  41
5  49  1  29
6  49  1  79
7  49  1  40
8  49  1  67
9  49  1  52
10  49  1  75
11  49  1  62
12  49  1  70
13  49  1  13
14  49  1  49
15  49  1  22
16  49  1  33
17  49  1  89
18  49  1  58
19  49  1  34
20  49  1  29
1  50  1  41
2  50  1  89
3  50  1  30
4  50  1  18
5  50  1  59
6  50  1  11
7  50  1  69
8  50  1  67
9  50  1  13
10  50  1  47
11  50  1  60
12  50  1  74
13  50  1  59
14  50  1  82
15  50  1  49
16  50  1  32
17  50  1  33
18  50  1  48
19  50  1  10
20  50  1  88
1  51  1  25
2  51  1  44
3  51  1  56
4  51  1  36
5  51  1  14
6  51  1  19
7  51  1  34
8  51  1  10
9  51  1  67
10  51  1  20
11  51  1  20
12  51  1  35
13  51  1  19
14  51  1  70
15  51  1  60
16  51  1  50
17  51  1  58
18  51  1  59
19  51  1  25
20  51  1  40
1  52  1  90
2  52  1  47
3  52  1  51
4  52  1  53
5  52  1  62
6  52  1  13
7  52  1  88
8  52  1  15
9  52  1  84
10  52  1  20
11  52  1  48
12  52  1  75
13  52  1  89
14  52  1  69
15  52  1  90
16  52  1  27
17  52  1  53
18  52  1  86
19  52  1  65
20  52  1  49
1  53  1  25
2  53  1  88
3  53  1  42
4  53  1  80
5  53  1  18
6  53  1  39
7  53  1  53
8  53  1  27
9  53  1  19
10  53  1  90
11  53  1  60
12  53  1  87
13  53  1  37
14  53  1  26
15  53  1  20
16  53  1  20
17  53  1  48
18  53  1  57
19  53  1  37
20  53  1  67
1  54  1  60
2  54  1  56
3  54  1  14
4  54  1  69
5  54  1  52
6  54  1  87
7  54  1  54
8  54  1  47
9  54  1  76
10  54  1  71
11  54  1  37
12  54  1  60
13  54  1  62
14  54  1  11
15  54  1  74
16  54  1  41
17  54  1  32
18  54  1  11
19  54  1  59
20  54  1  11
1  55  1  67
2  55  1  20
3  55  1  87
4  55  1  66
5  55  1  70
6  55  1  43
7  55  1  68
8  55  1  41
9  55  1  26
10  55  1  60
11  55  1  26
12  55  1  73
13  55  1  56
14  55  1  86
15  55  1  85
16  55  1  56
17  55  1  19
18  55  1  18
19  55  1  73
20  55  1  74
1  56  1  31
2  56  1  62
3  56  1  32
4  56  1  37
5  56  1  41
6  56  1  16
7  56  1  88
8  56  1  16
9  56  1  36
10  56  1  14
11  56  1  66
12  56  1  34
13  56  1  18
14  56  1  41
15  56  1  69
16  56  1  75
17  56  1  86
18  56  1  52
19  56  1  82
20  56  1  26
1  57  1  41
2  57  1  54
3  57  1  25
4  57  1  75
5  57  1  72
6  57  1  15
7  57  1  85
8  57  1  80
9  57  1  54
10  57  1  74
11  57  1  69
12  57  1  28
13  57  1  68
14  57  1  88
15  57  1  71
16  57  1  36
17  57  1  47
18  57  1  78
19  57  1  26
20  57  1  81
1  58  1  57
2  58  1  66
3  58  1  80
4  58  1  77
5  58  1  18
6  58  1  68
7  58  1  31
8  58  1  45
9  58  1  81
10  58  1  25
11  58  1  81
12  58  1  52
13  58  1  75
14  58  1  76
15  58  1  83
16  58  1  78
17  58  1  16
18  58  1  45
19  58  1  50
20  58  1  69
1  59  1  80
2  59  1  89
3  59  1  49
4  59  1  88
5  59  1  30
6  59  1  60
7  59  1  28
8  59  1  47
9  59  1  45
10  59  1  68
11  59  1  46
12  59  1  37
13  59  1  65
14  59  1  64
15  59  1  65
16  59  1  73
17  59  1  37
18  59  1  49
19  59  1  50
20  59  1  30
1  60  1  46
2  60  1  21
3  60  1  20
4  60  1  42
5  60  1  84
6  60  1  36
7  60  1  73
8  60  1  30
9  60  1  39
10  60  1  13
11  60  1  71
12  60  1  27
13  60  1  67
14  60  1  66
15  60  1  80
16  60  1  78
17  60  1  48
18  60  1  85
19  60  1  60
20  60  1  48
1  61  1  70
2  61  1  35
3  61  1  75
4  61  1  78
5  61  1  22
6  61  1  38
7  61  1  81
8  61  1  87
9  61  1  64
10  61  1  61
11  61  1  11
12  61  1  57
13  61  1  90
14  61  1  77
15  61  1  19
16  61  1  61
17  61  1  58
18  61  1  26
19  61  1  50
20  61  1  84
1  62  1  85
2  62  1  81
3  62  1  75
4  62  1  32
5  62  1  40
6  62  1  57
7  62  1  51
8  62  1  80
9  62  1  84
10  62  1  16
11  62  1  22
12  62  1  40
13  62  1  32
14  62  1  75
15  62  1  73
16  62  1  50
17  62  1  40
18  62  1  18
19  62  1  36
20  62  1  61
1  63  1  80
2  63  1  33
3  63  1  15
4  63  1  85
5  63  1  90
6  63  1  88
7  63  1  78
8  63  1  18
9  63  1  37
10  63  1  11
11  63  1  84
12  63  1  69
13  63  1  56
14  63  1  50
15  63  1  70
16  63  1  73
17  63  1  39
18  63  1  44
19  63  1  78
20  63  1  20
1  64  1  73
2  64  1  45
3  64  1  41
4  64  1  60
5  64  1  78
6  64  1  11
7  64  1  89
8  64  1  66
9  64  1  56
10  64  1  71
11  64  1  31
12  64  1  64
13  64  1  70
14  64  1  13
15  64  1  50
16  64  1  53
17  64  1  64
18  64  1  86
19  64  1  56
20  64  1  42
1  65  1  23
2  65  1  89
3  65  1  14
4  65  1  87
5  65  1  15
6  65  1  65
7  65  1  31
8  65  1  36
9  65  1  43
10  65  1  27
11  65  1  88
12  65  1  66
13  65  1  54
14  65  1  49
15  65  1  39
16  65  1  21
17  65  1  25
18  65  1  49
19  65  1  10
20  65  1  21
1  66  1  88
2  66  1  77
3  66  1  69
4  66  1  84
5  66  1  69
6  66  1  76
7  66  1  88
8  66  1  90
9  66  1  37
10  66  1  72
11  66  1  46
12  66  1  46
13  66  1  29
14  66  1  20
15  66  1  58
16  66  1  89
17  66  1  81
18  66  1  31
19  66  1  38
20  66  1  38
1  67  1  15
2  67  1  89
3  67  1  88
4  67  1  10
5  67  1  56
6  67  1  47
7  67  1  46
8  67  1  83
9  67  1  13
10  67  1  22
11  67  1  86
12  67  1  75
13  67  1  73
14  67  1  45
15  67  1  26
16  67  1  59
17  67  1  36
18  67  1  61
19  67  1  21
20  67  1  21
1  68  1  56
2  68  1  47
3  68  1  48
4  68  1  18
5  68  1  60
6  68  1  43
7  68  1  48
8  68  1  18
9  68  1  11
10  68  1  89
11  68  1  21
12  68  1  87
13  68  1  83
14  68  1  87
15  68  1  67
16  68  1  34
17  68  1  48
18  68  1  72
19  68  1  32
20  68  1  48
1  69  1  35
2  69  1  70
3  69  1  29
4  69  1  31
5  69  1  10
6  69  1  35
7  69  1  73
8  69  1  72
9  69  1  50
10  69  1  35
11  69  1  18
12  69  1  19
13  69  1  46
14  69  1  35
15  69  1  51
16  69  1  31
17  69  1  11
18  69  1  23
19  69  1  27
20  69  1  73
1  70  1  75
2  70  1  49
3  70  1  49
4  70  1  21
5  70  1  78
6  70  1  11
7  70  1  11
8  70  1  10
9  70  1  58
10  70  1  87
11  70  1  14
12  70  1  56
13  70  1  13
14  70  1  84
15  70  1  15
16  70  1  90
17  70  1  76
18  70  1  12
19  70  1  52
20  70  1  18
1  71  1  68
2  71  1  59
3  71  1  21
4  71  1  10
5  71  1  66
6  71  1  69
7  71  1  12
8  71  1  28
9  71  1  46
10  71  1  26
11  71  1  67
12  71  1  31
13  71  1  78
14  71  1  39
15  71  1  29
16  71  1  56
17  71  1  64
18  71  1  72
19  71  1  88
20  71  1  42
1  72  1  51
2  72  1  32
3  72  1  64
4  72  1  72
5  72  1  38
6  72  1  31
7  72  1  88
8  72  1  62
9  72  1  47
10  72  1  88
11  72  1  87
12  72  1  78
13  72  1  23
14  72  1  18
15  72  1  48
16  72  1  52
17  72  1  39
18  72  1  75
19  72  1  16
20  72  1  89
1  73  1  50
2  73  1  62
3  73  1  20
4  73  1  37
5  73  1  77
6  73  1  61
7  73  1  19
8  73  1  55
9  73  1  38
10  73  1  84
11  73  1  70
12  73  1  36
13  73  1  57
14  73  1  75
15  73  1  30
16  73  1  47
17  73  1  23
18  73  1  35
19  73  1  33
20  73  1  27
1  74  1  12
2  74  1  44
3  74  1  80
4  74  1  10
5  74  1  54
6  74  1  29
7  74  1  43
8  74  1  78
9  74  1  70
10  74  1  47
11  74  1  83
12  74  1  19
13  74  1  15
14  74  1  25
15  74  1  19
16  74  1  34
17  74  1  87
18  74  1  26
19  74  1  32
20  74  1  40
1  75  1  83
2  75  1  43
3  75  1  68
4  75  1  24
5  75  1  52
6  75  1  24
7  75  1  54
8  75  1  62
9  75  1  30
10  75  1  86
11  75  1  42
12  75  1  23
13  75  1  18
14  75  1  81
15  75  1  57
16  75  1  10
17  75  1  28
18  75  1  24
19  75  1  78
20  75  1  35
1  76  1  85
2  76  1  16
3  76  1  43
4  76  1  20
5  76  1  49
6  76  1  10
7  76  1  61
8  76  1  83
9  76  1  86
10  76  1  64
11  76  1  14
12  76  1  39
13  76  1  55
14  76  1  26
15  76  1  73
16  76  1  47
17  76  1  81
18  76  1  16
19  76  1  24
20  76  1  60
1  77  1  85
2  77  1  61
3  77  1  69
4  77  1  50
5  77  1  61
6  77  1  33
7  77  1  37
8  77  1  20
9  77  1  52
10  77  1  81
11  77  1  62
12  77  1  88
13  77  1  25
14  77  1  45
15  77  1  54
16  77  1  46
17  77  1  56
18  77  1  76
19  77  1  59
20  77  1  36
1  78  1  58
2  78  1  47
3  78  1  46
4  78  1  78
5  78  1  26
6  78  1  11
7  78  1  21
8  78  1  58
9  78  1  28
10  78  1  12
11  78  1  79
12  78  1  42
13  78  1  58
14  78  1  60
15  78  1  86
16  78  1  65
17  78  1  28
18  78  1  14
19  78  1  61
20  78  1  44
1  79  1  13
2  79  1  49
3  79  1  11
4  79  1  51
5  79  1  44
6  79  1  89
7  79  1  32
8  79  1  85
9  79  1  64
10  79  1  75
11  79  1  88
12  79  1  85
13  79  1  16
14  79  1  14
15  79  1  52
16  79  1  12
17  79  1  40
18  79  1  69
19  79  1  71
20  79  1  90
1  80  1  14
2  80  1  42
3  80  1  58
4  80  1  85
5  80  1  70
6  80  1  70
7  80  1  30
8  80  1  17
9  80  1  28
10  80  1  55
11  80  1  56
12  80  1  61
13  80  1  57
14  80  1  23
15  80  1  75
16  80  1  68
17  80  1  46
18  80  1  61
19  80  1  12
20  80  1  47
1  81  1  28
2  81  1  58
3  81  1  59
4  81  1  37
5  81  1  41
6  81  1  39
7  81  1  10
8  81  1  12
9  81  1  19
10  81  1  10
11  81  1  86
12  81  1  22
13  81  1  18
14  81  1  80
15  81  1  74
16  81  1  82
17  81  1  41
18  81  1  35
19  81  1  14
20  81  1  79
1  82  1  30
2  82  1  47
3  82  1  33
4  82  1  13
5  82  1  25
6  82  1  50
7  82  1  65
8  82  1  35
9  82  1  38
10  82  1  35
11  82  1  19
12  82  1  70
13  82  1  44
14  82  1  41
15  82  1  83
16  82  1  46
17  82  1  62
18  82  1  50
19  82  1  32
20  82  1  44
1  83  1  72
2  83  1  65
3  83  1  64
4  83  1  75
5  83  1  43
6  83  1  10
7  83  1  62
8  83  1  44
9  83  1  50
10  83  1  76
11  83  1  44
12  83  1  55
13  83  1  88
14  83  1  81
15  83  1  82
16  83  1  23
17  83  1  38
18  83  1  88
19  83  1  50
20  83  1  15
1  84  1  51
2  84  1  14
3  84  1  45
4  84  1  57
5  84  1  81
6  84  1  70
7  84  1  11
8  84  1  14
9  84  1  61
10  84  1  50
11  84  1  21
12  84  1  60
13  84  1  38
14  84  1  35
15  84  1  61
16  84  1  78
17  84  1  70
18  84  1  43
19  84  1  25
20  84  1  10
1  85  1  35
2  85  1  64
3  85  1  60
4  85  1  27
5  85  1  19
6  85  1  15
7  85  1  36
8  85  1  30
9  85  1  72
10  85  1  42
11  85  1  36
12  85  1  14
13  85  1  24
14  85  1  61
15  85  1  46
16  85  1  13
17  85  1  12
18  85  1  41
19  85  1  57
20  85  1  60
1  86  1  12
2  86  1  63
3  86  1  65
4  86  1  55
5  86  1  45
6  86  1  40
7  86  1  50
8  86  1  15
9  86  1  90
10  86  1  25
11  86  1  63
12  86  1  65
13  86  1  41
14  86  1  33
15  86  1  18
16  86  1  58
17  86  1  87
18  86  1  48
19  86  1  61
20  86  1  18
1  87  1  88
2  87  1  56
3  87  1  39
4  87  1  50
5  87  1  55
6  87  1  22
7  87  1  67
8  87  1  22
9  87  1  25
10  87  1  58
11  87  1  76
12  87  1  41
13  87  1  35
14  87  1  40
15  87  1  63
16  87  1  28
17  87  1  11
18  87  1  53
19  87  1  54
20  87  1  38
1  88  1  30
2  88  1  42
3  88  1  22
4  88  1  48
5  88  1  22
6  88  1  12
7  88  1  49
8  88  1  18
9  88  1  71
10  88  1  80
11  88  1  86
12  88  1  23
13  88  1  36
14  88  1  45
15  88  1  32
16  88  1  31
17  88  1  30
18  88  1  90
19  88  1  69
20  88  1  17
1  89  1  44
2  89  1  87
3  89  1  82
4  89  1  24
5  89  1  22
6  89  1  66
7  89  1  38
8  89  1  80
9  89  1  22
10  89  1  81
11  89  1  38
12  89  1  43
13  89  1  51
14  89  1  53
15  89  1  55
16  89  1  83
17  89  1  42
18  89  1  39
19  89  1  28
20  89  1  21
1  90  1  79
2  90  1  21
3  90  1  83
4  90  1  54
5  90  1  16
6  90  1  54
7  90  1  60
8  90  1  48
9  90  1  49
10  90  1  54
11  90  1  48
12  90  1  54
13  90  1  47
14  90  1  75
15  90  1  83
16  90  1  23
17  90  1  87
18  90  1  63
19  90  1  43
20  90  1  13
1  91  1  27
2  91  1  31
3  91  1  60
4  91  1  49
5  91  1  48
6  91  1  36
7  91  1  65
8  91  1  24
9  91  1  38
10  91  1  27
11  91  1  35
12  91  1  75
13  91  1  67
14  91  1  83
15  91  1  54
16  91  1  34
17  91  1  52
18  91  1  52
19  91  1  80
20  91  1  61
1  92  1  38
2  92  1  37
3  92  1  74
4  92  1  30
5  92  1  89
6  92  1  75
7  92  1  16
8  92  1  21
9  92  1  63
10  92  1  67
11  92  1  41
12  92  1  31
13  92  1  47
14  92  1  36
15  92  1  59
16  92  1  76
17  92  1  71
18  92  1  72
19  92  1  32
20  92  1  32
1  93  1  40
2  93  1  45
3  93  1  67
4  93  1  52
5  93  1  79
6  93  1  67
7  93  1  68
8  93  1  71
9  93  1  13
10  93  1  27
11  93  1  35
12  93  1  55
13  93  1  84
14  93  1  85
15  93  1  24
16  93  1  68
17  93  1  48
18  93  1  59
19  93  1  39
20  93  1  47
1  94  1  82
2  94  1  77
3  94  1  83
4  94  1  81
5  94  1  18
6  94  1  59
7  94  1  25
8  94  1  19
9  94  1  86
10  94  1  52
11  94  1  52
12  94  1  74
13  94  1  37
14  94  1  45
15  94  1  72
16  94  1  15
17  94  1  11
18  94  1  24
19  94  1  76
20  94  1  23
1  95  1  87
2  95  1  47
3  95  1  44
4  95  1  28
5  95  1  40
6  95  1  23
7  95  1  34
8  95  1  23
9  95  1  46
10  95  1  70
11  95  1  83
12  95  1  79
13  95  1  68
14  95  1  40
15  95  1  31
16  95  1  41
17  95  1  26
18  95  1  65
19  95  1  83
20  95  1  72
1  96  1  35
2  96  1  21
3  96  1  71
4  96  1  16
5  96  1  35
6  96  1  83
7  96  1  23
8  96  1  63
9  96  1  89
10  96  1  79
11  96  1  10
12  96  1  55
13  96  1  67
14  96  1  79
15  96  1  53
16  96  1  17
17  96  1  29
18  96  1  78
19  96  1  28
20  96  1  36
1  97  1  36
2  97  1  89
3  97  1  70
4  97  1  90
5  97  1  53
6  97  1  16
7  97  1  85
8  97  1  59
9  97  1  66
10  97  1  65
11  97  1  90
12  97  1  75
13  97  1  52
14  97  1  61
15  97  1  23
16  97  1  33
17  97  1  59
18  97  1  19
19  97  1  90
20  97  1  63
1  98  1  58
2  98  1  31
3  98  1  12
4  98  1  52
5  98  1  60
6  98  1  23
7  98  1  45
8  98  1  29
9  98  1  62
10  98  1  46
11  98  1  74
12  98  1  27
13  98  1  19
14  98  1  31
15  98  1  27
16  98  1  27
17  98  1  78
18  98  1  18
19  98  1  84
20  98  1  39
1  99  1  54
2  99  1  25
3  99  1  15
4  99  1  16
5  99  1  46
6  99  1  11
7  99  1  59
8  99  1  68
9  99  1  57
10  99  1  26
11  99  1  83
12  99  1  22
13  99  1  45
14  99  1  69
15  99  1  76
16  99  1  39
17  99  1  76
18  99  1  13
19  99  1  53
20  99  1  22
1  100  1  38
2  100  1  86
3  100  1  22
4  100  1  58
5  100  1  22
6  100  1  58
7  100  1  87
8  100  1  21
9  100  1  50
10  100  1  27
11  100  1  45
12  100  1  41
13  100  1  82
14  100  1  13
15  100  1  31
16  100  1  20
17  100  1  29
18  100  1  57
19  100  1  19
20  100  1  46
1  1  2  23.12
2  1  2  10.70
3  1  2  39.30
4  1  2  27.59
5  1  2  13.66
6  1  2  10.35
7  1  2  37.47
8  1  2  27.62
9  1  2  29.38
10  1  2  33.57
11  1  2  35.72
12  1  2  38.87
13  1  2  5.63
14  1  2  36.70
15  1  2  22.12
16  1  2  48.82
17  1  2  43.72
18  1  2  52.16
19  1  2  36.25
20  1  2  25.27
1  2  2  19.41
2  2  2  13.70
3  2  2  47.62
4  2  2  33.34
5  2  2  8.79
6  2  2  40.15
7  2  2  21.48
8  2  2  33.76
9  2  2  31.14
10  2  2  16.13
11  2  2  23.41
12  2  2  33.77
13  2  2  34.68
14  2  2  20.30
15  2  2  43.05
16  2  2  18.47
17  2  2  9.76
18  2  2  39.02
19  2  2  19.76
20  2  2  30.04
1  3  2  34.47
2  3  2  5.18
3  3  2  6.60
4  3  2  19.77
5  3  2  12.46
6  3  2  7.53
7  3  2  12.88
8  3  2  8.19
9  3  2  9.52
10  3  2  3.14
11  3  2  41.07
12  3  2  4.14
13  3  2  20.57
14  3  2  26.98
15  3  2  48.94
16  3  2  6.48
17  3  2  6.67
18  3  2  33.22
19  3  2  7.50
20  3  2  21.24
1  4  2  30.57
2  4  2  52.28
3  4  2  25.18
4  4  2  26.93
5  4  2  36.43
6  4  2  10.47
7  4  2  42.31
8  4  2  16.21
9  4  2  23.44
10  4  2  21.48
11  4  2  57.25
12  4  2  38.70
13  4  2  55.12
14  4  2  10.22
15  4  2  10.08
16  4  2  29.05
17  4  2  11.70
18  4  2  9.20
19  4  2  33.96
20  4  2  9.36
1  5  2  37.60
2  5  2  28.98
3  5  2  8.30
4  5  2  27.91
5  5  2  20.80
6  5  2  18.18
7  5  2  4.13
8  5  2  24.45
9  5  2  5.89
10  5  2  28.27
11  5  2  49.63
12  5  2  5.97
13  5  2  29.47
14  5  2  8.13
15  5  2  32.04
16  5  2  33.41
17  5  2  49.32
18  5  2  6.35
19  5  2  26.57
20  5  2  39.93
1  6  2  17.30
2  6  2  17.52
3  6  2  10.75
4  6  2  11.79
5  6  2  7.43
6  6  2  9.43
7  6  2  8.87
8  6  2  24.66
9  6  2  31.35
10  6  2  8.68
11  6  2  8.02
12  6  2  40.78
13  6  2  25.75
14  6  2  16.45
15  6  2  11.63
16  6  2  57.36
17  6  2  29.22
18  6  2  15.68
19  6  2  10.55
20  6  2  9.54
1  7  2  25.78
2  7  2  36.11
3  7  2  11.48
4  7  2  42.23
5  7  2  19.14
6  7  2  51.67
7  7  2  10.98
8  7  2  37.06
9  7  2  32.93
10  7  2  11.63
11  7  2  62.11
12  7  2  17.55
13  7  2  48.65
14  7  2  32.64
15  7  2  43.55
16  7  2  16.90
17  7  2  34.74
18  7  2  20.43
19  7  2  5.09
20  7  2  27.99
1  8  2  41.88
2  8  2  22.11
3  8  2  35.24
4  8  2  2.72
5  8  2  38.47
6  8  2  26.43
7  8  2  6.19
8  8  2  33.29
9  8  2  10.09
10  8  2  7.79
11  8  2  14.25
12  8  2  2.86
13  8  2  52.67
14  8  2  43.51
15  8  2  30.33
16  8  2  24.01
17  8  2  33.68
18  8  2  53.08
19  8  2  5.29
20  8  2  17.63
1  9  2  23.26
2  9  2  23.36
3  9  2  14.49
4  9  2  20.76
5  9  2  27.24
6  9  2  58.13
7  9  2  18.47
8  9  2  5.38
9  9  2  34.61
10  9  2  15.44
11  9  2  47.48
12  9  2  41.10
13  9  2  16.06
14  9  2  38.60
15  9  2  21.18
16  9  2  36.88
17  9  2  7.81
18  9  2  17.03
19  9  2  54.59
20  9  2  16.42
1  10  2  53.29
2  10  2  11.78
3  10  2  55.96
4  10  2  42.49
5  10  2  4.56
6  10  2  4.74
7  10  2  6.51
8  10  2  46.02
9  10  2  50.30
10  10  2  19.17
11  10  2  34.63
12  10  2  25.18
13  10  2  20.59
14  10  2  11.94
15  10  2  7.93
16  10  2  37.17
17  10  2  44.48
18  10  2  6.54
19  10  2  12.26
20  10  2  6.84
1  11  2  14.47
2  11  2  45.76
3  11  2  36.98
4  11  2  19.57
5  11  2  53.40
6  11  2  19.05
7  11  2  28.73
8  11  2  15.93
9  11  2  43.73
10  11  2  19.04
11  11  2  15.10
12  11  2  7.77
13  11  2  38.17
14  11  2  19.53
15  11  2  43.86
16  11  2  24.21
17  11  2  38.57
18  11  2  23.36
19  11  2  27.38
20  11  2  14.72
1  12  2  10.01
2  12  2  12.53
3  12  2  41.46
4  12  2  33.29
5  12  2  36.46
6  12  2  27.14
7  12  2  3.19
8  12  2  23.74
9  12  2  12.99
10  12  2  43.59
11  12  2  20.69
12  12  2  34.59
13  12  2  10.58
14  12  2  20.47
15  12  2  25.53
16  12  2  20.34
17  12  2  5.10
18  12  2  20.47
19  12  2  34.82
20  12  2  25.03
1  13  2  31.79
2  13  2  17.25
3  13  2  23.07
4  13  2  6.88
5  13  2  16.73
6  13  2  16.55
7  13  2  38.71
8  13  2  43.45
9  13  2  25.00
10  13  2  17.21
11  13  2  19.12
12  13  2  10.26
13  13  2  64.92
14  13  2  29.68
15  13  2  46.41
16  13  2  35.39
17  13  2  18.01
18  13  2  19.99
19  13  2  24.94
20  13  2  6.52
1  14  2  17.90
2  14  2  29.98
3  14  2  17.38
4  14  2  16.38
5  14  2  8.04
6  14  2  9.60
7  14  2  6.45
8  14  2  20.29
9  14  2  18.79
10  14  2  53.35
11  14  2  61.41
12  14  2  14.70
13  14  2  11.71
14  14  2  17.98
15  14  2  35.30
16  14  2  13.47
17  14  2  11.61
18  14  2  10.48
19  14  2  54.39
20  14  2  26.44
1  15  2  28.08
2  15  2  53.46
3  15  2  24.64
4  15  2  50.21
5  15  2  16.18
6  15  2  2.93
7  15  2  12.41
8  15  2  51.48
9  15  2  13.64
10  15  2  24.97
11  15  2  35.02
12  15  2  10.81
13  15  2  36.47
14  15  2  8.64
15  15  2  8.82
16  15  2  32.12
17  15  2  16.60
18  15  2  23.40
19  15  2  15.40
20  15  2  27.31
1  16  2  25.30
2  16  2  7.64
3  16  2  9.26
4  16  2  11.91
5  16  2  25.99
6  16  2  12.13
7  16  2  27.05
8  16  2  64.21
9  16  2  9.82
10  16  2  21.26
11  16  2  8.00
12  16  2  15.75
13  16  2  25.82
14  16  2  17.26
15  16  2  16.60
16  16  2  18.45
17  16  2  7.04
18  16  2  6.76
19  16  2  12.24
20  16  2  20.26
1  17  2  29.11
2  17  2  49.11
3  17  2  43.52
4  17  2  10.30
5  17  2  53.44
6  17  2  14.94
7  17  2  5.01
8  17  2  41.87
9  17  2  37.74
10  17  2  14.78
11  17  2  30.00
12  17  2  46.70
13  17  2  18.36
14  17  2  3.57
15  17  2  23.75
16  17  2  38.64
17  17  2  8.11
18  17  2  18.90
19  17  2  32.80
20  17  2  52.19
1  18  2  26.26
2  18  2  28.04
3  18  2  36.78
4  18  2  7.44
5  18  2  23.61
6  18  2  28.70
7  18  2  22.95
8  18  2  17.78
9  18  2  8.66
10  18  2  35.46
11  18  2  54.20
12  18  2  20.54
13  18  2  3.41
14  18  2  11.26
15  18  2  27.69
16  18  2  58.71
17  18  2  26.59
18  18  2  28.06
19  18  2  36.87
20  18  2  22.03
1  19  2  6.43
2  19  2  6.21
3  19  2  31.42
4  19  2  45.57
5  19  2  6.81
6  19  2  34.43
7  19  2  42.77
8  19  2  8.15
9  19  2  33.71
10  19  2  41.67
11  19  2  20.59
12  19  2  5.05
13  19  2  22.37
14  19  2  35.26
15  19  2  22.24
16  19  2  20.12
17  19  2  52.56
18  19  2  21.03
19  19  2  2.96
20  19  2  49.00
1  20  2  56.27
2  20  2  14.10
3  20  2  48.24
4  20  2  6.50
5  20  2  33.81
6  20  2  22.91
7  20  2  11.74
8  20  2  27.47
9  20  2  10.98
10  20  2  23.98
11  20  2  34.36
12  20  2  23.12
13  20  2  33.18
14  20  2  23.35
15  20  2  19.86
16  20  2  10.86
17  20  2  17.25
18  20  2  5.16
19  20  2  21.89
20  20  2  13.59
1  21  2  38.58
2  21  2  59.38
3  21  2  32.34
4  21  2  21.22
5  21  2  7.76
6  21  2  37.33
7  21  2  55.61
8  21  2  13.27
9  21  2  33.05
10  21  2  31.83
11  21  2  11.79
12  21  2  32.62
13  21  2  25.49
14  21  2  37.56
15  21  2  35.23
16  21  2  5.95
17  21  2  32.39
18  21  2  33.94
19  21  2  7.67
20  21  2  56.85
1  22  2  45.47
2  22  2  51.23
3  22  2  35.07
4  22  2  55.99
5  22  2  45.03
6  22  2  61.85
7  22  2  31.78
8  22  2  25.59
9  22  2  41.30
10  22  2  12.93
11  22  2  22.78
12  22  2  29.73
13  22  2  30.82
14  22  2  49.85
15  22  2  25.81
16  22  2  21.89
17  22  2  23.24
18  22  2  15.14
19  22  2  66.98
20  22  2  59.05
1  23  2  9.77
2  23  2  52.69
3  23  2  19.11
4  23  2  49.57
5  23  2  30.87
6  23  2  5.58
7  23  2  16.25
8  23  2  40.09
9  23  2  43.14
10  23  2  19.37
11  23  2  27.72
12  23  2  25.74
13  23  2  13.78
14  23  2  20.51
15  23  2  18.21
16  23  2  21.85
17  23  2  46.81
18  23  2  10.97
19  23  2  16.95
20  23  2  8.52
1  24  2  47.36
2  24  2  15.70
3  24  2  6.30
4  24  2  35.33
5  24  2  25.54
6  24  2  9.83
7  24  2  29.80
8  24  2  4.08
9  24  2  6.68
10  24  2  10.45
11  24  2  41.69
12  24  2  7.25
13  24  2  11.73
14  24  2  27.06
15  24  2  7.08
16  24  2  17.26
17  24  2  15.41
18  24  2  16.71
19  24  2  28.08
20  24  2  11.58
1  25  2  12.03
2  25  2  24.27
3  25  2  36.05
4  25  2  60.71
5  25  2  9.16
6  25  2  18.25
7  25  2  26.57
8  25  2  16.22
9  25  2  8.94
10  25  2  20.59
11  25  2  30.08
12  25  2  4.95
13  25  2  26.40
14  25  2  5.29
15  25  2  6.55
16  25  2  58.33
17  25  2  4.05
18  25  2  30.61
19  25  2  17.88
20  25  2  9.24
1  26  2  37.65
2  26  2  33.25
3  26  2  45.09
4  26  2  31.04
5  26  2  2.63
6  26  2  11.47
7  26  2  6.31
8  26  2  32.97
9  26  2  36.60
10  26  2  19.81
11  26  2  13.40
12  26  2  14.24
13  26  2  23.37
14  26  2  34.30
15  26  2  30.24
16  26  2  24.18
17  26  2  4.59
18  26  2  38.06
19  26  2  36.34
20  26  2  10.74
1  27  2  25.22
2  27  2  37.28
3  27  2  21.24
4  27  2  15.62
5  27  2  53.22
6  27  2  19.30
7  27  2  21.52
8  27  2  22.93
9  27  2  16.37
10  27  2  30.84
11  27  2  34.46
12  27  2  29.87
13  27  2  25.94
14  27  2  6.58
15  27  2  26.13
16  27  2  7.30
17  27  2  21.21
18  27  2  16.25
19  27  2  4.39
20  27  2  26.00
1  28  2  43.62
2  28  2  29.27
3  28  2  13.31
4  28  2  7.80
5  28  2  4.93
6  28  2  10.75
7  28  2  37.61
8  28  2  23.13
9  28  2  24.07
10  28  2  9.88
11  28  2  19.64
12  28  2  61.80
13  28  2  34.31
14  28  2  62.34
15  28  2  14.15
16  28  2  63.57
17  28  2  41.61
18  28  2  14.67
19  28  2  9.88
20  28  2  14.15
1  29  2  43.76
2  29  2  10.14
3  29  2  20.45
4  29  2  40.58
5  29  2  18.32
6  29  2  38.09
7  29  2  48.62
8  29  2  16.36
9  29  2  17.54
10  29  2  31.60
11  29  2  52.24
12  29  2  6.70
13  29  2  6.09
14  29  2  7.62
15  29  2  5.67
16  29  2  19.77
17  29  2  33.44
18  29  2  12.61
19  29  2  9.23
20  29  2  20.51
1  30  2  14.63
2  30  2  26.55
3  30  2  25.31
4  30  2  24.98
5  30  2  24.88
6  30  2  18.72
7  30  2  6.56
8  30  2  18.68
9  30  2  35.28
10  30  2  21.59
11  30  2  20.68
12  30  2  11.67
13  30  2  67.82
14  30  2  7.15
15  30  2  22.52
16  30  2  56.89
17  30  2  17.17
18  30  2  27.30
19  30  2  19.40
20  30  2  17.23
1  31  2  13.85
2  31  2  26.67
3  31  2  6.30
4  31  2  32.72
5  31  2  21.63
6  31  2  5.68
7  31  2  8.76
8  31  2  36.16
9  31  2  10.13
10  31  2  45.53
11  31  2  22.64
12  31  2  12.08
13  31  2  6.08
14  31  2  17.82
15  31  2  17.56
16  31  2  42.02
17  31  2  8.06
18  31  2  13.77
19  31  2  30.04
20  31  2  21.33
1  32  2  33.82
2  32  2  22.99
3  32  2  29.02
4  32  2  18.76
5  32  2  48.72
6  32  2  33.75
7  32  2  8.31
8  32  2  6.54
9  32  2  19.53
10  32  2  23.28
11  32  2  9.84
12  32  2  14.94
13  32  2  25.41
14  32  2  47.86
15  32  2  5.66
16  32  2  10.83
17  32  2  20.55
18  32  2  26.56
19  32  2  30.56
20  32  2  9.52
1  33  2  2.62
2  33  2  52.67
3  33  2  30.81
4  33  2  4.28
5  33  2  26.59
6  33  2  52.58
7  33  2  23.75
8  33  2  8.46
9  33  2  12.68
10  33  2  5.74
11  33  2  14.41
12  33  2  21.88
13  33  2  9.15
14  33  2  51.95
15  33  2  21.26
16  33  2  12.90
17  33  2  24.76
18  33  2  7.49
19  33  2  25.33
20  33  2  38.93
1  34  2  32.15
2  34  2  21.30
3  34  2  38.39
4  34  2  64.25
5  34  2  36.21
6  34  2  51.23
7  34  2  24.60
8  34  2  38.83
9  34  2  17.04
10  34  2  31.41
11  34  2  18.16
12  34  2  14.93
13  34  2  12.05
14  34  2  9.94
15  34  2  57.30
16  34  2  44.60
17  34  2  35.62
18  34  2  3.89
19  34  2  33.67
20  34  2  26.32
1  35  2  10.82
2  35  2  40.84
3  35  2  49.23
4  35  2  29.57
5  35  2  46.73
6  35  2  22.34
7  35  2  4.22
8  35  2  25.11
9  35  2  63.33
10  35  2  42.52
11  35  2  45.82
12  35  2  16.04
13  35  2  26.55
14  35  2  13.33
15  35  2  44.17
16  35  2  12.09
17  35  2  16.39
18  35  2  22.44
19  35  2  32.91
20  35  2  21.56
1  36  2  11.13
2  36  2  25.47
3  36  2  15.29
4  36  2  25.12
5  36  2  5.25
6  36  2  44.35
7  36  2  15.23
8  36  2  7.23
9  36  2  31.91
10  36  2  52.21
11  36  2  23.74
12  36  2  48.56
13  36  2  37.97
14  36  2  26.29
15  36  2  29.93
16  36  2  38.71
17  36  2  50.82
18  36  2  45.20
19  36  2  20.21
20  36  2  9.94
1  37  2  57.35
2  37  2  16.90
3  37  2  15.07
4  37  2  63.11
5  37  2  30.29
6  37  2  34.43
7  37  2  10.48
8  37  2  18.97
9  37  2  24.23
10  37  2  16.47
11  37  2  28.18
12  37  2  39.23
13  37  2  30.49
14  37  2  4.72
15  37  2  18.82
16  37  2  31.03
17  37  2  22.81
18  37  2  46.29
19  37  2  18.77
20  37  2  45.47
1  38  2  9.70
2  38  2  15.27
3  38  2  12.71
4  38  2  13.52
5  38  2  43.92
6  38  2  37.82
7  38  2  23.90
8  38  2  21.21
9  38  2  11.11
10  38  2  13.04
11  38  2  59.31
12  38  2  41.83
13  38  2  25.97
14  38  2  10.62
15  38  2  66.04
16  38  2  17.72
17  38  2  14.00
18  38  2  20.72
19  38  2  29.86
20  38  2  38.52
1  39  2  63.77
2  39  2  25.76
3  39  2  25.53
4  39  2  8.98
5  39  2  31.76
6  39  2  30.74
7  39  2  4.45
8  39  2  16.22
9  39  2  9.17
10  39  2  26.48
11  39  2  39.67
12  39  2  27.73
13  39  2  53.42
14  39  2  20.63
15  39  2  6.00
16  39  2  20.54
17  39  2  11.35
18  39  2  38.71
19  39  2  66.96
20  39  2  24.38
1  40  2  14.15
2  40  2  28.37
3  40  2  48.20
4  40  2  39.25
5  40  2  19.07
6  40  2  11.23
7  40  2  5.20
8  40  2  32.40
9  40  2  22.16
10  40  2  34.56
11  40  2  6.68
12  40  2  16.37
13  40  2  48.66
14  40  2  46.96
15  40  2  43.95
16  40  2  6.95
17  40  2  39.73
18  40  2  16.20
19  40  2  34.16
20  40  2  6.41
1  41  2  5.57
2  41  2  8.24
3  41  2  28.92
4  41  2  5.26
5  41  2  33.62
6  41  2  19.51
7  41  2  37.41
8  41  2  41.02
9  41  2  9.47
10  41  2  13.73
11  41  2  32.76
12  41  2  20.49
13  41  2  4.75
14  41  2  32.56
15  41  2  47.43
16  41  2  8.52
17  41  2  7.20
18  41  2  21.50
19  41  2  11.17
20  41  2  28.78
1  42  2  33.84
2  42  2  6.00
3  42  2  61.99
4  42  2  55.85
5  42  2  7.07
6  42  2  8.43
7  42  2  2.76
8  42  2  7.68
9  42  2  28.57
10  42  2  25.41
11  42  2  38.99
12  42  2  57.17
13  42  2  13.25
14  42  2  5.99
15  42  2  18.36
16  42  2  38.12
17  42  2  49.27
18  42  2  6.64
19  42  2  25.47
20  42  2  13.26
1  43  2  42.25
2  43  2  8.74
3  43  2  15.74
4  43  2  23.16
5  43  2  9.53
6  43  2  7.83
7  43  2  14.77
8  43  2  13.76
9  43  2  16.17
10  43  2  17.99
11  43  2  31.28
12  43  2  21.07
13  43  2  35.30
14  43  2  6.39
15  43  2  36.39
16  43  2  28.18
17  43  2  4.46
18  43  2  39.63
19  43  2  29.02
20  43  2  15.17
1  44  2  15.27
2  44  2  11.95
3  44  2  17.35
4  44  2  4.72
5  44  2  20.97
6  44  2  22.19
7  44  2  8.02
8  44  2  67.81
9  44  2  27.64
10  44  2  14.15
11  44  2  34.16
12  44  2  11.71
13  44  2  50.04
14  44  2  51.17
15  44  2  17.90
16  44  2  12.63
17  44  2  21.15
18  44  2  9.66
19  44  2  25.25
20  44  2  7.88
1  45  2  46.67
2  45  2  6.84
3  45  2  44.65
4  45  2  53.08
5  45  2  6.66
6  45  2  16.03
7  45  2  35.00
8  45  2  50.97
9  45  2  17.78
10  45  2  18.91
11  45  2  18.75
12  45  2  47.01
13  45  2  33.54
14  45  2  28.87
15  45  2  25.53
16  45  2  45.69
17  45  2  44.92
18  45  2  52.81
19  45  2  11.73
20  45  2  47.85
1  46  2  17.39
2  46  2  9.77
3  46  2  56.11
4  46  2  32.67
5  46  2  39.58
6  46  2  13.14
7  46  2  39.98
8  46  2  16.97
9  46  2  45.22
10  46  2  38.82
11  46  2  14.10
12  46  2  35.28
13  46  2  26.03
14  46  2  19.45
15  46  2  4.56
16  46  2  26.90
17  46  2  19.38
18  46  2  20.98
19  46  2  46.56
20  46  2  21.45
1  47  2  10.38
2  47  2  33.63
3  47  2  12.04
4  47  2  19.30
5  47  2  28.69
6  47  2  23.96
7  47  2  20.62
8  47  2  22.54
9  47  2  34.06
10  47  2  7.23
11  47  2  28.26
12  47  2  25.30
13  47  2  35.00
14  47  2  18.15
15  47  2  21.79
16  47  2  7.42
17  47  2  16.48
18  47  2  22.10
19  47  2  15.37
20  47  2  29.48
1  48  2  33.70
2  48  2  20.55
3  48  2  46.35
4  48  2  50.15
5  48  2  36.92
6  48  2  16.61
7  48  2  32.23
8  48  2  32.75
9  48  2  21.42
10  48  2  9.33
11  48  2  29.30
12  48  2  40.62
13  48  2  31.66
14  48  2  26.79
15  48  2  11.36
16  48  2  18.79
17  48  2  40.46
18  48  2  33.22
19  48  2  19.75
20  48  2  43.14
1  49  2  22.15
2  49  2  35.11
3  49  2  66.19
4  49  2  25.22
5  49  2  11.18
6  49  2  45.78
7  49  2  22.23
8  49  2  37.78
9  49  2  25.76
10  49  2  58.27
11  49  2  19.19
12  49  2  24.88
13  49  2  8.58
14  49  2  38.41
15  49  2  12.70
16  49  2  23.31
17  49  2  52.03
18  49  2  38.79
19  49  2  15.57
20  49  2  21.04
1  50  2  25.48
2  50  2  19.22
3  50  2  7.50
4  50  2  13.34
5  50  2  18.56
6  50  2  8.17
7  50  2  33.52
8  50  2  33.78
9  50  2  5.36
10  50  2  26.74
11  50  2  43.47
12  50  2  54.94
13  50  2  29.85
14  50  2  61.81
15  50  2  38.70
16  50  2  14.84
17  50  2  24.16
18  50  2  9.81
19  50  2  7.08
20  50  2  54.07
1  51  2  5.34
2  51  2  9.14
3  51  2  18.04
4  51  2  17.97
5  51  2  4.99
6  51  2  6.96
7  51  2  23.23
8  51  2  2.09
9  51  2  37.67
10  51  2  14.17
11  51  2  6.64
12  51  2  7.54
13  51  2  13.41
14  51  2  32.20
15  51  2  31.18
16  51  2  21.06
17  51  2  43.44
18  51  2  26.44
19  51  2  6.29
20  51  2  27.87
1  52  2  32.40
2  52  2  16.10
3  52  2  19.65
4  52  2  36.15
5  52  2  48.43
6  52  2  3.16
7  52  2  66.51
8  52  2  6.11
9  52  2  35.80
10  52  2  11.25
11  52  2  10.78
12  52  2  33.12
13  52  2  54.93
14  52  2  21.98
15  52  2  18.59
16  52  2  20.50
17  52  2  21.85
18  52  2  40.94
19  52  2  48.32
20  52  2  27.73
1  53  2  7.68
2  53  2  45.79
3  53  2  22.24
4  53  2  19.88
5  53  2  6.37
6  53  2  25.52
7  53  2  40.69
8  53  2  10.08
9  53  2  5.19
10  53  2  39.69
11  53  2  19.55
12  53  2  47.66
13  53  2  10.54
14  53  2  19.99
15  53  2  10.64
16  53  2  9.13
17  53  2  32.80
18  53  2  12.97
19  53  2  14.24
20  53  2  24.26
1  54  2  32.53
2  54  2  43.33
3  54  2  10.03
4  54  2  51.93
5  54  2  25.91
6  54  2  32.00
7  54  2  19.25
8  54  2  36.76
9  54  2  28.53
10  54  2  49.81
11  54  2  18.62
12  54  2  47.46
13  54  2  31.45
14  54  2  3.70
15  54  2  55.71
16  54  2  20.04
17  54  2  22.49
18  54  2  3.33
19  54  2  26.41
20  54  2  6.75
1  55  2  16.70
2  55  2  5.06
3  55  2  51.35
4  55  2  45.14
5  55  2  43.77
6  55  2  25.02
7  55  2  29.43
8  55  2  19.54
9  55  2  6.35
10  55  2  25.60
11  55  2  19.74
12  55  2  33.66
13  55  2  24.04
14  55  2  22.02
15  55  2  61.11
16  55  2  14.32
17  55  2  14.40
18  55  2  13.69
19  55  2  56.89
20  55  2  57.71
1  56  2  8.30
2  56  2  19.61
3  56  2  18.00
4  56  2  15.59
5  56  2  24.78
6  56  2  7.23
7  56  2  52.22
8  56  2  8.65
9  56  2  15.07
10  56  2  10.83
11  56  2  41.06
12  56  2  23.36
13  56  2  6.30
14  56  2  18.28
15  56  2  39.97
16  56  2  25.92
17  56  2  52.75
18  56  2  25.11
19  56  2  21.97
20  56  2  8.83
1  57  2  21.08
2  57  2  16.07
3  57  2  11.51
4  57  2  35.51
5  57  2  16.53
6  57  2  6.04
7  57  2  55.49
8  57  2  50.56
9  57  2  11.65
10  57  2  49.07
11  57  2  42.29
12  57  2  7.02
13  57  2  20.11
14  57  2  31.71
15  57  2  53.12
16  57  2  13.60
17  57  2  14.45
18  57  2  52.93
19  57  2  14.15
20  57  2  39.28
1  58  2  31.36
2  58  2  52.60
3  58  2  22.27
4  58  2  17.55
5  58  2  3.78
6  58  2  17.34
7  58  2  6.30
8  58  2  30.34
9  58  2  20.08
10  58  2  5.16
11  58  2  41.07
12  58  2  11.10
13  58  2  39.69
14  58  2  31.24
15  58  2  21.01
16  58  2  33.25
17  58  2  11.04
18  58  2  17.12
19  58  2  29.27
20  58  2  34.43
1  59  2  19.07
2  59  2  63.69
3  59  2  27.81
4  59  2  70.22
5  59  2  13.94
6  59  2  14.76
7  59  2  13.32
8  59  2  24.33
9  59  2  18.97
10  59  2  45.21
11  59  2  26.10
12  59  2  22.11
13  59  2  41.49
14  59  2  22.26
15  59  2  34.66
16  59  2  15.48
17  59  2  26.98
18  59  2  36.16
19  59  2  11.12
20  59  2  22.80
1  60  2  35.57
2  60  2  4.93
3  60  2  5.52
4  60  2  15.91
5  60  2  40.05
6  60  2  24.71
7  60  2  28.07
8  60  2  21.29
9  60  2  17.88
10  60  2  6.24
11  60  2  24.44
12  60  2  6.74
13  60  2  31.39
14  60  2  41.72
15  60  2  27.57
16  60  2  22.38
17  60  2  27.72
18  60  2  60.72
19  60  2  18.31
20  60  2  11.66
1  61  2  47.53
2  61  2  24.80
3  61  2  33.63
4  61  2  47.60
5  61  2  9.00
6  61  2  29.39
7  61  2  21.10
8  61  2  64.15
9  61  2  22.42
10  61  2  19.39
11  61  2  6.51
12  61  2  45.02
13  61  2  28.93
14  61  2  57.03
15  61  2  15.12
16  61  2  17.46
17  61  2  24.91
18  61  2  8.01
19  61  2  23.53
20  61  2  43.23
1  62  2  22.84
2  62  2  58.66
3  62  2  51.13
4  62  2  9.34
5  62  2  9.08
6  62  2  44.81
7  62  2  12.21
8  62  2  55.90
9  62  2  40.56
10  62  2  9.78
11  62  2  16.79
12  62  2  20.82
13  62  2  20.61
14  62  2  58.60
15  62  2  50.02
16  62  2  32.79
17  62  2  16.40
18  62  2  8.84
19  62  2  7.48
20  62  2  38.26
1  63  2  35.03
2  63  2  20.38
3  63  2  10.66
4  63  2  33.80
5  63  2  29.55
6  63  2  42.73
7  63  2  37.20
8  63  2  13.60
9  63  2  18.32
10  63  2  3.34
11  63  2  67.13
12  63  2  46.44
13  63  2  34.30
14  63  2  35.40
15  63  2  38.14
16  63  2  45.10
17  63  2  12.04
18  63  2  18.96
19  63  2  18.94
20  63  2  4.89
1  64  2  22.78
2  64  2  10.03
3  64  2  12.62
4  64  2  22.61
5  64  2  15.80
6  64  2  3.65
7  64  2  53.65
8  64  2  43.74
9  64  2  24.50
10  64  2  54.88
11  64  2  14.04
12  64  2  33.18
13  64  2  45.90
14  64  2  3.82
15  64  2  18.94
16  64  2  29.25
17  64  2  14.70
18  64  2  19.86
19  64  2  15.62
20  64  2  28.43
1  65  2  14.61
2  65  2  32.42
3  65  2  10.79
4  65  2  34.25
5  65  2  4.93
6  65  2  13.01
7  65  2  12.14
8  65  2  27.28
9  65  2  17.93
10  65  2  12.92
11  65  2  55.59
12  65  2  20.19
13  65  2  17.85
14  65  2  22.54
15  65  2  15.51
16  65  2  13.87
17  65  2  9.48
18  65  2  22.40
19  65  2  4.02
20  65  2  6.64
1  66  2  50.81
2  66  2  42.27
3  66  2  18.88
4  66  2  23.25
5  66  2  27.09
6  66  2  16.12
7  66  2  38.91
8  66  2  20.71
9  66  2  13.64
10  66  2  32.35
11  66  2  9.91
12  66  2  32.93
13  66  2  12.63
14  66  2  6.04
15  66  2  27.42
16  66  2  67.27
17  66  2  38.53
18  66  2  17.40
19  66  2  29.58
20  66  2  7.82
1  67  2  11.42
2  67  2  55.20
3  67  2  34.46
4  67  2  6.59
5  67  2  34.45
6  67  2  37.34
7  67  2  19.82
8  67  2  39.35
9  67  2  6.27
10  67  2  7.78
11  67  2  68.39
12  67  2  57.51
13  67  2  42.02
14  67  2  21.32
15  67  2  9.49
16  67  2  38.01
17  67  2  26.90
18  67  2  16.20
19  67  2  14.79
20  67  2  7.21
1  68  2  19.29
2  68  2  30.52
3  68  2  17.43
4  68  2  10.16
5  68  2  44.98
6  68  2  25.24
7  68  2  22.50
8  68  2  14.15
9  68  2  7.46
10  68  2  27.06
11  68  2  6.09
12  68  2  62.85
13  68  2  57.31
14  68  2  55.76
15  68  2  47.86
16  68  2  17.55
17  68  2  31.62
18  68  2  38.31
19  68  2  25.42
20  68  2  26.07
1  69  2  21.64
2  69  2  39.04
3  69  2  16.33
4  69  2  21.72
5  69  2  4.18
6  69  2  27.64
7  69  2  41.79
8  69  2  48.81
9  69  2  20.82
10  69  2  9.89
11  69  2  13.63
12  69  2  11.03
13  69  2  18.14
14  69  2  26.63
15  69  2  10.47
16  69  2  9.02
17  69  2  7.53
18  69  2  6.59
19  69  2  8.35
20  69  2  58.06
1  70  2  25.22
2  70  2  18.83
3  70  2  22.42
4  70  2  13.75
5  70  2  20.24
6  70  2  6.05
7  70  2  3.85
8  70  2  5.00
9  70  2  32.93
10  70  2  41.85
11  70  2  9.39
12  70  2  34.15
13  70  2  4.17
14  70  2  37.45
15  70  2  5.90
16  70  2  60.59
17  70  2  39.28
18  70  2  3.11
19  70  2  14.01
20  70  2  3.98
1  71  2  34.93
2  71  2  13.28
3  71  2  7.42
4  71  2  6.83
5  71  2  31.16
6  71  2  37.28
7  71  2  2.46
8  71  2  12.65
9  71  2  23.94
10  71  2  9.28
11  71  2  50.24
12  71  2  16.03
13  71  2  20.54
14  71  2  11.41
15  71  2  11.36
16  71  2  43.84
17  71  2  24.27
18  71  2  47.81
19  71  2  55.55
20  71  2  22.67
1  72  2  17.48
2  72  2  9.94
3  72  2  29.01
4  72  2  25.10
5  72  2  8.89
6  72  2  14.95
7  72  2  22.73
8  72  2  18.07
9  72  2  12.58
10  72  2  55.81
11  72  2  51.51
12  72  2  20.10
13  72  2  13.14
14  72  2  4.26
15  72  2  19.91
16  72  2  32.42
17  72  2  12.34
18  72  2  23.25
19  72  2  8.49
20  72  2  66.30
1  73  2  34.77
2  73  2  46.63
3  73  2  15.92
4  73  2  24.29
5  73  2  39.72
6  73  2  46.36
7  73  2  10.25
8  73  2  37.50
9  73  2  8.32
10  73  2  18.39
11  73  2  33.28
12  73  2  12.29
13  73  2  30.03
14  73  2  26.86
15  73  2  6.06
16  73  2  10.43
17  73  2  16.66
18  73  2  7.95
19  73  2  21.96
20  73  2  13.06
1  74  2  9.32
2  74  2  27.75
3  74  2  22.15
4  74  2  2.74
5  74  2  40.70
6  74  2  22.07
7  74  2  24.47
8  74  2  25.79
9  74  2  45.85
10  74  2  22.65
11  74  2  45.27
12  74  2  7.22
13  74  2  9.12
14  74  2  5.39
15  74  2  10.91
16  74  2  15.71
17  74  2  36.60
18  74  2  17.30
19  74  2  7.22
20  74  2  23.99
1  75  2  31.11
2  75  2  28.54
3  75  2  40.21
4  75  2  18.17
5  75  2  24.64
6  75  2  11.15
7  75  2  15.51
8  75  2  30.44
9  75  2  18.14
10  75  2  46.01
11  75  2  19.03
12  75  2  9.54
13  75  2  11.23
14  75  2  41.44
15  75  2  22.04
16  75  2  6.58
17  75  2  18.52
18  75  2  10.71
19  75  2  46.27
20  75  2  23.32
1  76  2  18.98
2  76  2  3.35
3  76  2  31.56
4  76  2  8.31
5  76  2  32.34
6  76  2  2.68
7  76  2  29.10
8  76  2  63.58
9  76  2  62.48
10  76  2  22.82
11  76  2  9.74
12  76  2  24.60
13  76  2  19.41
14  76  2  11.12
15  76  2  21.62
16  76  2  29.31
17  76  2  56.22
18  76  2  8.91
19  76  2  14.33
20  76  2  14.59
1  77  2  34.19
2  77  2  23.79
3  77  2  50.55
4  77  2  35.38
5  77  2  30.92
6  77  2  10.23
7  77  2  7.62
8  77  2  12.35
9  77  2  41.16
10  77  2  19.35
11  77  2  17.39
12  77  2  51.83
13  77  2  9.55
14  77  2  30.42
15  77  2  37.24
16  77  2  33.43
17  77  2  14.68
18  77  2  51.29
19  77  2  19.09
20  77  2  13.82
1  78  2  15.78
2  78  2  21.88
3  78  2  17.76
4  78  2  46.75
5  78  2  10.23
6  78  2  4.25
7  78  2  15.33
8  78  2  13.80
9  78  2  5.77
10  78  2  8.88
11  78  2  62.89
12  78  2  16.80
13  78  2  33.64
14  78  2  41.54
15  78  2  42.60
16  78  2  28.91
17  78  2  13.04
18  78  2  3.00
19  78  2  43.62
20  78  2  22.21
1  79  2  6.69
2  79  2  25.79
3  79  2  4.90
4  79  2  16.88
5  79  2  28.83
6  79  2  22.68
7  79  2  19.25
8  79  2  67.19
9  79  2  44.63
10  79  2  33.47
11  79  2  46.13
12  79  2  29.25
13  79  2  8.74
14  79  2  4.55
15  79  2  12.05
16  79  2  7.45
17  79  2  31.11
18  79  2  44.57
19  79  2  18.03
20  79  2  69.04
1  80  2  10.49
2  80  2  15.54
3  80  2  32.40
4  80  2  26.07
5  80  2  45.57
6  80  2  26.73
7  80  2  11.96
8  80  2  12.02
9  80  2  20.85
10  80  2  24.46
11  80  2  15.40
12  80  2  32.61
13  80  2  17.81
14  80  2  12.02
15  80  2  48.46
16  80  2  37.45
17  80  2  33.64
18  80  2  43.27
19  80  2  2.54
20  80  2  9.91
1  81  2  21.85
2  81  2  27.25
3  81  2  17.57
4  81  2  26.07
5  81  2  12.30
6  81  2  28.55
7  81  2  3.32
8  81  2  5.22
9  81  2  6.83
10  81  2  5.34
11  81  2  32.92
12  81  2  7.75
13  81  2  6.13
14  81  2  59.42
15  81  2  41.96
16  81  2  58.92
17  81  2  29.22
18  81  2  26.07
19  81  2  3.68
20  81  2  20.19
1  82  2  20.48
2  82  2  34.92
3  82  2  17.11
4  82  2  4.87
5  82  2  14.49
6  82  2  11.69
7  82  2  47.54
8  82  2  10.97
9  82  2  30.29
10  82  2  20.60
11  82  2  10.92
12  82  2  40.92
13  82  2  34.77
14  82  2  20.94
15  82  2  53.55
16  82  2  16.60
17  82  2  17.15
18  82  2  10.66
19  82  2  24.53
20  82  2  23.48
1  83  2  16.80
2  83  2  35.80
3  83  2  44.24
4  83  2  55.65
5  83  2  31.77
6  83  2  4.77
7  83  2  13.30
8  83  2  19.61
9  83  2  32.61
10  83  2  45.37
11  83  2  33.26
12  83  2  42.30
13  83  2  57.51
14  83  2  24.46
15  83  2  24.33
16  83  2  8.90
17  83  2  30.24
18  83  2  35.03
19  83  2  28.61
20  83  2  11.51
1  84  2  37.38
2  84  2  7.68
3  84  2  25.37
4  84  2  40.16
5  84  2  63.62
6  84  2  42.28
7  84  2  6.81
8  84  2  6.56
9  84  2  40.99
10  84  2  28.65
11  84  2  10.65
12  84  2  35.57
13  84  2  29.80
14  84  2  19.99
15  84  2  25.49
16  84  2  58.66
17  84  2  30.85
18  84  2  25.75
19  84  2  17.55
20  84  2  5.91
1  85  2  16.80
2  85  2  49.58
3  85  2  45.84
4  85  2  7.87
5  85  2  7.91
6  85  2  7.84
7  85  2  19.66
8  85  2  8.87
9  85  2  46.44
10  85  2  26.12
11  85  2  24.05
12  85  2  7.17
13  85  2  11.15
14  85  2  32.02
15  85  2  30.99
16  85  2  5.30
17  85  2  2.50
18  85  2  16.60
19  85  2  38.49
20  85  2  23.33
1  86  2  8.92
2  86  2  18.84
3  86  2  36.82
4  86  2  31.11
5  86  2  16.54
6  86  2  23.90
7  86  2  19.55
8  86  2  11.87
9  86  2  66.21
10  86  2  8.21
11  86  2  15.71
12  86  2  20.90
13  86  2  13.40
14  86  2  18.15
15  86  2  5.94
16  86  2  35.07
17  86  2  33.95
18  86  2  29.96
19  86  2  44.20
20  86  2  12.47
1  87  2  61.13
2  87  2  36.79
3  87  2  20.18
4  87  2  10.02
5  87  2  19.08
6  87  2  10.14
7  87  2  37.99
8  87  2  13.49
9  87  2  11.87
10  87  2  39.29
11  87  2  40.18
12  87  2  11.03
13  87  2  22.16
14  87  2  26.09
15  87  2  28.15
16  87  2  17.17
17  87  2  8.18
18  87  2  22.72
19  87  2  40.85
20  87  2  28.61
1  88  2  7.09
2  88  2  22.02
3  88  2  16.36
4  88  2  35.73
5  88  2  9.40
6  88  2  5.93
7  88  2  13.11
8  88  2  6.65
9  88  2  15.86
10  88  2  30.12
11  88  2  44.70
12  88  2  13.97
13  88  2  24.27
14  88  2  18.20
15  88  2  7.06
16  88  2  23.09
17  88  2  17.34
18  88  2  42.83
19  88  2  19.93
20  88  2  9.38
1  89  2  16.67
2  89  2  43.79
3  89  2  16.45
4  89  2  16.61
5  89  2  7.05
6  89  2  47.78
7  89  2  24.00
8  89  2  24.70
9  89  2  8.65
10  89  2  56.68
11  89  2  15.98
12  89  2  16.29
13  89  2  17.84
14  89  2  37.13
15  89  2  31.26
16  89  2  25.90
17  89  2  17.79
18  89  2  23.28
19  89  2  22.19
20  89  2  6.85
1  90  2  34.31
2  90  2  9.92
3  90  2  37.91
4  90  2  39.18
5  90  2  12.35
6  90  2  36.62
7  90  2  13.89
8  90  2  34.30
9  90  2  30.72
10  90  2  37.67
11  90  2  18.67
12  90  2  31.10
13  90  2  14.11
14  90  2  25.82
15  90  2  65.58
16  90  2  11.75
17  90  2  22.13
18  90  2  23.31
19  90  2  32.04
20  90  2  8.23
1  91  2  17.26
2  91  2  14.33
3  91  2  46.29
4  91  2  15.12
5  91  2  31.03
6  91  2  28.32
7  91  2  50.27
8  91  2  15.14
9  91  2  11.93
10  91  2  11.05
11  91  2  14.87
12  91  2  21.84
13  91  2  35.75
14  91  2  19.11
15  91  2  38.52
16  91  2  15.19
17  91  2  16.65
18  91  2  16.73
19  91  2  28.54
20  91  2  35.01
1  92  2  14.53
2  92  2  11.55
3  92  2  40.58
4  92  2  15.17
5  92  2  61.64
6  92  2  16.44
7  92  2  5.43
8  92  2  8.80
9  92  2  40.94
10  92  2  47.23
11  92  2  13.16
12  92  2  11.93
13  92  2  17.33
14  92  2  25.54
15  92  2  41.17
16  92  2  56.57
17  92  2  50.73
18  92  2  34.84
19  92  2  22.16
20  92  2  10.72
1  93  2  30.66
2  93  2  19.83
3  93  2  35.13
4  93  2  14.81
5  93  2  17.62
6  93  2  35.74
7  93  2  34.69
8  93  2  15.10
9  93  2  3.24
10  93  2  6.14
11  93  2  23.38
12  93  2  40.66
13  93  2  59.58
14  93  2  64.18
15  93  2  16.46
16  93  2  53.24
17  93  2  12.16
18  93  2  39.88
19  93  2  8.78
20  93  2  25.70
1  94  2  43.95
2  94  2  25.56
3  94  2  19.31
4  94  2  36.32
5  94  2  4.35
6  94  2  16.74
7  94  2  17.74
8  94  2  10.62
9  94  2  46.78
10  94  2  13.77
11  94  2  31.32
12  94  2  40.29
13  94  2  9.82
14  94  2  20.26
15  94  2  22.09
16  94  2  9.40
17  94  2  8.52
18  94  2  11.61
19  94  2  55.16
20  94  2  5.89
1  95  2  40.38
2  95  2  16.61
3  95  2  22.44
4  95  2  12.17
5  95  2  17.93
6  95  2  7.40
7  95  2  24.37
8  95  2  9.80
9  95  2  35.03
10  95  2  24.40
11  95  2  19.54
12  95  2  57.37
13  95  2  21.47
14  95  2  8.52
15  95  2  17.63
16  95  2  11.62
17  95  2  6.28
18  95  2  35.19
19  95  2  16.92
20  95  2  24.97
1  96  2  11.67
2  96  2  4.75
3  96  2  34.40
4  96  2  12.04
5  96  2  24.85
6  96  2  33.11
7  96  2  7.77
8  96  2  21.52
9  96  2  54.28
10  96  2  41.91
11  96  2  3.49
12  96  2  20.65
13  96  2  37.86
14  96  2  26.10
15  96  2  15.35
16  96  2  12.71
17  96  2  19.83
18  96  2  25.75
19  96  2  8.32
20  96  2  14.09
1  97  2  7.37
2  97  2  68.06
3  97  2  55.90
4  97  2  47.73
5  97  2  39.83
6  97  2  5.72
7  97  2  21.69
8  97  2  25.34
9  97  2  29.78
10  97  2  30.12
11  97  2  32.64
12  97  2  16.29
13  97  2  23.09
14  97  2  26.88
15  97  2  5.21
16  97  2  6.82
17  97  2  19.32
18  97  2  14.75
19  97  2  58.11
20  97  2  19.05
1  98  2  33.89
2  98  2  24.61
3  98  2  7.81
4  98  2  33.93
5  98  2  39.46
6  98  2  6.86
7  98  2  31.90
8  98  2  16.08
9  98  2  41.49
10  98  2  35.22
11  98  2  32.25
12  98  2  10.02
13  98  2  13.23
14  98  2  9.72
15  98  2  16.17
16  98  2  11.26
17  98  2  26.76
18  98  2  7.01
19  98  2  26.23
20  98  2  17.00
1  99  2  16.13
2  99  2  19.30
3  99  2  4.63
4  99  2  4.98
5  99  2  20.40
6  99  2  2.56
7  99  2  43.13
8  99  2  42.63
9  99  2  41.62
10  99  2  16.52
11  99  2  54.52
12  99  2  14.40
13  99  2  15.58
14  99  2  37.91
15  99  2  58.18
16  99  2  8.78
17  99  2  55.54
18  99  2  6.58
19  99  2  14.50
20  99  2  12.52
1  100  2  29.63
2  100  2  47.53
3  100  2  6.90
4  100  2  21.77
5  100  2  10.67
6  100  2  36.77
7  100  2  69.46
8  100  2  14.42
9  100  2  33.29
10  100  2  20.33
11  100  2  32.03
12  100  2  29.83
13  100  2  44.41
14  100  2  4.47
15  100  2  17.65
16  100  2  13.97
17  100  2  19.28
18  100  2  26.32
19  100  2  5.38
20  100  2  14.19
;

