param com_measure1 := 0.60491;

param com_measure2 := 0.96454;

param kappa_max := 1248.2262;

param U_tau := 754.4905;

param nT := 2;

param nS := 100;

param nL := 30;

param B := 2227.49;

param w :=
1  3
2  2
3  2
4  3
5  3
6  3
7  2
8  3
9  1
10  1
11  1
12  1
13  1
14  2
15  3
16  3
17  3
18  1
19  3
20  2
21  2
22  3
23  1
24  2
25  2
26  2
27  2
28  2
29  3
30  1
;

param h :=
1  1  0
1  2  0
1  3  0
1  4  0
1  5  0
1  6  0
1  7  0
1  8  0
1  9  0
1  10  0
1  11  0
1  12  0
1  13  0
1  14  0
1  15  0
1  16  0
1  17  0
1  18  0
1  19  0
1  20  0
1  21  0
1  22  0
1  23  0
1  24  0
1  25  0
1  26  0
1  27  0
1  28  0
1  29  0
1  30  0
2  1  135.34
2  2  157.25
2  3  143.32
2  4  139.98
2  5  147.50
2  6  151.45
2  7  157.10
2  8  145.65
2  9  146.51
2  10  143.51
2  11  146.92
2  12  139.62
2  13  151.60
2  14  144.93
2  15  134.72
2  16  150.82
2  17  153.75
2  18  165.66
2  19  147.79
2  20  147.76
2  21  147.89
2  22  152.31
2  23  154.86
2  24  152.90
2  25  163.06
2  26  161.04
2  27  132.04
2  28  153.33
2  29  146.31
2  30  140.08
;

param xi :=
1  1  1  36
2  1  1  81
3  1  1  86
4  1  1  86
5  1  1  68
6  1  1  21
7  1  1  88
8  1  1  67
9  1  1  34
10  1  1  44
11  1  1  51
12  1  1  30
13  1  1  47
14  1  1  56
15  1  1  19
16  1  1  37
17  1  1  25
18  1  1  74
19  1  1  78
20  1  1  35
21  1  1  77
22  1  1  28
23  1  1  84
24  1  1  55
25  1  1  53
26  1  1  46
27  1  1  14
28  1  1  64
29  1  1  59
30  1  1  65
1  2  1  79
2  2  1  75
3  2  1  68
4  2  1  15
5  2  1  15
6  2  1  44
7  2  1  25
8  2  1  23
9  2  1  39
10  2  1  40
11  2  1  82
12  2  1  13
13  2  1  19
14  2  1  70
15  2  1  66
16  2  1  50
17  2  1  89
18  2  1  70
19  2  1  73
20  2  1  51
21  2  1  70
22  2  1  68
23  2  1  83
24  2  1  79
25  2  1  38
26  2  1  53
27  2  1  84
28  2  1  89
29  2  1  56
30  2  1  60
1  3  1  42
2  3  1  64
3  3  1  22
4  3  1  38
5  3  1  84
6  3  1  78
7  3  1  20
8  3  1  53
9  3  1  53
10  3  1  12
11  3  1  56
12  3  1  75
13  3  1  17
14  3  1  85
15  3  1  34
16  3  1  24
17  3  1  56
18  3  1  19
19  3  1  34
20  3  1  77
21  3  1  84
22  3  1  70
23  3  1  56
24  3  1  17
25  3  1  66
26  3  1  86
27  3  1  11
28  3  1  31
29  3  1  19
30  3  1  62
1  4  1  59
2  4  1  31
3  4  1  14
4  4  1  18
5  4  1  80
6  4  1  49
7  4  1  49
8  4  1  13
9  4  1  73
10  4  1  28
11  4  1  13
12  4  1  13
13  4  1  74
14  4  1  37
15  4  1  26
16  4  1  27
17  4  1  23
18  4  1  82
19  4  1  69
20  4  1  72
21  4  1  33
22  4  1  31
23  4  1  85
24  4  1  13
25  4  1  50
26  4  1  55
27  4  1  63
28  4  1  51
29  4  1  46
30  4  1  50
1  5  1  30
2  5  1  16
3  5  1  11
4  5  1  63
5  5  1  89
6  5  1  88
7  5  1  29
8  5  1  21
9  5  1  41
10  5  1  90
11  5  1  34
12  5  1  56
13  5  1  20
14  5  1  32
15  5  1  52
16  5  1  63
17  5  1  77
18  5  1  23
19  5  1  66
20  5  1  19
21  5  1  52
22  5  1  79
23  5  1  23
24  5  1  53
25  5  1  81
26  5  1  67
27  5  1  31
28  5  1  46
29  5  1  37
30  5  1  21
1  6  1  55
2  6  1  71
3  6  1  90
4  6  1  73
5  6  1  63
6  6  1  80
7  6  1  13
8  6  1  38
9  6  1  51
10  6  1  83
11  6  1  25
12  6  1  38
13  6  1  38
14  6  1  19
15  6  1  79
16  6  1  66
17  6  1  64
18  6  1  72
19  6  1  71
20  6  1  26
21  6  1  33
22  6  1  64
23  6  1  57
24  6  1  49
25  6  1  83
26  6  1  11
27  6  1  77
28  6  1  86
29  6  1  65
30  6  1  87
1  7  1  23
2  7  1  51
3  7  1  28
4  7  1  89
5  7  1  86
6  7  1  24
7  7  1  50
8  7  1  72
9  7  1  87
10  7  1  49
11  7  1  55
12  7  1  11
13  7  1  44
14  7  1  48
15  7  1  14
16  7  1  52
17  7  1  53
18  7  1  57
19  7  1  40
20  7  1  80
21  7  1  54
22  7  1  59
23  7  1  38
24  7  1  44
25  7  1  24
26  7  1  55
27  7  1  48
28  7  1  26
29  7  1  26
30  7  1  81
1  8  1  68
2  8  1  27
3  8  1  56
4  8  1  52
5  8  1  18
6  8  1  31
7  8  1  89
8  8  1  49
9  8  1  57
10  8  1  87
11  8  1  85
12  8  1  53
13  8  1  39
14  8  1  36
15  8  1  19
16  8  1  31
17  8  1  84
18  8  1  71
19  8  1  52
20  8  1  85
21  8  1  67
22  8  1  68
23  8  1  28
24  8  1  90
25  8  1  30
26  8  1  90
27  8  1  62
28  8  1  30
29  8  1  47
30  8  1  33
1  9  1  10
2  9  1  70
3  9  1  85
4  9  1  71
5  9  1  45
6  9  1  82
7  9  1  76
8  9  1  51
9  9  1  45
10  9  1  12
11  9  1  35
12  9  1  28
13  9  1  87
14  9  1  13
15  9  1  76
16  9  1  62
17  9  1  73
18  9  1  81
19  9  1  70
20  9  1  16
21  9  1  30
22  9  1  85
23  9  1  82
24  9  1  64
25  9  1  64
26  9  1  48
27  9  1  56
28  9  1  41
29  9  1  22
30  9  1  69
1  10  1  32
2  10  1  41
3  10  1  25
4  10  1  28
5  10  1  26
6  10  1  18
7  10  1  21
8  10  1  62
9  10  1  10
10  10  1  38
11  10  1  19
12  10  1  85
13  10  1  29
14  10  1  47
15  10  1  15
16  10  1  40
17  10  1  80
18  10  1  16
19  10  1  58
20  10  1  17
21  10  1  49
22  10  1  45
23  10  1  52
24  10  1  82
25  10  1  20
26  10  1  66
27  10  1  56
28  10  1  69
29  10  1  88
30  10  1  72
1  11  1  18
2  11  1  90
3  11  1  79
4  11  1  75
5  11  1  74
6  11  1  19
7  11  1  11
8  11  1  12
9  11  1  78
10  11  1  61
11  11  1  73
12  11  1  70
13  11  1  57
14  11  1  84
15  11  1  39
16  11  1  72
17  11  1  41
18  11  1  59
19  11  1  29
20  11  1  43
21  11  1  65
22  11  1  19
23  11  1  59
24  11  1  38
25  11  1  63
26  11  1  81
27  11  1  41
28  11  1  17
29  11  1  38
30  11  1  14
1  12  1  37
2  12  1  51
3  12  1  46
4  12  1  42
5  12  1  26
6  12  1  71
7  12  1  37
8  12  1  71
9  12  1  63
10  12  1  62
11  12  1  21
12  12  1  50
13  12  1  56
14  12  1  76
15  12  1  17
16  12  1  77
17  12  1  13
18  12  1  46
19  12  1  67
20  12  1  57
21  12  1  60
22  12  1  41
23  12  1  81
24  12  1  17
25  12  1  86
26  12  1  62
27  12  1  24
28  12  1  52
29  12  1  55
30  12  1  55
1  13  1  85
2  13  1  69
3  13  1  67
4  13  1  15
5  13  1  63
6  13  1  42
7  13  1  44
8  13  1  23
9  13  1  61
10  13  1  81
11  13  1  64
12  13  1  74
13  13  1  65
14  13  1  27
15  13  1  47
16  13  1  81
17  13  1  57
18  13  1  25
19  13  1  71
20  13  1  90
21  13  1  20
22  13  1  56
23  13  1  56
24  13  1  68
25  13  1  82
26  13  1  17
27  13  1  54
28  13  1  31
29  13  1  67
30  13  1  14
1  14  1  48
2  14  1  55
3  14  1  50
4  14  1  54
5  14  1  28
6  14  1  42
7  14  1  80
8  14  1  90
9  14  1  49
10  14  1  86
11  14  1  54
12  14  1  11
13  14  1  47
14  14  1  23
15  14  1  41
16  14  1  23
17  14  1  88
18  14  1  80
19  14  1  36
20  14  1  63
21  14  1  62
22  14  1  87
23  14  1  81
24  14  1  86
25  14  1  62
26  14  1  27
27  14  1  70
28  14  1  51
29  14  1  15
30  14  1  83
1  15  1  38
2  15  1  81
3  15  1  39
4  15  1  14
5  15  1  40
6  15  1  41
7  15  1  77
8  15  1  80
9  15  1  77
10  15  1  21
11  15  1  51
12  15  1  76
13  15  1  23
14  15  1  78
15  15  1  33
16  15  1  70
17  15  1  21
18  15  1  89
19  15  1  75
20  15  1  83
21  15  1  38
22  15  1  52
23  15  1  41
24  15  1  13
25  15  1  37
26  15  1  59
27  15  1  68
28  15  1  24
29  15  1  85
30  15  1  81
1  16  1  54
2  16  1  66
3  16  1  40
4  16  1  75
5  16  1  24
6  16  1  11
7  16  1  58
8  16  1  80
9  16  1  57
10  16  1  19
11  16  1  52
12  16  1  53
13  16  1  53
14  16  1  32
15  16  1  46
16  16  1  87
17  16  1  60
18  16  1  76
19  16  1  28
20  16  1  86
21  16  1  41
22  16  1  57
23  16  1  49
24  16  1  58
25  16  1  85
26  16  1  75
27  16  1  15
28  16  1  27
29  16  1  59
30  16  1  34
1  17  1  21
2  17  1  64
3  17  1  86
4  17  1  16
5  17  1  71
6  17  1  68
7  17  1  65
8  17  1  43
9  17  1  17
10  17  1  61
11  17  1  35
12  17  1  17
13  17  1  47
14  17  1  64
15  17  1  18
16  17  1  13
17  17  1  63
18  17  1  54
19  17  1  44
20  17  1  70
21  17  1  80
22  17  1  89
23  17  1  12
24  17  1  17
25  17  1  67
26  17  1  66
27  17  1  17
28  17  1  75
29  17  1  80
30  17  1  74
1  18  1  87
2  18  1  44
3  18  1  51
4  18  1  78
5  18  1  14
6  18  1  38
7  18  1  85
8  18  1  27
9  18  1  31
10  18  1  36
11  18  1  66
12  18  1  37
13  18  1  67
14  18  1  42
15  18  1  65
16  18  1  76
17  18  1  11
18  18  1  57
19  18  1  45
20  18  1  27
21  18  1  89
22  18  1  85
23  18  1  67
24  18  1  72
25  18  1  59
26  18  1  63
27  18  1  53
28  18  1  34
29  18  1  21
30  18  1  56
1  19  1  31
2  19  1  22
3  19  1  86
4  19  1  27
5  19  1  61
6  19  1  57
7  19  1  27
8  19  1  22
9  19  1  31
10  19  1  29
11  19  1  27
12  19  1  27
13  19  1  16
14  19  1  28
15  19  1  71
16  19  1  67
17  19  1  29
18  19  1  62
19  19  1  50
20  19  1  27
21  19  1  40
22  19  1  38
23  19  1  89
24  19  1  38
25  19  1  41
26  19  1  27
27  19  1  35
28  19  1  36
29  19  1  30
30  19  1  59
1  20  1  80
2  20  1  35
3  20  1  14
4  20  1  25
5  20  1  64
6  20  1  55
7  20  1  50
8  20  1  69
9  20  1  80
10  20  1  67
11  20  1  41
12  20  1  42
13  20  1  34
14  20  1  47
15  20  1  39
16  20  1  55
17  20  1  80
18  20  1  11
19  20  1  43
20  20  1  56
21  20  1  70
22  20  1  23
23  20  1  83
24  20  1  57
25  20  1  70
26  20  1  57
27  20  1  17
28  20  1  71
29  20  1  37
30  20  1  50
1  21  1  26
2  21  1  75
3  21  1  30
4  21  1  13
5  21  1  49
6  21  1  12
7  21  1  83
8  21  1  78
9  21  1  12
10  21  1  55
11  21  1  41
12  21  1  35
13  21  1  15
14  21  1  65
15  21  1  68
16  21  1  75
17  21  1  52
18  21  1  19
19  21  1  87
20  21  1  32
21  21  1  76
22  21  1  38
23  21  1  55
24  21  1  24
25  21  1  70
26  21  1  80
27  21  1  46
28  21  1  69
29  21  1  13
30  21  1  60
1  22  1  32
2  22  1  60
3  22  1  22
4  22  1  38
5  22  1  30
6  22  1  82
7  22  1  30
8  22  1  86
9  22  1  69
10  22  1  28
11  22  1  62
12  22  1  20
13  22  1  76
14  22  1  15
15  22  1  27
16  22  1  18
17  22  1  60
18  22  1  27
19  22  1  63
20  22  1  46
21  22  1  17
22  22  1  21
23  22  1  74
24  22  1  30
25  22  1  19
26  22  1  43
27  22  1  12
28  22  1  87
29  22  1  17
30  22  1  54
1  23  1  10
2  23  1  25
3  23  1  45
4  23  1  34
5  23  1  58
6  23  1  34
7  23  1  49
8  23  1  73
9  23  1  75
10  23  1  65
11  23  1  13
12  23  1  35
13  23  1  18
14  23  1  11
15  23  1  14
16  23  1  60
17  23  1  72
18  23  1  35
19  23  1  35
20  23  1  57
21  23  1  40
22  23  1  70
23  23  1  67
24  23  1  39
25  23  1  32
26  23  1  37
27  23  1  29
28  23  1  49
29  23  1  63
30  23  1  58
1  24  1  23
2  24  1  32
3  24  1  23
4  24  1  14
5  24  1  12
6  24  1  53
7  24  1  73
8  24  1  36
9  24  1  62
10  24  1  29
11  24  1  87
12  24  1  78
13  24  1  34
14  24  1  87
15  24  1  59
16  24  1  19
17  24  1  33
18  24  1  73
19  24  1  22
20  24  1  10
21  24  1  29
22  24  1  49
23  24  1  30
24  24  1  18
25  24  1  71
26  24  1  59
27  24  1  28
28  24  1  32
29  24  1  67
30  24  1  53
1  25  1  43
2  25  1  41
3  25  1  53
4  25  1  60
5  25  1  45
6  25  1  41
7  25  1  59
8  25  1  40
9  25  1  14
10  25  1  60
11  25  1  28
12  25  1  60
13  25  1  32
14  25  1  56
15  25  1  60
16  25  1  56
17  25  1  59
18  25  1  56
19  25  1  34
20  25  1  43
21  25  1  48
22  25  1  86
23  25  1  21
24  25  1  20
25  25  1  15
26  25  1  60
27  25  1  40
28  25  1  32
29  25  1  74
30  25  1  34
1  26  1  74
2  26  1  70
3  26  1  49
4  26  1  16
5  26  1  46
6  26  1  49
7  26  1  68
8  26  1  30
9  26  1  40
10  26  1  45
11  26  1  38
12  26  1  42
13  26  1  60
14  26  1  68
15  26  1  30
16  26  1  37
17  26  1  72
18  26  1  81
19  26  1  44
20  26  1  44
21  26  1  13
22  26  1  42
23  26  1  55
24  26  1  23
25  26  1  32
26  26  1  66
27  26  1  83
28  26  1  74
29  26  1  52
30  26  1  35
1  27  1  13
2  27  1  68
3  27  1  31
4  27  1  39
5  27  1  28
6  27  1  14
7  27  1  60
8  27  1  60
9  27  1  75
10  27  1  90
11  27  1  72
12  27  1  42
13  27  1  41
14  27  1  45
15  27  1  83
16  27  1  45
17  27  1  77
18  27  1  72
19  27  1  26
20  27  1  17
21  27  1  38
22  27  1  71
23  27  1  30
24  27  1  88
25  27  1  55
26  27  1  68
27  27  1  51
28  27  1  27
29  27  1  54
30  27  1  80
1  28  1  49
2  28  1  61
3  28  1  12
4  28  1  87
5  28  1  62
6  28  1  51
7  28  1  25
8  28  1  76
9  28  1  46
10  28  1  20
11  28  1  62
12  28  1  22
13  28  1  42
14  28  1  38
15  28  1  21
16  28  1  75
17  28  1  85
18  28  1  35
19  28  1  26
20  28  1  17
21  28  1  28
22  28  1  58
23  28  1  28
24  28  1  25
25  28  1  82
26  28  1  16
27  28  1  27
28  28  1  90
29  28  1  82
30  28  1  23
1  29  1  39
2  29  1  27
3  29  1  49
4  29  1  59
5  29  1  47
6  29  1  44
7  29  1  58
8  29  1  10
9  29  1  84
10  29  1  27
11  29  1  69
12  29  1  52
13  29  1  88
14  29  1  40
15  29  1  55
16  29  1  44
17  29  1  51
18  29  1  23
19  29  1  50
20  29  1  23
21  29  1  77
22  29  1  75
23  29  1  74
24  29  1  14
25  29  1  82
26  29  1  38
27  29  1  50
28  29  1  57
29  29  1  50
30  29  1  75
1  30  1  77
2  30  1  12
3  30  1  85
4  30  1  32
5  30  1  72
6  30  1  39
7  30  1  61
8  30  1  63
9  30  1  87
10  30  1  40
11  30  1  73
12  30  1  31
13  30  1  67
14  30  1  64
15  30  1  16
16  30  1  58
17  30  1  59
18  30  1  31
19  30  1  31
20  30  1  26
21  30  1  73
22  30  1  53
23  30  1  64
24  30  1  56
25  30  1  51
26  30  1  29
27  30  1  67
28  30  1  69
29  30  1  35
30  30  1  36
1  31  1  58
2  31  1  45
3  31  1  68
4  31  1  34
5  31  1  32
6  31  1  25
7  31  1  54
8  31  1  27
9  31  1  47
10  31  1  60
11  31  1  36
12  31  1  79
13  31  1  16
14  31  1  80
15  31  1  51
16  31  1  27
17  31  1  30
18  31  1  87
19  31  1  77
20  31  1  55
21  31  1  55
22  31  1  64
23  31  1  10
24  31  1  51
25  31  1  56
26  31  1  22
27  31  1  45
28  31  1  68
29  31  1  19
30  31  1  12
1  32  1  47
2  32  1  81
3  32  1  11
4  32  1  60
5  32  1  41
6  32  1  73
7  32  1  25
8  32  1  54
9  32  1  30
10  32  1  90
11  32  1  46
12  32  1  18
13  32  1  56
14  32  1  53
15  32  1  42
16  32  1  10
17  32  1  71
18  32  1  55
19  32  1  56
20  32  1  73
21  32  1  58
22  32  1  27
23  32  1  60
24  32  1  30
25  32  1  39
26  32  1  63
27  32  1  48
28  32  1  17
29  32  1  44
30  32  1  49
1  33  1  77
2  33  1  68
3  33  1  28
4  33  1  23
5  33  1  55
6  33  1  28
7  33  1  61
8  33  1  47
9  33  1  89
10  33  1  15
11  33  1  32
12  33  1  43
13  33  1  31
14  33  1  60
15  33  1  13
16  33  1  53
17  33  1  19
18  33  1  52
19  33  1  89
20  33  1  51
21  33  1  53
22  33  1  45
23  33  1  87
24  33  1  19
25  33  1  30
26  33  1  32
27  33  1  80
28  33  1  19
29  33  1  32
30  33  1  74
1  34  1  65
2  34  1  62
3  34  1  24
4  34  1  48
5  34  1  59
6  34  1  78
7  34  1  69
8  34  1  34
9  34  1  85
10  34  1  22
11  34  1  46
12  34  1  17
13  34  1  74
14  34  1  11
15  34  1  35
16  34  1  74
17  34  1  15
18  34  1  70
19  34  1  62
20  34  1  87
21  34  1  62
22  34  1  76
23  34  1  35
24  34  1  77
25  34  1  41
26  34  1  62
27  34  1  37
28  34  1  65
29  34  1  39
30  34  1  52
1  35  1  23
2  35  1  36
3  35  1  88
4  35  1  37
5  35  1  38
6  35  1  44
7  35  1  18
8  35  1  22
9  35  1  85
10  35  1  70
11  35  1  56
12  35  1  80
13  35  1  38
14  35  1  69
15  35  1  33
16  35  1  21
17  35  1  68
18  35  1  25
19  35  1  90
20  35  1  12
21  35  1  65
22  35  1  41
23  35  1  60
24  35  1  56
25  35  1  11
26  35  1  49
27  35  1  41
28  35  1  80
29  35  1  49
30  35  1  39
1  36  1  20
2  36  1  17
3  36  1  26
4  36  1  26
5  36  1  27
6  36  1  27
7  36  1  11
8  36  1  23
9  36  1  50
10  36  1  40
11  36  1  86
12  36  1  81
13  36  1  16
14  36  1  77
15  36  1  59
16  36  1  14
17  36  1  80
18  36  1  67
19  36  1  30
20  36  1  41
21  36  1  44
22  36  1  35
23  36  1  14
24  36  1  88
25  36  1  20
26  36  1  71
27  36  1  10
28  36  1  56
29  36  1  15
30  36  1  76
1  37  1  18
2  37  1  37
3  37  1  73
4  37  1  10
5  37  1  16
6  37  1  44
7  37  1  36
8  37  1  16
9  37  1  88
10  37  1  51
11  37  1  33
12  37  1  66
13  37  1  49
14  37  1  34
15  37  1  90
16  37  1  59
17  37  1  88
18  37  1  56
19  37  1  13
20  37  1  71
21  37  1  47
22  37  1  39
23  37  1  24
24  37  1  59
25  37  1  76
26  37  1  48
27  37  1  62
28  37  1  75
29  37  1  75
30  37  1  84
1  38  1  89
2  38  1  63
3  38  1  88
4  38  1  19
5  38  1  25
6  38  1  25
7  38  1  82
8  38  1  17
9  38  1  58
10  38  1  11
11  38  1  89
12  38  1  18
13  38  1  25
14  38  1  78
15  38  1  19
16  38  1  33
17  38  1  65
18  38  1  66
19  38  1  43
20  38  1  36
21  38  1  68
22  38  1  19
23  38  1  50
24  38  1  85
25  38  1  71
26  38  1  55
27  38  1  61
28  38  1  88
29  38  1  44
30  38  1  77
1  39  1  50
2  39  1  22
3  39  1  27
4  39  1  65
5  39  1  16
6  39  1  75
7  39  1  11
8  39  1  52
9  39  1  30
10  39  1  53
11  39  1  84
12  39  1  43
13  39  1  44
14  39  1  50
15  39  1  44
16  39  1  51
17  39  1  44
18  39  1  39
19  39  1  58
20  39  1  60
21  39  1  41
22  39  1  75
23  39  1  74
24  39  1  47
25  39  1  55
26  39  1  15
27  39  1  76
28  39  1  26
29  39  1  86
30  39  1  46
1  40  1  18
2  40  1  88
3  40  1  35
4  40  1  89
5  40  1  69
6  40  1  71
7  40  1  31
8  40  1  39
9  40  1  42
10  40  1  40
11  40  1  32
12  40  1  66
13  40  1  22
14  40  1  87
15  40  1  31
16  40  1  66
17  40  1  17
18  40  1  84
19  40  1  48
20  40  1  88
21  40  1  48
22  40  1  35
23  40  1  68
24  40  1  15
25  40  1  43
26  40  1  83
27  40  1  35
28  40  1  71
29  40  1  30
30  40  1  18
1  41  1  52
2  41  1  80
3  41  1  64
4  41  1  60
5  41  1  23
6  41  1  30
7  41  1  44
8  41  1  25
9  41  1  30
10  41  1  60
11  41  1  46
12  41  1  88
13  41  1  83
14  41  1  75
15  41  1  59
16  41  1  24
17  41  1  71
18  41  1  30
19  41  1  67
20  41  1  45
21  41  1  21
22  41  1  12
23  41  1  63
24  41  1  47
25  41  1  41
26  41  1  13
27  41  1  21
28  41  1  24
29  41  1  59
30  41  1  86
1  42  1  80
2  42  1  15
3  42  1  18
4  42  1  49
5  42  1  37
6  42  1  14
7  42  1  31
8  42  1  12
9  42  1  36
10  42  1  83
11  42  1  30
12  42  1  51
13  42  1  61
14  42  1  45
15  42  1  51
16  42  1  86
17  42  1  43
18  42  1  76
19  42  1  56
20  42  1  33
21  42  1  40
22  42  1  27
23  42  1  27
24  42  1  48
25  42  1  52
26  42  1  60
27  42  1  39
28  42  1  37
29  42  1  65
30  42  1  13
1  43  1  57
2  43  1  35
3  43  1  40
4  43  1  84
5  43  1  67
6  43  1  77
7  43  1  44
8  43  1  16
9  43  1  83
10  43  1  60
11  43  1  78
12  43  1  66
13  43  1  46
14  43  1  17
15  43  1  49
16  43  1  69
17  43  1  52
18  43  1  76
19  43  1  22
20  43  1  74
21  43  1  14
22  43  1  63
23  43  1  22
24  43  1  65
25  43  1  68
26  43  1  54
27  43  1  62
28  43  1  80
29  43  1  26
30  43  1  29
1  44  1  63
2  44  1  13
3  44  1  71
4  44  1  86
5  44  1  67
6  44  1  68
7  44  1  19
8  44  1  40
9  44  1  42
10  44  1  88
11  44  1  74
12  44  1  32
13  44  1  85
14  44  1  32
15  44  1  77
16  44  1  86
17  44  1  35
18  44  1  67
19  44  1  17
20  44  1  44
21  44  1  60
22  44  1  68
23  44  1  40
24  44  1  47
25  44  1  82
26  44  1  77
27  44  1  29
28  44  1  23
29  44  1  53
30  44  1  83
1  45  1  46
2  45  1  21
3  45  1  85
4  45  1  73
5  45  1  12
6  45  1  12
7  45  1  59
8  45  1  21
9  45  1  73
10  45  1  23
11  45  1  42
12  45  1  20
13  45  1  46
14  45  1  44
15  45  1  59
16  45  1  86
17  45  1  34
18  45  1  90
19  45  1  22
20  45  1  43
21  45  1  81
22  45  1  63
23  45  1  47
24  45  1  87
25  45  1  86
26  45  1  90
27  45  1  26
28  45  1  37
29  45  1  82
30  45  1  33
1  46  1  47
2  46  1  84
3  46  1  23
4  46  1  30
5  46  1  41
6  46  1  24
7  46  1  63
8  46  1  64
9  46  1  50
10  46  1  12
11  46  1  41
12  46  1  78
13  46  1  52
14  46  1  44
15  46  1  88
16  46  1  74
17  46  1  30
18  46  1  47
19  46  1  78
20  46  1  89
21  46  1  25
22  46  1  66
23  46  1  56
24  46  1  89
25  46  1  34
26  46  1  11
27  46  1  69
28  46  1  54
29  46  1  72
30  46  1  87
1  47  1  79
2  47  1  23
3  47  1  70
4  47  1  74
5  47  1  15
6  47  1  48
7  47  1  21
8  47  1  69
9  47  1  40
10  47  1  31
11  47  1  49
12  47  1  39
13  47  1  65
14  47  1  23
15  47  1  66
16  47  1  83
17  47  1  88
18  47  1  61
19  47  1  48
20  47  1  29
21  47  1  21
22  47  1  12
23  47  1  43
24  47  1  84
25  47  1  79
26  47  1  45
27  47  1  38
28  47  1  14
29  47  1  82
30  47  1  43
1  48  1  63
2  48  1  73
3  48  1  40
4  48  1  65
5  48  1  21
6  48  1  79
7  48  1  65
8  48  1  59
9  48  1  42
10  48  1  11
11  48  1  10
12  48  1  60
13  48  1  43
14  48  1  84
15  48  1  30
16  48  1  13
17  48  1  65
18  48  1  32
19  48  1  70
20  48  1  51
21  48  1  90
22  48  1  17
23  48  1  32
24  48  1  17
25  48  1  85
26  48  1  65
27  48  1  68
28  48  1  72
29  48  1  74
30  48  1  16
1  49  1  77
2  49  1  76
3  49  1  52
4  49  1  31
5  49  1  51
6  49  1  45
7  49  1  57
8  49  1  74
9  49  1  67
10  49  1  82
11  49  1  28
12  49  1  17
13  49  1  66
14  49  1  31
15  49  1  52
16  49  1  46
17  49  1  55
18  49  1  47
19  49  1  40
20  49  1  31
21  49  1  70
22  49  1  33
23  49  1  81
24  49  1  21
25  49  1  26
26  49  1  57
27  49  1  76
28  49  1  53
29  49  1  27
30  49  1  27
1  50  1  16
2  50  1  16
3  50  1  54
4  50  1  20
5  50  1  19
6  50  1  61
7  50  1  69
8  50  1  59
9  50  1  15
10  50  1  10
11  50  1  25
12  50  1  23
13  50  1  74
14  50  1  45
15  50  1  10
16  50  1  28
17  50  1  42
18  50  1  34
19  50  1  57
20  50  1  59
21  50  1  13
22  50  1  56
23  50  1  49
24  50  1  80
25  50  1  73
26  50  1  22
27  50  1  13
28  50  1  43
29  50  1  46
30  50  1  32
1  51  1  41
2  51  1  56
3  51  1  16
4  51  1  30
5  51  1  88
6  51  1  43
7  51  1  30
8  51  1  39
9  51  1  16
10  51  1  89
11  51  1  44
12  51  1  88
13  51  1  44
14  51  1  50
15  51  1  40
16  51  1  11
17  51  1  67
18  51  1  63
19  51  1  42
20  51  1  28
21  51  1  20
22  51  1  87
23  51  1  70
24  51  1  65
25  51  1  85
26  51  1  35
27  51  1  43
28  51  1  68
29  51  1  38
30  51  1  32
1  52  1  17
2  52  1  84
3  52  1  70
4  52  1  46
5  52  1  32
6  52  1  26
7  52  1  76
8  52  1  13
9  52  1  72
10  52  1  13
11  52  1  85
12  52  1  61
13  52  1  70
14  52  1  81
15  52  1  71
16  52  1  89
17  52  1  63
18  52  1  83
19  52  1  19
20  52  1  72
21  52  1  68
22  52  1  82
23  52  1  83
24  52  1  54
25  52  1  81
26  52  1  59
27  52  1  47
28  52  1  72
29  52  1  43
30  52  1  53
1  53  1  65
2  53  1  66
3  53  1  81
4  53  1  19
5  53  1  80
6  53  1  60
7  53  1  38
8  53  1  77
9  53  1  81
10  53  1  29
11  53  1  79
12  53  1  29
13  53  1  21
14  53  1  31
15  53  1  33
16  53  1  78
17  53  1  81
18  53  1  66
19  53  1  41
20  53  1  35
21  53  1  64
22  53  1  30
23  53  1  55
24  53  1  41
25  53  1  60
26  53  1  18
27  53  1  40
28  53  1  28
29  53  1  14
30  53  1  33
1  54  1  56
2  54  1  81
3  54  1  26
4  54  1  88
5  54  1  59
6  54  1  58
7  54  1  74
8  54  1  28
9  54  1  80
10  54  1  87
11  54  1  34
12  54  1  78
13  54  1  17
14  54  1  21
15  54  1  81
16  54  1  63
17  54  1  42
18  54  1  66
19  54  1  54
20  54  1  18
21  54  1  42
22  54  1  71
23  54  1  22
24  54  1  74
25  54  1  11
26  54  1  20
27  54  1  86
28  54  1  54
29  54  1  45
30  54  1  39
1  55  1  28
2  55  1  11
3  55  1  78
4  55  1  57
5  55  1  41
6  55  1  69
7  55  1  64
8  55  1  77
9  55  1  90
10  55  1  84
11  55  1  30
12  55  1  69
13  55  1  41
14  55  1  36
15  55  1  18
16  55  1  24
17  55  1  62
18  55  1  28
19  55  1  30
20  55  1  43
21  55  1  83
22  55  1  64
23  55  1  76
24  55  1  78
25  55  1  89
26  55  1  22
27  55  1  72
28  55  1  64
29  55  1  32
30  55  1  14
1  56  1  64
2  56  1  22
3  56  1  83
4  56  1  34
5  56  1  23
6  56  1  15
7  56  1  17
8  56  1  12
9  56  1  88
10  56  1  52
11  56  1  23
12  56  1  87
13  56  1  38
14  56  1  61
15  56  1  56
16  56  1  39
17  56  1  36
18  56  1  62
19  56  1  67
20  56  1  40
21  56  1  88
22  56  1  79
23  56  1  56
24  56  1  36
25  56  1  24
26  56  1  59
27  56  1  63
28  56  1  34
29  56  1  76
30  56  1  65
1  57  1  33
2  57  1  85
3  57  1  27
4  57  1  32
5  57  1  56
6  57  1  41
7  57  1  78
8  57  1  79
9  57  1  64
10  57  1  47
11  57  1  10
12  57  1  25
13  57  1  72
14  57  1  74
15  57  1  90
16  57  1  45
17  57  1  78
18  57  1  81
19  57  1  52
20  57  1  17
21  57  1  45
22  57  1  31
23  57  1  39
24  57  1  28
25  57  1  29
26  57  1  79
27  57  1  79
28  57  1  65
29  57  1  68
30  57  1  37
1  58  1  14
2  58  1  19
3  58  1  62
4  58  1  13
5  58  1  73
6  58  1  69
7  58  1  20
8  58  1  13
9  58  1  23
10  58  1  32
11  58  1  10
12  58  1  73
13  58  1  75
14  58  1  48
15  58  1  28
16  58  1  86
17  58  1  35
18  58  1  86
19  58  1  20
20  58  1  50
21  58  1  40
22  58  1  29
23  58  1  70
24  58  1  77
25  58  1  75
26  58  1  70
27  58  1  51
28  58  1  30
29  58  1  85
30  58  1  39
1  59  1  16
2  59  1  44
3  59  1  30
4  59  1  24
5  59  1  53
6  59  1  38
7  59  1  14
8  59  1  63
9  59  1  18
10  59  1  30
11  59  1  10
12  59  1  26
13  59  1  25
14  59  1  76
15  59  1  28
16  59  1  32
17  59  1  84
18  59  1  89
19  59  1  10
20  59  1  67
21  59  1  45
22  59  1  52
23  59  1  89
24  59  1  84
25  59  1  11
26  59  1  76
27  59  1  38
28  59  1  72
29  59  1  15
30  59  1  80
1  60  1  62
2  60  1  63
3  60  1  37
4  60  1  77
5  60  1  29
6  60  1  89
7  60  1  37
8  60  1  41
9  60  1  39
10  60  1  61
11  60  1  89
12  60  1  11
13  60  1  77
14  60  1  35
15  60  1  38
16  60  1  48
17  60  1  78
18  60  1  76
19  60  1  57
20  60  1  35
21  60  1  26
22  60  1  32
23  60  1  80
24  60  1  64
25  60  1  35
26  60  1  35
27  60  1  16
28  60  1  47
29  60  1  33
30  60  1  26
1  61  1  42
2  61  1  40
3  61  1  19
4  61  1  48
5  61  1  60
6  61  1  24
7  61  1  82
8  61  1  31
9  61  1  68
10  61  1  72
11  61  1  51
12  61  1  34
13  61  1  62
14  61  1  53
15  61  1  64
16  61  1  61
17  61  1  21
18  61  1  43
19  61  1  22
20  61  1  62
21  61  1  74
22  61  1  69
23  61  1  58
24  61  1  59
25  61  1  65
26  61  1  26
27  61  1  55
28  61  1  10
29  61  1  36
30  61  1  11
1  62  1  16
2  62  1  72
3  62  1  86
4  62  1  43
5  62  1  54
6  62  1  42
7  62  1  75
8  62  1  17
9  62  1  61
10  62  1  83
11  62  1  24
12  62  1  69
13  62  1  35
14  62  1  35
15  62  1  28
16  62  1  42
17  62  1  10
18  62  1  85
19  62  1  55
20  62  1  49
21  62  1  79
22  62  1  66
23  62  1  73
24  62  1  88
25  62  1  53
26  62  1  32
27  62  1  87
28  62  1  59
29  62  1  14
30  62  1  19
1  63  1  88
2  63  1  87
3  63  1  17
4  63  1  66
5  63  1  44
6  63  1  55
7  63  1  51
8  63  1  15
9  63  1  47
10  63  1  15
11  63  1  40
12  63  1  47
13  63  1  33
14  63  1  88
15  63  1  16
16  63  1  65
17  63  1  86
18  63  1  68
19  63  1  34
20  63  1  68
21  63  1  50
22  63  1  67
23  63  1  52
24  63  1  24
25  63  1  24
26  63  1  54
27  63  1  15
28  63  1  17
29  63  1  44
30  63  1  69
1  64  1  69
2  64  1  13
3  64  1  25
4  64  1  73
5  64  1  83
6  64  1  77
7  64  1  86
8  64  1  59
9  64  1  29
10  64  1  61
11  64  1  11
12  64  1  18
13  64  1  53
14  64  1  83
15  64  1  43
16  64  1  48
17  64  1  31
18  64  1  30
19  64  1  86
20  64  1  76
21  64  1  24
22  64  1  81
23  64  1  48
24  64  1  24
25  64  1  32
26  64  1  28
27  64  1  67
28  64  1  64
29  64  1  82
30  64  1  56
1  65  1  55
2  65  1  37
3  65  1  45
4  65  1  83
5  65  1  77
6  65  1  64
7  65  1  35
8  65  1  35
9  65  1  62
10  65  1  42
11  65  1  64
12  65  1  87
13  65  1  35
14  65  1  39
15  65  1  30
16  65  1  48
17  65  1  77
18  65  1  15
19  65  1  38
20  65  1  60
21  65  1  81
22  65  1  67
23  65  1  88
24  65  1  64
25  65  1  63
26  65  1  69
27  65  1  61
28  65  1  34
29  65  1  62
30  65  1  15
1  66  1  61
2  66  1  70
3  66  1  26
4  66  1  15
5  66  1  30
6  66  1  53
7  66  1  32
8  66  1  19
9  66  1  50
10  66  1  75
11  66  1  47
12  66  1  77
13  66  1  16
14  66  1  48
15  66  1  83
16  66  1  62
17  66  1  86
18  66  1  67
19  66  1  23
20  66  1  50
21  66  1  40
22  66  1  47
23  66  1  61
24  66  1  74
25  66  1  54
26  66  1  80
27  66  1  24
28  66  1  31
29  66  1  84
30  66  1  85
1  67  1  32
2  67  1  46
3  67  1  37
4  67  1  54
5  67  1  31
6  67  1  66
7  67  1  88
8  67  1  86
9  67  1  30
10  67  1  73
11  67  1  45
12  67  1  53
13  67  1  88
14  67  1  36
15  67  1  29
16  67  1  72
17  67  1  23
18  67  1  29
19  67  1  24
20  67  1  47
21  67  1  47
22  67  1  15
23  67  1  25
24  67  1  39
25  67  1  34
26  67  1  89
27  67  1  19
28  67  1  60
29  67  1  16
30  67  1  73
1  68  1  23
2  68  1  59
3  68  1  82
4  68  1  56
5  68  1  10
6  68  1  48
7  68  1  36
8  68  1  48
9  68  1  24
10  68  1  39
11  68  1  81
12  68  1  76
13  68  1  87
14  68  1  35
15  68  1  30
16  68  1  59
17  68  1  55
18  68  1  24
19  68  1  30
20  68  1  55
21  68  1  62
22  68  1  15
23  68  1  41
24  68  1  85
25  68  1  13
26  68  1  72
27  68  1  85
28  68  1  34
29  68  1  12
30  68  1  86
1  69  1  13
2  69  1  58
3  69  1  65
4  69  1  20
5  69  1  56
6  69  1  37
7  69  1  83
8  69  1  60
9  69  1  49
10  69  1  66
11  69  1  11
12  69  1  21
13  69  1  77
14  69  1  49
15  69  1  76
16  69  1  19
17  69  1  46
18  69  1  27
19  69  1  48
20  69  1  49
21  69  1  44
22  69  1  69
23  69  1  28
24  69  1  49
25  69  1  64
26  69  1  13
27  69  1  12
28  69  1  16
29  69  1  87
30  69  1  35
1  70  1  72
2  70  1  49
3  70  1  82
4  70  1  68
5  70  1  62
6  70  1  54
7  70  1  90
8  70  1  72
9  70  1  43
10  70  1  55
11  70  1  19
12  70  1  90
13  70  1  23
14  70  1  77
15  70  1  56
16  70  1  40
17  70  1  23
18  70  1  64
19  70  1  81
20  70  1  37
21  70  1  39
22  70  1  65
23  70  1  24
24  70  1  32
25  70  1  35
26  70  1  37
27  70  1  24
28  70  1  24
29  70  1  32
30  70  1  72
1  71  1  31
2  71  1  50
3  71  1  57
4  71  1  71
5  71  1  62
6  71  1  29
7  71  1  41
8  71  1  45
9  71  1  25
10  71  1  78
11  71  1  82
12  71  1  20
13  71  1  75
14  71  1  54
15  71  1  15
16  71  1  88
17  71  1  14
18  71  1  12
19  71  1  57
20  71  1  65
21  71  1  53
22  71  1  53
23  71  1  46
24  71  1  76
25  71  1  85
26  71  1  77
27  71  1  86
28  71  1  72
29  71  1  82
30  71  1  24
1  72  1  16
2  72  1  18
3  72  1  27
4  72  1  78
5  72  1  22
6  72  1  55
7  72  1  12
8  72  1  31
9  72  1  34
10  72  1  55
11  72  1  79
12  72  1  46
13  72  1  56
14  72  1  16
15  72  1  13
16  72  1  83
17  72  1  23
18  72  1  62
19  72  1  12
20  72  1  40
21  72  1  25
22  72  1  12
23  72  1  86
24  72  1  15
25  72  1  16
26  72  1  61
27  72  1  37
28  72  1  64
29  72  1  36
30  72  1  14
1  73  1  86
2  73  1  43
3  73  1  61
4  73  1  83
5  73  1  35
6  73  1  16
7  73  1  54
8  73  1  77
9  73  1  50
10  73  1  44
11  73  1  83
12  73  1  60
13  73  1  78
14  73  1  40
15  73  1  59
16  73  1  59
17  73  1  18
18  73  1  49
19  73  1  64
20  73  1  16
21  73  1  50
22  73  1  16
23  73  1  83
24  73  1  47
25  73  1  45
26  73  1  72
27  73  1  28
28  73  1  32
29  73  1  36
30  73  1  21
1  74  1  85
2  74  1  76
3  74  1  75
4  74  1  14
5  74  1  15
6  74  1  84
7  74  1  36
8  74  1  64
9  74  1  48
10  74  1  86
11  74  1  90
12  74  1  23
13  74  1  88
14  74  1  61
15  74  1  14
16  74  1  54
17  74  1  15
18  74  1  14
19  74  1  39
20  74  1  70
21  74  1  32
22  74  1  20
23  74  1  13
24  74  1  76
25  74  1  90
26  74  1  42
27  74  1  49
28  74  1  49
29  74  1  42
30  74  1  32
1  75  1  30
2  75  1  89
3  75  1  75
4  75  1  15
5  75  1  49
6  75  1  13
7  75  1  53
8  75  1  12
9  75  1  62
10  75  1  86
11  75  1  53
12  75  1  84
13  75  1  73
14  75  1  19
15  75  1  87
16  75  1  48
17  75  1  79
18  75  1  60
19  75  1  31
20  75  1  42
21  75  1  13
22  75  1  75
23  75  1  42
24  75  1  29
25  75  1  38
26  75  1  19
27  75  1  58
28  75  1  38
29  75  1  15
30  75  1  23
1  76  1  37
2  76  1  59
3  76  1  78
4  76  1  59
5  76  1  85
6  76  1  18
7  76  1  89
8  76  1  58
9  76  1  55
10  76  1  73
11  76  1  22
12  76  1  18
13  76  1  25
14  76  1  23
15  76  1  84
16  76  1  42
17  76  1  19
18  76  1  75
19  76  1  79
20  76  1  80
21  76  1  72
22  76  1  34
23  76  1  48
24  76  1  67
25  76  1  56
26  76  1  77
27  76  1  34
28  76  1  75
29  76  1  80
30  76  1  77
1  77  1  71
2  77  1  47
3  77  1  20
4  77  1  81
5  77  1  85
6  77  1  73
7  77  1  56
8  77  1  51
9  77  1  31
10  77  1  44
11  77  1  45
12  77  1  35
13  77  1  15
14  77  1  41
15  77  1  50
16  77  1  82
17  77  1  21
18  77  1  45
19  77  1  24
20  77  1  65
21  77  1  84
22  77  1  78
23  77  1  23
24  77  1  17
25  77  1  39
26  77  1  11
27  77  1  74
28  77  1  37
29  77  1  32
30  77  1  20
1  78  1  19
2  78  1  15
3  78  1  28
4  78  1  59
5  78  1  65
6  78  1  50
7  78  1  36
8  78  1  10
9  78  1  20
10  78  1  48
11  78  1  81
12  78  1  10
13  78  1  49
14  78  1  72
15  78  1  61
16  78  1  70
17  78  1  50
18  78  1  23
19  78  1  10
20  78  1  15
21  78  1  10
22  78  1  44
23  78  1  29
24  78  1  60
25  78  1  84
26  78  1  23
27  78  1  73
28  78  1  35
29  78  1  80
30  78  1  20
1  79  1  22
2  79  1  50
3  79  1  81
4  79  1  75
5  79  1  75
6  79  1  76
7  79  1  71
8  79  1  71
9  79  1  34
10  79  1  28
11  79  1  28
12  79  1  69
13  79  1  26
14  79  1  30
15  79  1  32
16  79  1  36
17  79  1  42
18  79  1  44
19  79  1  23
20  79  1  51
21  79  1  39
22  79  1  32
23  79  1  73
24  79  1  33
25  79  1  71
26  79  1  42
27  79  1  23
28  79  1  31
29  79  1  83
30  79  1  10
1  80  1  58
2  80  1  58
3  80  1  20
4  80  1  24
5  80  1  67
6  80  1  69
7  80  1  57
8  80  1  43
9  80  1  62
10  80  1  70
11  80  1  51
12  80  1  62
13  80  1  78
14  80  1  51
15  80  1  43
16  80  1  16
17  80  1  71
18  80  1  38
19  80  1  51
20  80  1  83
21  80  1  30
22  80  1  26
23  80  1  69
24  80  1  62
25  80  1  45
26  80  1  67
27  80  1  58
28  80  1  40
29  80  1  19
30  80  1  60
1  81  1  26
2  81  1  70
3  81  1  41
4  81  1  80
5  81  1  65
6  81  1  60
7  81  1  71
8  81  1  86
9  81  1  66
10  81  1  17
11  81  1  36
12  81  1  81
13  81  1  30
14  81  1  17
15  81  1  26
16  81  1  26
17  81  1  40
18  81  1  18
19  81  1  30
20  81  1  21
21  81  1  71
22  81  1  52
23  81  1  51
24  81  1  30
25  81  1  68
26  81  1  72
27  81  1  56
28  81  1  68
29  81  1  69
30  81  1  19
1  82  1  75
2  82  1  21
3  82  1  61
4  82  1  62
5  82  1  27
6  82  1  90
7  82  1  58
8  82  1  11
9  82  1  61
10  82  1  27
11  82  1  29
12  82  1  68
13  82  1  73
14  82  1  28
15  82  1  47
16  82  1  23
17  82  1  69
18  82  1  44
19  82  1  24
20  82  1  13
21  82  1  21
22  82  1  87
23  82  1  64
24  82  1  60
25  82  1  34
26  82  1  27
27  82  1  36
28  82  1  17
29  82  1  62
30  82  1  47
1  83  1  27
2  83  1  20
3  83  1  36
4  83  1  65
5  83  1  77
6  83  1  69
7  83  1  64
8  83  1  86
9  83  1  82
10  83  1  31
11  83  1  51
12  83  1  63
13  83  1  26
14  83  1  69
15  83  1  83
16  83  1  23
17  83  1  48
18  83  1  13
19  83  1  19
20  83  1  34
21  83  1  26
22  83  1  79
23  83  1  34
24  83  1  75
25  83  1  60
26  83  1  41
27  83  1  38
28  83  1  10
29  83  1  34
30  83  1  79
1  84  1  85
2  84  1  65
3  84  1  34
4  84  1  10
5  84  1  41
6  84  1  48
7  84  1  73
8  84  1  88
9  84  1  16
10  84  1  32
11  84  1  43
12  84  1  38
13  84  1  11
14  84  1  46
15  84  1  45
16  84  1  12
17  84  1  89
18  84  1  82
19  84  1  31
20  84  1  59
21  84  1  38
22  84  1  40
23  84  1  26
24  84  1  76
25  84  1  52
26  84  1  32
27  84  1  31
28  84  1  70
29  84  1  57
30  84  1  24
1  85  1  68
2  85  1  60
3  85  1  51
4  85  1  50
5  85  1  73
6  85  1  30
7  85  1  48
8  85  1  13
9  85  1  65
10  85  1  51
11  85  1  31
12  85  1  77
13  85  1  61
14  85  1  29
15  85  1  37
16  85  1  77
17  85  1  17
18  85  1  27
19  85  1  51
20  85  1  41
21  85  1  45
22  85  1  50
23  85  1  43
24  85  1  85
25  85  1  77
26  85  1  30
27  85  1  48
28  85  1  49
29  85  1  24
30  85  1  37
1  86  1  45
2  86  1  29
3  86  1  55
4  86  1  33
5  86  1  27
6  86  1  60
7  86  1  62
8  86  1  35
9  86  1  37
10  86  1  10
11  86  1  36
12  86  1  52
13  86  1  33
14  86  1  40
15  86  1  82
16  86  1  33
17  86  1  14
18  86  1  44
19  86  1  41
20  86  1  70
21  86  1  25
22  86  1  28
23  86  1  64
24  86  1  16
25  86  1  53
26  86  1  38
27  86  1  35
28  86  1  27
29  86  1  14
30  86  1  58
1  87  1  71
2  87  1  55
3  87  1  88
4  87  1  22
5  87  1  44
6  87  1  79
7  87  1  43
8  87  1  21
9  87  1  72
10  87  1  73
11  87  1  35
12  87  1  74
13  87  1  79
14  87  1  57
15  87  1  66
16  87  1  53
17  87  1  45
18  87  1  23
19  87  1  80
20  87  1  19
21  87  1  50
22  87  1  44
23  87  1  13
24  87  1  57
25  87  1  71
26  87  1  72
27  87  1  32
28  87  1  55
29  87  1  35
30  87  1  74
1  88  1  68
2  88  1  83
3  88  1  34
4  88  1  26
5  88  1  42
6  88  1  23
7  88  1  84
8  88  1  59
9  88  1  47
10  88  1  62
11  88  1  38
12  88  1  21
13  88  1  15
14  88  1  26
15  88  1  15
16  88  1  69
17  88  1  49
18  88  1  25
19  88  1  89
20  88  1  29
21  88  1  43
22  88  1  53
23  88  1  20
24  88  1  59
25  88  1  28
26  88  1  86
27  88  1  10
28  88  1  88
29  88  1  65
30  88  1  57
1  89  1  38
2  89  1  41
3  89  1  14
4  89  1  16
5  89  1  56
6  89  1  36
7  89  1  21
8  89  1  82
9  89  1  10
10  89  1  32
11  89  1  76
12  89  1  68
13  89  1  61
14  89  1  27
15  89  1  26
16  89  1  76
17  89  1  34
18  89  1  56
19  89  1  34
20  89  1  88
21  89  1  76
22  89  1  35
23  89  1  15
24  89  1  60
25  89  1  14
26  89  1  90
27  89  1  54
28  89  1  87
29  89  1  31
30  89  1  64
1  90  1  83
2  90  1  64
3  90  1  14
4  90  1  23
5  90  1  27
6  90  1  90
7  90  1  59
8  90  1  82
9  90  1  17
10  90  1  12
11  90  1  90
12  90  1  58
13  90  1  10
14  90  1  13
15  90  1  89
16  90  1  28
17  90  1  33
18  90  1  81
19  90  1  50
20  90  1  28
21  90  1  64
22  90  1  64
23  90  1  67
24  90  1  83
25  90  1  25
26  90  1  28
27  90  1  61
28  90  1  33
29  90  1  36
30  90  1  35
1  91  1  67
2  91  1  82
3  91  1  59
4  91  1  61
5  91  1  73
6  91  1  90
7  91  1  87
8  91  1  74
9  91  1  13
10  91  1  37
11  91  1  38
12  91  1  10
13  91  1  42
14  91  1  24
15  91  1  56
16  91  1  21
17  91  1  81
18  91  1  55
19  91  1  77
20  91  1  60
21  91  1  57
22  91  1  33
23  91  1  85
24  91  1  85
25  91  1  54
26  91  1  57
27  91  1  63
28  91  1  36
29  91  1  32
30  91  1  79
1  92  1  64
2  92  1  51
3  92  1  48
4  92  1  72
5  92  1  52
6  92  1  53
7  92  1  29
8  92  1  16
9  92  1  51
10  92  1  40
11  92  1  88
12  92  1  59
13  92  1  23
14  92  1  61
15  92  1  27
16  92  1  60
17  92  1  29
18  92  1  84
19  92  1  53
20  92  1  76
21  92  1  43
22  92  1  75
23  92  1  61
24  92  1  20
25  92  1  83
26  92  1  11
27  92  1  31
28  92  1  81
29  92  1  76
30  92  1  83
1  93  1  30
2  93  1  85
3  93  1  58
4  93  1  90
5  93  1  61
6  93  1  64
7  93  1  36
8  93  1  10
9  93  1  46
10  93  1  87
11  93  1  53
12  93  1  16
13  93  1  82
14  93  1  30
15  93  1  20
16  93  1  72
17  93  1  55
18  93  1  31
19  93  1  36
20  93  1  39
21  93  1  75
22  93  1  24
23  93  1  17
24  93  1  81
25  93  1  44
26  93  1  48
27  93  1  25
28  93  1  55
29  93  1  52
30  93  1  22
1  94  1  34
2  94  1  86
3  94  1  54
4  94  1  54
5  94  1  29
6  94  1  47
7  94  1  67
8  94  1  80
9  94  1  52
10  94  1  59
11  94  1  81
12  94  1  38
13  94  1  23
14  94  1  69
15  94  1  52
16  94  1  17
17  94  1  49
18  94  1  52
19  94  1  65
20  94  1  78
21  94  1  62
22  94  1  52
23  94  1  60
24  94  1  59
25  94  1  26
26  94  1  70
27  94  1  20
28  94  1  14
29  94  1  16
30  94  1  55
1  95  1  40
2  95  1  46
3  95  1  10
4  95  1  49
5  95  1  34
6  95  1  37
7  95  1  82
8  95  1  28
9  95  1  57
10  95  1  68
11  95  1  68
12  95  1  35
13  95  1  31
14  95  1  82
15  95  1  89
16  95  1  10
17  95  1  36
18  95  1  72
19  95  1  45
20  95  1  62
21  95  1  82
22  95  1  20
23  95  1  74
24  95  1  65
25  95  1  65
26  95  1  43
27  95  1  35
28  95  1  34
29  95  1  51
30  95  1  72
1  96  1  12
2  96  1  77
3  96  1  32
4  96  1  80
5  96  1  42
6  96  1  72
7  96  1  15
8  96  1  21
9  96  1  25
10  96  1  62
11  96  1  30
12  96  1  60
13  96  1  87
14  96  1  86
15  96  1  64
16  96  1  34
17  96  1  53
18  96  1  46
19  96  1  68
20  96  1  46
21  96  1  36
22  96  1  34
23  96  1  32
24  96  1  83
25  96  1  60
26  96  1  51
27  96  1  31
28  96  1  57
29  96  1  39
30  96  1  57
1  97  1  20
2  97  1  10
3  97  1  75
4  97  1  30
5  97  1  70
6  97  1  55
7  97  1  36
8  97  1  55
9  97  1  16
10  97  1  28
11  97  1  38
12  97  1  46
13  97  1  31
14  97  1  35
15  97  1  35
16  97  1  15
17  97  1  16
18  97  1  59
19  97  1  65
20  97  1  44
21  97  1  38
22  97  1  67
23  97  1  68
24  97  1  10
25  97  1  43
26  97  1  69
27  97  1  89
28  97  1  83
29  97  1  18
30  97  1  88
1  98  1  33
2  98  1  62
3  98  1  28
4  98  1  29
5  98  1  86
6  98  1  61
7  98  1  37
8  98  1  19
9  98  1  85
10  98  1  62
11  98  1  29
12  98  1  40
13  98  1  59
14  98  1  15
15  98  1  29
16  98  1  33
17  98  1  66
18  98  1  33
19  98  1  87
20  98  1  45
21  98  1  41
22  98  1  59
23  98  1  44
24  98  1  85
25  98  1  50
26  98  1  35
27  98  1  34
28  98  1  67
29  98  1  87
30  98  1  29
1  99  1  23
2  99  1  78
3  99  1  49
4  99  1  50
5  99  1  32
6  99  1  45
7  99  1  69
8  99  1  49
9  99  1  27
10  99  1  85
11  99  1  45
12  99  1  55
13  99  1  42
14  99  1  31
15  99  1  67
16  99  1  79
17  99  1  49
18  99  1  83
19  99  1  55
20  99  1  60
21  99  1  86
22  99  1  43
23  99  1  70
24  99  1  44
25  99  1  19
26  99  1  35
27  99  1  86
28  99  1  42
29  99  1  66
30  99  1  60
1  100  1  13
2  100  1  67
3  100  1  82
4  100  1  52
5  100  1  83
6  100  1  54
7  100  1  66
8  100  1  46
9  100  1  14
10  100  1  29
11  100  1  82
12  100  1  55
13  100  1  80
14  100  1  54
15  100  1  78
16  100  1  58
17  100  1  70
18  100  1  74
19  100  1  41
20  100  1  25
21  100  1  88
22  100  1  57
23  100  1  31
24  100  1  13
25  100  1  75
26  100  1  90
27  100  1  27
28  100  1  85
29  100  1  60
30  100  1  77
1  1  2  11.23
2  1  2  25.52
3  1  2  42.37
4  1  2  32.61
5  1  2  23.25
6  1  2  11.97
7  1  2  58.43
8  1  2  35.75
9  1  2  11.04
10  1  2  17.72
11  1  2  37.37
12  1  2  6.15
13  1  2  30.69
14  1  2  14.93
15  1  2  11.73
16  1  2  13.36
17  1  2  15.08
18  1  2  21.31
19  1  2  42.27
20  1  2  22.98
21  1  2  32.31
22  1  2  11.20
23  1  2  58.37
24  1  2  37.06
25  1  2  12.47
26  1  2  35.40
27  1  2  4.57
28  1  2  49.25
29  1  2  18.95
30  1  2  35.35
1  2  2  51.47
2  2  2  59.96
3  2  2  49.59
4  2  2  11.21
5  2  2  5.11
6  2  2  24.69
7  2  2  6.40
8  2  2  13.42
9  2  2  25.30
10  2  2  30.57
11  2  2  19.00
12  2  2  3.43
13  2  2  9.29
14  2  2  45.85
15  2  2  47.01
16  2  2  10.90
17  2  2  70.65
18  2  2  40.30
19  2  2  46.28
20  2  2  37.02
21  2  2  15.14
22  2  2  51.05
23  2  2  43.98
24  2  2  62.85
25  2  2  17.41
26  2  2  20.64
27  2  2  57.84
28  2  2  39.94
29  2  2  22.19
30  2  2  41.30
1  3  2  17.26
2  3  2  26.93
3  3  2  14.20
4  3  2  19.35
5  3  2  57.89
6  3  2  43.51
7  3  2  11.77
8  3  2  13.34
9  3  2  26.62
10  3  2  5.82
11  3  2  26.11
12  3  2  46.49
13  3  2  5.01
14  3  2  50.96
15  3  2  26.68
16  3  2  18.49
17  3  2  43.24
18  3  2  9.47
19  3  2  11.49
20  3  2  26.96
21  3  2  25.98
22  3  2  21.55
23  3  2  28.16
24  3  2  12.36
25  3  2  30.85
26  3  2  19.33
27  3  2  6.58
28  3  2  7.33
29  3  2  6.80
30  3  2  39.27
1  4  2  46.36
2  4  2  14.19
3  4  2  11.02
4  4  2  14.36
5  4  2  44.65
6  4  2  30.13
7  4  2  27.19
8  4  2  3.52
9  4  2  34.15
10  4  2  7.64
11  4  2  4.51
12  4  2  5.63
13  4  2  50.32
14  4  2  26.23
15  4  2  11.56
16  4  2  17.02
17  4  2  15.32
18  4  2  23.04
19  4  2  20.46
20  4  2  25.42
21  4  2  15.31
22  4  2  11.34
23  4  2  46.26
24  4  2  3.85
25  4  2  36.37
26  4  2  37.99
27  4  2  42.31
28  4  2  35.53
29  4  2  25.96
30  4  2  21.86
1  5  2  21.83
2  5  2  4.35
3  5  2  7.25
4  5  2  45.44
5  5  2  58.31
6  5  2  36.47
7  5  2  14.07
8  5  2  14.56
9  5  2  13.74
10  5  2  62.97
11  5  2  25.37
12  5  2  37.07
13  5  2  4.71
14  5  2  11.11
15  5  2  36.75
16  5  2  37.97
17  5  2  33.51
18  5  2  8.14
19  5  2  28.49
20  5  2  13.14
21  5  2  31.57
22  5  2  16.23
23  5  2  8.91
24  5  2  15.91
25  5  2  50.37
26  5  2  38.53
27  5  2  13.57
28  5  2  34.45
29  5  2  18.79
30  5  2  4.31
1  6  2  34.88
2  6  2  50.42
3  6  2  58.50
4  6  2  28.49
5  6  2  21.84
6  6  2  60.23
7  6  2  4.48
8  6  2  17.83
9  6  2  29.05
10  6  2  36.67
11  6  2  18.01
12  6  2  8.77
13  6  2  17.83
14  6  2  14.53
15  6  2  36.63
16  6  2  13.31
17  6  2  14.68
18  6  2  19.46
19  6  2  21.91
20  6  2  17.13
21  6  2  12.25
22  6  2  20.56
23  6  2  45.29
24  6  2  9.82
25  6  2  51.18
26  6  2  3.08
27  6  2  61.01
28  6  2  44.72
29  6  2  28.31
30  6  2  46.82
1  7  2  14.13
2  7  2  19.63
3  7  2  12.84
4  7  2  39.64
5  7  2  60.37
6  7  2  12.53
7  7  2  31.36
8  7  2  35.37
9  7  2  49.02
10  7  2  16.27
11  7  2  14.10
12  7  2  4.22
13  7  2  26.82
14  7  2  21.87
15  7  2  3.27
16  7  2  33.58
17  7  2  21.85
18  7  2  22.03
19  7  2  25.15
20  7  2  57.67
21  7  2  32.31
22  7  2  17.04
23  7  2  12.86
24  7  2  26.37
25  7  2  9.86
26  7  2  38.98
27  7  2  29.85
28  7  2  5.77
29  7  2  19.23
30  7  2  24.64
1  8  2  38.96
2  8  2  7.44
3  8  2  44.45
4  8  2  13.83
5  8  2  13.53
6  8  2  6.54
7  8  2  24.69
8  8  2  15.89
9  8  2  18.31
10  8  2  50.97
11  8  2  34.47
12  8  2  13.25
13  8  2  13.69
14  8  2  28.40
15  8  2  11.93
16  8  2  10.62
17  8  2  27.23
18  8  2  23.75
19  8  2  10.71
20  8  2  60.30
21  8  2  48.61
22  8  2  29.45
23  8  2  21.26
24  8  2  28.82
25  8  2  9.80
26  8  2  24.57
27  8  2  38.69
28  8  2  11.12
29  8  2  31.33
30  8  2  23.26
1  9  2  3.55
2  9  2  17.80
3  9  2  35.64
4  9  2  34.90
5  9  2  28.43
6  9  2  36.92
7  9  2  52.93
8  9  2  20.13
9  9  2  34.77
10  9  2  2.79
11  9  2  18.06
12  9  2  21.53
13  9  2  25.47
14  9  2  8.87
15  9  2  33.17
16  9  2  30.20
17  9  2  47.29
18  9  2  34.37
19  9  2  31.60
20  9  2  6.48
21  9  2  22.54
22  9  2  49.25
23  9  2  21.47
24  9  2  37.46
25  9  2  46.89
26  9  2  18.76
27  9  2  28.80
28  9  2  32.32
29  9  2  5.37
30  9  2  52.54
1  10  2  11.53
2  10  2  31.75
3  10  2  6.18
4  10  2  6.27
5  10  2  7.10
6  10  2  10.08
7  10  2  11.72
8  10  2  23.49
9  10  2  3.08
10  10  2  27.65
11  10  2  9.90
12  10  2  57.97
13  10  2  11.55
14  10  2  36.43
15  10  2  4.60
16  10  2  20.99
17  10  2  18.28
18  10  2  5.60
19  10  2  32.63
20  10  2  10.63
21  10  2  15.77
22  10  2  16.10
23  10  2  27.23
24  10  2  30.60
25  10  2  7.19
26  10  2  50.74
27  10  2  32.63
28  10  2  45.21
29  10  2  62.02
30  10  2  38.83
1  11  2  10.29
2  11  2  69.02
3  11  2  49.66
4  11  2  44.93
5  11  2  35.44
6  11  2  4.49
7  11  2  3.12
8  11  2  9.40
9  11  2  37.30
10  11  2  12.31
11  11  2  39.92
12  11  2  53.77
13  11  2  23.20
14  11  2  62.38
15  11  2  22.25
16  11  2  34.49
17  11  2  31.49
18  11  2  42.28
19  11  2  17.42
20  11  2  14.57
21  11  2  38.39
22  11  2  9.89
23  11  2  28.36
24  11  2  24.18
25  11  2  26.92
26  11  2  21.24
27  11  2  28.78
28  11  2  11.48
29  11  2  24.61
30  11  2  8.19
1  12  2  20.58
2  12  2  22.09
3  12  2  21.94
4  12  2  13.06
5  12  2  13.82
6  12  2  47.69
7  12  2  28.04
8  12  2  40.81
9  12  2  15.13
10  12  2  22.63
11  12  2  9.30
12  12  2  32.34
13  12  2  26.71
14  12  2  25.69
15  12  2  13.57
16  12  2  36.34
17  12  2  5.30
18  12  2  22.94
19  12  2  35.02
20  12  2  28.01
21  12  2  20.53
22  12  2  10.07
23  12  2  60.48
24  12  2  8.01
25  12  2  66.97
26  12  2  30.01
27  12  2  6.95
28  12  2  26.19
29  12  2  17.66
30  12  2  13.67
1  13  2  39.14
2  13  2  20.92
3  13  2  31.51
4  13  2  11.92
5  13  2  33.10
6  13  2  10.11
7  13  2  14.09
8  13  2  7.35
9  13  2  35.83
10  13  2  49.90
11  13  2  38.38
12  13  2  50.92
13  13  2  51.64
14  13  2  14.30
15  13  2  37.34
16  13  2  47.66
17  13  2  14.08
18  13  2  18.09
19  13  2  27.66
20  13  2  22.43
21  13  2  15.70
22  13  2  12.43
23  13  2  18.95
24  13  2  38.88
25  13  2  56.81
26  13  2  12.37
27  13  2  12.64
28  13  2  11.38
29  13  2  26.18
30  13  2  6.52
1  14  2  14.99
2  14  2  43.44
3  14  2  34.76
4  14  2  14.91
5  14  2  10.13
6  14  2  30.63
7  14  2  26.92
8  14  2  69.24
9  14  2  10.94
10  14  2  46.39
11  14  2  14.77
12  14  2  7.88
13  14  2  12.50
14  14  2  11.87
15  14  2  15.16
16  14  2  5.70
17  14  2  34.89
18  14  2  22.48
19  14  2  17.30
20  14  2  39.83
21  14  2  19.74
22  14  2  20.09
23  14  2  56.58
24  14  2  66.21
25  14  2  33.93
26  14  2  7.83
27  14  2  45.05
28  14  2  14.07
29  14  2  3.12
30  14  2  64.61
1  15  2  12.39
2  15  2  18.77
3  15  2  15.73
4  15  2  3.98
5  15  2  18.94
6  15  2  31.33
7  15  2  34.71
8  15  2  25.77
9  15  2  25.94
10  15  2  12.69
11  15  2  16.53
12  15  2  25.03
13  15  2  11.83
14  15  2  53.08
15  15  2  19.01
16  15  2  24.13
17  15  2  9.45
18  15  2  50.67
19  15  2  50.17
20  15  2  54.94
21  15  2  16.72
22  15  2  34.11
23  15  2  11.13
24  15  2  3.63
25  15  2  29.50
26  15  2  45.73
27  15  2  27.90
28  15  2  7.42
29  15  2  32.30
30  15  2  28.51
1  16  2  36.25
2  16  2  13.60
3  16  2  19.92
4  16  2  29.01
5  16  2  7.38
6  16  2  8.41
7  16  2  12.44
8  16  2  63.67
9  16  2  40.15
10  16  2  8.11
11  16  2  39.28
12  16  2  12.27
13  16  2  39.13
14  16  2  23.38
15  16  2  34.72
16  16  2  57.81
17  16  2  31.87
18  16  2  16.16
19  16  2  15.63
20  16  2  22.28
21  16  2  27.55
22  16  2  39.52
23  16  2  26.23
24  16  2  25.46
25  16  2  30.28
26  16  2  23.59
27  16  2  5.63
28  16  2  15.91
29  16  2  39.06
30  16  2  22.82
1  17  2  8.16
2  17  2  36.53
3  17  2  44.58
4  17  2  7.86
5  17  2  44.97
6  17  2  52.79
7  17  2  42.92
8  17  2  25.48
9  17  2  8.92
10  17  2  43.74
11  17  2  10.24
12  17  2  10.00
13  17  2  21.12
14  17  2  17.76
15  17  2  12.44
16  17  2  9.18
17  17  2  13.34
18  17  2  28.06
19  17  2  26.68
20  17  2  23.39
21  17  2  46.29
22  17  2  62.84
23  17  2  7.81
24  17  2  8.16
25  17  2  42.28
26  17  2  48.52
27  17  2  12.65
28  17  2  16.07
29  17  2  52.43
30  17  2  29.59
1  18  2  68.42
2  18  2  29.86
3  18  2  17.93
4  18  2  21.26
5  18  2  5.56
6  18  2  26.98
7  18  2  32.77
8  18  2  20.84
9  18  2  7.64
10  18  2  14.84
11  18  2  48.22
12  18  2  28.18
13  18  2  30.18
14  18  2  16.01
15  18  2  43.73
16  18  2  53.58
17  18  2  5.20
18  18  2  14.44
19  18  2  11.79
20  18  2  8.62
21  18  2  59.85
22  18  2  22.89
23  18  2  50.29
24  18  2  40.51
25  18  2  20.78
26  18  2  31.86
27  18  2  38.10
28  18  2  7.69
29  18  2  13.98
30  18  2  30.13
1  19  2  9.25
2  19  2  5.24
3  19  2  43.30
4  19  2  17.94
5  19  2  45.62
6  19  2  42.89
7  19  2  11.68
8  19  2  9.94
9  19  2  24.59
10  19  2  18.34
11  19  2  19.33
12  19  2  19.40
13  19  2  5.84
14  19  2  15.00
15  19  2  46.61
16  19  2  46.66
17  19  2  9.58
18  19  2  24.13
19  19  2  15.88
20  19  2  21.20
21  19  2  8.37
22  19  2  13.23
23  19  2  36.56
24  19  2  13.26
25  19  2  9.73
26  19  2  11.32
27  19  2  19.60
28  19  2  7.80
29  19  2  6.92
30  19  2  46.84
1  20  2  51.37
2  20  2  23.64
3  20  2  10.83
4  20  2  10.14
5  20  2  31.57
6  20  2  19.24
7  20  2  39.62
8  20  2  15.36
9  20  2  21.82
10  20  2  26.10
11  20  2  10.32
12  20  2  24.56
13  20  2  26.84
14  20  2  12.89
15  20  2  10.37
16  20  2  25.32
17  20  2  16.59
18  20  2  8.74
19  20  2  12.59
20  20  2  41.49
21  20  2  31.93
22  20  2  5.18
23  20  2  56.17
24  20  2  20.61
25  20  2  17.89
26  20  2  29.30
27  20  2  9.76
28  20  2  41.03
29  20  2  8.30
30  20  2  39.00
1  21  2  13.71
2  21  2  47.84
3  21  2  19.96
4  21  2  3.86
5  21  2  14.39
6  21  2  6.61
7  21  2  47.60
8  21  2  17.34
9  21  2  8.60
10  21  2  26.15
11  21  2  29.19
12  21  2  21.44
13  21  2  10.09
14  21  2  18.91
15  21  2  46.48
16  21  2  42.75
17  21  2  21.46
18  21  2  11.68
19  21  2  29.37
20  21  2  21.33
21  21  2  24.89
22  21  2  11.54
23  21  2  28.84
24  21  2  15.12
25  21  2  55.07
26  21  2  40.17
27  21  2  20.73
28  21  2  15.56
29  21  2  9.68
30  21  2  44.82
1  22  2  24.59
2  22  2  13.04
3  22  2  4.81
4  22  2  25.45
5  22  2  23.62
6  22  2  21.67
7  22  2  7.90
8  22  2  46.58
9  22  2  47.56
10  22  2  18.52
11  22  2  33.50
12  22  2  9.37
13  22  2  21.83
14  22  2  8.64
15  22  2  6.95
16  22  2  11.63
17  22  2  43.92
18  22  2  19.09
19  22  2  20.65
20  22  2  21.98
21  22  2  8.00
22  22  2  5.66
23  22  2  28.26
24  22  2  14.04
25  22  2  11.08
26  22  2  16.87
27  22  2  6.54
28  22  2  38.70
29  22  2  4.34
30  22  2  36.55
1  23  2  4.64
2  23  2  7.58
3  23  2  16.39
4  23  2  20.97
5  23  2  29.35
6  23  2  26.46
7  23  2  17.18
8  23  2  55.03
9  23  2  30.53
10  23  2  24.11
11  23  2  8.25
12  23  2  27.50
13  23  2  13.44
14  23  2  3.33
15  23  2  10.47
16  23  2  20.12
17  23  2  32.26
18  23  2  10.51
19  23  2  13.03
20  23  2  39.77
21  23  2  18.74
22  23  2  33.98
23  23  2  49.85
24  23  2  12.82
25  23  2  20.52
26  23  2  11.03
27  23  2  18.74
28  23  2  24.01
29  23  2  32.31
30  23  2  18.74
1  24  2  15.89
2  24  2  9.44
3  24  2  15.48
4  24  2  7.67
5  24  2  4.56
6  24  2  40.86
7  24  2  39.16
8  24  2  22.05
9  24  2  26.95
10  24  2  19.07
11  24  2  56.93
12  24  2  61.55
13  24  2  10.54
14  24  2  52.89
15  24  2  39.15
16  24  2  9.67
17  24  2  14.69
18  24  2  30.79
19  24  2  4.62
20  24  2  4.43
21  24  2  17.25
22  24  2  38.80
23  24  2  8.94
24  24  2  13.79
25  24  2  42.69
26  24  2  14.63
27  24  2  10.44
28  24  2  17.97
29  24  2  24.39
30  24  2  27.78
1  25  2  15.41
2  25  2  31.60
3  25  2  12.36
4  25  2  30.47
5  25  2  12.22
6  25  2  12.65
7  25  2  15.52
8  25  2  8.79
9  25  2  5.65
10  25  2  14.20
11  25  2  14.27
12  25  2  30.33
13  25  2  9.68
14  25  2  24.91
15  25  2  29.91
16  25  2  22.49
17  25  2  19.38
18  25  2  37.92
19  25  2  11.85
20  25  2  21.17
21  25  2  37.80
22  25  2  22.45
23  25  2  8.16
24  25  2  14.01
25  25  2  6.81
26  25  2  13.10
27  25  2  31.47
28  25  2  10.97
29  25  2  53.25
30  25  2  12.49
1  26  2  49.25
2  26  2  54.72
3  26  2  27.19
4  26  2  5.28
5  26  2  22.82
6  26  2  26.70
7  26  2  23.23
8  26  2  22.42
9  26  2  31.05
10  26  2  35.18
11  26  2  18.67
12  26  2  22.11
13  26  2  18.97
14  26  2  38.14
15  26  2  21.32
16  26  2  13.12
17  26  2  27.77
18  26  2  17.38
19  26  2  31.14
20  26  2  24.51
21  26  2  8.85
22  26  2  26.08
23  26  2  41.63
24  26  2  8.55
25  26  2  22.98
26  26  2  36.84
27  26  2  35.87
28  26  2  35.04
29  26  2  28.97
30  26  2  16.50
1  27  2  3.99
2  27  2  30.33
3  27  2  18.28
4  27  2  13.05
5  27  2  21.68
6  27  2  10.69
7  27  2  43.39
8  27  2  21.90
9  27  2  45.73
10  27  2  69.75
11  27  2  22.84
12  27  2  23.76
13  27  2  31.79
14  27  2  16.89
15  27  2  42.56
16  27  2  10.66
17  27  2  31.66
18  27  2  29.92
19  27  2  6.45
20  27  2  4.40
21  27  2  28.37
22  27  2  42.04
23  27  2  21.00
24  27  2  62.72
25  27  2  40.55
26  27  2  49.25
27  27  2  17.59
28  27  2  17.42
29  27  2  21.11
30  27  2  40.35
1  28  2  23.86
2  28  2  15.38
3  28  2  7.20
4  28  2  34.03
5  28  2  18.01
6  28  2  32.53
7  28  2  12.71
8  28  2  20.95
9  28  2  24.68
10  28  2  11.10
11  28  2  21.38
12  28  2  13.48
13  28  2  14.65
14  28  2  20.57
15  28  2  4.74
16  28  2  19.05
17  28  2  55.69
18  28  2  8.99
19  28  2  11.06
20  28  2  5.69
21  28  2  21.84
22  28  2  21.78
23  28  2  19.86
24  28  2  6.80
25  28  2  34.71
26  28  2  8.09
27  28  2  17.08
28  28  2  39.16
29  28  2  40.17
30  28  2  14.31
1  29  2  23.89
2  29  2  9.27
3  29  2  25.65
4  29  2  39.31
5  29  2  19.63
6  29  2  25.47
7  29  2  36.30
8  29  2  7.38
9  29  2  62.89
10  29  2  20.82
11  29  2  23.82
12  29  2  35.09
13  29  2  18.37
14  29  2  19.71
15  29  2  17.59
16  29  2  14.60
17  29  2  18.09
18  29  2  5.63
19  29  2  21.85
20  29  2  15.10
21  29  2  35.39
22  29  2  37.67
23  29  2  17.59
24  29  2  6.87
25  29  2  21.38
26  29  2  29.71
27  29  2  27.00
28  29  2  36.59
29  29  2  24.62
30  29  2  36.91
1  30  2  46.96
2  30  2  8.02
3  30  2  31.06
4  30  2  22.37
5  30  2  34.13
6  30  2  28.38
7  30  2  14.11
8  30  2  41.75
9  30  2  48.97
10  30  2  9.03
11  30  2  36.73
12  30  2  24.65
13  30  2  18.57
14  30  2  14.54
15  30  2  6.25
16  30  2  31.98
17  30  2  23.08
18  30  2  24.09
19  30  2  23.01
20  30  2  16.10
21  30  2  25.35
22  30  2  24.84
23  30  2  26.75
24  30  2  26.42
25  30  2  37.50
26  30  2  11.29
27  30  2  29.12
28  30  2  24.71
29  30  2  14.44
30  30  2  23.63
1  31  2  43.30
2  31  2  15.35
3  31  2  14.98
4  31  2  23.03
5  31  2  20.18
6  31  2  16.85
7  31  2  41.08
8  31  2  14.66
9  31  2  28.64
10  31  2  27.37
11  31  2  9.89
12  31  2  60.57
13  31  2  11.30
14  31  2  63.72
15  31  2  33.29
16  31  2  13.75
17  31  2  22.05
18  31  2  37.72
19  31  2  26.36
20  31  2  21.08
21  31  2  39.07
22  31  2  32.70
23  31  2  2.48
24  31  2  21.81
25  31  2  24.77
26  31  2  12.23
27  31  2  12.69
28  31  2  38.81
29  31  2  5.18
30  31  2  2.98
1  32  2  13.87
2  32  2  52.86
3  32  2  6.72
4  32  2  39.43
5  32  2  11.30
6  32  2  17.11
7  32  2  18.55
8  32  2  38.13
9  32  2  22.33
10  32  2  41.11
11  32  2  18.93
12  32  2  13.82
13  32  2  17.71
14  32  2  12.88
15  32  2  32.30
16  32  2  6.29
17  32  2  18.52
18  32  2  36.44
19  32  2  40.64
20  32  2  46.24
21  32  2  11.75
22  32  2  7.69
23  32  2  12.70
24  32  2  12.83
25  32  2  8.30
26  32  2  15.67
27  32  2  21.17
28  32  2  8.31
29  32  2  30.76
30  32  2  30.63
1  33  2  27.12
2  33  2  39.62
3  33  2  9.98
4  33  2  15.16
5  33  2  35.10
6  33  2  11.98
7  33  2  22.88
8  33  2  25.85
9  33  2  36.70
10  33  2  6.33
11  33  2  24.80
12  33  2  31.83
13  33  2  23.56
14  33  2  35.15
15  33  2  6.79
16  33  2  41.49
17  33  2  7.00
18  33  2  14.76
19  33  2  54.10
20  33  2  21.67
21  33  2  26.51
22  33  2  20.25
23  33  2  64.81
24  33  2  12.78
25  33  2  13.95
26  33  2  6.92
27  33  2  38.65
28  33  2  6.69
29  33  2  24.87
30  33  2  44.59
1  34  2  32.90
2  34  2  20.26
3  34  2  10.75
4  34  2  28.01
5  34  2  46.11
6  34  2  29.14
7  34  2  23.78
8  34  2  23.28
9  34  2  17.84
10  34  2  4.95
11  34  2  12.29
12  34  2  10.50
13  34  2  16.73
14  34  2  8.54
15  34  2  9.14
16  34  2  42.65
17  34  2  11.95
18  34  2  36.73
19  34  2  45.33
20  34  2  66.23
21  34  2  24.81
22  34  2  28.88
23  34  2  18.87
24  34  2  27.99
25  34  2  9.03
26  34  2  41.29
27  34  2  19.99
28  34  2  27.71
29  34  2  13.62
30  34  2  40.22
1  35  2  13.83
2  35  2  8.00
3  35  2  42.30
4  35  2  23.29
5  35  2  8.19
6  35  2  14.82
7  35  2  6.89
8  35  2  17.30
9  35  2  17.37
10  35  2  22.06
11  35  2  39.13
12  35  2  44.51
13  35  2  25.81
14  35  2  18.09
15  35  2  16.42
16  35  2  5.58
17  35  2  33.27
18  35  2  16.00
19  35  2  65.03
20  35  2  8.97
21  35  2  24.33
22  35  2  13.46
23  35  2  30.10
24  35  2  43.60
25  35  2  3.46
26  35  2  25.24
27  35  2  11.70
28  35  2  50.12
29  35  2  30.66
30  35  2  27.35
1  36  2  15.57
2  36  2  11.35
3  36  2  6.86
4  36  2  18.15
5  36  2  20.33
6  36  2  14.14
7  36  2  6.24
8  36  2  7.00
9  36  2  19.22
10  36  2  15.52
11  36  2  65.67
12  36  2  27.79
13  36  2  11.86
14  36  2  53.25
15  36  2  20.02
16  36  2  8.70
17  36  2  27.45
18  36  2  30.29
19  36  2  16.19
20  36  2  28.51
21  36  2  33.12
22  36  2  24.86
23  36  2  8.82
24  36  2  60.52
25  36  2  9.97
26  36  2  20.40
27  36  2  7.97
28  36  2  13.51
29  36  2  6.49
30  36  2  53.90
1  37  2  10.07
2  37  2  18.83
3  37  2  33.34
4  37  2  4.11
5  37  2  3.75
6  37  2  11.53
7  37  2  12.84
8  37  2  8.62
9  37  2  37.51
10  37  2  37.67
11  37  2  11.30
12  37  2  33.92
13  37  2  38.68
14  37  2  24.77
15  37  2  69.98
16  37  2  21.16
17  37  2  49.69
18  37  2  32.99
19  37  2  8.21
20  37  2  38.93
21  37  2  30.14
22  37  2  27.30
23  37  2  10.16
24  37  2  22.19
25  37  2  40.52
26  37  2  22.28
27  37  2  16.57
28  37  2  37.52
29  37  2  17.08
30  37  2  34.64
1  38  2  33.17
2  38  2  46.49
3  38  2  51.76
4  38  2  8.92
5  38  2  16.16
6  38  2  18.64
7  38  2  47.98
8  38  2  8.22
9  38  2  31.28
10  38  2  7.63
11  38  2  62.90
12  38  2  9.46
13  38  2  10.21
14  38  2  58.18
15  38  2  7.99
16  38  2  12.64
17  38  2  28.25
18  38  2  24.64
19  38  2  9.61
20  38  2  24.74
21  38  2  38.77
22  38  2  12.61
23  38  2  14.33
24  38  2  62.39
25  38  2  26.28
26  38  2  34.23
27  38  2  38.13
28  38  2  49.98
29  38  2  26.63
30  38  2  26.89
1  39  2  28.44
2  39  2  15.70
3  39  2  20.67
4  39  2  28.08
5  39  2  7.63
6  39  2  43.74
7  39  2  5.91
8  39  2  38.18
9  39  2  10.60
10  39  2  12.14
11  39  2  43.39
12  39  2  29.47
13  39  2  10.89
14  39  2  35.75
15  39  2  14.62
16  39  2  40.60
17  39  2  9.83
18  39  2  16.38
19  39  2  46.33
20  39  2  28.01
21  39  2  23.73
22  39  2  41.11
23  39  2  19.51
24  39  2  28.04
25  39  2  31.64
26  39  2  6.28
27  39  2  50.22
28  39  2  17.15
29  39  2  38.78
30  39  2  32.09
1  40  2  14.07
2  40  2  51.74
3  40  2  21.89
4  40  2  39.36
5  40  2  54.28
6  40  2  50.43
7  40  2  17.50
8  40  2  24.02
9  40  2  28.63
10  40  2  30.19
11  40  2  15.84
12  40  2  14.05
13  40  2  16.72
14  40  2  57.45
15  40  2  22.77
16  40  2  52.40
17  40  2  7.45
18  40  2  61.25
19  40  2  25.79
20  40  2  28.01
21  40  2  22.64
22  40  2  20.21
23  40  2  46.93
24  40  2  7.71
25  40  2  10.24
26  40  2  22.29
27  40  2  18.45
28  40  2  25.40
29  40  2  14.37
30  40  2  13.96
1  41  2  22.42
2  41  2  38.65
3  41  2  33.91
4  41  2  42.25
5  41  2  17.82
6  41  2  19.31
7  41  2  29.79
8  41  2  18.42
9  41  2  13.75
10  41  2  47.75
11  41  2  16.30
12  41  2  47.97
13  41  2  39.93
14  41  2  31.17
15  41  2  32.23
16  41  2  17.20
17  41  2  42.15
18  41  2  16.38
19  41  2  40.13
20  41  2  22.39
21  41  2  7.02
22  41  2  8.79
23  41  2  50.33
24  41  2  16.25
25  41  2  17.52
26  41  2  9.20
27  41  2  6.26
28  41  2  7.00
29  41  2  31.98
30  41  2  35.65
1  42  2  58.75
2  42  2  8.68
3  42  2  11.10
4  42  2  19.80
5  42  2  14.69
6  42  2  5.68
7  42  2  14.31
8  42  2  5.18
9  42  2  14.30
10  42  2  60.87
11  42  2  10.89
12  42  2  35.74
13  42  2  23.20
14  42  2  27.87
15  42  2  39.70
16  42  2  34.64
17  42  2  16.69
18  42  2  46.31
19  42  2  40.95
20  42  2  6.86
21  42  2  13.15
22  42  2  9.32
23  42  2  14.83
24  42  2  20.85
25  42  2  12.81
26  42  2  13.13
27  42  2  27.14
28  42  2  8.06
29  42  2  27.07
30  42  2  4.42
1  43  2  37.78
2  43  2  16.07
3  43  2  10.28
4  43  2  31.17
5  43  2  44.38
6  43  2  35.73
7  43  2  17.98
8  43  2  12.33
9  43  2  37.54
10  43  2  30.99
11  43  2  26.02
12  43  2  29.26
13  43  2  11.33
14  43  2  12.20
15  43  2  29.14
16  43  2  19.78
17  43  2  32.37
18  43  2  59.55
19  43  2  8.22
20  43  2  35.51
21  43  2  9.50
22  43  2  18.10
23  43  2  4.80
24  43  2  18.28
25  43  2  25.49
26  43  2  14.48
27  43  2  42.88
28  43  2  20.95
29  43  2  6.95
30  43  2  6.22
1  44  2  27.41
2  44  2  7.98
3  44  2  30.57
4  44  2  52.40
5  44  2  31.51
6  44  2  46.14
7  44  2  7.10
8  44  2  30.38
9  44  2  33.59
10  44  2  69.43
11  44  2  44.06
12  44  2  22.38
13  44  2  29.36
14  44  2  17.10
15  44  2  28.26
16  44  2  27.84
17  44  2  26.16
18  44  2  28.07
19  44  2  8.24
20  44  2  20.64
21  44  2  38.43
22  44  2  38.67
23  44  2  12.65
24  44  2  19.92
25  44  2  28.84
26  44  2  30.86
27  44  2  21.77
28  44  2  11.52
29  44  2  16.89
30  44  2  23.61
1  45  2  29.58
2  45  2  5.95
3  45  2  50.12
4  45  2  26.84
5  45  2  8.12
6  45  2  6.43
7  45  2  29.52
8  45  2  9.04
9  45  2  52.10
10  45  2  18.33
11  45  2  20.90
12  45  2  11.07
13  45  2  18.65
14  45  2  33.16
15  45  2  32.20
16  45  2  30.77
17  45  2  27.02
18  45  2  31.83
19  45  2  15.37
20  45  2  22.99
21  45  2  19.87
22  45  2  25.49
23  45  2  27.15
24  45  2  56.08
25  45  2  32.13
26  45  2  28.52
27  45  2  15.27
28  45  2  21.03
29  45  2  53.54
30  45  2  8.69
1  46  2  11.61
2  46  2  58.01
3  46  2  18.29
4  46  2  10.91
5  46  2  28.02
6  46  2  16.26
7  46  2  47.64
8  46  2  42.55
9  46  2  24.25
10  46  2  6.53
11  46  2  13.10
12  46  2  31.57
13  46  2  26.78
14  46  2  14.21
15  46  2  36.15
16  46  2  34.59
17  46  2  10.41
18  46  2  32.64
19  46  2  27.50
20  46  2  50.54
21  46  2  11.18
22  46  2  40.23
23  46  2  44.58
24  46  2  44.66
25  46  2  24.30
26  46  2  5.90
27  46  2  35.94
28  46  2  26.62
29  46  2  47.37
30  46  2  54.87
1  47  2  16.27
2  47  2  8.75
3  47  2  52.26
4  47  2  25.29
5  47  2  7.45
6  47  2  28.74
7  47  2  10.24
8  47  2  40.93
9  47  2  23.15
10  47  2  20.24
11  47  2  22.81
12  47  2  9.06
13  47  2  22.32
14  47  2  8.24
15  47  2  26.48
16  47  2  35.25
17  47  2  59.73
18  47  2  13.94
19  47  2  24.85
20  47  2  21.86
21  47  2  12.73
22  47  2  9.16
23  47  2  12.08
24  47  2  53.68
25  47  2  43.06
26  47  2  22.63
27  47  2  28.10
28  47  2  9.85
29  47  2  51.35
30  47  2  12.77
1  48  2  16.75
2  48  2  21.57
3  48  2  16.90
4  48  2  27.30
5  48  2  8.69
6  48  2  37.71
7  48  2  50.99
8  48  2  16.28
9  48  2  29.31
10  48  2  3.48
11  48  2  5.08
12  48  2  26.02
13  48  2  18.67
14  48  2  18.62
15  48  2  10.15
16  48  2  4.27
17  48  2  46.62
18  48  2  24.26
19  48  2  26.83
20  48  2  17.85
21  48  2  34.17
22  48  2  10.51
23  48  2  17.34
24  48  2  9.73
25  48  2  61.61
26  48  2  50.40
27  48  2  38.69
28  48  2  46.20
29  48  2  29.47
30  48  2  6.78
1  49  2  47.81
2  49  2  35.72
3  49  2  26.23
4  49  2  8.82
5  49  2  38.98
6  49  2  16.76
7  49  2  36.50
8  49  2  20.88
9  49  2  26.37
10  49  2  41.92
11  49  2  17.05
12  49  2  12.26
13  49  2  43.48
14  49  2  20.53
15  49  2  31.62
16  49  2  16.19
17  49  2  18.91
18  49  2  36.43
19  49  2  17.74
20  49  2  22.73
21  49  2  32.92
22  49  2  8.27
23  49  2  59.46
24  49  2  11.70
25  49  2  12.56
26  49  2  22.43
27  49  2  25.16
28  49  2  14.44
29  49  2  14.76
30  49  2  15.63
1  50  2  9.50
2  50  2  4.42
3  50  2  24.61
4  50  2  6.92
5  50  2  11.75
6  50  2  31.34
7  50  2  23.26
8  50  2  24.08
9  50  2  6.66
10  50  2  5.65
11  50  2  17.50
12  50  2  14.79
13  50  2  20.70
14  50  2  17.70
15  50  2  5.22
16  50  2  11.85
17  50  2  10.94
18  50  2  14.32
19  50  2  26.92
20  50  2  36.44
21  50  2  8.03
22  50  2  31.27
23  50  2  15.25
24  50  2  23.92
25  50  2  46.29
26  50  2  17.31
27  50  2  2.66
28  50  2  24.93
29  50  2  18.33
30  50  2  24.66
1  51  2  28.14
2  51  2  40.16
3  51  2  8.28
4  51  2  20.34
5  51  2  66.77
6  51  2  31.34
7  51  2  15.62
8  51  2  27.06
9  51  2  12.73
10  51  2  49.94
11  51  2  21.32
12  51  2  42.46
13  51  2  10.32
14  51  2  33.38
15  51  2  31.01
16  51  2  2.27
17  51  2  49.41
18  51  2  19.30
19  51  2  16.06
20  51  2  12.78
21  51  2  7.74
22  51  2  48.80
23  51  2  27.61
24  51  2  26.71
25  51  2  21.46
26  51  2  12.83
27  51  2  19.50
28  51  2  52.54
29  51  2  9.02
30  51  2  11.89
1  52  2  9.68
2  52  2  45.78
3  52  2  31.64
4  52  2  23.27
5  52  2  10.20
6  52  2  5.52
7  52  2  36.91
8  52  2  6.45
9  52  2  45.24
10  52  2  2.78
11  52  2  31.44
12  52  2  38.64
13  52  2  41.21
14  52  2  22.66
15  52  2  42.95
16  52  2  52.01
17  52  2  27.73
18  52  2  46.25
19  52  2  8.72
20  52  2  44.98
21  52  2  22.69
22  52  2  36.36
23  52  2  18.84
24  52  2  41.55
25  52  2  44.93
26  52  2  35.48
27  52  2  13.05
28  52  2  40.48
29  52  2  28.19
30  52  2  30.84
1  53  2  32.94
2  53  2  16.23
3  53  2  36.63
4  53  2  9.59
5  53  2  16.98
6  53  2  20.16
7  53  2  23.63
8  53  2  20.13
9  53  2  59.87
10  53  2  14.56
11  53  2  31.79
12  53  2  15.10
13  53  2  11.77
14  53  2  23.90
15  53  2  13.77
16  53  2  27.09
17  53  2  57.79
18  53  2  33.91
19  53  2  16.76
20  53  2  25.22
21  53  2  49.76
22  53  2  20.15
23  53  2  18.12
24  53  2  32.56
25  53  2  20.68
26  53  2  6.87
27  53  2  9.65
28  53  2  16.14
29  53  2  10.60
30  53  2  20.75
1  54  2  27.46
2  54  2  59.64
3  54  2  9.92
4  54  2  41.07
5  54  2  15.73
6  54  2  26.73
7  54  2  46.77
8  54  2  20.67
9  54  2  63.84
10  54  2  58.64
11  54  2  23.96
12  54  2  53.15
13  54  2  8.56
14  54  2  11.64
15  54  2  50.38
16  54  2  35.04
17  54  2  32.60
18  54  2  13.56
19  54  2  33.52
20  54  2  11.64
21  54  2  25.09
22  54  2  32.99
23  54  2  12.28
24  54  2  32.62
25  54  2  3.29
26  54  2  6.46
27  54  2  58.37
28  54  2  38.23
29  54  2  19.30
30  54  2  14.57
1  55  2  6.56
2  55  2  6.92
3  55  2  61.46
4  55  2  19.47
5  55  2  15.32
6  55  2  21.68
7  55  2  17.31
8  55  2  51.42
9  55  2  24.21
10  55  2  58.27
11  55  2  15.32
12  55  2  46.16
13  55  2  10.51
14  55  2  25.69
15  55  2  12.00
16  55  2  16.49
17  55  2  45.47
18  55  2  8.10
19  55  2  14.58
20  55  2  24.50
21  55  2  55.78
22  55  2  24.80
23  55  2  35.45
24  55  2  49.14
25  55  2  31.37
26  55  2  6.20
27  55  2  26.74
28  55  2  19.34
29  55  2  22.84
30  55  2  3.28
1  56  2  44.48
2  56  2  4.86
3  56  2  58.27
4  56  2  11.97
5  56  2  8.68
6  56  2  4.77
7  56  2  8.73
8  56  2  2.85
9  56  2  67.95
10  56  2  17.46
11  56  2  5.06
12  56  2  46.23
13  56  2  16.06
14  56  2  23.13
15  56  2  38.57
16  56  2  21.03
17  56  2  12.85
18  56  2  22.43
19  56  2  30.95
20  56  2  15.93
21  56  2  20.42
22  56  2  53.28
23  56  2  28.74
24  56  2  11.61
25  56  2  16.51
26  56  2  26.57
27  56  2  25.20
28  56  2  17.31
29  56  2  59.71
30  56  2  46.13
1  57  2  10.22
2  57  2  55.06
3  57  2  16.01
4  57  2  20.63
5  57  2  17.38
6  57  2  9.76
7  57  2  33.21
8  57  2  23.97
9  57  2  49.60
10  57  2  10.69
11  57  2  6.69
12  57  2  8.54
13  57  2  44.06
14  57  2  48.57
15  57  2  40.22
16  57  2  33.50
17  57  2  41.67
18  57  2  51.62
19  57  2  23.84
20  57  2  12.61
21  57  2  19.18
22  57  2  10.28
23  57  2  15.11
24  57  2  21.08
25  57  2  11.95
26  57  2  45.92
27  57  2  46.59
28  57  2  32.75
29  57  2  29.83
30  57  2  24.22
1  58  2  7.77
2  58  2  13.93
3  58  2  21.49
4  58  2  8.98
5  58  2  19.06
6  58  2  34.47
7  58  2  4.37
8  58  2  3.43
9  58  2  7.15
10  58  2  17.06
11  58  2  7.08
12  58  2  20.12
13  58  2  43.14
14  58  2  13.76
15  58  2  8.32
16  58  2  44.50
17  58  2  18.39
18  58  2  34.99
19  58  2  13.01
20  58  2  22.18
21  58  2  14.20
22  58  2  17.87
23  58  2  28.38
24  58  2  27.35
25  58  2  33.36
26  58  2  31.56
27  58  2  40.25
28  58  2  8.68
29  58  2  31.29
30  58  2  11.32
1  59  2  8.80
2  59  2  30.04
3  59  2  12.29
4  59  2  15.70
5  59  2  13.72
6  59  2  15.94
7  59  2  5.62
8  59  2  23.54
9  59  2  5.66
10  59  2  20.27
11  59  2  5.61
12  59  2  19.95
13  59  2  14.46
14  59  2  30.32
15  59  2  11.77
16  59  2  13.39
17  59  2  57.82
18  59  2  65.08
19  59  2  6.88
20  59  2  42.47
21  59  2  27.60
22  59  2  12.84
23  59  2  50.14
24  59  2  60.32
25  59  2  5.05
26  59  2  25.53
27  59  2  22.85
28  59  2  30.85
29  59  2  7.33
30  59  2  54.38
1  60  2  27.69
2  60  2  25.11
3  60  2  12.33
4  60  2  38.46
5  60  2  11.06
6  60  2  28.46
7  60  2  16.39
8  60  2  14.62
9  60  2  10.32
10  60  2  15.88
11  60  2  43.14
12  60  2  5.17
13  60  2  59.22
14  60  2  23.94
15  60  2  10.41
16  60  2  9.98
17  60  2  32.99
18  60  2  42.71
19  60  2  14.39
20  60  2  27.09
21  60  2  15.21
22  60  2  20.24
23  60  2  30.68
24  60  2  39.03
25  60  2  21.44
26  60  2  23.25
27  60  2  9.97
28  60  2  23.70
29  60  2  20.06
30  60  2  7.69
1  61  2  31.43
2  61  2  10.06
3  61  2  14.98
4  61  2  13.61
5  61  2  24.35
6  61  2  14.49
7  61  2  24.58
8  61  2  16.53
9  61  2  15.94
10  61  2  28.66
11  61  2  20.29
12  61  2  9.70
13  61  2  27.84
14  61  2  37.12
15  61  2  23.01
16  61  2  24.33
17  61  2  6.77
18  61  2  17.01
19  61  2  8.56
20  61  2  18.34
21  61  2  21.51
22  61  2  41.96
23  61  2  37.52
24  61  2  24.79
25  61  2  19.82
26  61  2  18.87
27  61  2  14.01
28  61  2  7.81
29  61  2  18.98
30  61  2  4.03
1  62  2  10.86
2  62  2  36.78
3  62  2  52.68
4  62  2  25.71
5  62  2  15.27
6  62  2  23.19
7  62  2  53.48
8  62  2  10.77
9  62  2  40.61
10  62  2  65.43
11  62  2  14.37
12  62  2  21.81
13  62  2  15.46
14  62  2  27.26
15  62  2  14.91
16  62  2  24.06
17  62  2  7.45
18  62  2  24.31
19  62  2  26.00
20  62  2  16.29
21  62  2  59.99
22  62  2  43.82
23  62  2  55.93
24  62  2  64.54
25  62  2  22.26
26  62  2  12.71
27  62  2  24.42
28  62  2  36.74
29  62  2  3.36
30  62  2  7.36
1  63  2  34.46
2  63  2  67.27
3  63  2  9.55
4  63  2  14.92
5  63  2  16.42
6  63  2  41.85
7  63  2  32.43
8  63  2  3.81
9  63  2  34.54
10  63  2  4.87
11  63  2  9.62
12  63  2  36.41
13  63  2  25.36
14  63  2  21.75
15  63  2  8.38
16  63  2  39.68
17  63  2  35.90
18  63  2  51.10
19  63  2  15.92
20  63  2  51.85
21  63  2  21.47
22  63  2  38.69
23  63  2  17.96
24  63  2  15.58
25  63  2  10.63
26  63  2  22.21
27  63  2  10.45
28  63  2  12.41
29  63  2  28.63
30  63  2  23.63
1  64  2  23.64
2  64  2  6.29
3  64  2  19.99
4  64  2  53.74
5  64  2  64.73
6  64  2  60.58
7  64  2  19.38
8  64  2  26.08
9  64  2  21.22
10  64  2  14.25
11  64  2  2.86
12  64  2  5.45
13  64  2  14.78
14  64  2  20.28
15  64  2  29.43
16  64  2  33.87
17  64  2  8.16
18  64  2  12.36
19  64  2  52.75
20  64  2  51.74
21  64  2  12.18
22  64  2  55.53
23  64  2  29.78
24  64  2  14.54
25  64  2  12.05
26  64  2  6.02
27  64  2  48.49
28  64  2  38.83
29  64  2  52.32
30  64  2  25.51
1  65  2  40.03
2  65  2  12.13
3  65  2  10.77
4  65  2  52.42
5  65  2  28.52
6  65  2  30.26
7  65  2  22.02
8  65  2  21.21
9  65  2  38.02
10  65  2  12.79
11  65  2  43.43
12  65  2  32.83
13  65  2  16.25
14  65  2  28.79
15  65  2  7.41
16  65  2  14.11
17  65  2  48.70
18  65  2  8.11
19  65  2  21.59
20  65  2  28.59
21  65  2  59.89
22  65  2  22.28
23  65  2  19.31
24  65  2  32.65
25  65  2  22.34
26  65  2  48.06
27  65  2  46.90
28  65  2  27.17
29  65  2  14.94
30  65  2  5.61
1  66  2  19.64
2  66  2  15.61
3  66  2  9.96
4  66  2  9.11
5  66  2  8.44
6  66  2  37.09
7  66  2  11.81
8  66  2  8.10
9  66  2  30.16
10  66  2  39.39
11  66  2  28.74
12  66  2  29.24
13  66  2  9.53
14  66  2  23.16
15  66  2  44.30
16  66  2  31.20
17  66  2  46.53
18  66  2  34.14
19  66  2  9.78
20  66  2  17.69
21  66  2  26.73
22  66  2  19.26
23  66  2  18.46
24  66  2  32.62
25  66  2  35.55
26  66  2  21.59
27  66  2  4.88
28  66  2  17.29
29  66  2  26.35
30  66  2  25.13
1  67  2  25.59
2  67  2  22.05
3  67  2  15.36
4  67  2  34.68
5  67  2  13.12
6  67  2  13.23
7  67  2  68.15
8  67  2  19.00
9  67  2  14.91
10  67  2  24.95
11  67  2  13.95
12  67  2  35.52
13  67  2  47.81
14  67  2  20.78
15  67  2  12.74
16  67  2  54.94
17  67  2  17.29
18  67  2  20.77
19  67  2  8.30
20  67  2  20.85
21  67  2  30.31
22  67  2  10.77
23  67  2  11.95
24  67  2  10.47
25  67  2  19.62
26  67  2  36.53
27  67  2  11.99
28  67  2  39.62
29  67  2  5.58
30  67  2  37.48
1  68  2  15.76
2  68  2  37.49
3  68  2  24.54
4  68  2  31.78
5  68  2  4.82
6  68  2  17.68
7  68  2  22.68
8  68  2  17.17
9  68  2  15.21
10  68  2  18.02
11  68  2  37.21
12  68  2  48.17
13  68  2  32.24
14  68  2  17.24
15  68  2  9.22
16  68  2  37.17
17  68  2  37.09
18  68  2  17.92
19  68  2  22.77
20  68  2  24.14
21  68  2  44.11
22  68  2  5.10
23  68  2  10.68
24  68  2  28.24
25  68  2  10.26
26  68  2  56.36
27  68  2  33.42
28  68  2  15.81
29  68  2  8.26
30  68  2  58.10
1  69  2  3.33
2  69  2  37.27
3  69  2  24.16
4  69  2  8.30
5  69  2  38.99
6  69  2  19.83
7  69  2  58.59
8  69  2  14.51
9  69  2  21.36
10  69  2  30.00
11  69  2  8.58
12  69  2  4.44
13  69  2  15.93
14  69  2  15.75
15  69  2  19.13
16  69  2  7.85
17  69  2  24.43
18  69  2  18.11
19  69  2  36.74
20  69  2  21.64
21  69  2  28.18
22  69  2  51.09
23  69  2  21.79
24  69  2  14.10
25  69  2  46.65
26  69  2  5.23
27  69  2  4.28
28  69  2  11.86
29  69  2  64.90
30  69  2  25.03
1  70  2  45.05
2  70  2  14.66
3  70  2  40.22
4  70  2  27.57
5  70  2  26.37
6  70  2  11.43
7  70  2  68.33
8  70  2  18.57
9  70  2  27.85
10  70  2  26.53
11  70  2  15.16
12  70  2  61.27
13  70  2  12.84
14  70  2  34.39
15  70  2  34.50
16  70  2  17.91
17  70  2  16.85
18  70  2  24.77
19  70  2  33.58
20  70  2  25.57
21  70  2  18.15
22  70  2  47.26
23  70  2  6.11
24  70  2  9.12
25  70  2  24.57
26  70  2  22.91
27  70  2  14.16
28  70  2  4.93
29  70  2  11.68
30  70  2  46.78
1  71  2  8.99
2  71  2  30.77
3  71  2  42.41
4  71  2  56.34
5  71  2  32.11
6  71  2  14.54
7  71  2  15.65
8  71  2  28.07
9  71  2  7.64
10  71  2  19.51
11  71  2  18.88
12  71  2  15.97
13  71  2  51.33
14  71  2  17.13
15  71  2  5.48
16  71  2  17.93
17  71  2  4.77
18  71  2  6.88
19  71  2  37.22
20  71  2  23.55
21  71  2  16.84
22  71  2  34.29
23  71  2  23.39
24  71  2  21.92
25  71  2  29.34
26  71  2  16.74
27  71  2  44.10
28  71  2  49.76
29  71  2  33.31
30  71  2  8.44
1  72  2  11.40
2  72  2  12.71
3  72  2  8.28
4  72  2  52.45
5  72  2  5.29
6  72  2  11.94
7  72  2  8.13
8  72  2  6.72
9  72  2  10.57
10  72  2  38.96
11  72  2  61.38
12  72  2  12.77
13  72  2  31.08
14  72  2  11.44
15  72  2  4.91
16  72  2  56.45
17  72  2  13.80
18  72  2  49.58
19  72  2  6.00
20  72  2  31.94
21  72  2  14.04
22  72  2  5.69
23  72  2  60.47
24  72  2  9.35
25  72  2  6.39
26  72  2  17.89
27  72  2  8.15
28  72  2  25.34
29  72  2  19.61
30  72  2  3.09
1  73  2  41.38
2  73  2  28.02
3  73  2  46.82
4  73  2  66.15
5  73  2  14.64
6  73  2  5.05
7  73  2  15.70
8  73  2  57.67
9  73  2  33.70
10  73  2  32.42
11  73  2  19.60
12  73  2  14.30
13  73  2  16.54
14  73  2  24.07
15  73  2  32.40
16  73  2  27.32
17  73  2  11.72
18  73  2  24.37
19  73  2  21.33
20  73  2  7.09
21  73  2  31.80
22  73  2  11.36
23  73  2  60.71
24  73  2  9.71
25  73  2  15.07
26  73  2  46.79
27  73  2  12.66
28  73  2  13.92
29  73  2  19.00
30  73  2  6.23
1  74  2  58.12
2  74  2  19.80
3  74  2  37.50
4  74  2  8.24
5  74  2  6.32
6  74  2  29.95
7  74  2  13.09
8  74  2  13.99
9  74  2  26.59
10  74  2  45.03
11  74  2  62.21
12  74  2  6.15
13  74  2  39.72
14  74  2  44.89
15  74  2  8.25
16  74  2  16.94
17  74  2  9.18
18  74  2  4.19
19  74  2  14.42
20  74  2  26.53
21  74  2  13.67
22  74  2  6.30
23  74  2  9.95
24  74  2  38.28
25  74  2  26.90
26  74  2  19.46
27  74  2  22.38
28  74  2  12.11
29  74  2  20.43
30  74  2  16.19
1  75  2  7.66
2  75  2  28.72
3  75  2  48.85
4  75  2  10.76
5  75  2  12.89
6  75  2  9.38
7  75  2  39.03
8  75  2  2.79
9  75  2  48.67
10  75  2  58.92
11  75  2  30.43
12  75  2  44.41
13  75  2  20.06
14  75  2  7.09
15  75  2  36.76
16  75  2  31.32
17  75  2  59.83
18  75  2  25.51
19  75  2  20.70
20  75  2  21.24
21  75  2  7.77
22  75  2  56.21
23  75  2  12.82
24  75  2  20.80
25  75  2  11.37
26  75  2  5.54
27  75  2  16.62
28  75  2  22.92
29  75  2  3.95
30  75  2  6.24
1  76  2  14.60
2  76  2  20.54
3  76  2  61.02
4  76  2  18.18
5  76  2  42.99
6  76  2  10.73
7  76  2  21.12
8  76  2  28.70
9  76  2  25.48
10  76  2  34.67
11  76  2  12.62
12  76  2  6.22
13  76  2  7.04
14  76  2  5.34
15  76  2  34.86
16  76  2  23.14
17  76  2  5.79
18  76  2  47.98
19  76  2  51.30
20  76  2  57.45
21  76  2  43.00
22  76  2  21.98
23  76  2  34.89
24  76  2  41.22
25  76  2  22.25
26  76  2  41.09
27  76  2  21.59
28  76  2  17.59
29  76  2  43.28
30  76  2  25.39
1  77  2  22.19
2  77  2  15.92
3  77  2  9.53
4  77  2  36.54
5  77  2  44.22
6  77  2  18.04
7  77  2  15.83
8  77  2  28.57
9  77  2  23.01
10  77  2  10.72
11  77  2  14.57
12  77  2  20.62
13  77  2  6.43
14  77  2  27.14
15  77  2  27.83
16  77  2  53.59
17  77  2  10.21
18  77  2  21.64
19  77  2  12.41
20  77  2  19.01
21  77  2  49.53
22  77  2  60.15
23  77  2  17.26
24  77  2  7.13
25  77  2  15.12
26  77  2  2.56
27  77  2  36.66
28  77  2  20.03
29  77  2  21.40
30  77  2  9.04
1  78  2  13.94
2  78  2  11.77
3  78  2  7.18
4  78  2  46.28
5  78  2  50.04
6  78  2  35.70
7  78  2  17.72
8  78  2  5.22
9  78  2  10.06
10  78  2  35.80
11  78  2  42.99
12  78  2  3.44
13  78  2  18.70
14  78  2  37.89
15  78  2  26.99
16  78  2  34.59
17  78  2  32.13
18  78  2  8.75
19  78  2  6.98
20  78  2  6.00
21  78  2  7.10
22  78  2  21.96
23  78  2  7.48
24  78  2  16.88
25  78  2  65.41
26  78  2  17.75
27  78  2  34.97
28  78  2  25.90
29  78  2  33.39
30  78  2  15.97
1  79  2  6.64
2  79  2  30.06
3  79  2  28.96
4  79  2  28.82
5  79  2  19.42
6  79  2  45.61
7  79  2  19.15
8  79  2  36.78
9  79  2  7.02
10  79  2  15.19
11  79  2  18.85
12  79  2  40.10
13  79  2  13.20
14  79  2  20.31
15  79  2  21.64
16  79  2  10.26
17  79  2  20.49
18  79  2  18.78
19  79  2  18.29
20  79  2  32.33
21  79  2  19.13
22  79  2  16.33
23  79  2  16.08
24  79  2  19.56
25  79  2  21.39
26  79  2  29.53
27  79  2  13.66
28  79  2  12.30
29  79  2  39.70
30  79  2  5.54
1  80  2  12.20
2  80  2  35.73
3  80  2  10.92
4  80  2  9.69
5  80  2  18.53
6  80  2  14.12
7  80  2  31.16
8  80  2  27.33
9  80  2  44.76
10  80  2  29.65
11  80  2  33.88
12  80  2  13.65
13  80  2  31.77
14  80  2  23.77
15  80  2  12.25
16  80  2  9.16
17  80  2  24.91
18  80  2  25.63
19  80  2  33.72
20  80  2  17.56
21  80  2  10.63
22  80  2  16.12
23  80  2  18.35
24  80  2  22.66
25  80  2  13.97
26  80  2  44.49
27  80  2  36.89
28  80  2  8.14
29  80  2  9.25
30  80  2  47.11
1  81  2  16.86
2  81  2  28.10
3  81  2  28.77
4  81  2  37.42
5  81  2  47.25
6  81  2  21.24
7  81  2  23.61
8  81  2  35.68
9  81  2  16.44
10  81  2  12.50
11  81  2  15.09
12  81  2  17.94
13  81  2  9.11
14  81  2  6.50
15  81  2  9.36
16  81  2  14.97
17  81  2  29.72
18  81  2  3.70
19  81  2  18.55
20  81  2  5.80
21  81  2  50.10
22  81  2  11.97
23  81  2  10.30
24  81  2  11.42
25  81  2  30.59
26  81  2  15.99
27  81  2  30.69
28  81  2  30.62
29  81  2  17.50
30  81  2  4.19
1  82  2  27.72
2  82  2  7.03
3  82  2  40.45
4  82  2  42.25
5  82  2  12.05
6  82  2  43.21
7  82  2  39.25
8  82  2  3.43
9  82  2  37.18
10  82  2  13.72
11  82  2  21.60
12  82  2  16.34
13  82  2  29.32
14  82  2  12.79
15  82  2  17.91
16  82  2  6.36
17  82  2  24.53
18  82  2  21.04
19  82  2  7.48
20  82  2  7.08
21  82  2  16.11
22  82  2  18.99
23  82  2  32.82
24  82  2  36.43
25  82  2  10.34
26  82  2  17.62
27  82  2  17.40
28  82  2  12.42
29  82  2  45.66
30  82  2  34.34
1  83  2  6.09
2  83  2  8.06
3  83  2  21.96
4  83  2  39.08
5  83  2  19.71
6  83  2  28.20
7  83  2  20.40
8  83  2  46.73
9  83  2  21.70
10  83  2  18.41
11  83  2  32.61
12  83  2  31.28
13  83  2  12.30
14  83  2  22.56
15  83  2  56.15
16  83  2  18.13
17  83  2  11.32
18  83  2  5.72
19  83  2  7.88
20  83  2  17.33
21  83  2  19.72
22  83  2  57.90
23  83  2  10.24
24  83  2  15.58
25  83  2  18.81
26  83  2  26.50
27  83  2  15.79
28  83  2  3.11
29  83  2  15.31
30  83  2  26.06
1  84  2  29.04
2  84  2  47.35
3  84  2  18.12
4  84  2  5.14
5  84  2  20.02
6  84  2  29.78
7  84  2  40.36
8  84  2  53.28
9  84  2  5.77
10  84  2  22.98
11  84  2  27.41
12  84  2  18.19
13  84  2  8.40
14  84  2  20.13
15  84  2  21.76
16  84  2  2.60
17  84  2  66.31
18  84  2  47.48
19  84  2  11.77
20  84  2  29.22
21  84  2  20.03
22  84  2  11.11
23  84  2  17.40
24  84  2  31.64
25  84  2  32.04
26  84  2  9.47
27  84  2  16.38
28  84  2  52.56
29  84  2  25.63
30  84  2  12.29
1  85  2  23.34
2  85  2  41.84
3  85  2  19.39
4  85  2  34.32
5  85  2  52.01
6  85  2  22.93
7  85  2  17.74
8  85  2  7.74
9  85  2  16.07
10  85  2  18.97
11  85  2  15.78
12  85  2  33.14
13  85  2  31.75
14  85  2  8.21
15  85  2  27.20
16  85  2  61.21
17  85  2  8.10
18  85  2  17.10
19  85  2  28.43
20  85  2  12.67
21  85  2  10.01
22  85  2  36.92
23  85  2  30.33
24  85  2  62.39
25  85  2  47.66
26  85  2  9.15
27  85  2  26.75
28  85  2  35.11
29  85  2  17.72
30  85  2  16.32
1  86  2  30.25
2  86  2  17.07
3  86  2  31.18
4  86  2  23.05
5  86  2  9.99
6  86  2  16.08
7  86  2  21.77
8  86  2  17.04
9  86  2  25.89
10  86  2  7.06
11  86  2  20.98
12  86  2  33.71
13  86  2  11.57
14  86  2  17.57
15  86  2  23.25
16  86  2  22.45
17  86  2  5.87
18  86  2  23.18
19  86  2  21.78
20  86  2  37.78
21  86  2  9.48
22  86  2  16.83
23  86  2  14.60
24  86  2  12.32
25  86  2  15.40
26  86  2  21.06
27  86  2  12.78
28  86  2  7.70
29  86  2  10.73
30  86  2  31.37
1  87  2  39.59
2  87  2  38.53
3  87  2  31.80
4  87  2  9.44
5  87  2  34.88
6  87  2  19.71
7  87  2  17.16
8  87  2  14.51
9  87  2  37.05
10  87  2  56.83
11  87  2  15.19
12  87  2  50.51
13  87  2  59.88
14  87  2  13.91
15  87  2  31.60
16  87  2  21.51
17  87  2  11.71
18  87  2  7.41
19  87  2  38.89
20  87  2  4.46
21  87  2  32.19
22  87  2  10.58
23  87  2  6.36
24  87  2  45.48
25  87  2  51.45
26  87  2  49.60
27  87  2  13.69
28  87  2  27.91
29  87  2  13.82
30  87  2  43.21
1  88  2  16.17
2  88  2  45.50
3  88  2  16.92
4  88  2  10.41
5  88  2  11.19
6  88  2  14.91
7  88  2  49.55
8  88  2  22.73
9  88  2  35.05
10  88  2  27.79
11  88  2  30.05
12  88  2  16.70
13  88  2  10.16
14  88  2  6.07
15  88  2  3.91
16  88  2  34.56
17  88  2  16.59
18  88  2  9.84
19  88  2  18.02
20  88  2  13.59
21  88  2  18.84
22  88  2  19.21
23  88  2  13.99
24  88  2  29.35
25  88  2  8.76
26  88  2  40.79
27  88  2  7.44
28  88  2  53.15
29  88  2  36.54
30  88  2  40.58
1  89  2  27.21
2  89  2  10.93
3  89  2  3.55
4  89  2  11.71
5  89  2  15.73
6  89  2  17.84
7  89  2  11.94
8  89  2  28.70
9  89  2  7.34
10  89  2  16.76
11  89  2  26.14
12  89  2  27.73
13  89  2  34.91
14  89  2  12.52
15  89  2  5.37
16  89  2  48.30
17  89  2  17.91
18  89  2  31.28
19  89  2  22.52
20  89  2  17.79
21  89  2  38.96
22  89  2  14.77
23  89  2  8.39
24  89  2  33.57
25  89  2  7.03
26  89  2  27.78
27  89  2  37.54
28  89  2  21.55
29  89  2  10.74
30  89  2  43.09
1  90  2  49.43
2  90  2  34.06
3  90  2  5.83
4  90  2  6.65
5  90  2  19.17
6  90  2  53.72
7  90  2  25.81
8  90  2  33.11
9  90  2  3.61
10  90  2  3.95
11  90  2  50.21
12  90  2  13.18
13  90  2  3.27
14  90  2  7.67
15  90  2  65.32
16  90  2  8.34
17  90  2  21.69
18  90  2  22.22
19  90  2  34.39
20  90  2  9.13
21  90  2  40.39
22  90  2  22.79
23  90  2  51.24
24  90  2  40.36
25  90  2  13.86
26  90  2  18.69
27  90  2  12.69
28  90  2  20.37
29  90  2  19.83
30  90  2  11.12
1  91  2  32.69
2  91  2  59.17
3  91  2  40.86
4  91  2  14.00
5  91  2  37.18
6  91  2  22.16
7  91  2  51.39
8  91  2  19.66
9  91  2  7.41
10  91  2  28.10
11  91  2  17.38
12  91  2  3.45
13  91  2  23.29
14  91  2  12.45
15  91  2  31.87
16  91  2  13.87
17  91  2  50.00
18  91  2  27.55
19  91  2  32.57
20  91  2  13.91
21  91  2  33.20
22  91  2  8.71
23  91  2  52.85
24  91  2  26.59
25  91  2  15.58
26  91  2  26.82
27  91  2  46.90
28  91  2  13.29
29  91  2  18.01
30  91  2  22.44
1  92  2  39.53
2  92  2  19.03
3  92  2  31.77
4  92  2  40.13
5  92  2  25.88
6  92  2  36.85
7  92  2  10.98
8  92  2  6.39
9  92  2  21.36
10  92  2  14.75
11  92  2  29.38
12  92  2  26.86
13  92  2  13.02
14  92  2  21.82
15  92  2  17.33
16  92  2  19.64
17  92  2  14.64
18  92  2  55.98
19  92  2  17.31
20  92  2  20.67
21  92  2  22.79
22  92  2  55.43
23  92  2  36.46
24  92  2  9.56
25  92  2  56.06
26  92  2  5.55
27  92  2  16.75
28  92  2  16.53
29  92  2  20.58
30  92  2  63.22
1  93  2  15.91
2  93  2  30.73
3  93  2  12.52
4  93  2  59.37
5  93  2  26.49
6  93  2  45.42
7  93  2  27.41
8  93  2  3.71
9  93  2  28.37
10  93  2  23.34
11  93  2  15.66
12  93  2  8.90
13  93  2  57.37
14  93  2  15.11
15  93  2  13.65
16  93  2  46.61
17  93  2  21.90
18  93  2  20.40
19  93  2  18.68
20  93  2  17.04
21  93  2  45.35
22  93  2  14.75
23  93  2  7.69
24  93  2  45.39
25  93  2  12.39
26  93  2  14.81
27  93  2  19.17
28  93  2  43.41
29  93  2  11.38
30  93  2  13.58
1  94  2  9.13
2  94  2  39.04
3  94  2  13.76
4  94  2  37.89
5  94  2  22.18
6  94  2  36.37
7  94  2  14.02
8  94  2  23.96
9  94  2  30.15
10  94  2  36.87
11  94  2  57.21
12  94  2  28.00
13  94  2  14.73
14  94  2  23.38
15  94  2  17.86
16  94  2  10.27
17  94  2  31.66
18  94  2  25.27
19  94  2  15.80
20  94  2  19.73
21  94  2  28.35
22  94  2  31.72
23  94  2  33.55
24  94  2  23.49
25  94  2  6.80
26  94  2  51.34
27  94  2  13.67
28  94  2  3.75
29  94  2  6.33
30  94  2  39.25
1  95  2  22.40
2  95  2  16.80
3  95  2  4.86
4  95  2  33.81
5  95  2  26.21
6  95  2  25.41
7  95  2  40.36
8  95  2  6.13
9  95  2  43.27
10  95  2  36.43
11  95  2  50.66
12  95  2  18.50
13  95  2  23.70
14  95  2  34.50
15  95  2  24.63
16  95  2  4.96
17  95  2  25.08
18  95  2  19.16
19  95  2  22.01
20  95  2  17.78
21  95  2  16.66
22  95  2  8.32
23  95  2  49.49
24  95  2  17.89
25  95  2  38.31
26  95  2  10.11
27  95  2  16.50
28  95  2  11.74
29  95  2  23.53
30  95  2  36.72
1  96  2  8.37
2  96  2  16.94
3  96  2  14.20
4  96  2  49.73
5  96  2  33.54
6  96  2  35.03
7  96  2  5.84
8  96  2  8.92
9  96  2  14.00
10  96  2  22.11
11  96  2  14.80
12  96  2  30.65
13  96  2  49.08
14  96  2  52.67
15  96  2  46.90
16  96  2  11.02
17  96  2  13.14
18  96  2  34.40
19  96  2  32.75
20  96  2  34.65
21  96  2  27.09
22  96  2  25.34
23  96  2  14.08
24  96  2  64.36
25  96  2  35.73
26  96  2  11.39
27  96  2  14.22
28  96  2  39.14
29  96  2  16.21
30  96  2  14.84
1  97  2  11.39
2  97  2  3.84
3  97  2  21.68
4  97  2  21.39
5  97  2  42.60
6  97  2  11.69
7  97  2  26.61
8  97  2  19.30
9  97  2  3.60
10  97  2  6.25
11  97  2  19.14
12  97  2  32.75
13  97  2  12.14
14  97  2  16.84
15  97  2  9.41
16  97  2  6.48
17  97  2  5.47
18  97  2  15.50
19  97  2  27.98
20  97  2  9.42
21  97  2  29.94
22  97  2  41.58
23  97  2  34.89
24  97  2  6.17
25  97  2  13.62
26  97  2  44.12
27  97  2  39.37
28  97  2  17.33
29  97  2  8.45
30  97  2  66.35
1  98  2  17.60
2  98  2  19.10
3  98  2  12.63
4  98  2  22.67
5  98  2  19.94
6  98  2  37.25
7  98  2  16.35
8  98  2  6.40
9  98  2  17.89
10  98  2  33.10
11  98  2  21.33
12  98  2  12.80
13  98  2  44.99
14  98  2  3.64
15  98  2  8.00
16  98  2  12.35
17  98  2  28.72
18  98  2  12.67
19  98  2  44.29
20  98  2  34.60
21  98  2  24.67
22  98  2  43.65
23  98  2  9.52
24  98  2  61.90
25  98  2  30.17
26  98  2  18.02
27  98  2  22.10
28  98  2  52.37
29  98  2  44.55
30  98  2  6.19
1  99  2  14.44
2  99  2  48.43
3  99  2  23.76
4  99  2  14.16
5  99  2  9.00
6  99  2  26.11
7  99  2  35.39
8  99  2  26.95
9  99  2  15.79
10  99  2  64.78
11  99  2  14.62
12  99  2  29.62
13  99  2  24.58
14  99  2  13.82
15  99  2  44.94
16  99  2  51.65
17  99  2  17.50
18  99  2  32.69
19  99  2  21.94
20  99  2  30.39
21  99  2  50.57
22  99  2  21.55
23  99  2  50.48
24  99  2  32.96
25  99  2  9.76
26  99  2  26.30
27  99  2  64.19
28  99  2  15.92
29  99  2  51.10
30  99  2  42.68
1  100  2  10.11
2  100  2  50.96
3  100  2  47.27
4  100  2  24.77
5  100  2  33.44
6  100  2  16.34
7  100  2  29.77
8  100  2  26.70
9  100  2  3.16
10  100  2  17.99
11  100  2  23.52
12  100  2  31.64
13  100  2  31.43
14  100  2  15.00
15  100  2  31.95
16  100  2  19.95
17  100  2  20.50
18  100  2  57.15
19  100  2  32.31
20  100  2  15.35
21  100  2  46.78
22  100  2  41.86
23  100  2  8.62
24  100  2  4.52
25  100  2  28.49
26  100  2  45.33
27  100  2  16.52
28  100  2  28.44
29  100  2  33.48
30  100  2  39.87
;

