param com_measure1 := 1;

param com_measure2 := 1;

param kappa_max := 1116.32;

param U_tau := 743.2974;

param nT := 2;

param nS := 50;

param nL := 30;

param B := 2361.86;

param w :=
1  1
2  3
3  1
4  2
5  2
6  3
7  3
8  3
9  2
10  2
11  3
12  1
13  2
14  1
15  2
16  3
17  3
18  2
19  2
20  1
21  1
22  2
23  3
24  3
25  2
26  3
27  2
28  2
29  3
30  2
;

param h :=
1  1  0
1  2  0
1  3  0
1  4  0
1  5  0
1  6  0
1  7  0
1  8  0
1  9  0
1  10  0
1  11  0
1  12  0
1  13  0
1  14  0
1  15  0
1  16  0
1  17  0
1  18  0
1  19  0
1  20  0
1  21  0
1  22  0
1  23  0
1  24  0
1  25  0
1  26  0
1  27  0
1  28  0
1  29  0
1  30  0
2  1  171.05
2  2  168.43
2  3  160.99
2  4  134.81
2  5  164.02
2  6  149.29
2  7  118.85
2  8  162.75
2  9  167.93
2  10  187.20
2  11  153.97
2  12  169.28
2  13  147.65
2  14  146.32
2  15  159.64
2  16  123.55
2  17  177.54
2  18  130.63
2  19  158.81
2  20  138.65
2  21  170.08
2  22  190.70
2  23  167.90
2  24  145.27
2  25  155.70
2  26  131.71
2  27  177.22
2  28  168.03
2  29  178.05
2  30  147.66
;

param xi :=
1  1  1  85
2  1  1  16
3  1  1  66
4  1  1  23
5  1  1  48
6  1  1  37
7  1  1  25
8  1  1  37
9  1  1  22
10  1  1  45
11  1  1  19
12  1  1  36
13  1  1  33
14  1  1  88
15  1  1  86
16  1  1  53
17  1  1  19
18  1  1  28
19  1  1  64
20  1  1  61
21  1  1  38
22  1  1  64
23  1  1  77
24  1  1  51
25  1  1  14
26  1  1  85
27  1  1  69
28  1  1  40
29  1  1  67
30  1  1  64
1  2  1  80
2  2  1  22
3  2  1  19
4  2  1  22
5  2  1  88
6  2  1  70
7  2  1  16
8  2  1  88
9  2  1  69
10  2  1  64
11  2  1  71
12  2  1  63
13  2  1  36
14  2  1  31
15  2  1  27
16  2  1  63
17  2  1  14
18  2  1  81
19  2  1  51
20  2  1  55
21  2  1  29
22  2  1  71
23  2  1  19
24  2  1  82
25  2  1  42
26  2  1  53
27  2  1  62
28  2  1  27
29  2  1  72
30  2  1  33
1  3  1  17
2  3  1  89
3  3  1  76
4  3  1  59
5  3  1  16
6  3  1  59
7  3  1  68
8  3  1  43
9  3  1  34
10  3  1  85
11  3  1  63
12  3  1  48
13  3  1  26
14  3  1  51
15  3  1  73
16  3  1  31
17  3  1  44
18  3  1  68
19  3  1  55
20  3  1  65
21  3  1  87
22  3  1  20
23  3  1  47
24  3  1  27
25  3  1  82
26  3  1  68
27  3  1  65
28  3  1  40
29  3  1  67
30  3  1  83
1  4  1  32
2  4  1  23
3  4  1  69
4  4  1  76
5  4  1  64
6  4  1  60
7  4  1  52
8  4  1  48
9  4  1  55
10  4  1  62
11  4  1  79
12  4  1  27
13  4  1  57
14  4  1  49
15  4  1  46
16  4  1  82
17  4  1  85
18  4  1  76
19  4  1  17
20  4  1  36
21  4  1  23
22  4  1  65
23  4  1  36
24  4  1  46
25  4  1  54
26  4  1  43
27  4  1  40
28  4  1  57
29  4  1  68
30  4  1  14
1  5  1  14
2  5  1  68
3  5  1  85
4  5  1  40
5  5  1  42
6  5  1  59
7  5  1  51
8  5  1  62
9  5  1  54
10  5  1  23
11  5  1  85
12  5  1  77
13  5  1  55
14  5  1  50
15  5  1  52
16  5  1  88
17  5  1  18
18  5  1  19
19  5  1  48
20  5  1  46
21  5  1  52
22  5  1  67
23  5  1  26
24  5  1  49
25  5  1  42
26  5  1  49
27  5  1  67
28  5  1  29
29  5  1  67
30  5  1  52
1  6  1  22
2  6  1  27
3  6  1  17
4  6  1  49
5  6  1  41
6  6  1  66
7  6  1  12
8  6  1  72
9  6  1  67
10  6  1  29
11  6  1  48
12  6  1  27
13  6  1  10
14  6  1  36
15  6  1  86
16  6  1  45
17  6  1  11
18  6  1  55
19  6  1  23
20  6  1  63
21  6  1  90
22  6  1  68
23  6  1  75
24  6  1  75
25  6  1  89
26  6  1  55
27  6  1  54
28  6  1  85
29  6  1  79
30  6  1  51
1  7  1  70
2  7  1  30
3  7  1  71
4  7  1  31
5  7  1  90
6  7  1  59
7  7  1  47
8  7  1  31
9  7  1  89
10  7  1  41
11  7  1  76
12  7  1  68
13  7  1  65
14  7  1  66
15  7  1  23
16  7  1  81
17  7  1  65
18  7  1  80
19  7  1  68
20  7  1  36
21  7  1  83
22  7  1  77
23  7  1  78
24  7  1  90
25  7  1  73
26  7  1  53
27  7  1  46
28  7  1  43
29  7  1  33
30  7  1  49
1  8  1  42
2  8  1  50
3  8  1  40
4  8  1  27
5  8  1  51
6  8  1  70
7  8  1  50
8  8  1  24
9  8  1  49
10  8  1  35
11  8  1  17
12  8  1  63
13  8  1  34
14  8  1  32
15  8  1  65
16  8  1  79
17  8  1  69
18  8  1  76
19  8  1  89
20  8  1  39
21  8  1  62
22  8  1  58
23  8  1  70
24  8  1  43
25  8  1  87
26  8  1  50
27  8  1  67
28  8  1  62
29  8  1  78
30  8  1  78
1  9  1  66
2  9  1  10
3  9  1  49
4  9  1  57
5  9  1  63
6  9  1  63
7  9  1  30
8  9  1  89
9  9  1  70
10  9  1  56
11  9  1  34
12  9  1  28
13  9  1  50
14  9  1  47
15  9  1  39
16  9  1  23
17  9  1  29
18  9  1  15
19  9  1  84
20  9  1  66
21  9  1  20
22  9  1  89
23  9  1  74
24  9  1  14
25  9  1  59
26  9  1  13
27  9  1  68
28  9  1  13
29  9  1  89
30  9  1  81
1  10  1  17
2  10  1  13
3  10  1  55
4  10  1  75
5  10  1  19
6  10  1  87
7  10  1  77
8  10  1  74
9  10  1  53
10  10  1  89
11  10  1  16
12  10  1  70
13  10  1  42
14  10  1  65
15  10  1  16
16  10  1  11
17  10  1  81
18  10  1  54
19  10  1  42
20  10  1  41
21  10  1  68
22  10  1  83
23  10  1  85
24  10  1  82
25  10  1  29
26  10  1  78
27  10  1  25
28  10  1  38
29  10  1  63
30  10  1  85
1  11  1  63
2  11  1  57
3  11  1  19
4  11  1  45
5  11  1  60
6  11  1  50
7  11  1  85
8  11  1  36
9  11  1  90
10  11  1  31
11  11  1  38
12  11  1  82
13  11  1  60
14  11  1  26
15  11  1  34
16  11  1  42
17  11  1  58
18  11  1  89
19  11  1  70
20  11  1  44
21  11  1  61
22  11  1  14
23  11  1  74
24  11  1  83
25  11  1  56
26  11  1  75
27  11  1  82
28  11  1  33
29  11  1  43
30  11  1  22
1  12  1  41
2  12  1  81
3  12  1  17
4  12  1  50
5  12  1  18
6  12  1  23
7  12  1  89
8  12  1  36
9  12  1  19
10  12  1  56
11  12  1  75
12  12  1  68
13  12  1  62
14  12  1  53
15  12  1  70
16  12  1  37
17  12  1  57
18  12  1  73
19  12  1  45
20  12  1  27
21  12  1  74
22  12  1  70
23  12  1  68
24  12  1  20
25  12  1  67
26  12  1  14
27  12  1  29
28  12  1  34
29  12  1  23
30  12  1  12
1  13  1  45
2  13  1  26
3  13  1  54
4  13  1  64
5  13  1  13
6  13  1  43
7  13  1  63
8  13  1  26
9  13  1  87
10  13  1  33
11  13  1  66
12  13  1  43
13  13  1  15
14  13  1  41
15  13  1  73
16  13  1  70
17  13  1  43
18  13  1  29
19  13  1  78
20  13  1  70
21  13  1  70
22  13  1  50
23  13  1  60
24  13  1  27
25  13  1  54
26  13  1  82
27  13  1  22
28  13  1  18
29  13  1  46
30  13  1  25
1  14  1  74
2  14  1  88
3  14  1  17
4  14  1  71
5  14  1  54
6  14  1  43
7  14  1  29
8  14  1  65
9  14  1  20
10  14  1  84
11  14  1  89
12  14  1  67
13  14  1  60
14  14  1  74
15  14  1  67
16  14  1  20
17  14  1  16
18  14  1  41
19  14  1  46
20  14  1  72
21  14  1  12
22  14  1  24
23  14  1  12
24  14  1  53
25  14  1  41
26  14  1  70
27  14  1  13
28  14  1  79
29  14  1  83
30  14  1  61
1  15  1  34
2  15  1  52
3  15  1  21
4  15  1  51
5  15  1  23
6  15  1  20
7  15  1  49
8  15  1  25
9  15  1  19
10  15  1  19
11  15  1  84
12  15  1  86
13  15  1  49
14  15  1  23
15  15  1  17
16  15  1  87
17  15  1  68
18  15  1  20
19  15  1  68
20  15  1  45
21  15  1  50
22  15  1  11
23  15  1  41
24  15  1  51
25  15  1  67
26  15  1  84
27  15  1  59
28  15  1  12
29  15  1  52
30  15  1  70
1  16  1  41
2  16  1  63
3  16  1  82
4  16  1  62
5  16  1  73
6  16  1  34
7  16  1  61
8  16  1  32
9  16  1  84
10  16  1  48
11  16  1  17
12  16  1  85
13  16  1  10
14  16  1  63
15  16  1  44
16  16  1  26
17  16  1  79
18  16  1  18
19  16  1  63
20  16  1  15
21  16  1  40
22  16  1  88
23  16  1  23
24  16  1  54
25  16  1  73
26  16  1  13
27  16  1  44
28  16  1  20
29  16  1  79
30  16  1  35
1  17  1  81
2  17  1  26
3  17  1  31
4  17  1  19
5  17  1  21
6  17  1  64
7  17  1  14
8  17  1  61
9  17  1  86
10  17  1  74
11  17  1  20
12  17  1  55
13  17  1  10
14  17  1  35
15  17  1  84
16  17  1  51
17  17  1  37
18  17  1  36
19  17  1  15
20  17  1  63
21  17  1  82
22  17  1  15
23  17  1  33
24  17  1  11
25  17  1  36
26  17  1  51
27  17  1  81
28  17  1  74
29  17  1  36
30  17  1  44
1  18  1  83
2  18  1  17
3  18  1  79
4  18  1  26
5  18  1  73
6  18  1  18
7  18  1  16
8  18  1  18
9  18  1  63
10  18  1  76
11  18  1  14
12  18  1  12
13  18  1  49
14  18  1  37
15  18  1  44
16  18  1  66
17  18  1  80
18  18  1  70
19  18  1  59
20  18  1  44
21  18  1  24
22  18  1  65
23  18  1  64
24  18  1  71
25  18  1  86
26  18  1  58
27  18  1  55
28  18  1  43
29  18  1  79
30  18  1  60
1  19  1  73
2  19  1  46
3  19  1  13
4  19  1  49
5  19  1  43
6  19  1  83
7  19  1  25
8  19  1  16
9  19  1  55
10  19  1  40
11  19  1  59
12  19  1  14
13  19  1  74
14  19  1  50
15  19  1  19
16  19  1  72
17  19  1  76
18  19  1  43
19  19  1  29
20  19  1  85
21  19  1  19
22  19  1  84
23  19  1  81
24  19  1  45
25  19  1  11
26  19  1  12
27  19  1  39
28  19  1  87
29  19  1  52
30  19  1  60
1  20  1  35
2  20  1  34
3  20  1  53
4  20  1  60
5  20  1  35
6  20  1  81
7  20  1  29
8  20  1  70
9  20  1  22
10  20  1  33
11  20  1  77
12  20  1  25
13  20  1  67
14  20  1  59
15  20  1  32
16  20  1  63
17  20  1  25
18  20  1  79
19  20  1  53
20  20  1  70
21  20  1  42
22  20  1  69
23  20  1  15
24  20  1  38
25  20  1  36
26  20  1  17
27  20  1  40
28  20  1  52
29  20  1  84
30  20  1  57
1  21  1  11
2  21  1  53
3  21  1  68
4  21  1  80
5  21  1  41
6  21  1  19
7  21  1  72
8  21  1  37
9  21  1  66
10  21  1  40
11  21  1  58
12  21  1  40
13  21  1  28
14  21  1  33
15  21  1  63
16  21  1  33
17  21  1  63
18  21  1  57
19  21  1  24
20  21  1  39
21  21  1  65
22  21  1  77
23  21  1  20
24  21  1  81
25  21  1  34
26  21  1  88
27  21  1  53
28  21  1  90
29  21  1  32
30  21  1  34
1  22  1  23
2  22  1  60
3  22  1  10
4  22  1  23
5  22  1  82
6  22  1  65
7  22  1  10
8  22  1  59
9  22  1  43
10  22  1  89
11  22  1  39
12  22  1  56
13  22  1  42
14  22  1  13
15  22  1  77
16  22  1  88
17  22  1  16
18  22  1  64
19  22  1  89
20  22  1  40
21  22  1  70
22  22  1  74
23  22  1  54
24  22  1  87
25  22  1  67
26  22  1  35
27  22  1  15
28  22  1  87
29  22  1  85
30  22  1  36
1  23  1  30
2  23  1  33
3  23  1  73
4  23  1  66
5  23  1  63
6  23  1  46
7  23  1  14
8  23  1  48
9  23  1  57
10  23  1  45
11  23  1  88
12  23  1  64
13  23  1  67
14  23  1  74
15  23  1  39
16  23  1  39
17  23  1  62
18  23  1  53
19  23  1  66
20  23  1  22
21  23  1  68
22  23  1  18
23  23  1  82
24  23  1  56
25  23  1  43
26  23  1  56
27  23  1  58
28  23  1  56
29  23  1  79
30  23  1  86
1  24  1  48
2  24  1  36
3  24  1  43
4  24  1  54
5  24  1  75
6  24  1  78
7  24  1  76
8  24  1  70
9  24  1  90
10  24  1  76
11  24  1  31
12  24  1  83
13  24  1  33
14  24  1  26
15  24  1  86
16  24  1  24
17  24  1  55
18  24  1  17
19  24  1  33
20  24  1  63
21  24  1  69
22  24  1  67
23  24  1  10
24  24  1  51
25  24  1  83
26  24  1  23
27  24  1  18
28  24  1  36
29  24  1  35
30  24  1  80
1  25  1  40
2  25  1  10
3  25  1  25
4  25  1  85
5  25  1  80
6  25  1  25
7  25  1  20
8  25  1  60
9  25  1  11
10  25  1  15
11  25  1  88
12  25  1  73
13  25  1  81
14  25  1  45
15  25  1  22
16  25  1  58
17  25  1  83
18  25  1  41
19  25  1  64
20  25  1  24
21  25  1  35
22  25  1  89
23  25  1  50
24  25  1  35
25  25  1  61
26  25  1  68
27  25  1  24
28  25  1  84
29  25  1  20
30  25  1  61
1  26  1  12
2  26  1  17
3  26  1  64
4  26  1  57
5  26  1  83
6  26  1  64
7  26  1  35
8  26  1  34
9  26  1  60
10  26  1  44
11  26  1  54
12  26  1  81
13  26  1  15
14  26  1  41
15  26  1  76
16  26  1  49
17  26  1  76
18  26  1  46
19  26  1  56
20  26  1  81
21  26  1  64
22  26  1  17
23  26  1  46
24  26  1  36
25  26  1  45
26  26  1  11
27  26  1  51
28  26  1  77
29  26  1  64
30  26  1  55
1  27  1  90
2  27  1  87
3  27  1  85
4  27  1  86
5  27  1  86
6  27  1  53
7  27  1  26
8  27  1  85
9  27  1  21
10  27  1  11
11  27  1  46
12  27  1  62
13  27  1  60
14  27  1  53
15  27  1  66
16  27  1  29
17  27  1  38
18  27  1  14
19  27  1  76
20  27  1  10
21  27  1  19
22  27  1  77
23  27  1  79
24  27  1  15
25  27  1  46
26  27  1  37
27  27  1  50
28  27  1  31
29  27  1  73
30  27  1  39
1  28  1  18
2  28  1  25
3  28  1  34
4  28  1  81
5  28  1  62
6  28  1  49
7  28  1  24
8  28  1  49
9  28  1  75
10  28  1  40
11  28  1  82
12  28  1  20
13  28  1  58
14  28  1  41
15  28  1  62
16  28  1  86
17  28  1  71
18  28  1  68
19  28  1  30
20  28  1  14
21  28  1  86
22  28  1  32
23  28  1  62
24  28  1  45
25  28  1  80
26  28  1  49
27  28  1  43
28  28  1  83
29  28  1  41
30  28  1  53
1  29  1  77
2  29  1  66
3  29  1  83
4  29  1  40
5  29  1  41
6  29  1  34
7  29  1  24
8  29  1  18
9  29  1  16
10  29  1  43
11  29  1  50
12  29  1  10
13  29  1  74
14  29  1  44
15  29  1  56
16  29  1  49
17  29  1  69
18  29  1  34
19  29  1  28
20  29  1  72
21  29  1  48
22  29  1  13
23  29  1  34
24  29  1  58
25  29  1  40
26  29  1  89
27  29  1  61
28  29  1  72
29  29  1  41
30  29  1  66
1  30  1  86
2  30  1  64
3  30  1  39
4  30  1  46
5  30  1  86
6  30  1  86
7  30  1  87
8  30  1  76
9  30  1  36
10  30  1  55
11  30  1  84
12  30  1  24
13  30  1  58
14  30  1  22
15  30  1  10
16  30  1  83
17  30  1  16
18  30  1  90
19  30  1  31
20  30  1  13
21  30  1  58
22  30  1  54
23  30  1  14
24  30  1  37
25  30  1  67
26  30  1  53
27  30  1  71
28  30  1  43
29  30  1  78
30  30  1  69
1  31  1  77
2  31  1  41
3  31  1  53
4  31  1  28
5  31  1  27
6  31  1  16
7  31  1  55
8  31  1  83
9  31  1  30
10  31  1  81
11  31  1  85
12  31  1  61
13  31  1  78
14  31  1  27
15  31  1  78
16  31  1  20
17  31  1  51
18  31  1  16
19  31  1  27
20  31  1  80
21  31  1  58
22  31  1  74
23  31  1  20
24  31  1  50
25  31  1  22
26  31  1  61
27  31  1  62
28  31  1  76
29  31  1  46
30  31  1  62
1  32  1  23
2  32  1  72
3  32  1  59
4  32  1  49
5  32  1  71
6  32  1  37
7  32  1  72
8  32  1  61
9  32  1  15
10  32  1  49
11  32  1  19
12  32  1  76
13  32  1  22
14  32  1  12
15  32  1  71
16  32  1  35
17  32  1  34
18  32  1  11
19  32  1  88
20  32  1  72
21  32  1  42
22  32  1  53
23  32  1  86
24  32  1  43
25  32  1  84
26  32  1  38
27  32  1  70
28  32  1  41
29  32  1  77
30  32  1  72
1  33  1  25
2  33  1  30
3  33  1  44
4  33  1  76
5  33  1  82
6  33  1  51
7  33  1  78
8  33  1  37
9  33  1  32
10  33  1  71
11  33  1  69
12  33  1  46
13  33  1  87
14  33  1  53
15  33  1  18
16  33  1  43
17  33  1  58
18  33  1  26
19  33  1  86
20  33  1  17
21  33  1  16
22  33  1  26
23  33  1  80
24  33  1  32
25  33  1  21
26  33  1  89
27  33  1  39
28  33  1  53
29  33  1  77
30  33  1  28
1  34  1  38
2  34  1  27
3  34  1  20
4  34  1  23
5  34  1  49
6  34  1  90
7  34  1  48
8  34  1  54
9  34  1  51
10  34  1  64
11  34  1  63
12  34  1  75
13  34  1  63
14  34  1  68
15  34  1  82
16  34  1  42
17  34  1  50
18  34  1  75
19  34  1  82
20  34  1  46
21  34  1  31
22  34  1  34
23  34  1  44
24  34  1  78
25  34  1  36
26  34  1  20
27  34  1  42
28  34  1  13
29  34  1  82
30  34  1  44
1  35  1  64
2  35  1  73
3  35  1  62
4  35  1  83
5  35  1  39
6  35  1  23
7  35  1  11
8  35  1  16
9  35  1  42
10  35  1  75
11  35  1  72
12  35  1  12
13  35  1  81
14  35  1  10
15  35  1  38
16  35  1  88
17  35  1  23
18  35  1  48
19  35  1  12
20  35  1  57
21  35  1  31
22  35  1  58
23  35  1  13
24  35  1  14
25  35  1  37
26  35  1  32
27  35  1  56
28  35  1  90
29  35  1  70
30  35  1  32
1  36  1  85
2  36  1  79
3  36  1  72
4  36  1  79
5  36  1  27
6  36  1  23
7  36  1  36
8  36  1  38
9  36  1  10
10  36  1  90
11  36  1  20
12  36  1  12
13  36  1  19
14  36  1  40
15  36  1  22
16  36  1  25
17  36  1  75
18  36  1  35
19  36  1  34
20  36  1  59
21  36  1  50
22  36  1  64
23  36  1  73
24  36  1  69
25  36  1  84
26  36  1  69
27  36  1  17
28  36  1  48
29  36  1  64
30  36  1  76
1  37  1  22
2  37  1  34
3  37  1  52
4  37  1  16
5  37  1  28
6  37  1  22
7  37  1  26
8  37  1  84
9  37  1  20
10  37  1  77
11  37  1  89
12  37  1  41
13  37  1  71
14  37  1  28
15  37  1  74
16  37  1  71
17  37  1  62
18  37  1  33
19  37  1  37
20  37  1  26
21  37  1  27
22  37  1  58
23  37  1  36
24  37  1  86
25  37  1  29
26  37  1  47
27  37  1  77
28  37  1  85
29  37  1  19
30  37  1  55
1  38  1  85
2  38  1  76
3  38  1  60
4  38  1  86
5  38  1  30
6  38  1  32
7  38  1  80
8  38  1  78
9  38  1  84
10  38  1  26
11  38  1  64
12  38  1  34
13  38  1  49
14  38  1  85
15  38  1  53
16  38  1  86
17  38  1  53
18  38  1  89
19  38  1  27
20  38  1  22
21  38  1  38
22  38  1  35
23  38  1  61
24  38  1  36
25  38  1  72
26  38  1  78
27  38  1  15
28  38  1  65
29  38  1  12
30  38  1  72
1  39  1  75
2  39  1  50
3  39  1  35
4  39  1  87
5  39  1  51
6  39  1  69
7  39  1  39
8  39  1  25
9  39  1  32
10  39  1  80
11  39  1  81
12  39  1  35
13  39  1  28
14  39  1  39
15  39  1  34
16  39  1  56
17  39  1  82
18  39  1  71
19  39  1  89
20  39  1  50
21  39  1  25
22  39  1  81
23  39  1  67
24  39  1  80
25  39  1  19
26  39  1  89
27  39  1  57
28  39  1  46
29  39  1  59
30  39  1  42
1  40  1  23
2  40  1  37
3  40  1  58
4  40  1  86
5  40  1  24
6  40  1  63
7  40  1  36
8  40  1  75
9  40  1  70
10  40  1  20
11  40  1  14
12  40  1  28
13  40  1  51
14  40  1  81
15  40  1  43
16  40  1  16
17  40  1  14
18  40  1  20
19  40  1  34
20  40  1  49
21  40  1  51
22  40  1  88
23  40  1  82
24  40  1  35
25  40  1  62
26  40  1  80
27  40  1  54
28  40  1  17
29  40  1  69
30  40  1  65
1  41  1  56
2  41  1  21
3  41  1  80
4  41  1  36
5  41  1  62
6  41  1  22
7  41  1  54
8  41  1  32
9  41  1  89
10  41  1  41
11  41  1  49
12  41  1  81
13  41  1  21
14  41  1  18
15  41  1  69
16  41  1  14
17  41  1  33
18  41  1  60
19  41  1  66
20  41  1  19
21  41  1  65
22  41  1  84
23  41  1  45
24  41  1  29
25  41  1  39
26  41  1  42
27  41  1  83
28  41  1  89
29  41  1  87
30  41  1  77
1  42  1  15
2  42  1  31
3  42  1  84
4  42  1  26
5  42  1  22
6  42  1  12
7  42  1  27
8  42  1  61
9  42  1  56
10  42  1  20
11  42  1  49
12  42  1  49
13  42  1  16
14  42  1  11
15  42  1  40
16  42  1  61
17  42  1  56
18  42  1  47
19  42  1  46
20  42  1  34
21  42  1  46
22  42  1  38
23  42  1  88
24  42  1  29
25  42  1  87
26  42  1  35
27  42  1  27
28  42  1  33
29  42  1  60
30  42  1  75
1  43  1  88
2  43  1  62
3  43  1  33
4  43  1  37
5  43  1  43
6  43  1  85
7  43  1  18
8  43  1  54
9  43  1  48
10  43  1  88
11  43  1  57
12  43  1  13
13  43  1  50
14  43  1  12
15  43  1  36
16  43  1  26
17  43  1  50
18  43  1  64
19  43  1  86
20  43  1  21
21  43  1  88
22  43  1  20
23  43  1  54
24  43  1  38
25  43  1  40
26  43  1  57
27  43  1  33
28  43  1  35
29  43  1  47
30  43  1  78
1  44  1  28
2  44  1  16
3  44  1  57
4  44  1  73
5  44  1  72
6  44  1  70
7  44  1  32
8  44  1  55
9  44  1  19
10  44  1  16
11  44  1  83
12  44  1  67
13  44  1  88
14  44  1  22
15  44  1  23
16  44  1  70
17  44  1  69
18  44  1  67
19  44  1  40
20  44  1  14
21  44  1  71
22  44  1  29
23  44  1  65
24  44  1  24
25  44  1  57
26  44  1  74
27  44  1  79
28  44  1  58
29  44  1  49
30  44  1  38
1  45  1  81
2  45  1  75
3  45  1  43
4  45  1  80
5  45  1  31
6  45  1  58
7  45  1  41
8  45  1  79
9  45  1  54
10  45  1  72
11  45  1  71
12  45  1  62
13  45  1  20
14  45  1  62
15  45  1  40
16  45  1  36
17  45  1  48
18  45  1  24
19  45  1  82
20  45  1  41
21  45  1  11
22  45  1  49
23  45  1  51
24  45  1  55
25  45  1  44
26  45  1  59
27  45  1  83
28  45  1  83
29  45  1  80
30  45  1  86
1  46  1  62
2  46  1  57
3  46  1  56
4  46  1  87
5  46  1  30
6  46  1  39
7  46  1  67
8  46  1  18
9  46  1  66
10  46  1  72
11  46  1  81
12  46  1  87
13  46  1  88
14  46  1  73
15  46  1  57
16  46  1  47
17  46  1  85
18  46  1  50
19  46  1  29
20  46  1  69
21  46  1  83
22  46  1  84
23  46  1  14
24  46  1  78
25  46  1  12
26  46  1  80
27  46  1  16
28  46  1  39
29  46  1  76
30  46  1  15
1  47  1  42
2  47  1  70
3  47  1  71
4  47  1  29
5  47  1  72
6  47  1  60
7  47  1  44
8  47  1  80
9  47  1  67
10  47  1  35
11  47  1  24
12  47  1  63
13  47  1  74
14  47  1  39
15  47  1  37
16  47  1  47
17  47  1  87
18  47  1  53
19  47  1  17
20  47  1  63
21  47  1  51
22  47  1  32
23  47  1  36
24  47  1  46
25  47  1  31
26  47  1  86
27  47  1  80
28  47  1  32
29  47  1  59
30  47  1  25
1  48  1  43
2  48  1  62
3  48  1  58
4  48  1  76
5  48  1  51
6  48  1  42
7  48  1  58
8  48  1  69
9  48  1  29
10  48  1  43
11  48  1  15
12  48  1  32
13  48  1  89
14  48  1  46
15  48  1  32
16  48  1  37
17  48  1  64
18  48  1  53
19  48  1  27
20  48  1  87
21  48  1  60
22  48  1  61
23  48  1  37
24  48  1  51
25  48  1  38
26  48  1  36
27  48  1  84
28  48  1  50
29  48  1  56
30  48  1  54
1  49  1  22
2  49  1  88
3  49  1  43
4  49  1  71
5  49  1  86
6  49  1  62
7  49  1  35
8  49  1  45
9  49  1  49
10  49  1  54
11  49  1  31
12  49  1  73
13  49  1  84
14  49  1  41
15  49  1  30
16  49  1  66
17  49  1  51
18  49  1  43
19  49  1  47
20  49  1  50
21  49  1  68
22  49  1  57
23  49  1  56
24  49  1  68
25  49  1  77
26  49  1  88
27  49  1  82
28  49  1  54
29  49  1  51
30  49  1  48
1  50  1  12
2  50  1  89
3  50  1  83
4  50  1  38
5  50  1  48
6  50  1  55
7  50  1  68
8  50  1  26
9  50  1  54
10  50  1  45
11  50  1  27
12  50  1  15
13  50  1  52
14  50  1  82
15  50  1  79
16  50  1  60
17  50  1  74
18  50  1  55
19  50  1  75
20  50  1  61
21  50  1  11
22  50  1  45
23  50  1  27
24  50  1  68
25  50  1  40
26  50  1  52
27  50  1  64
28  50  1  90
29  50  1  80
30  50  1  16
1  1  2  34.85
2  1  2  6.56
3  1  2  31.68
4  1  2  13.57
5  1  2  22.56
6  1  2  18.87
7  1  2  13.75
8  1  2  17.39
9  1  2  9.68
10  1  2  18
11  1  2  10.07
12  1  2  15.84
13  1  2  16.83
14  1  2  39.6
15  1  2  40.42
16  1  2  31.8
17  1  2  8.36
18  1  2  15.68
19  1  2  31.36
20  1  2  31.11
21  1  2  16.72
22  1  2  26.88
23  1  2  34.65
24  1  2  26.52
25  1  2  7
26  1  2  51
27  1  2  29.67
28  1  2  18.8
29  1  2  34.17
30  1  2  34.56
1  2  2  32.8
2  2  2  9.02
3  2  2  9.12
4  2  2  12.98
5  2  2  41.36
6  2  2  35.7
7  2  2  8.8
8  2  2  41.36
9  2  2  30.36
10  2  2  25.6
11  2  2  37.63
12  2  2  27.72
13  2  2  18.36
14  2  2  13.95
15  2  2  12.69
16  2  2  37.8
17  2  2  6.16
18  2  2  45.36
19  2  2  24.99
20  2  2  28.05
21  2  2  12.76
22  2  2  29.82
23  2  2  8.55
24  2  2  42.64
25  2  2  21
26  2  2  31.8
27  2  2  26.66
28  2  2  12.69
29  2  2  36.72
30  2  2  17.82
1  3  2  6.97
2  3  2  36.49
3  3  2  36.48
4  3  2  34.81
5  3  2  7.52
6  3  2  30.09
7  3  2  37.4
8  3  2  20.21
9  3  2  14.96
10  3  2  34
11  3  2  33.39
12  3  2  21.12
13  3  2  13.26
14  3  2  22.95
15  3  2  34.31
16  3  2  18.6
17  3  2  19.36
18  3  2  38.08
19  3  2  26.95
20  3  2  33.15
21  3  2  38.28
22  3  2  8.4
23  3  2  21.15
24  3  2  14.04
25  3  2  41
26  3  2  40.8
27  3  2  27.95
28  3  2  18.8
29  3  2  34.17
30  3  2  44.82
1  4  2  13.12
2  4  2  9.43
3  4  2  33.12
4  4  2  44.84
5  4  2  30.08
6  4  2  30.6
7  4  2  28.6
8  4  2  22.56
9  4  2  24.2
10  4  2  24.8
11  4  2  41.87
12  4  2  11.88
13  4  2  29.07
14  4  2  22.05
15  4  2  21.62
16  4  2  49.2
17  4  2  37.4
18  4  2  42.56
19  4  2  8.33
20  4  2  18.36
21  4  2  10.12
22  4  2  27.3
23  4  2  16.2
24  4  2  23.92
25  4  2  27
26  4  2  25.8
27  4  2  17.2
28  4  2  26.79
29  4  2  34.68
30  4  2  7.56
1  5  2  5.74
2  5  2  27.88
3  5  2  40.8
4  5  2  23.6
5  5  2  19.74
6  5  2  30.09
7  5  2  28.05
8  5  2  29.14
9  5  2  23.76
10  5  2  9.2
11  5  2  45.05
12  5  2  33.88
13  5  2  28.05
14  5  2  22.5
15  5  2  24.44
16  5  2  52.8
17  5  2  7.92
18  5  2  10.64
19  5  2  23.52
20  5  2  23.46
21  5  2  22.88
22  5  2  28.14
23  5  2  11.7
24  5  2  25.48
25  5  2  21
26  5  2  29.4
27  5  2  28.81
28  5  2  13.63
29  5  2  34.17
30  5  2  28.08
1  6  2  9.02
2  6  2  11.07
3  6  2  8.16
4  6  2  28.91
5  6  2  19.27
6  6  2  33.66
7  6  2  6.6
8  6  2  33.84
9  6  2  29.48
10  6  2  11.6
11  6  2  25.44
12  6  2  11.88
13  6  2  5.1
14  6  2  16.2
15  6  2  40.42
16  6  2  27
17  6  2  4.84
18  6  2  30.8
19  6  2  11.27
20  6  2  32.13
21  6  2  39.6
22  6  2  28.56
23  6  2  33.75
24  6  2  39
25  6  2  44.5
26  6  2  33
27  6  2  23.22
28  6  2  39.95
29  6  2  40.29
30  6  2  27.54
1  7  2  28.7
2  7  2  12.3
3  7  2  34.08
4  7  2  18.29
5  7  2  42.3
6  7  2  30.09
7  7  2  25.85
8  7  2  14.57
9  7  2  39.16
10  7  2  16.4
11  7  2  40.28
12  7  2  29.92
13  7  2  33.15
14  7  2  29.7
15  7  2  10.81
16  7  2  48.6
17  7  2  28.6
18  7  2  44.8
19  7  2  33.32
20  7  2  18.36
21  7  2  36.52
22  7  2  32.34
23  7  2  35.1
24  7  2  46.8
25  7  2  36.5
26  7  2  31.8
27  7  2  19.78
28  7  2  20.21
29  7  2  16.83
30  7  2  26.46
1  8  2  17.22
2  8  2  20.5
3  8  2  19.2
4  8  2  15.93
5  8  2  23.97
6  8  2  35.7
7  8  2  27.5
8  8  2  11.28
9  8  2  21.56
10  8  2  14
11  8  2  9.01
12  8  2  27.72
13  8  2  17.34
14  8  2  14.4
15  8  2  30.55
16  8  2  47.4
17  8  2  30.36
18  8  2  42.56
19  8  2  43.61
20  8  2  19.89
21  8  2  27.28
22  8  2  24.36
23  8  2  31.5
24  8  2  22.36
25  8  2  43.5
26  8  2  30
27  8  2  28.81
28  8  2  29.14
29  8  2  39.78
30  8  2  42.12
1  9  2  27.06
2  9  2  4.1
3  9  2  23.52
4  9  2  33.63
5  9  2  29.61
6  9  2  32.13
7  9  2  16.5
8  9  2  41.83
9  9  2  30.8
10  9  2  22.4
11  9  2  18.02
12  9  2  12.32
13  9  2  25.5
14  9  2  21.15
15  9  2  18.33
16  9  2  13.8
17  9  2  12.76
18  9  2  8.4
19  9  2  41.16
20  9  2  33.66
21  9  2  8.8
22  9  2  37.38
23  9  2  33.3
24  9  2  7.28
25  9  2  29.5
26  9  2  7.8
27  9  2  29.24
28  9  2  6.11
29  9  2  45.39
30  9  2  43.74
1  10  2  6.97
2  10  2  5.33
3  10  2  26.4
4  10  2  44.25
5  10  2  8.93
6  10  2  44.37
7  10  2  42.35
8  10  2  34.78
9  10  2  23.32
10  10  2  35.6
11  10  2  8.48
12  10  2  30.8
13  10  2  21.42
14  10  2  29.25
15  10  2  7.52
16  10  2  6.6
17  10  2  35.64
18  10  2  30.24
19  10  2  20.58
20  10  2  20.91
21  10  2  29.92
22  10  2  34.86
23  10  2  38.25
24  10  2  42.64
25  10  2  14.5
26  10  2  46.8
27  10  2  10.75
28  10  2  17.86
29  10  2  32.13
30  10  2  45.9
1  11  2  25.83
2  11  2  23.37
3  11  2  9.12
4  11  2  26.55
5  11  2  28.2
6  11  2  25.5
7  11  2  46.75
8  11  2  16.92
9  11  2  39.6
10  11  2  12.4
11  11  2  20.14
12  11  2  36.08
13  11  2  30.6
14  11  2  11.7
15  11  2  15.98
16  11  2  25.2
17  11  2  25.52
18  11  2  49.84
19  11  2  34.3
20  11  2  22.44
21  11  2  26.84
22  11  2  5.88
23  11  2  33.3
24  11  2  43.16
25  11  2  28
26  11  2  45
27  11  2  35.26
28  11  2  15.51
29  11  2  21.93
30  11  2  11.88
1  12  2  16.81
2  12  2  33.21
3  12  2  8.16
4  12  2  29.5
5  12  2  8.46
6  12  2  11.73
7  12  2  48.95
8  12  2  16.92
9  12  2  8.36
10  12  2  22.4
11  12  2  39.75
12  12  2  29.92
13  12  2  31.62
14  12  2  23.85
15  12  2  32.9
16  12  2  22.2
17  12  2  25.08
18  12  2  40.88
19  12  2  22.05
20  12  2  13.77
21  12  2  32.56
22  12  2  29.4
23  12  2  30.6
24  12  2  10.4
25  12  2  33.5
26  12  2  8.4
27  12  2  12.47
28  12  2  15.98
29  12  2  11.73
30  12  2  6.48
1  13  2  18.45
2  13  2  10.66
3  13  2  25.92
4  13  2  37.76
5  13  2  6.11
6  13  2  21.93
7  13  2  34.65
8  13  2  12.22
9  13  2  38.28
10  13  2  13.2
11  13  2  34.98
12  13  2  18.92
13  13  2  7.65
14  13  2  18.45
15  13  2  34.31
16  13  2  42
17  13  2  18.92
18  13  2  16.24
19  13  2  38.22
20  13  2  35.7
21  13  2  30.8
22  13  2  21
23  13  2  27
24  13  2  14.04
25  13  2  27
26  13  2  49.2
27  13  2  9.46
28  13  2  8.46
29  13  2  23.46
30  13  2  13.5
1  14  2  30.34
2  14  2  36.08
3  14  2  8.16
4  14  2  41.89
5  14  2  25.38
6  14  2  21.93
7  14  2  15.95
8  14  2  30.55
9  14  2  8.8
10  14  2  33.6
11  14  2  47.17
12  14  2  29.48
13  14  2  30.6
14  14  2  33.3
15  14  2  31.49
16  14  2  12
17  14  2  7.04
18  14  2  22.96
19  14  2  22.54
20  14  2  36.72
21  14  2  5.28
22  14  2  10.08
23  14  2  5.4
24  14  2  27.56
25  14  2  20.5
26  14  2  42
27  14  2  5.59
28  14  2  37.13
29  14  2  42.33
30  14  2  32.94
1  15  2  13.94
2  15  2  21.32
3  15  2  10.08
4  15  2  30.09
5  15  2  10.81
6  15  2  10.2
7  15  2  26.95
8  15  2  11.75
9  15  2  8.36
10  15  2  7.6
11  15  2  44.52
12  15  2  37.84
13  15  2  24.99
14  15  2  10.35
15  15  2  7.99
16  15  2  52.2
17  15  2  29.92
18  15  2  11.2
19  15  2  33.32
20  15  2  22.95
21  15  2  22
22  15  2  4.62
23  15  2  18.45
24  15  2  26.52
25  15  2  33.5
26  15  2  50.4
27  15  2  25.37
28  15  2  5.64
29  15  2  26.52
30  15  2  37.8
1  16  2  16.81
2  16  2  25.83
3  16  2  39.36
4  16  2  36.58
5  16  2  34.31
6  16  2  17.34
7  16  2  33.55
8  16  2  15.04
9  16  2  36.96
10  16  2  19.2
11  16  2  9.01
12  16  2  37.4
13  16  2  5.1
14  16  2  28.35
15  16  2  20.68
16  16  2  15.6
17  16  2  34.76
18  16  2  10.08
19  16  2  30.87
20  16  2  7.65
21  16  2  17.6
22  16  2  36.96
23  16  2  10.35
24  16  2  28.08
25  16  2  36.5
26  16  2  7.8
27  16  2  18.92
28  16  2  9.4
29  16  2  40.29
30  16  2  18.9
1  17  2  33.21
2  17  2  10.66
3  17  2  14.88
4  17  2  11.21
5  17  2  9.87
6  17  2  32.64
7  17  2  7.7
8  17  2  28.67
9  17  2  37.84
10  17  2  29.6
11  17  2  10.6
12  17  2  24.2
13  17  2  5.1
14  17  2  15.75
15  17  2  39.48
16  17  2  30.6
17  17  2  16.28
18  17  2  20.16
19  17  2  7.35
20  17  2  32.13
21  17  2  36.08
22  17  2  6.3
23  17  2  14.85
24  17  2  5.72
25  17  2  18
26  17  2  30.6
27  17  2  34.83
28  17  2  34.78
29  17  2  18.36
30  17  2  23.76
1  18  2  34.03
2  18  2  6.97
3  18  2  37.92
4  18  2  15.34
5  18  2  34.31
6  18  2  9.18
7  18  2  8.8
8  18  2  8.46
9  18  2  27.72
10  18  2  30.4
11  18  2  7.42
12  18  2  5.28
13  18  2  24.99
14  18  2  16.65
15  18  2  20.68
16  18  2  39.6
17  18  2  35.2
18  18  2  39.2
19  18  2  28.91
20  18  2  22.44
21  18  2  10.56
22  18  2  27.3
23  18  2  28.8
24  18  2  36.92
25  18  2  43
26  18  2  34.8
27  18  2  23.65
28  18  2  20.21
29  18  2  40.29
30  18  2  32.4
1  19  2  29.93
2  19  2  18.86
3  19  2  6.24
4  19  2  28.91
5  19  2  20.21
6  19  2  42.33
7  19  2  13.75
8  19  2  7.52
9  19  2  24.2
10  19  2  16
11  19  2  31.27
12  19  2  6.16
13  19  2  37.74
14  19  2  22.5
15  19  2  8.93
16  19  2  43.2
17  19  2  33.44
18  19  2  24.08
19  19  2  14.21
20  19  2  43.35
21  19  2  8.36
22  19  2  35.28
23  19  2  36.45
24  19  2  23.4
25  19  2  5.5
26  19  2  7.2
27  19  2  16.77
28  19  2  40.89
29  19  2  26.52
30  19  2  32.4
1  20  2  14.35
2  20  2  13.94
3  20  2  25.44
4  20  2  35.4
5  20  2  16.45
6  20  2  41.31
7  20  2  15.95
8  20  2  32.9
9  20  2  9.68
10  20  2  13.2
11  20  2  40.81
12  20  2  11
13  20  2  34.17
14  20  2  26.55
15  20  2  15.04
16  20  2  37.8
17  20  2  11
18  20  2  44.24
19  20  2  25.97
20  20  2  35.7
21  20  2  18.48
22  20  2  28.98
23  20  2  6.75
24  20  2  19.76
25  20  2  18
26  20  2  10.2
27  20  2  17.2
28  20  2  24.44
29  20  2  42.84
30  20  2  30.78
1  21  2  4.51
2  21  2  21.73
3  21  2  32.64
4  21  2  47.2
5  21  2  19.27
6  21  2  9.69
7  21  2  39.6
8  21  2  17.39
9  21  2  29.04
10  21  2  16
11  21  2  30.74
12  21  2  17.6
13  21  2  14.28
14  21  2  14.85
15  21  2  29.61
16  21  2  19.8
17  21  2  27.72
18  21  2  31.92
19  21  2  11.76
20  21  2  19.89
21  21  2  28.6
22  21  2  32.34
23  21  2  9
24  21  2  42.12
25  21  2  17
26  21  2  52.8
27  21  2  22.79
28  21  2  42.3
29  21  2  16.32
30  21  2  18.36
1  22  2  9.43
2  22  2  24.6
3  22  2  4.8
4  22  2  13.57
5  22  2  38.54
6  22  2  33.15
7  22  2  5.5
8  22  2  27.73
9  22  2  18.92
10  22  2  35.6
11  22  2  20.67
12  22  2  24.64
13  22  2  21.42
14  22  2  5.85
15  22  2  36.19
16  22  2  52.8
17  22  2  7.04
18  22  2  35.84
19  22  2  43.61
20  22  2  20.4
21  22  2  30.8
22  22  2  31.08
23  22  2  24.3
24  22  2  45.24
25  22  2  33.5
26  22  2  21
27  22  2  6.45
28  22  2  40.89
29  22  2  43.35
30  22  2  19.44
1  23  2  12.3
2  23  2  13.53
3  23  2  35.04
4  23  2  38.94
5  23  2  29.61
6  23  2  23.46
7  23  2  7.7
8  23  2  22.56
9  23  2  25.08
10  23  2  18
11  23  2  46.64
12  23  2  28.16
13  23  2  34.17
14  23  2  33.3
15  23  2  18.33
16  23  2  23.4
17  23  2  27.28
18  23  2  29.68
19  23  2  32.34
20  23  2  11.22
21  23  2  29.92
22  23  2  7.56
23  23  2  36.9
24  23  2  29.12
25  23  2  21.5
26  23  2  33.6
27  23  2  24.94
28  23  2  26.32
29  23  2  40.29
30  23  2  46.44
1  24  2  19.68
2  24  2  14.76
3  24  2  20.64
4  24  2  31.86
5  24  2  35.25
6  24  2  39.78
7  24  2  41.8
8  24  2  32.9
9  24  2  39.6
10  24  2  30.4
11  24  2  16.43
12  24  2  36.52
13  24  2  16.83
14  24  2  11.7
15  24  2  40.42
16  24  2  14.4
17  24  2  24.2
18  24  2  9.52
19  24  2  16.17
20  24  2  32.13
21  24  2  30.36
22  24  2  28.14
23  24  2  4.5
24  24  2  26.52
25  24  2  41.5
26  24  2  13.8
27  24  2  7.74
28  24  2  16.92
29  24  2  17.85
30  24  2  43.2
1  25  2  16.4
2  25  2  4.1
3  25  2  12
4  25  2  50.15
5  25  2  37.6
6  25  2  12.75
7  25  2  11
8  25  2  28.2
9  25  2  4.84
10  25  2  6
11  25  2  46.64
12  25  2  32.12
13  25  2  41.31
14  25  2  20.25
15  25  2  10.34
16  25  2  34.8
17  25  2  36.52
18  25  2  22.96
19  25  2  31.36
20  25  2  12.24
21  25  2  15.4
22  25  2  37.38
23  25  2  22.5
24  25  2  18.2
25  25  2  30.5
26  25  2  40.8
27  25  2  10.32
28  25  2  39.48
29  25  2  10.2
30  25  2  32.94
1  26  2  4.92
2  26  2  6.97
3  26  2  30.72
4  26  2  33.63
5  26  2  39.01
6  26  2  32.64
7  26  2  19.25
8  26  2  15.98
9  26  2  26.4
10  26  2  17.6
11  26  2  28.62
12  26  2  35.64
13  26  2  7.65
14  26  2  18.45
15  26  2  35.72
16  26  2  29.4
17  26  2  33.44
18  26  2  25.76
19  26  2  27.44
20  26  2  41.31
21  26  2  28.16
22  26  2  7.14
23  26  2  20.7
24  26  2  18.72
25  26  2  22.5
26  26  2  6.6
27  26  2  21.93
28  26  2  36.19
29  26  2  32.64
30  26  2  29.7
1  27  2  36.9
2  27  2  35.67
3  27  2  40.8
4  27  2  50.74
5  27  2  40.42
6  27  2  27.03
7  27  2  14.3
8  27  2  39.95
9  27  2  9.24
10  27  2  4.4
11  27  2  24.38
12  27  2  27.28
13  27  2  30.6
14  27  2  23.85
15  27  2  31.02
16  27  2  17.4
17  27  2  16.72
18  27  2  7.84
19  27  2  37.24
20  27  2  5.1
21  27  2  8.36
22  27  2  32.34
23  27  2  35.55
24  27  2  7.8
25  27  2  23
26  27  2  22.2
27  27  2  21.5
28  27  2  14.57
29  27  2  37.23
30  27  2  21.06
1  28  2  7.38
2  28  2  10.25
3  28  2  16.32
4  28  2  47.79
5  28  2  29.14
6  28  2  24.99
7  28  2  13.2
8  28  2  23.03
9  28  2  33
10  28  2  16
11  28  2  43.46
12  28  2  8.8
13  28  2  29.58
14  28  2  18.45
15  28  2  29.14
16  28  2  51.6
17  28  2  31.24
18  28  2  38.08
19  28  2  14.7
20  28  2  7.14
21  28  2  37.84
22  28  2  13.44
23  28  2  27.9
24  28  2  23.4
25  28  2  40
26  28  2  29.4
27  28  2  18.49
28  28  2  39.01
29  28  2  20.91
30  28  2  28.62
1  29  2  31.57
2  29  2  27.06
3  29  2  39.84
4  29  2  23.6
5  29  2  19.27
6  29  2  17.34
7  29  2  13.2
8  29  2  8.46
9  29  2  7.04
10  29  2  17.2
11  29  2  26.5
12  29  2  4.4
13  29  2  37.74
14  29  2  19.8
15  29  2  26.32
16  29  2  29.4
17  29  2  30.36
18  29  2  19.04
19  29  2  13.72
20  29  2  36.72
21  29  2  21.12
22  29  2  5.46
23  29  2  15.3
24  29  2  30.16
25  29  2  20
26  29  2  53.4
27  29  2  26.23
28  29  2  33.84
29  29  2  20.91
30  29  2  35.64
1  30  2  35.26
2  30  2  26.24
3  30  2  18.72
4  30  2  27.14
5  30  2  40.42
6  30  2  43.86
7  30  2  47.85
8  30  2  35.72
9  30  2  15.84
10  30  2  22
11  30  2  44.52
12  30  2  10.56
13  30  2  29.58
14  30  2  9.9
15  30  2  4.7
16  30  2  49.8
17  30  2  7.04
18  30  2  50.4
19  30  2  15.19
20  30  2  6.63
21  30  2  25.52
22  30  2  22.68
23  30  2  6.3
24  30  2  19.24
25  30  2  33.5
26  30  2  31.8
27  30  2  30.53
28  30  2  20.21
29  30  2  39.78
30  30  2  37.26
1  31  2  31.57
2  31  2  16.81
3  31  2  25.44
4  31  2  16.52
5  31  2  12.69
6  31  2  8.16
7  31  2  30.25
8  31  2  39.01
9  31  2  13.2
10  31  2  32.4
11  31  2  45.05
12  31  2  26.84
13  31  2  39.78
14  31  2  12.15
15  31  2  36.66
16  31  2  12
17  31  2  22.44
18  31  2  8.96
19  31  2  13.23
20  31  2  40.8
21  31  2  25.52
22  31  2  31.08
23  31  2  9
24  31  2  26
25  31  2  11
26  31  2  36.6
27  31  2  26.66
28  31  2  35.72
29  31  2  23.46
30  31  2  33.48
1  32  2  9.43
2  32  2  29.52
3  32  2  28.32
4  32  2  28.91
5  32  2  33.37
6  32  2  18.87
7  32  2  39.6
8  32  2  28.67
9  32  2  6.6
10  32  2  19.6
11  32  2  10.07
12  32  2  33.44
13  32  2  11.22
14  32  2  5.4
15  32  2  33.37
16  32  2  21
17  32  2  14.96
18  32  2  6.16
19  32  2  43.12
20  32  2  36.72
21  32  2  18.48
22  32  2  22.26
23  32  2  38.7
24  32  2  22.36
25  32  2  42
26  32  2  22.8
27  32  2  30.1
28  32  2  19.27
29  32  2  39.27
30  32  2  38.88
1  33  2  10.25
2  33  2  12.3
3  33  2  21.12
4  33  2  44.84
5  33  2  38.54
6  33  2  26.01
7  33  2  42.9
8  33  2  17.39
9  33  2  14.08
10  33  2  28.4
11  33  2  36.57
12  33  2  20.24
13  33  2  44.37
14  33  2  23.85
15  33  2  8.46
16  33  2  25.8
17  33  2  25.52
18  33  2  14.56
19  33  2  42.14
20  33  2  8.67
21  33  2  7.04
22  33  2  10.92
23  33  2  36
24  33  2  16.64
25  33  2  10.5
26  33  2  53.4
27  33  2  16.77
28  33  2  24.91
29  33  2  39.27
30  33  2  15.12
1  34  2  15.58
2  34  2  11.07
3  34  2  9.6
4  34  2  13.57
5  34  2  23.03
6  34  2  45.9
7  34  2  26.4
8  34  2  25.38
9  34  2  22.44
10  34  2  25.6
11  34  2  33.39
12  34  2  33
13  34  2  32.13
14  34  2  30.6
15  34  2  38.54
16  34  2  25.2
17  34  2  22
18  34  2  42
19  34  2  40.18
20  34  2  23.46
21  34  2  13.64
22  34  2  14.28
23  34  2  19.8
24  34  2  40.56
25  34  2  18
26  34  2  12
27  34  2  18.06
28  34  2  6.11
29  34  2  41.82
30  34  2  23.76
1  35  2  26.24
2  35  2  29.93
3  35  2  29.76
4  35  2  48.97
5  35  2  18.33
6  35  2  11.73
7  35  2  6.05
8  35  2  7.52
9  35  2  18.48
10  35  2  30
11  35  2  38.16
12  35  2  5.28
13  35  2  41.31
14  35  2  4.5
15  35  2  17.86
16  35  2  52.8
17  35  2  10.12
18  35  2  26.88
19  35  2  5.88
20  35  2  29.07
21  35  2  13.64
22  35  2  24.36
23  35  2  5.85
24  35  2  7.28
25  35  2  18.5
26  35  2  19.2
27  35  2  24.08
28  35  2  42.3
29  35  2  35.7
30  35  2  17.28
1  36  2  34.85
2  36  2  32.39
3  36  2  34.56
4  36  2  46.61
5  36  2  12.69
6  36  2  11.73
7  36  2  19.8
8  36  2  17.86
9  36  2  4.4
10  36  2  36
11  36  2  10.6
12  36  2  5.28
13  36  2  9.69
14  36  2  18
15  36  2  10.34
16  36  2  15
17  36  2  33
18  36  2  19.6
19  36  2  16.66
20  36  2  30.09
21  36  2  22
22  36  2  26.88
23  36  2  32.85
24  36  2  35.88
25  36  2  42
26  36  2  41.4
27  36  2  7.31
28  36  2  22.56
29  36  2  32.64
30  36  2  41.04
1  37  2  9.02
2  37  2  13.94
3  37  2  24.96
4  37  2  9.44
5  37  2  13.16
6  37  2  11.22
7  37  2  14.3
8  37  2  39.48
9  37  2  8.8
10  37  2  30.8
11  37  2  47.17
12  37  2  18.04
13  37  2  36.21
14  37  2  12.6
15  37  2  34.78
16  37  2  42.6
17  37  2  27.28
18  37  2  18.48
19  37  2  18.13
20  37  2  13.26
21  37  2  11.88
22  37  2  24.36
23  37  2  16.2
24  37  2  44.72
25  37  2  14.5
26  37  2  28.2
27  37  2  33.11
28  37  2  39.95
29  37  2  9.69
30  37  2  29.7
1  38  2  34.85
2  38  2  31.16
3  38  2  28.8
4  38  2  50.74
5  38  2  14.1
6  38  2  16.32
7  38  2  44
8  38  2  36.66
9  38  2  36.96
10  38  2  10.4
11  38  2  33.92
12  38  2  14.96
13  38  2  24.99
14  38  2  38.25
15  38  2  24.91
16  38  2  51.6
17  38  2  23.32
18  38  2  49.84
19  38  2  13.23
20  38  2  11.22
21  38  2  16.72
22  38  2  14.7
23  38  2  27.45
24  38  2  18.72
25  38  2  36
26  38  2  46.8
27  38  2  6.45
28  38  2  30.55
29  38  2  6.12
30  38  2  38.88
1  39  2  30.75
2  39  2  20.5
3  39  2  16.8
4  39  2  51.33
5  39  2  23.97
6  39  2  35.19
7  39  2  21.45
8  39  2  11.75
9  39  2  14.08
10  39  2  32
11  39  2  42.93
12  39  2  15.4
13  39  2  14.28
14  39  2  17.55
15  39  2  15.98
16  39  2  33.6
17  39  2  36.08
18  39  2  39.76
19  39  2  43.61
20  39  2  25.5
21  39  2  11
22  39  2  34.02
23  39  2  30.15
24  39  2  41.6
25  39  2  9.5
26  39  2  53.4
27  39  2  24.51
28  39  2  21.62
29  39  2  30.09
30  39  2  22.68
1  40  2  9.43
2  40  2  15.17
3  40  2  27.84
4  40  2  50.74
5  40  2  11.28
6  40  2  32.13
7  40  2  19.8
8  40  2  35.25
9  40  2  30.8
10  40  2  8
11  40  2  7.42
12  40  2  12.32
13  40  2  26.01
14  40  2  36.45
15  40  2  20.21
16  40  2  9.6
17  40  2  6.16
18  40  2  11.2
19  40  2  16.66
20  40  2  24.99
21  40  2  22.44
22  40  2  36.96
23  40  2  36.9
24  40  2  18.2
25  40  2  31
26  40  2  48
27  40  2  23.22
28  40  2  7.99
29  40  2  35.19
30  40  2  35.1
1  41  2  22.96
2  41  2  8.61
3  41  2  38.4
4  41  2  21.24
5  41  2  29.14
6  41  2  11.22
7  41  2  29.7
8  41  2  15.04
9  41  2  39.16
10  41  2  16.4
11  41  2  25.97
12  41  2  35.64
13  41  2  10.71
14  41  2  8.1
15  41  2  32.43
16  41  2  8.4
17  41  2  14.52
18  41  2  33.6
19  41  2  32.34
20  41  2  9.69
21  41  2  28.6
22  41  2  35.28
23  41  2  20.25
24  41  2  15.08
25  41  2  19.5
26  41  2  25.2
27  41  2  35.69
28  41  2  41.83
29  41  2  44.37
30  41  2  41.58
1  42  2  6.15
2  42  2  12.71
3  42  2  40.32
4  42  2  15.34
5  42  2  10.34
6  42  2  6.12
7  42  2  14.85
8  42  2  28.67
9  42  2  24.64
10  42  2  8
11  42  2  25.97
12  42  2  21.56
13  42  2  8.16
14  42  2  4.95
15  42  2  18.8
16  42  2  36.6
17  42  2  24.64
18  42  2  26.32
19  42  2  22.54
20  42  2  17.34
21  42  2  20.24
22  42  2  15.96
23  42  2  39.6
24  42  2  15.08
25  42  2  43.5
26  42  2  21
27  42  2  11.61
28  42  2  15.51
29  42  2  30.6
30  42  2  40.5
1  43  2  36.08
2  43  2  25.42
3  43  2  15.84
4  43  2  21.83
5  43  2  20.21
6  43  2  43.35
7  43  2  9.9
8  43  2  25.38
9  43  2  21.12
10  43  2  35.2
11  43  2  30.21
12  43  2  5.72
13  43  2  25.5
14  43  2  5.4
15  43  2  16.92
16  43  2  15.6
17  43  2  22
18  43  2  35.84
19  43  2  42.14
20  43  2  10.71
21  43  2  38.72
22  43  2  8.4
23  43  2  24.3
24  43  2  19.76
25  43  2  20
26  43  2  34.2
27  43  2  14.19
28  43  2  16.45
29  43  2  23.97
30  43  2  42.12
1  44  2  11.48
2  44  2  6.56
3  44  2  27.36
4  44  2  43.07
5  44  2  33.84
6  44  2  35.7
7  44  2  17.6
8  44  2  25.85
9  44  2  8.36
10  44  2  6.4
11  44  2  43.99
12  44  2  29.48
13  44  2  44.88
14  44  2  9.9
15  44  2  10.81
16  44  2  42
17  44  2  30.36
18  44  2  37.52
19  44  2  19.6
20  44  2  7.14
21  44  2  31.24
22  44  2  12.18
23  44  2  29.25
24  44  2  12.48
25  44  2  28.5
26  44  2  44.4
27  44  2  33.97
28  44  2  27.26
29  44  2  24.99
30  44  2  20.52
1  45  2  33.21
2  45  2  30.75
3  45  2  20.64
4  45  2  47.2
5  45  2  14.57
6  45  2  29.58
7  45  2  22.55
8  45  2  37.13
9  45  2  23.76
10  45  2  28.8
11  45  2  37.63
12  45  2  27.28
13  45  2  10.2
14  45  2  27.9
15  45  2  18.8
16  45  2  21.6
17  45  2  21.12
18  45  2  13.44
19  45  2  40.18
20  45  2  20.91
21  45  2  4.84
22  45  2  20.58
23  45  2  22.95
24  45  2  28.6
25  45  2  22
26  45  2  35.4
27  45  2  35.69
28  45  2  39.01
29  45  2  40.8
30  45  2  46.44
1  46  2  25.42
2  46  2  23.37
3  46  2  26.88
4  46  2  51.33
5  46  2  14.1
6  46  2  19.89
7  46  2  36.85
8  46  2  8.46
9  46  2  29.04
10  46  2  28.8
11  46  2  42.93
12  46  2  38.28
13  46  2  44.88
14  46  2  32.85
15  46  2  26.79
16  46  2  28.2
17  46  2  37.4
18  46  2  28
19  46  2  14.21
20  46  2  35.19
21  46  2  36.52
22  46  2  35.28
23  46  2  6.3
24  46  2  40.56
25  46  2  6
26  46  2  48
27  46  2  6.88
28  46  2  18.33
29  46  2  38.76
30  46  2  8.1
1  47  2  17.22
2  47  2  28.7
3  47  2  34.08
4  47  2  17.11
5  47  2  33.84
6  47  2  30.6
7  47  2  24.2
8  47  2  37.6
9  47  2  29.48
10  47  2  14
11  47  2  12.72
12  47  2  27.72
13  47  2  37.74
14  47  2  17.55
15  47  2  17.39
16  47  2  28.2
17  47  2  38.28
18  47  2  29.68
19  47  2  8.33
20  47  2  32.13
21  47  2  22.44
22  47  2  13.44
23  47  2  16.2
24  47  2  23.92
25  47  2  15.5
26  47  2  51.6
27  47  2  34.4
28  47  2  15.04
29  47  2  30.09
30  47  2  13.5
1  48  2  17.63
2  48  2  25.42
3  48  2  27.84
4  48  2  44.84
5  48  2  23.97
6  48  2  21.42
7  48  2  31.9
8  48  2  32.43
9  48  2  12.76
10  48  2  17.2
11  48  2  7.95
12  48  2  14.08
13  48  2  45.39
14  48  2  20.7
15  48  2  15.04
16  48  2  22.2
17  48  2  28.16
18  48  2  29.68
19  48  2  13.23
20  48  2  44.37
21  48  2  26.4
22  48  2  25.62
23  48  2  16.65
24  48  2  26.52
25  48  2  19
26  48  2  21.6
27  48  2  36.12
28  48  2  23.5
29  48  2  28.56
30  48  2  29.16
1  49  2  9.02
2  49  2  36.08
3  49  2  20.64
4  49  2  41.89
5  49  2  40.42
6  49  2  31.62
7  49  2  19.25
8  49  2  21.15
9  49  2  21.56
10  49  2  21.6
11  49  2  16.43
12  49  2  32.12
13  49  2  42.84
14  49  2  18.45
15  49  2  14.1
16  49  2  39.6
17  49  2  22.44
18  49  2  24.08
19  49  2  23.03
20  49  2  25.5
21  49  2  29.92
22  49  2  23.94
23  49  2  25.2
24  49  2  35.36
25  49  2  38.5
26  49  2  52.8
27  49  2  35.26
28  49  2  25.38
29  49  2  26.01
30  49  2  25.92
1  50  2  4.92
2  50  2  36.49
3  50  2  39.84
4  50  2  22.42
5  50  2  22.56
6  50  2  28.05
7  50  2  37.4
8  50  2  12.22
9  50  2  23.76
10  50  2  18
11  50  2  14.31
12  50  2  6.6
13  50  2  26.52
14  50  2  36.9
15  50  2  37.13
16  50  2  36
17  50  2  32.56
18  50  2  30.8
19  50  2  36.75
20  50  2  31.11
21  50  2  4.84
22  50  2  18.9
23  50  2  12.15
24  50  2  35.36
25  50  2  20
26  50  2  31.2
27  50  2  27.52
28  50  2  42.3
29  50  2  40.8
30  50  2  8.64
;

param xi_base :=
1  1  85
2  1  16
3  1  66
4  1  23
5  1  48
6  1  37
7  1  25
8  1  37
9  1  22
10  1  45
11  1  19
12  1  36
13  1  33
14  1  88
15  1  86
16  1  53
17  1  19
18  1  28
19  1  64
20  1  61
21  1  38
22  1  64
23  1  77
24  1  51
25  1  14
26  1  85
27  1  69
28  1  40
29  1  67
30  1  64
1  2  80
2  2  22
3  2  19
4  2  22
5  2  88
6  2  70
7  2  16
8  2  88
9  2  69
10  2  64
11  2  71
12  2  63
13  2  36
14  2  31
15  2  27
16  2  63
17  2  14
18  2  81
19  2  51
20  2  55
21  2  29
22  2  71
23  2  19
24  2  82
25  2  42
26  2  53
27  2  62
28  2  27
29  2  72
30  2  33
1  3  17
2  3  89
3  3  76
4  3  59
5  3  16
6  3  59
7  3  68
8  3  43
9  3  34
10  3  85
11  3  63
12  3  48
13  3  26
14  3  51
15  3  73
16  3  31
17  3  44
18  3  68
19  3  55
20  3  65
21  3  87
22  3  20
23  3  47
24  3  27
25  3  82
26  3  68
27  3  65
28  3  40
29  3  67
30  3  83
1  4  32
2  4  23
3  4  69
4  4  76
5  4  64
6  4  60
7  4  52
8  4  48
9  4  55
10  4  62
11  4  79
12  4  27
13  4  57
14  4  49
15  4  46
16  4  82
17  4  85
18  4  76
19  4  17
20  4  36
21  4  23
22  4  65
23  4  36
24  4  46
25  4  54
26  4  43
27  4  40
28  4  57
29  4  68
30  4  14
1  5  14
2  5  68
3  5  85
4  5  40
5  5  42
6  5  59
7  5  51
8  5  62
9  5  54
10  5  23
11  5  85
12  5  77
13  5  55
14  5  50
15  5  52
16  5  88
17  5  18
18  5  19
19  5  48
20  5  46
21  5  52
22  5  67
23  5  26
24  5  49
25  5  42
26  5  49
27  5  67
28  5  29
29  5  67
30  5  52
1  6  22
2  6  27
3  6  17
4  6  49
5  6  41
6  6  66
7  6  12
8  6  72
9  6  67
10  6  29
11  6  48
12  6  27
13  6  10
14  6  36
15  6  86
16  6  45
17  6  11
18  6  55
19  6  23
20  6  63
21  6  90
22  6  68
23  6  75
24  6  75
25  6  89
26  6  55
27  6  54
28  6  85
29  6  79
30  6  51
1  7  70
2  7  30
3  7  71
4  7  31
5  7  90
6  7  59
7  7  47
8  7  31
9  7  89
10  7  41
11  7  76
12  7  68
13  7  65
14  7  66
15  7  23
16  7  81
17  7  65
18  7  80
19  7  68
20  7  36
21  7  83
22  7  77
23  7  78
24  7  90
25  7  73
26  7  53
27  7  46
28  7  43
29  7  33
30  7  49
1  8  42
2  8  50
3  8  40
4  8  27
5  8  51
6  8  70
7  8  50
8  8  24
9  8  49
10  8  35
11  8  17
12  8  63
13  8  34
14  8  32
15  8  65
16  8  79
17  8  69
18  8  76
19  8  89
20  8  39
21  8  62
22  8  58
23  8  70
24  8  43
25  8  87
26  8  50
27  8  67
28  8  62
29  8  78
30  8  78
1  9  66
2  9  10
3  9  49
4  9  57
5  9  63
6  9  63
7  9  30
8  9  89
9  9  70
10  9  56
11  9  34
12  9  28
13  9  50
14  9  47
15  9  39
16  9  23
17  9  29
18  9  15
19  9  84
20  9  66
21  9  20
22  9  89
23  9  74
24  9  14
25  9  59
26  9  13
27  9  68
28  9  13
29  9  89
30  9  81
1  10  17
2  10  13
3  10  55
4  10  75
5  10  19
6  10  87
7  10  77
8  10  74
9  10  53
10  10  89
11  10  16
12  10  70
13  10  42
14  10  65
15  10  16
16  10  11
17  10  81
18  10  54
19  10  42
20  10  41
21  10  68
22  10  83
23  10  85
24  10  82
25  10  29
26  10  78
27  10  25
28  10  38
29  10  63
30  10  85
1  11  63
2  11  57
3  11  19
4  11  45
5  11  60
6  11  50
7  11  85
8  11  36
9  11  90
10  11  31
11  11  38
12  11  82
13  11  60
14  11  26
15  11  34
16  11  42
17  11  58
18  11  89
19  11  70
20  11  44
21  11  61
22  11  14
23  11  74
24  11  83
25  11  56
26  11  75
27  11  82
28  11  33
29  11  43
30  11  22
1  12  41
2  12  81
3  12  17
4  12  50
5  12  18
6  12  23
7  12  89
8  12  36
9  12  19
10  12  56
11  12  75
12  12  68
13  12  62
14  12  53
15  12  70
16  12  37
17  12  57
18  12  73
19  12  45
20  12  27
21  12  74
22  12  70
23  12  68
24  12  20
25  12  67
26  12  14
27  12  29
28  12  34
29  12  23
30  12  12
1  13  45
2  13  26
3  13  54
4  13  64
5  13  13
6  13  43
7  13  63
8  13  26
9  13  87
10  13  33
11  13  66
12  13  43
13  13  15
14  13  41
15  13  73
16  13  70
17  13  43
18  13  29
19  13  78
20  13  70
21  13  70
22  13  50
23  13  60
24  13  27
25  13  54
26  13  82
27  13  22
28  13  18
29  13  46
30  13  25
1  14  74
2  14  88
3  14  17
4  14  71
5  14  54
6  14  43
7  14  29
8  14  65
9  14  20
10  14  84
11  14  89
12  14  67
13  14  60
14  14  74
15  14  67
16  14  20
17  14  16
18  14  41
19  14  46
20  14  72
21  14  12
22  14  24
23  14  12
24  14  53
25  14  41
26  14  70
27  14  13
28  14  79
29  14  83
30  14  61
1  15  34
2  15  52
3  15  21
4  15  51
5  15  23
6  15  20
7  15  49
8  15  25
9  15  19
10  15  19
11  15  84
12  15  86
13  15  49
14  15  23
15  15  17
16  15  87
17  15  68
18  15  20
19  15  68
20  15  45
21  15  50
22  15  11
23  15  41
24  15  51
25  15  67
26  15  84
27  15  59
28  15  12
29  15  52
30  15  70
1  16  41
2  16  63
3  16  82
4  16  62
5  16  73
6  16  34
7  16  61
8  16  32
9  16  84
10  16  48
11  16  17
12  16  85
13  16  10
14  16  63
15  16  44
16  16  26
17  16  79
18  16  18
19  16  63
20  16  15
21  16  40
22  16  88
23  16  23
24  16  54
25  16  73
26  16  13
27  16  44
28  16  20
29  16  79
30  16  35
1  17  81
2  17  26
3  17  31
4  17  19
5  17  21
6  17  64
7  17  14
8  17  61
9  17  86
10  17  74
11  17  20
12  17  55
13  17  10
14  17  35
15  17  84
16  17  51
17  17  37
18  17  36
19  17  15
20  17  63
21  17  82
22  17  15
23  17  33
24  17  11
25  17  36
26  17  51
27  17  81
28  17  74
29  17  36
30  17  44
1  18  83
2  18  17
3  18  79
4  18  26
5  18  73
6  18  18
7  18  16
8  18  18
9  18  63
10  18  76
11  18  14
12  18  12
13  18  49
14  18  37
15  18  44
16  18  66
17  18  80
18  18  70
19  18  59
20  18  44
21  18  24
22  18  65
23  18  64
24  18  71
25  18  86
26  18  58
27  18  55
28  18  43
29  18  79
30  18  60
1  19  73
2  19  46
3  19  13
4  19  49
5  19  43
6  19  83
7  19  25
8  19  16
9  19  55
10  19  40
11  19  59
12  19  14
13  19  74
14  19  50
15  19  19
16  19  72
17  19  76
18  19  43
19  19  29
20  19  85
21  19  19
22  19  84
23  19  81
24  19  45
25  19  11
26  19  12
27  19  39
28  19  87
29  19  52
30  19  60
1  20  35
2  20  34
3  20  53
4  20  60
5  20  35
6  20  81
7  20  29
8  20  70
9  20  22
10  20  33
11  20  77
12  20  25
13  20  67
14  20  59
15  20  32
16  20  63
17  20  25
18  20  79
19  20  53
20  20  70
21  20  42
22  20  69
23  20  15
24  20  38
25  20  36
26  20  17
27  20  40
28  20  52
29  20  84
30  20  57
1  21  11
2  21  53
3  21  68
4  21  80
5  21  41
6  21  19
7  21  72
8  21  37
9  21  66
10  21  40
11  21  58
12  21  40
13  21  28
14  21  33
15  21  63
16  21  33
17  21  63
18  21  57
19  21  24
20  21  39
21  21  65
22  21  77
23  21  20
24  21  81
25  21  34
26  21  88
27  21  53
28  21  90
29  21  32
30  21  34
1  22  23
2  22  60
3  22  10
4  22  23
5  22  82
6  22  65
7  22  10
8  22  59
9  22  43
10  22  89
11  22  39
12  22  56
13  22  42
14  22  13
15  22  77
16  22  88
17  22  16
18  22  64
19  22  89
20  22  40
21  22  70
22  22  74
23  22  54
24  22  87
25  22  67
26  22  35
27  22  15
28  22  87
29  22  85
30  22  36
1  23  30
2  23  33
3  23  73
4  23  66
5  23  63
6  23  46
7  23  14
8  23  48
9  23  57
10  23  45
11  23  88
12  23  64
13  23  67
14  23  74
15  23  39
16  23  39
17  23  62
18  23  53
19  23  66
20  23  22
21  23  68
22  23  18
23  23  82
24  23  56
25  23  43
26  23  56
27  23  58
28  23  56
29  23  79
30  23  86
1  24  48
2  24  36
3  24  43
4  24  54
5  24  75
6  24  78
7  24  76
8  24  70
9  24  90
10  24  76
11  24  31
12  24  83
13  24  33
14  24  26
15  24  86
16  24  24
17  24  55
18  24  17
19  24  33
20  24  63
21  24  69
22  24  67
23  24  10
24  24  51
25  24  83
26  24  23
27  24  18
28  24  36
29  24  35
30  24  80
1  25  40
2  25  10
3  25  25
4  25  85
5  25  80
6  25  25
7  25  20
8  25  60
9  25  11
10  25  15
11  25  88
12  25  73
13  25  81
14  25  45
15  25  22
16  25  58
17  25  83
18  25  41
19  25  64
20  25  24
21  25  35
22  25  89
23  25  50
24  25  35
25  25  61
26  25  68
27  25  24
28  25  84
29  25  20
30  25  61
1  26  12
2  26  17
3  26  64
4  26  57
5  26  83
6  26  64
7  26  35
8  26  34
9  26  60
10  26  44
11  26  54
12  26  81
13  26  15
14  26  41
15  26  76
16  26  49
17  26  76
18  26  46
19  26  56
20  26  81
21  26  64
22  26  17
23  26  46
24  26  36
25  26  45
26  26  11
27  26  51
28  26  77
29  26  64
30  26  55
1  27  90
2  27  87
3  27  85
4  27  86
5  27  86
6  27  53
7  27  26
8  27  85
9  27  21
10  27  11
11  27  46
12  27  62
13  27  60
14  27  53
15  27  66
16  27  29
17  27  38
18  27  14
19  27  76
20  27  10
21  27  19
22  27  77
23  27  79
24  27  15
25  27  46
26  27  37
27  27  50
28  27  31
29  27  73
30  27  39
1  28  18
2  28  25
3  28  34
4  28  81
5  28  62
6  28  49
7  28  24
8  28  49
9  28  75
10  28  40
11  28  82
12  28  20
13  28  58
14  28  41
15  28  62
16  28  86
17  28  71
18  28  68
19  28  30
20  28  14
21  28  86
22  28  32
23  28  62
24  28  45
25  28  80
26  28  49
27  28  43
28  28  83
29  28  41
30  28  53
1  29  77
2  29  66
3  29  83
4  29  40
5  29  41
6  29  34
7  29  24
8  29  18
9  29  16
10  29  43
11  29  50
12  29  10
13  29  74
14  29  44
15  29  56
16  29  49
17  29  69
18  29  34
19  29  28
20  29  72
21  29  48
22  29  13
23  29  34
24  29  58
25  29  40
26  29  89
27  29  61
28  29  72
29  29  41
30  29  66
1  30  86
2  30  64
3  30  39
4  30  46
5  30  86
6  30  86
7  30  87
8  30  76
9  30  36
10  30  55
11  30  84
12  30  24
13  30  58
14  30  22
15  30  10
16  30  83
17  30  16
18  30  90
19  30  31
20  30  13
21  30  58
22  30  54
23  30  14
24  30  37
25  30  67
26  30  53
27  30  71
28  30  43
29  30  78
30  30  69
1  31  77
2  31  41
3  31  53
4  31  28
5  31  27
6  31  16
7  31  55
8  31  83
9  31  30
10  31  81
11  31  85
12  31  61
13  31  78
14  31  27
15  31  78
16  31  20
17  31  51
18  31  16
19  31  27
20  31  80
21  31  58
22  31  74
23  31  20
24  31  50
25  31  22
26  31  61
27  31  62
28  31  76
29  31  46
30  31  62
1  32  23
2  32  72
3  32  59
4  32  49
5  32  71
6  32  37
7  32  72
8  32  61
9  32  15
10  32  49
11  32  19
12  32  76
13  32  22
14  32  12
15  32  71
16  32  35
17  32  34
18  32  11
19  32  88
20  32  72
21  32  42
22  32  53
23  32  86
24  32  43
25  32  84
26  32  38
27  32  70
28  32  41
29  32  77
30  32  72
1  33  25
2  33  30
3  33  44
4  33  76
5  33  82
6  33  51
7  33  78
8  33  37
9  33  32
10  33  71
11  33  69
12  33  46
13  33  87
14  33  53
15  33  18
16  33  43
17  33  58
18  33  26
19  33  86
20  33  17
21  33  16
22  33  26
23  33  80
24  33  32
25  33  21
26  33  89
27  33  39
28  33  53
29  33  77
30  33  28
1  34  38
2  34  27
3  34  20
4  34  23
5  34  49
6  34  90
7  34  48
8  34  54
9  34  51
10  34  64
11  34  63
12  34  75
13  34  63
14  34  68
15  34  82
16  34  42
17  34  50
18  34  75
19  34  82
20  34  46
21  34  31
22  34  34
23  34  44
24  34  78
25  34  36
26  34  20
27  34  42
28  34  13
29  34  82
30  34  44
1  35  64
2  35  73
3  35  62
4  35  83
5  35  39
6  35  23
7  35  11
8  35  16
9  35  42
10  35  75
11  35  72
12  35  12
13  35  81
14  35  10
15  35  38
16  35  88
17  35  23
18  35  48
19  35  12
20  35  57
21  35  31
22  35  58
23  35  13
24  35  14
25  35  37
26  35  32
27  35  56
28  35  90
29  35  70
30  35  32
1  36  85
2  36  79
3  36  72
4  36  79
5  36  27
6  36  23
7  36  36
8  36  38
9  36  10
10  36  90
11  36  20
12  36  12
13  36  19
14  36  40
15  36  22
16  36  25
17  36  75
18  36  35
19  36  34
20  36  59
21  36  50
22  36  64
23  36  73
24  36  69
25  36  84
26  36  69
27  36  17
28  36  48
29  36  64
30  36  76
1  37  22
2  37  34
3  37  52
4  37  16
5  37  28
6  37  22
7  37  26
8  37  84
9  37  20
10  37  77
11  37  89
12  37  41
13  37  71
14  37  28
15  37  74
16  37  71
17  37  62
18  37  33
19  37  37
20  37  26
21  37  27
22  37  58
23  37  36
24  37  86
25  37  29
26  37  47
27  37  77
28  37  85
29  37  19
30  37  55
1  38  85
2  38  76
3  38  60
4  38  86
5  38  30
6  38  32
7  38  80
8  38  78
9  38  84
10  38  26
11  38  64
12  38  34
13  38  49
14  38  85
15  38  53
16  38  86
17  38  53
18  38  89
19  38  27
20  38  22
21  38  38
22  38  35
23  38  61
24  38  36
25  38  72
26  38  78
27  38  15
28  38  65
29  38  12
30  38  72
1  39  75
2  39  50
3  39  35
4  39  87
5  39  51
6  39  69
7  39  39
8  39  25
9  39  32
10  39  80
11  39  81
12  39  35
13  39  28
14  39  39
15  39  34
16  39  56
17  39  82
18  39  71
19  39  89
20  39  50
21  39  25
22  39  81
23  39  67
24  39  80
25  39  19
26  39  89
27  39  57
28  39  46
29  39  59
30  39  42
1  40  23
2  40  37
3  40  58
4  40  86
5  40  24
6  40  63
7  40  36
8  40  75
9  40  70
10  40  20
11  40  14
12  40  28
13  40  51
14  40  81
15  40  43
16  40  16
17  40  14
18  40  20
19  40  34
20  40  49
21  40  51
22  40  88
23  40  82
24  40  35
25  40  62
26  40  80
27  40  54
28  40  17
29  40  69
30  40  65
1  41  56
2  41  21
3  41  80
4  41  36
5  41  62
6  41  22
7  41  54
8  41  32
9  41  89
10  41  41
11  41  49
12  41  81
13  41  21
14  41  18
15  41  69
16  41  14
17  41  33
18  41  60
19  41  66
20  41  19
21  41  65
22  41  84
23  41  45
24  41  29
25  41  39
26  41  42
27  41  83
28  41  89
29  41  87
30  41  77
1  42  15
2  42  31
3  42  84
4  42  26
5  42  22
6  42  12
7  42  27
8  42  61
9  42  56
10  42  20
11  42  49
12  42  49
13  42  16
14  42  11
15  42  40
16  42  61
17  42  56
18  42  47
19  42  46
20  42  34
21  42  46
22  42  38
23  42  88
24  42  29
25  42  87
26  42  35
27  42  27
28  42  33
29  42  60
30  42  75
1  43  88
2  43  62
3  43  33
4  43  37
5  43  43
6  43  85
7  43  18
8  43  54
9  43  48
10  43  88
11  43  57
12  43  13
13  43  50
14  43  12
15  43  36
16  43  26
17  43  50
18  43  64
19  43  86
20  43  21
21  43  88
22  43  20
23  43  54
24  43  38
25  43  40
26  43  57
27  43  33
28  43  35
29  43  47
30  43  78
1  44  28
2  44  16
3  44  57
4  44  73
5  44  72
6  44  70
7  44  32
8  44  55
9  44  19
10  44  16
11  44  83
12  44  67
13  44  88
14  44  22
15  44  23
16  44  70
17  44  69
18  44  67
19  44  40
20  44  14
21  44  71
22  44  29
23  44  65
24  44  24
25  44  57
26  44  74
27  44  79
28  44  58
29  44  49
30  44  38
1  45  81
2  45  75
3  45  43
4  45  80
5  45  31
6  45  58
7  45  41
8  45  79
9  45  54
10  45  72
11  45  71
12  45  62
13  45  20
14  45  62
15  45  40
16  45  36
17  45  48
18  45  24
19  45  82
20  45  41
21  45  11
22  45  49
23  45  51
24  45  55
25  45  44
26  45  59
27  45  83
28  45  83
29  45  80
30  45  86
1  46  62
2  46  57
3  46  56
4  46  87
5  46  30
6  46  39
7  46  67
8  46  18
9  46  66
10  46  72
11  46  81
12  46  87
13  46  88
14  46  73
15  46  57
16  46  47
17  46  85
18  46  50
19  46  29
20  46  69
21  46  83
22  46  84
23  46  14
24  46  78
25  46  12
26  46  80
27  46  16
28  46  39
29  46  76
30  46  15
1  47  42
2  47  70
3  47  71
4  47  29
5  47  72
6  47  60
7  47  44
8  47  80
9  47  67
10  47  35
11  47  24
12  47  63
13  47  74
14  47  39
15  47  37
16  47  47
17  47  87
18  47  53
19  47  17
20  47  63
21  47  51
22  47  32
23  47  36
24  47  46
25  47  31
26  47  86
27  47  80
28  47  32
29  47  59
30  47  25
1  48  43
2  48  62
3  48  58
4  48  76
5  48  51
6  48  42
7  48  58
8  48  69
9  48  29
10  48  43
11  48  15
12  48  32
13  48  89
14  48  46
15  48  32
16  48  37
17  48  64
18  48  53
19  48  27
20  48  87
21  48  60
22  48  61
23  48  37
24  48  51
25  48  38
26  48  36
27  48  84
28  48  50
29  48  56
30  48  54
1  49  22
2  49  88
3  49  43
4  49  71
5  49  86
6  49  62
7  49  35
8  49  45
9  49  49
10  49  54
11  49  31
12  49  73
13  49  84
14  49  41
15  49  30
16  49  66
17  49  51
18  49  43
19  49  47
20  49  50
21  49  68
22  49  57
23  49  56
24  49  68
25  49  77
26  49  88
27  49  82
28  49  54
29  49  51
30  49  48
1  50  12
2  50  89
3  50  83
4  50  38
5  50  48
6  50  55
7  50  68
8  50  26
9  50  54
10  50  45
11  50  27
12  50  15
13  50  52
14  50  82
15  50  79
16  50  60
17  50  74
18  50  55
19  50  75
20  50  61
21  50  11
22  50  45
23  50  27
24  50  68
25  50  40
26  50  52
27  50  64
28  50  90
29  50  80
30  50  16
;

param a :=
1  1  1
2  1  0.41
1  2  1
2  2  0.41
1  3  1
2  3  0.48
1  4  1
2  4  0.59
1  5  1
2  5  0.47
1  6  1
2  6  0.51
1  7  1
2  7  0.55
1  8  1
2  8  0.47
1  9  1
2  9  0.44
1  10  1
2  10  0.4
1  11  1
2  11  0.53
1  12  1
2  12  0.44
1  13  1
2  13  0.51
1  14  1
2  14  0.45
1  15  1
2  15  0.47
1  16  1
2  16  0.6
1  17  1
2  17  0.44
1  18  1
2  18  0.56
1  19  1
2  19  0.49
1  20  1
2  20  0.51
1  21  1
2  21  0.44
1  22  1
2  22  0.42
1  23  1
2  23  0.45
1  24  1
2  24  0.52
1  25  1
2  25  0.5
1  26  1
2  26  0.6
1  27  1
2  27  0.43
1  28  1
2  28  0.47
1  29  1
2  29  0.51
1  30  1
2  30  0.54
;

