param com_measure1 := 1;

param com_measure2 := 1;

param kappa_max := 391.2533;

param U_tau := 560.3066;

param nT := 2;

param nS := 150;

param nL := 10;

param B := 257.30;

param w :=
1  1
2  1
3  3
4  1
5  2
6  3
7  3
8  3
9  3
10  2
;

param h :=
1  1  0
1  2  0
1  3  0
1  4  0
1  5  0
1  6  0
1  7  0
1  8  0
1  9  0
1  10  0
2  1  60.26
2  2  57.83
2  3  55.84
2  4  41.49
2  5  57.86
2  6  43.96
2  7  51.26
2  8  44.54
2  9  54.17
2  10  47.39
;

param xi :=
1  1  1  83
2  1  1  85
3  1  1  63
4  1  1  89
5  1  1  35
6  1  1  45
7  1  1  37
8  1  1  50
9  1  1  64
10  1  1  26
1  2  1  71
2  2  1  25
3  2  1  76
4  2  1  59
5  2  1  40
6  2  1  22
7  2  1  68
8  2  1  77
9  2  1  90
10  2  1  55
1  3  1  45
2  3  1  81
3  3  1  41
4  3  1  35
5  3  1  60
6  3  1  42
7  3  1  75
8  3  1  59
9  3  1  50
10  3  1  77
1  4  1  50
2  4  1  74
3  4  1  36
4  4  1  25
5  4  1  32
6  4  1  19
7  4  1  57
8  4  1  25
9  4  1  15
10  4  1  14
1  5  1  81
2  5  1  24
3  5  1  68
4  5  1  42
5  5  1  14
6  5  1  79
7  5  1  32
8  5  1  54
9  5  1  49
10  5  1  33
1  6  1  33
2  6  1  54
3  6  1  39
4  6  1  63
5  6  1  44
6  6  1  63
7  6  1  32
8  6  1  80
9  6  1  75
10  6  1  36
1  7  1  50
2  7  1  25
3  7  1  41
4  7  1  45
5  7  1  35
6  7  1  89
7  7  1  68
8  7  1  75
9  7  1  48
10  7  1  88
1  8  1  28
2  8  1  51
3  8  1  57
4  8  1  61
5  8  1  86
6  8  1  43
7  8  1  12
8  8  1  26
9  8  1  47
10  8  1  67
1  9  1  43
2  9  1  63
3  9  1  58
4  9  1  75
5  9  1  69
6  9  1  81
7  9  1  87
8  9  1  51
9  9  1  51
10  9  1  82
1  10  1  65
2  10  1  87
3  10  1  62
4  10  1  32
5  10  1  27
6  10  1  67
7  10  1  11
8  10  1  54
9  10  1  87
10  10  1  55
1  11  1  51
2  11  1  12
3  11  1  77
4  11  1  33
5  11  1  11
6  11  1  42
7  11  1  15
8  11  1  29
9  11  1  82
10  11  1  61
1  12  1  40
2  12  1  25
3  12  1  21
4  12  1  39
5  12  1  12
6  12  1  78
7  12  1  56
8  12  1  50
9  12  1  18
10  12  1  49
1  13  1  12
2  13  1  56
3  13  1  47
4  13  1  79
5  13  1  30
6  13  1  68
7  13  1  88
8  13  1  54
9  13  1  86
10  13  1  15
1  14  1  44
2  14  1  66
3  14  1  48
4  14  1  51
5  14  1  58
6  14  1  64
7  14  1  41
8  14  1  70
9  14  1  60
10  14  1  59
1  15  1  11
2  15  1  40
3  15  1  76
4  15  1  53
5  15  1  21
6  15  1  81
7  15  1  49
8  15  1  68
9  15  1  86
10  15  1  29
1  16  1  59
2  16  1  36
3  16  1  71
4  16  1  89
5  16  1  68
6  16  1  35
7  16  1  28
8  16  1  76
9  16  1  70
10  16  1  60
1  17  1  64
2  17  1  50
3  17  1  53
4  17  1  64
5  17  1  59
6  17  1  47
7  17  1  47
8  17  1  34
9  17  1  82
10  17  1  45
1  18  1  65
2  18  1  89
3  18  1  53
4  18  1  21
5  18  1  32
6  18  1  44
7  18  1  75
8  18  1  55
9  18  1  65
10  18  1  85
1  19  1  49
2  19  1  68
3  19  1  11
4  19  1  34
5  19  1  30
6  19  1  78
7  19  1  46
8  19  1  28
9  19  1  16
10  19  1  29
1  20  1  54
2  20  1  13
3  20  1  10
4  20  1  63
5  20  1  88
6  20  1  54
7  20  1  85
8  20  1  66
9  20  1  48
10  20  1  47
1  21  1  60
2  21  1  58
3  21  1  90
4  21  1  31
5  21  1  25
6  21  1  42
7  21  1  38
8  21  1  21
9  21  1  88
10  21  1  14
1  22  1  65
2  22  1  64
3  22  1  32
4  22  1  30
5  22  1  18
6  22  1  56
7  22  1  81
8  22  1  87
9  22  1  88
10  22  1  71
1  23  1  59
2  23  1  89
3  23  1  38
4  23  1  51
5  23  1  53
6  23  1  73
7  23  1  43
8  23  1  49
9  23  1  34
10  23  1  74
1  24  1  23
2  24  1  57
3  24  1  72
4  24  1  53
5  24  1  45
6  24  1  37
7  24  1  86
8  24  1  55
9  24  1  17
10  24  1  42
1  25  1  30
2  25  1  46
3  25  1  56
4  25  1  60
5  25  1  38
6  25  1  65
7  25  1  55
8  25  1  27
9  25  1  83
10  25  1  34
1  26  1  15
2  26  1  31
3  26  1  70
4  26  1  59
5  26  1  51
6  26  1  76
7  26  1  65
8  26  1  65
9  26  1  56
10  26  1  48
1  27  1  47
2  27  1  56
3  27  1  15
4  27  1  20
5  27  1  40
6  27  1  49
7  27  1  17
8  27  1  87
9  27  1  18
10  27  1  42
1  28  1  67
2  28  1  87
3  28  1  62
4  28  1  56
5  28  1  25
6  28  1  53
7  28  1  82
8  28  1  86
9  28  1  61
10  28  1  39
1  29  1  88
2  29  1  85
3  29  1  68
4  29  1  63
5  29  1  54
6  29  1  39
7  29  1  89
8  29  1  74
9  29  1  19
10  29  1  20
1  30  1  30
2  30  1  66
3  30  1  54
4  30  1  29
5  30  1  82
6  30  1  28
7  30  1  56
8  30  1  88
9  30  1  13
10  30  1  90
1  31  1  17
2  31  1  27
3  31  1  52
4  31  1  84
5  31  1  39
6  31  1  57
7  31  1  16
8  31  1  32
9  31  1  47
10  31  1  85
1  32  1  54
2  32  1  60
3  32  1  31
4  32  1  58
5  32  1  72
6  32  1  25
7  32  1  47
8  32  1  15
9  32  1  62
10  32  1  25
1  33  1  72
2  33  1  49
3  33  1  10
4  33  1  75
5  33  1  30
6  33  1  21
7  33  1  29
8  33  1  24
9  33  1  69
10  33  1  83
1  34  1  38
2  34  1  75
3  34  1  39
4  34  1  18
5  34  1  40
6  34  1  46
7  34  1  45
8  34  1  57
9  34  1  21
10  34  1  32
1  35  1  34
2  35  1  73
3  35  1  85
4  35  1  24
5  35  1  11
6  35  1  67
7  35  1  74
8  35  1  44
9  35  1  69
10  35  1  63
1  36  1  57
2  36  1  81
3  36  1  43
4  36  1  24
5  36  1  58
6  36  1  22
7  36  1  33
8  36  1  35
9  36  1  48
10  36  1  48
1  37  1  50
2  37  1  40
3  37  1  21
4  37  1  85
5  37  1  71
6  37  1  37
7  37  1  37
8  37  1  51
9  37  1  82
10  37  1  88
1  38  1  29
2  38  1  44
3  38  1  32
4  38  1  81
5  38  1  85
6  38  1  48
7  38  1  84
8  38  1  72
9  38  1  59
10  38  1  44
1  39  1  67
2  39  1  83
3  39  1  51
4  39  1  80
5  39  1  10
6  39  1  74
7  39  1  56
8  39  1  53
9  39  1  18
10  39  1  10
1  40  1  89
2  40  1  88
3  40  1  83
4  40  1  57
5  40  1  65
6  40  1  22
7  40  1  57
8  40  1  72
9  40  1  61
10  40  1  48
1  41  1  76
2  41  1  68
3  41  1  33
4  41  1  79
5  41  1  34
6  41  1  10
7  41  1  77
8  41  1  78
9  41  1  38
10  41  1  54
1  42  1  18
2  42  1  79
3  42  1  14
4  42  1  40
5  42  1  32
6  42  1  84
7  42  1  60
8  42  1  39
9  42  1  58
10  42  1  72
1  43  1  83
2  43  1  63
3  43  1  71
4  43  1  60
5  43  1  15
6  43  1  42
7  43  1  55
8  43  1  43
9  43  1  23
10  43  1  87
1  44  1  86
2  44  1  79
3  44  1  11
4  44  1  35
5  44  1  13
6  44  1  32
7  44  1  42
8  44  1  45
9  44  1  58
10  44  1  79
1  45  1  68
2  45  1  50
3  45  1  61
4  45  1  33
5  45  1  80
6  45  1  65
7  45  1  86
8  45  1  41
9  45  1  58
10  45  1  28
1  46  1  76
2  46  1  51
3  46  1  50
4  46  1  15
5  46  1  55
6  46  1  55
7  46  1  30
8  46  1  88
9  46  1  57
10  46  1  43
1  47  1  73
2  47  1  86
3  47  1  43
4  47  1  17
5  47  1  86
6  47  1  15
7  47  1  64
8  47  1  22
9  47  1  69
10  47  1  81
1  48  1  66
2  48  1  90
3  48  1  39
4  48  1  68
5  48  1  74
6  48  1  16
7  48  1  17
8  48  1  55
9  48  1  19
10  48  1  39
1  49  1  87
2  49  1  60
3  49  1  38
4  49  1  43
5  49  1  31
6  49  1  47
7  49  1  30
8  49  1  32
9  49  1  49
10  49  1  16
1  50  1  60
2  50  1  12
3  50  1  85
4  50  1  63
5  50  1  80
6  50  1  51
7  50  1  87
8  50  1  85
9  50  1  71
10  50  1  56
1  51  1  64
2  51  1  77
3  51  1  29
4  51  1  62
5  51  1  39
6  51  1  67
7  51  1  40
8  51  1  45
9  51  1  45
10  51  1  10
1  52  1  88
2  52  1  34
3  52  1  88
4  52  1  65
5  52  1  50
6  52  1  81
7  52  1  70
8  52  1  86
9  52  1  32
10  52  1  45
1  53  1  78
2  53  1  63
3  53  1  82
4  53  1  55
5  53  1  89
6  53  1  76
7  53  1  58
8  53  1  16
9  53  1  36
10  53  1  57
1  54  1  57
2  54  1  21
3  54  1  52
4  54  1  14
5  54  1  70
6  54  1  40
7  54  1  43
8  54  1  16
9  54  1  79
10  54  1  26
1  55  1  44
2  55  1  65
3  55  1  71
4  55  1  27
5  55  1  48
6  55  1  72
7  55  1  59
8  55  1  65
9  55  1  48
10  55  1  45
1  56  1  53
2  56  1  53
3  56  1  65
4  56  1  24
5  56  1  68
6  56  1  68
7  56  1  28
8  56  1  37
9  56  1  15
10  56  1  20
1  57  1  19
2  57  1  71
3  57  1  67
4  57  1  24
5  57  1  71
6  57  1  15
7  57  1  25
8  57  1  45
9  57  1  57
10  57  1  78
1  58  1  35
2  58  1  66
3  58  1  33
4  58  1  88
5  58  1  59
6  58  1  57
7  58  1  22
8  58  1  17
9  58  1  51
10  58  1  24
1  59  1  32
2  59  1  61
3  59  1  31
4  59  1  80
5  59  1  14
6  59  1  38
7  59  1  61
8  59  1  53
9  59  1  16
10  59  1  15
1  60  1  84
2  60  1  64
3  60  1  12
4  60  1  17
5  60  1  17
6  60  1  10
7  60  1  58
8  60  1  86
9  60  1  69
10  60  1  23
1  61  1  63
2  61  1  39
3  61  1  73
4  61  1  24
5  61  1  66
6  61  1  11
7  61  1  80
8  61  1  27
9  61  1  58
10  61  1  77
1  62  1  44
2  62  1  90
3  62  1  68
4  62  1  36
5  62  1  14
6  62  1  50
7  62  1  62
8  62  1  17
9  62  1  39
10  62  1  33
1  63  1  78
2  63  1  18
3  63  1  80
4  63  1  67
5  63  1  25
6  63  1  29
7  63  1  53
8  63  1  83
9  63  1  83
10  63  1  62
1  64  1  50
2  64  1  18
3  64  1  89
4  64  1  70
5  64  1  69
6  64  1  61
7  64  1  83
8  64  1  43
9  64  1  23
10  64  1  83
1  65  1  78
2  65  1  61
3  65  1  67
4  65  1  19
5  65  1  51
6  65  1  54
7  65  1  31
8  65  1  11
9  65  1  85
10  65  1  89
1  66  1  18
2  66  1  47
3  66  1  22
4  66  1  14
5  66  1  80
6  66  1  45
7  66  1  67
8  66  1  42
9  66  1  10
10  66  1  41
1  67  1  64
2  67  1  29
3  67  1  79
4  67  1  10
5  67  1  23
6  67  1  55
7  67  1  23
8  67  1  38
9  67  1  84
10  67  1  48
1  68  1  59
2  68  1  56
3  68  1  77
4  68  1  57
5  68  1  64
6  68  1  71
7  68  1  28
8  68  1  41
9  68  1  62
10  68  1  32
1  69  1  73
2  69  1  81
3  69  1  68
4  69  1  78
5  69  1  44
6  69  1  55
7  69  1  12
8  69  1  83
9  69  1  27
10  69  1  43
1  70  1  36
2  70  1  13
3  70  1  51
4  70  1  14
5  70  1  43
6  70  1  46
7  70  1  85
8  70  1  44
9  70  1  30
10  70  1  12
1  71  1  78
2  71  1  45
3  71  1  20
4  71  1  34
5  71  1  87
6  71  1  11
7  71  1  16
8  71  1  19
9  71  1  23
10  71  1  84
1  72  1  74
2  72  1  47
3  72  1  57
4  72  1  85
5  72  1  53
6  72  1  29
7  72  1  26
8  72  1  25
9  72  1  21
10  72  1  72
1  73  1  81
2  73  1  40
3  73  1  19
4  73  1  34
5  73  1  23
6  73  1  42
7  73  1  30
8  73  1  18
9  73  1  49
10  73  1  23
1  74  1  33
2  74  1  31
3  74  1  67
4  74  1  43
5  74  1  47
6  74  1  51
7  74  1  75
8  74  1  81
9  74  1  36
10  74  1  49
1  75  1  12
2  75  1  30
3  75  1  29
4  75  1  25
5  75  1  89
6  75  1  85
7  75  1  11
8  75  1  51
9  75  1  86
10  75  1  69
1  76  1  76
2  76  1  41
3  76  1  88
4  76  1  37
5  76  1  17
6  76  1  63
7  76  1  16
8  76  1  10
9  76  1  68
10  76  1  41
1  77  1  51
2  77  1  61
3  77  1  23
4  77  1  82
5  77  1  27
6  77  1  28
7  77  1  84
8  77  1  53
9  77  1  66
10  77  1  49
1  78  1  52
2  78  1  78
3  78  1  67
4  78  1  86
5  78  1  25
6  78  1  71
7  78  1  90
8  78  1  56
9  78  1  43
10  78  1  75
1  79  1  49
2  79  1  78
3  79  1  69
4  79  1  25
5  79  1  57
6  79  1  68
7  79  1  84
8  79  1  11
9  79  1  11
10  79  1  58
1  80  1  35
2  80  1  18
3  80  1  22
4  80  1  82
5  80  1  79
6  80  1  43
7  80  1  17
8  80  1  34
9  80  1  47
10  80  1  46
1  81  1  52
2  81  1  28
3  81  1  71
4  81  1  30
5  81  1  57
6  81  1  60
7  81  1  45
8  81  1  63
9  81  1  60
10  81  1  42
1  82  1  51
2  82  1  49
3  82  1  48
4  82  1  51
5  82  1  39
6  82  1  16
7  82  1  34
8  82  1  71
9  82  1  48
10  82  1  55
1  83  1  24
2  83  1  90
3  83  1  81
4  83  1  20
5  83  1  23
6  83  1  33
7  83  1  74
8  83  1  80
9  83  1  90
10  83  1  47
1  84  1  54
2  84  1  10
3  84  1  31
4  84  1  69
5  84  1  77
6  84  1  19
7  84  1  21
8  84  1  88
9  84  1  16
10  84  1  57
1  85  1  28
2  85  1  70
3  85  1  12
4  85  1  70
5  85  1  88
6  85  1  90
7  85  1  17
8  85  1  19
9  85  1  49
10  85  1  45
1  86  1  73
2  86  1  82
3  86  1  49
4  86  1  60
5  86  1  77
6  86  1  37
7  86  1  79
8  86  1  43
9  86  1  49
10  86  1  32
1  87  1  56
2  87  1  77
3  87  1  58
4  87  1  30
5  87  1  85
6  87  1  69
7  87  1  10
8  87  1  47
9  87  1  67
10  87  1  85
1  88  1  79
2  88  1  20
3  88  1  70
4  88  1  52
5  88  1  16
6  88  1  31
7  88  1  84
8  88  1  23
9  88  1  43
10  88  1  17
1  89  1  20
2  89  1  71
3  89  1  75
4  89  1  16
5  89  1  84
6  89  1  28
7  89  1  85
8  89  1  30
9  89  1  72
10  89  1  84
1  90  1  34
2  90  1  77
3  90  1  18
4  90  1  64
5  90  1  33
6  90  1  20
7  90  1  60
8  90  1  57
9  90  1  55
10  90  1  59
1  91  1  74
2  91  1  32
3  91  1  85
4  91  1  61
5  91  1  73
6  91  1  55
7  91  1  40
8  91  1  82
9  91  1  12
10  91  1  40
1  92  1  30
2  92  1  74
3  92  1  59
4  92  1  39
5  92  1  61
6  92  1  59
7  92  1  38
8  92  1  89
9  92  1  23
10  92  1  22
1  93  1  81
2  93  1  12
3  93  1  32
4  93  1  41
5  93  1  30
6  93  1  21
7  93  1  44
8  93  1  40
9  93  1  64
10  93  1  15
1  94  1  53
2  94  1  27
3  94  1  57
4  94  1  19
5  94  1  33
6  94  1  10
7  94  1  66
8  94  1  85
9  94  1  63
10  94  1  61
1  95  1  86
2  95  1  49
3  95  1  41
4  95  1  57
5  95  1  14
6  95  1  69
7  95  1  42
8  95  1  38
9  95  1  20
10  95  1  11
1  96  1  47
2  96  1  20
3  96  1  16
4  96  1  75
5  96  1  12
6  96  1  46
7  96  1  17
8  96  1  78
9  96  1  76
10  96  1  76
1  97  1  16
2  97  1  61
3  97  1  30
4  97  1  59
5  97  1  50
6  97  1  42
7  97  1  19
8  97  1  11
9  97  1  77
10  97  1  69
1  98  1  64
2  98  1  22
3  98  1  85
4  98  1  86
5  98  1  40
6  98  1  54
7  98  1  75
8  98  1  53
9  98  1  26
10  98  1  77
1  99  1  57
2  99  1  71
3  99  1  86
4  99  1  81
5  99  1  16
6  99  1  68
7  99  1  11
8  99  1  82
9  99  1  75
10  99  1  31
1  100  1  63
2  100  1  21
3  100  1  80
4  100  1  85
5  100  1  14
6  100  1  57
7  100  1  65
8  100  1  22
9  100  1  78
10  100  1  78
1  101  1  13
2  101  1  71
3  101  1  53
4  101  1  82
5  101  1  89
6  101  1  31
7  101  1  15
8  101  1  30
9  101  1  12
10  101  1  88
1  102  1  57
2  102  1  88
3  102  1  87
4  102  1  25
5  102  1  20
6  102  1  82
7  102  1  53
8  102  1  42
9  102  1  76
10  102  1  14
1  103  1  41
2  103  1  84
3  103  1  15
4  103  1  18
5  103  1  76
6  103  1  46
7  103  1  48
8  103  1  86
9  103  1  36
10  103  1  71
1  104  1  73
2  104  1  39
3  104  1  73
4  104  1  74
5  104  1  70
6  104  1  84
7  104  1  50
8  104  1  26
9  104  1  46
10  104  1  34
1  105  1  30
2  105  1  30
3  105  1  75
4  105  1  57
5  105  1  77
6  105  1  78
7  105  1  55
8  105  1  62
9  105  1  38
10  105  1  48
1  106  1  57
2  106  1  38
3  106  1  25
4  106  1  41
5  106  1  13
6  106  1  39
7  106  1  30
8  106  1  24
9  106  1  65
10  106  1  24
1  107  1  78
2  107  1  86
3  107  1  60
4  107  1  85
5  107  1  46
6  107  1  81
7  107  1  45
8  107  1  41
9  107  1  22
10  107  1  49
1  108  1  28
2  108  1  32
3  108  1  67
4  108  1  25
5  108  1  68
6  108  1  31
7  108  1  48
8  108  1  39
9  108  1  72
10  108  1  68
1  109  1  75
2  109  1  13
3  109  1  65
4  109  1  21
5  109  1  21
6  109  1  39
7  109  1  36
8  109  1  58
9  109  1  32
10  109  1  39
1  110  1  57
2  110  1  12
3  110  1  55
4  110  1  75
5  110  1  86
6  110  1  20
7  110  1  75
8  110  1  37
9  110  1  67
10  110  1  51
1  111  1  71
2  111  1  16
3  111  1  63
4  111  1  34
5  111  1  35
6  111  1  38
7  111  1  36
8  111  1  48
9  111  1  68
10  111  1  11
1  112  1  73
2  112  1  46
3  112  1  18
4  112  1  16
5  112  1  22
6  112  1  35
7  112  1  61
8  112  1  57
9  112  1  53
10  112  1  48
1  113  1  41
2  113  1  80
3  113  1  45
4  113  1  75
5  113  1  88
6  113  1  17
7  113  1  57
8  113  1  58
9  113  1  57
10  113  1  74
1  114  1  32
2  114  1  34
3  114  1  44
4  114  1  89
5  114  1  85
6  114  1  53
7  114  1  35
8  114  1  74
9  114  1  25
10  114  1  90
1  115  1  66
2  115  1  27
3  115  1  25
4  115  1  49
5  115  1  35
6  115  1  67
7  115  1  36
8  115  1  58
9  115  1  82
10  115  1  68
1  116  1  19
2  116  1  39
3  116  1  57
4  116  1  55
5  116  1  21
6  116  1  74
7  116  1  22
8  116  1  55
9  116  1  52
10  116  1  63
1  117  1  55
2  117  1  84
3  117  1  86
4  117  1  85
5  117  1  36
6  117  1  41
7  117  1  12
8  117  1  27
9  117  1  90
10  117  1  79
1  118  1  72
2  118  1  24
3  118  1  56
4  118  1  10
5  118  1  28
6  118  1  25
7  118  1  75
8  118  1  51
9  118  1  43
10  118  1  59
1  119  1  24
2  119  1  22
3  119  1  83
4  119  1  87
5  119  1  16
6  119  1  73
7  119  1  17
8  119  1  55
9  119  1  59
10  119  1  47
1  120  1  70
2  120  1  77
3  120  1  89
4  120  1  16
5  120  1  28
6  120  1  59
7  120  1  64
8  120  1  16
9  120  1  89
10  120  1  18
1  121  1  69
2  121  1  83
3  121  1  34
4  121  1  21
5  121  1  55
6  121  1  41
7  121  1  11
8  121  1  30
9  121  1  61
10  121  1  70
1  122  1  36
2  122  1  30
3  122  1  68
4  122  1  54
5  122  1  62
6  122  1  31
7  122  1  76
8  122  1  49
9  122  1  14
10  122  1  49
1  123  1  89
2  123  1  33
3  123  1  15
4  123  1  26
5  123  1  61
6  123  1  17
7  123  1  82
8  123  1  48
9  123  1  37
10  123  1  42
1  124  1  52
2  124  1  88
3  124  1  53
4  124  1  71
5  124  1  30
6  124  1  26
7  124  1  53
8  124  1  72
9  124  1  30
10  124  1  10
1  125  1  55
2  125  1  84
3  125  1  33
4  125  1  28
5  125  1  46
6  125  1  54
7  125  1  18
8  125  1  71
9  125  1  24
10  125  1  50
1  126  1  68
2  126  1  29
3  126  1  70
4  126  1  21
5  126  1  13
6  126  1  88
7  126  1  10
8  126  1  12
9  126  1  84
10  126  1  46
1  127  1  57
2  127  1  12
3  127  1  86
4  127  1  23
5  127  1  11
6  127  1  85
7  127  1  48
8  127  1  56
9  127  1  45
10  127  1  36
1  128  1  66
2  128  1  87
3  128  1  40
4  128  1  39
5  128  1  70
6  128  1  28
7  128  1  23
8  128  1  58
9  128  1  34
10  128  1  63
1  129  1  85
2  129  1  90
3  129  1  59
4  129  1  36
5  129  1  82
6  129  1  55
7  129  1  19
8  129  1  46
9  129  1  75
10  129  1  61
1  130  1  54
2  130  1  42
3  130  1  65
4  130  1  65
5  130  1  76
6  130  1  69
7  130  1  90
8  130  1  60
9  130  1  87
10  130  1  84
1  131  1  31
2  131  1  27
3  131  1  37
4  131  1  87
5  131  1  70
6  131  1  29
7  131  1  88
8  131  1  12
9  131  1  50
10  131  1  43
1  132  1  64
2  132  1  60
3  132  1  47
4  132  1  30
5  132  1  45
6  132  1  65
7  132  1  69
8  132  1  59
9  132  1  47
10  132  1  37
1  133  1  25
2  133  1  50
3  133  1  87
4  133  1  59
5  133  1  87
6  133  1  38
7  133  1  20
8  133  1  41
9  133  1  32
10  133  1  15
1  134  1  43
2  134  1  46
3  134  1  27
4  134  1  35
5  134  1  85
6  134  1  80
7  134  1  89
8  134  1  27
9  134  1  14
10  134  1  31
1  135  1  40
2  135  1  67
3  135  1  85
4  135  1  86
5  135  1  43
6  135  1  77
7  135  1  58
8  135  1  18
9  135  1  18
10  135  1  74
1  136  1  70
2  136  1  24
3  136  1  90
4  136  1  89
5  136  1  32
6  136  1  41
7  136  1  17
8  136  1  54
9  136  1  41
10  136  1  87
1  137  1  26
2  137  1  88
3  137  1  59
4  137  1  19
5  137  1  11
6  137  1  87
7  137  1  69
8  137  1  30
9  137  1  78
10  137  1  10
1  138  1  55
2  138  1  30
3  138  1  14
4  138  1  56
5  138  1  64
6  138  1  27
7  138  1  29
8  138  1  73
9  138  1  56
10  138  1  19
1  139  1  88
2  139  1  11
3  139  1  40
4  139  1  72
5  139  1  49
6  139  1  71
7  139  1  12
8  139  1  44
9  139  1  86
10  139  1  90
1  140  1  30
2  140  1  58
3  140  1  76
4  140  1  41
5  140  1  74
6  140  1  61
7  140  1  69
8  140  1  83
9  140  1  42
10  140  1  12
1  141  1  10
2  141  1  39
3  141  1  76
4  141  1  42
5  141  1  15
6  141  1  36
7  141  1  69
8  141  1  50
9  141  1  10
10  141  1  24
1  142  1  50
2  142  1  40
3  142  1  32
4  142  1  53
5  142  1  65
6  142  1  67
7  142  1  11
8  142  1  28
9  142  1  62
10  142  1  12
1  143  1  63
2  143  1  53
3  143  1  80
4  143  1  77
5  143  1  84
6  143  1  41
7  143  1  87
8  143  1  19
9  143  1  47
10  143  1  20
1  144  1  27
2  144  1  68
3  144  1  16
4  144  1  22
5  144  1  45
6  144  1  31
7  144  1  50
8  144  1  81
9  144  1  19
10  144  1  49
1  145  1  23
2  145  1  85
3  145  1  55
4  145  1  83
5  145  1  89
6  145  1  35
7  145  1  32
8  145  1  28
9  145  1  89
10  145  1  74
1  146  1  58
2  146  1  89
3  146  1  39
4  146  1  32
5  146  1  90
6  146  1  79
7  146  1  56
8  146  1  88
9  146  1  19
10  146  1  24
1  147  1  44
2  147  1  28
3  147  1  15
4  147  1  17
5  147  1  54
6  147  1  68
7  147  1  80
8  147  1  57
9  147  1  68
10  147  1  67
1  148  1  34
2  148  1  22
3  148  1  35
4  148  1  40
5  148  1  60
6  148  1  80
7  148  1  41
8  148  1  16
9  148  1  89
10  148  1  60
1  149  1  80
2  149  1  37
3  149  1  61
4  149  1  54
5  149  1  64
6  149  1  23
7  149  1  48
8  149  1  38
9  149  1  26
10  149  1  75
1  150  1  23
2  150  1  64
3  150  1  61
4  150  1  26
5  150  1  70
6  150  1  80
7  150  1  89
8  150  1  75
9  150  1  34
10  150  1  28
1  1  2  35.69
2  1  2  38.25
3  1  2  29.61
4  1  2  51.62
5  1  2  14.35
6  1  2  25.2
7  1  2  17.76
8  1  2  27.5
9  1  2  30.08
10  1  2  13.52
1  2  2  30.53
2  2  2  11.25
3  2  2  35.72
4  2  2  34.22
5  2  2  16.4
6  2  2  12.32
7  2  2  32.64
8  2  2  42.35
9  2  2  42.3
10  2  2  28.6
1  3  2  19.35
2  3  2  36.45
3  3  2  19.27
4  3  2  20.3
5  3  2  24.6
6  3  2  23.52
7  3  2  36
8  3  2  32.45
9  3  2  23.5
10  3  2  40.04
1  4  2  21.5
2  4  2  33.3
3  4  2  16.92
4  4  2  14.5
5  4  2  13.12
6  4  2  10.64
7  4  2  27.36
8  4  2  13.75
9  4  2  7.05
10  4  2  7.28
1  5  2  34.83
2  5  2  10.8
3  5  2  31.96
4  5  2  24.36
5  5  2  5.74
6  5  2  44.24
7  5  2  15.36
8  5  2  29.7
9  5  2  23.03
10  5  2  17.16
1  6  2  14.19
2  6  2  24.3
3  6  2  18.33
4  6  2  36.54
5  6  2  18.04
6  6  2  35.28
7  6  2  15.36
8  6  2  44
9  6  2  35.25
10  6  2  18.72
1  7  2  21.5
2  7  2  11.25
3  7  2  19.27
4  7  2  26.1
5  7  2  14.35
6  7  2  49.84
7  7  2  32.64
8  7  2  41.25
9  7  2  22.56
10  7  2  45.76
1  8  2  12.04
2  8  2  22.95
3  8  2  26.79
4  8  2  35.38
5  8  2  35.26
6  8  2  24.08
7  8  2  5.76
8  8  2  14.3
9  8  2  22.09
10  8  2  34.84
1  9  2  18.49
2  9  2  28.35
3  9  2  27.26
4  9  2  43.5
5  9  2  28.29
6  9  2  45.36
7  9  2  41.76
8  9  2  28.05
9  9  2  23.97
10  9  2  42.64
1  10  2  27.95
2  10  2  39.15
3  10  2  29.14
4  10  2  18.56
5  10  2  11.07
6  10  2  37.52
7  10  2  5.28
8  10  2  29.7
9  10  2  40.89
10  10  2  28.6
1  11  2  21.93
2  11  2  5.4
3  11  2  36.19
4  11  2  19.14
5  11  2  4.51
6  11  2  23.52
7  11  2  7.2
8  11  2  15.95
9  11  2  38.54
10  11  2  31.72
1  12  2  17.2
2  12  2  11.25
3  12  2  9.87
4  12  2  22.62
5  12  2  4.92
6  12  2  43.68
7  12  2  26.88
8  12  2  27.5
9  12  2  8.46
10  12  2  25.48
1  13  2  5.16
2  13  2  25.2
3  13  2  22.09
4  13  2  45.82
5  13  2  12.3
6  13  2  38.08
7  13  2  42.24
8  13  2  29.7
9  13  2  40.42
10  13  2  7.8
1  14  2  18.92
2  14  2  29.7
3  14  2  22.56
4  14  2  29.58
5  14  2  23.78
6  14  2  35.84
7  14  2  19.68
8  14  2  38.5
9  14  2  28.2
10  14  2  30.68
1  15  2  4.73
2  15  2  18
3  15  2  35.72
4  15  2  30.74
5  15  2  8.61
6  15  2  45.36
7  15  2  23.52
8  15  2  37.4
9  15  2  40.42
10  15  2  15.08
1  16  2  25.37
2  16  2  16.2
3  16  2  33.37
4  16  2  51.62
5  16  2  27.88
6  16  2  19.6
7  16  2  13.44
8  16  2  41.8
9  16  2  32.9
10  16  2  31.2
1  17  2  27.52
2  17  2  22.5
3  17  2  24.91
4  17  2  37.12
5  17  2  24.19
6  17  2  26.32
7  17  2  22.56
8  17  2  18.7
9  17  2  38.54
10  17  2  23.4
1  18  2  27.95
2  18  2  40.05
3  18  2  24.91
4  18  2  12.18
5  18  2  13.12
6  18  2  24.64
7  18  2  36
8  18  2  30.25
9  18  2  30.55
10  18  2  44.2
1  19  2  21.07
2  19  2  30.6
3  19  2  5.17
4  19  2  19.72
5  19  2  12.3
6  19  2  43.68
7  19  2  22.08
8  19  2  15.4
9  19  2  7.52
10  19  2  15.08
1  20  2  23.22
2  20  2  5.85
3  20  2  4.7
4  20  2  36.54
5  20  2  36.08
6  20  2  30.24
7  20  2  40.8
8  20  2  36.3
9  20  2  22.56
10  20  2  24.44
1  21  2  25.8
2  21  2  26.1
3  21  2  42.3
4  21  2  17.98
5  21  2  10.25
6  21  2  23.52
7  21  2  18.24
8  21  2  11.55
9  21  2  41.36
10  21  2  7.28
1  22  2  27.95
2  22  2  28.8
3  22  2  15.04
4  22  2  17.4
5  22  2  7.38
6  22  2  31.36
7  22  2  38.88
8  22  2  47.85
9  22  2  41.36
10  22  2  36.92
1  23  2  25.37
2  23  2  40.05
3  23  2  17.86
4  23  2  29.58
5  23  2  21.73
6  23  2  40.88
7  23  2  20.64
8  23  2  26.95
9  23  2  15.98
10  23  2  38.48
1  24  2  9.89
2  24  2  25.65
3  24  2  33.84
4  24  2  30.74
5  24  2  18.45
6  24  2  20.72
7  24  2  41.28
8  24  2  30.25
9  24  2  7.99
10  24  2  21.84
1  25  2  12.9
2  25  2  20.7
3  25  2  26.32
4  25  2  34.8
5  25  2  15.58
6  25  2  36.4
7  25  2  26.4
8  25  2  14.85
9  25  2  39.01
10  25  2  17.68
1  26  2  6.45
2  26  2  13.95
3  26  2  32.9
4  26  2  34.22
5  26  2  20.91
6  26  2  42.56
7  26  2  31.2
8  26  2  35.75
9  26  2  26.32
10  26  2  24.96
1  27  2  20.21
2  27  2  25.2
3  27  2  7.05
4  27  2  11.6
5  27  2  16.4
6  27  2  27.44
7  27  2  8.16
8  27  2  47.85
9  27  2  8.46
10  27  2  21.84
1  28  2  28.81
2  28  2  39.15
3  28  2  29.14
4  28  2  32.48
5  28  2  10.25
6  28  2  29.68
7  28  2  39.36
8  28  2  47.3
9  28  2  28.67
10  28  2  20.28
1  29  2  37.84
2  29  2  38.25
3  29  2  31.96
4  29  2  36.54
5  29  2  22.14
6  29  2  21.84
7  29  2  42.72
8  29  2  40.7
9  29  2  8.93
10  29  2  10.4
1  30  2  12.9
2  30  2  29.7
3  30  2  25.38
4  30  2  16.82
5  30  2  33.62
6  30  2  15.68
7  30  2  26.88
8  30  2  48.4
9  30  2  6.11
10  30  2  46.8
1  31  2  7.31
2  31  2  12.15
3  31  2  24.44
4  31  2  48.72
5  31  2  15.99
6  31  2  31.92
7  31  2  7.68
8  31  2  17.6
9  31  2  22.09
10  31  2  44.2
1  32  2  23.22
2  32  2  27
3  32  2  14.57
4  32  2  33.64
5  32  2  29.52
6  32  2  14
7  32  2  22.56
8  32  2  8.25
9  32  2  29.14
10  32  2  13
1  33  2  30.96
2  33  2  22.05
3  33  2  4.7
4  33  2  43.5
5  33  2  12.3
6  33  2  11.76
7  33  2  13.92
8  33  2  13.2
9  33  2  32.43
10  33  2  43.16
1  34  2  16.34
2  34  2  33.75
3  34  2  18.33
4  34  2  10.44
5  34  2  16.4
6  34  2  25.76
7  34  2  21.6
8  34  2  31.35
9  34  2  9.87
10  34  2  16.64
1  35  2  14.62
2  35  2  32.85
3  35  2  39.95
4  35  2  13.92
5  35  2  4.51
6  35  2  37.52
7  35  2  35.52
8  35  2  24.2
9  35  2  32.43
10  35  2  32.76
1  36  2  24.51
2  36  2  36.45
3  36  2  20.21
4  36  2  13.92
5  36  2  23.78
6  36  2  12.32
7  36  2  15.84
8  36  2  19.25
9  36  2  22.56
10  36  2  24.96
1  37  2  21.5
2  37  2  18
3  37  2  9.87
4  37  2  49.3
5  37  2  29.11
6  37  2  20.72
7  37  2  17.76
8  37  2  28.05
9  37  2  38.54
10  37  2  45.76
1  38  2  12.47
2  38  2  19.8
3  38  2  15.04
4  38  2  46.98
5  38  2  34.85
6  38  2  26.88
7  38  2  40.32
8  38  2  39.6
9  38  2  27.73
10  38  2  22.88
1  39  2  28.81
2  39  2  37.35
3  39  2  23.97
4  39  2  46.4
5  39  2  4.1
6  39  2  41.44
7  39  2  26.88
8  39  2  29.15
9  39  2  8.46
10  39  2  5.2
1  40  2  38.27
2  40  2  39.6
3  40  2  39.01
4  40  2  33.06
5  40  2  26.65
6  40  2  12.32
7  40  2  27.36
8  40  2  39.6
9  40  2  28.67
10  40  2  24.96
1  41  2  32.68
2  41  2  30.6
3  41  2  15.51
4  41  2  45.82
5  41  2  13.94
6  41  2  5.6
7  41  2  36.96
8  41  2  42.9
9  41  2  17.86
10  41  2  28.08
1  42  2  7.74
2  42  2  35.55
3  42  2  6.58
4  42  2  23.2
5  42  2  13.12
6  42  2  47.04
7  42  2  28.8
8  42  2  21.45
9  42  2  27.26
10  42  2  37.44
1  43  2  35.69
2  43  2  28.35
3  43  2  33.37
4  43  2  34.8
5  43  2  6.15
6  43  2  23.52
7  43  2  26.4
8  43  2  23.65
9  43  2  10.81
10  43  2  45.24
1  44  2  36.98
2  44  2  35.55
3  44  2  5.17
4  44  2  20.3
5  44  2  5.33
6  44  2  17.92
7  44  2  20.16
8  44  2  24.75
9  44  2  27.26
10  44  2  41.08
1  45  2  29.24
2  45  2  22.5
3  45  2  28.67
4  45  2  19.14
5  45  2  32.8
6  45  2  36.4
7  45  2  41.28
8  45  2  22.55
9  45  2  27.26
10  45  2  14.56
1  46  2  32.68
2  46  2  22.95
3  46  2  23.5
4  46  2  8.7
5  46  2  22.55
6  46  2  30.8
7  46  2  14.4
8  46  2  48.4
9  46  2  26.79
10  46  2  22.36
1  47  2  31.39
2  47  2  38.7
3  47  2  20.21
4  47  2  9.86
5  47  2  35.26
6  47  2  8.4
7  47  2  30.72
8  47  2  12.1
9  47  2  32.43
10  47  2  42.12
1  48  2  28.38
2  48  2  40.5
3  48  2  18.33
4  48  2  39.44
5  48  2  30.34
6  48  2  8.96
7  48  2  8.16
8  48  2  30.25
9  48  2  8.93
10  48  2  20.28
1  49  2  37.41
2  49  2  27
3  49  2  17.86
4  49  2  24.94
5  49  2  12.71
6  49  2  26.32
7  49  2  14.4
8  49  2  17.6
9  49  2  23.03
10  49  2  8.32
1  50  2  25.8
2  50  2  5.4
3  50  2  39.95
4  50  2  36.54
5  50  2  32.8
6  50  2  28.56
7  50  2  41.76
8  50  2  46.75
9  50  2  33.37
10  50  2  29.12
1  51  2  27.52
2  51  2  34.65
3  51  2  13.63
4  51  2  35.96
5  51  2  15.99
6  51  2  37.52
7  51  2  19.2
8  51  2  24.75
9  51  2  21.15
10  51  2  5.2
1  52  2  37.84
2  52  2  15.3
3  52  2  41.36
4  52  2  37.7
5  52  2  20.5
6  52  2  45.36
7  52  2  33.6
8  52  2  47.3
9  52  2  15.04
10  52  2  23.4
1  53  2  33.54
2  53  2  28.35
3  53  2  38.54
4  53  2  31.9
5  53  2  36.49
6  53  2  42.56
7  53  2  27.84
8  53  2  8.8
9  53  2  16.92
10  53  2  29.64
1  54  2  24.51
2  54  2  9.45
3  54  2  24.44
4  54  2  8.12
5  54  2  28.7
6  54  2  22.4
7  54  2  20.64
8  54  2  8.8
9  54  2  37.13
10  54  2  13.52
1  55  2  18.92
2  55  2  29.25
3  55  2  33.37
4  55  2  15.66
5  55  2  19.68
6  55  2  40.32
7  55  2  28.32
8  55  2  35.75
9  55  2  22.56
10  55  2  23.4
1  56  2  22.79
2  56  2  23.85
3  56  2  30.55
4  56  2  13.92
5  56  2  27.88
6  56  2  38.08
7  56  2  13.44
8  56  2  20.35
9  56  2  7.05
10  56  2  10.4
1  57  2  8.17
2  57  2  31.95
3  57  2  31.49
4  57  2  13.92
5  57  2  29.11
6  57  2  8.4
7  57  2  12
8  57  2  24.75
9  57  2  26.79
10  57  2  40.56
1  58  2  15.05
2  58  2  29.7
3  58  2  15.51
4  58  2  51.04
5  58  2  24.19
6  58  2  31.92
7  58  2  10.56
8  58  2  9.35
9  58  2  23.97
10  58  2  12.48
1  59  2  13.76
2  59  2  27.45
3  59  2  14.57
4  59  2  46.4
5  59  2  5.74
6  59  2  21.28
7  59  2  29.28
8  59  2  29.15
9  59  2  7.52
10  59  2  7.8
1  60  2  36.12
2  60  2  28.8
3  60  2  5.64
4  60  2  9.86
5  60  2  6.97
6  60  2  5.6
7  60  2  27.84
8  60  2  47.3
9  60  2  32.43
10  60  2  11.96
1  61  2  27.09
2  61  2  17.55
3  61  2  34.31
4  61  2  13.92
5  61  2  27.06
6  61  2  6.16
7  61  2  38.4
8  61  2  14.85
9  61  2  27.26
10  61  2  40.04
1  62  2  18.92
2  62  2  40.5
3  62  2  31.96
4  62  2  20.88
5  62  2  5.74
6  62  2  28
7  62  2  29.76
8  62  2  9.35
9  62  2  18.33
10  62  2  17.16
1  63  2  33.54
2  63  2  8.1
3  63  2  37.6
4  63  2  38.86
5  63  2  10.25
6  63  2  16.24
7  63  2  25.44
8  63  2  45.65
9  63  2  39.01
10  63  2  32.24
1  64  2  21.5
2  64  2  8.1
3  64  2  41.83
4  64  2  40.6
5  64  2  28.29
6  64  2  34.16
7  64  2  39.84
8  64  2  23.65
9  64  2  10.81
10  64  2  43.16
1  65  2  33.54
2  65  2  27.45
3  65  2  31.49
4  65  2  11.02
5  65  2  20.91
6  65  2  30.24
7  65  2  14.88
8  65  2  6.05
9  65  2  39.95
10  65  2  46.28
1  66  2  7.74
2  66  2  21.15
3  66  2  10.34
4  66  2  8.12
5  66  2  32.8
6  66  2  25.2
7  66  2  32.16
8  66  2  23.1
9  66  2  4.7
10  66  2  21.32
1  67  2  27.52
2  67  2  13.05
3  67  2  37.13
4  67  2  5.8
5  67  2  9.43
6  67  2  30.8
7  67  2  11.04
8  67  2  20.9
9  67  2  39.48
10  67  2  24.96
1  68  2  25.37
2  68  2  25.2
3  68  2  36.19
4  68  2  33.06
5  68  2  26.24
6  68  2  39.76
7  68  2  13.44
8  68  2  22.55
9  68  2  29.14
10  68  2  16.64
1  69  2  31.39
2  69  2  36.45
3  69  2  31.96
4  69  2  45.24
5  69  2  18.04
6  69  2  30.8
7  69  2  5.76
8  69  2  45.65
9  69  2  12.69
10  69  2  22.36
1  70  2  15.48
2  70  2  5.85
3  70  2  23.97
4  70  2  8.12
5  70  2  17.63
6  70  2  25.76
7  70  2  40.8
8  70  2  24.2
9  70  2  14.1
10  70  2  6.24
1  71  2  33.54
2  71  2  20.25
3  71  2  9.4
4  71  2  19.72
5  71  2  35.67
6  71  2  6.16
7  71  2  7.68
8  71  2  10.45
9  71  2  10.81
10  71  2  43.68
1  72  2  31.82
2  72  2  21.15
3  72  2  26.79
4  72  2  49.3
5  72  2  21.73
6  72  2  16.24
7  72  2  12.48
8  72  2  13.75
9  72  2  9.87
10  72  2  37.44
1  73  2  34.83
2  73  2  18
3  73  2  8.93
4  73  2  19.72
5  73  2  9.43
6  73  2  23.52
7  73  2  14.4
8  73  2  9.9
9  73  2  23.03
10  73  2  11.96
1  74  2  14.19
2  74  2  13.95
3  74  2  31.49
4  74  2  24.94
5  74  2  19.27
6  74  2  28.56
7  74  2  36
8  74  2  44.55
9  74  2  16.92
10  74  2  25.48
1  75  2  5.16
2  75  2  13.5
3  75  2  13.63
4  75  2  14.5
5  75  2  36.49
6  75  2  47.6
7  75  2  5.28
8  75  2  28.05
9  75  2  40.42
10  75  2  35.88
1  76  2  32.68
2  76  2  18.45
3  76  2  41.36
4  76  2  21.46
5  76  2  6.97
6  76  2  35.28
7  76  2  7.68
8  76  2  5.5
9  76  2  31.96
10  76  2  21.32
1  77  2  21.93
2  77  2  27.45
3  77  2  10.81
4  77  2  47.56
5  77  2  11.07
6  77  2  15.68
7  77  2  40.32
8  77  2  29.15
9  77  2  31.02
10  77  2  25.48
1  78  2  22.36
2  78  2  35.1
3  78  2  31.49
4  78  2  49.88
5  78  2  10.25
6  78  2  39.76
7  78  2  43.2
8  78  2  30.8
9  78  2  20.21
10  78  2  39
1  79  2  21.07
2  79  2  35.1
3  79  2  32.43
4  79  2  14.5
5  79  2  23.37
6  79  2  38.08
7  79  2  40.32
8  79  2  6.05
9  79  2  5.17
10  79  2  30.16
1  80  2  15.05
2  80  2  8.1
3  80  2  10.34
4  80  2  47.56
5  80  2  32.39
6  80  2  24.08
7  80  2  8.16
8  80  2  18.7
9  80  2  22.09
10  80  2  23.92
1  81  2  22.36
2  81  2  12.6
3  81  2  33.37
4  81  2  17.4
5  81  2  23.37
6  81  2  33.6
7  81  2  21.6
8  81  2  34.65
9  81  2  28.2
10  81  2  21.84
1  82  2  21.93
2  82  2  22.05
3  82  2  22.56
4  82  2  29.58
5  82  2  15.99
6  82  2  8.96
7  82  2  16.32
8  82  2  39.05
9  82  2  22.56
10  82  2  28.6
1  83  2  10.32
2  83  2  40.5
3  83  2  38.07
4  83  2  11.6
5  83  2  9.43
6  83  2  18.48
7  83  2  35.52
8  83  2  44
9  83  2  42.3
10  83  2  24.44
1  84  2  23.22
2  84  2  4.5
3  84  2  14.57
4  84  2  40.02
5  84  2  31.57
6  84  2  10.64
7  84  2  10.08
8  84  2  48.4
9  84  2  7.52
10  84  2  29.64
1  85  2  12.04
2  85  2  31.5
3  85  2  5.64
4  85  2  40.6
5  85  2  36.08
6  85  2  50.4
7  85  2  8.16
8  85  2  10.45
9  85  2  23.03
10  85  2  23.4
1  86  2  31.39
2  86  2  36.9
3  86  2  23.03
4  86  2  34.8
5  86  2  31.57
6  86  2  20.72
7  86  2  37.92
8  86  2  23.65
9  86  2  23.03
10  86  2  16.64
1  87  2  24.08
2  87  2  34.65
3  87  2  27.26
4  87  2  17.4
5  87  2  34.85
6  87  2  38.64
7  87  2  4.8
8  87  2  25.85
9  87  2  31.49
10  87  2  44.2
1  88  2  33.97
2  88  2  9
3  88  2  32.9
4  88  2  30.16
5  88  2  6.56
6  88  2  17.36
7  88  2  40.32
8  88  2  12.65
9  88  2  20.21
10  88  2  8.84
1  89  2  8.6
2  89  2  31.95
3  89  2  35.25
4  89  2  9.28
5  89  2  34.44
6  89  2  15.68
7  89  2  40.8
8  89  2  16.5
9  89  2  33.84
10  89  2  43.68
1  90  2  14.62
2  90  2  34.65
3  90  2  8.46
4  90  2  37.12
5  90  2  13.53
6  90  2  11.2
7  90  2  28.8
8  90  2  31.35
9  90  2  25.85
10  90  2  30.68
1  91  2  31.82
2  91  2  14.4
3  91  2  39.95
4  91  2  35.38
5  91  2  29.93
6  91  2  30.8
7  91  2  19.2
8  91  2  45.1
9  91  2  5.64
10  91  2  20.8
1  92  2  12.9
2  92  2  33.3
3  92  2  27.73
4  92  2  22.62
5  92  2  25.01
6  92  2  33.04
7  92  2  18.24
8  92  2  48.95
9  92  2  10.81
10  92  2  11.44
1  93  2  34.83
2  93  2  5.4
3  93  2  15.04
4  93  2  23.78
5  93  2  12.3
6  93  2  11.76
7  93  2  21.12
8  93  2  22
9  93  2  30.08
10  93  2  7.8
1  94  2  22.79
2  94  2  12.15
3  94  2  26.79
4  94  2  11.02
5  94  2  13.53
6  94  2  5.6
7  94  2  31.68
8  94  2  46.75
9  94  2  29.61
10  94  2  31.72
1  95  2  36.98
2  95  2  22.05
3  95  2  19.27
4  95  2  33.06
5  95  2  5.74
6  95  2  38.64
7  95  2  20.16
8  95  2  20.9
9  95  2  9.4
10  95  2  5.72
1  96  2  20.21
2  96  2  9
3  96  2  7.52
4  96  2  43.5
5  96  2  4.92
6  96  2  25.76
7  96  2  8.16
8  96  2  42.9
9  96  2  35.72
10  96  2  39.52
1  97  2  6.88
2  97  2  27.45
3  97  2  14.1
4  97  2  34.22
5  97  2  20.5
6  97  2  23.52
7  97  2  9.12
8  97  2  6.05
9  97  2  36.19
10  97  2  35.88
1  98  2  27.52
2  98  2  9.9
3  98  2  39.95
4  98  2  49.88
5  98  2  16.4
6  98  2  30.24
7  98  2  36
8  98  2  29.15
9  98  2  12.22
10  98  2  40.04
1  99  2  24.51
2  99  2  31.95
3  99  2  40.42
4  99  2  46.98
5  99  2  6.56
6  99  2  38.08
7  99  2  5.28
8  99  2  45.1
9  99  2  35.25
10  99  2  16.12
1  100  2  27.09
2  100  2  9.45
3  100  2  37.6
4  100  2  49.3
5  100  2  5.74
6  100  2  31.92
7  100  2  31.2
8  100  2  12.1
9  100  2  36.66
10  100  2  40.56
1  101  2  5.59
2  101  2  31.95
3  101  2  24.91
4  101  2  47.56
5  101  2  36.49
6  101  2  17.36
7  101  2  7.2
8  101  2  16.5
9  101  2  5.64
10  101  2  45.76
1  102  2  24.51
2  102  2  39.6
3  102  2  40.89
4  102  2  14.5
5  102  2  8.2
6  102  2  45.92
7  102  2  25.44
8  102  2  23.1
9  102  2  35.72
10  102  2  7.28
1  103  2  17.63
2  103  2  37.8
3  103  2  7.05
4  103  2  10.44
5  103  2  31.16
6  103  2  25.76
7  103  2  23.04
8  103  2  47.3
9  103  2  16.92
10  103  2  36.92
1  104  2  31.39
2  104  2  17.55
3  104  2  34.31
4  104  2  42.92
5  104  2  28.7
6  104  2  47.04
7  104  2  24
8  104  2  14.3
9  104  2  21.62
10  104  2  17.68
1  105  2  12.9
2  105  2  13.5
3  105  2  35.25
4  105  2  33.06
5  105  2  31.57
6  105  2  43.68
7  105  2  26.4
8  105  2  34.1
9  105  2  17.86
10  105  2  24.96
1  106  2  24.51
2  106  2  17.1
3  106  2  11.75
4  106  2  23.78
5  106  2  5.33
6  106  2  21.84
7  106  2  14.4
8  106  2  13.2
9  106  2  30.55
10  106  2  12.48
1  107  2  33.54
2  107  2  38.7
3  107  2  28.2
4  107  2  49.3
5  107  2  18.86
6  107  2  45.36
7  107  2  21.6
8  107  2  22.55
9  107  2  10.34
10  107  2  25.48
1  108  2  12.04
2  108  2  14.4
3  108  2  31.49
4  108  2  14.5
5  108  2  27.88
6  108  2  17.36
7  108  2  23.04
8  108  2  21.45
9  108  2  33.84
10  108  2  35.36
1  109  2  32.25
2  109  2  5.85
3  109  2  30.55
4  109  2  12.18
5  109  2  8.61
6  109  2  21.84
7  109  2  17.28
8  109  2  31.9
9  109  2  15.04
10  109  2  20.28
1  110  2  24.51
2  110  2  5.4
3  110  2  25.85
4  110  2  43.5
5  110  2  35.26
6  110  2  11.2
7  110  2  36
8  110  2  20.35
9  110  2  31.49
10  110  2  26.52
1  111  2  30.53
2  111  2  7.2
3  111  2  29.61
4  111  2  19.72
5  111  2  14.35
6  111  2  21.28
7  111  2  17.28
8  111  2  26.4
9  111  2  31.96
10  111  2  5.72
1  112  2  31.39
2  112  2  20.7
3  112  2  8.46
4  112  2  9.28
5  112  2  9.02
6  112  2  19.6
7  112  2  29.28
8  112  2  31.35
9  112  2  24.91
10  112  2  24.96
1  113  2  17.63
2  113  2  36
3  113  2  21.15
4  113  2  43.5
5  113  2  36.08
6  113  2  9.52
7  113  2  27.36
8  113  2  31.9
9  113  2  26.79
10  113  2  38.48
1  114  2  13.76
2  114  2  15.3
3  114  2  20.68
4  114  2  51.62
5  114  2  34.85
6  114  2  29.68
7  114  2  16.8
8  114  2  40.7
9  114  2  11.75
10  114  2  46.8
1  115  2  28.38
2  115  2  12.15
3  115  2  11.75
4  115  2  28.42
5  115  2  14.35
6  115  2  37.52
7  115  2  17.28
8  115  2  31.9
9  115  2  38.54
10  115  2  35.36
1  116  2  8.17
2  116  2  17.55
3  116  2  26.79
4  116  2  31.9
5  116  2  8.61
6  116  2  41.44
7  116  2  10.56
8  116  2  30.25
9  116  2  24.44
10  116  2  32.76
1  117  2  23.65
2  117  2  37.8
3  117  2  40.42
4  117  2  49.3
5  117  2  14.76
6  117  2  22.96
7  117  2  5.76
8  117  2  14.85
9  117  2  42.3
10  117  2  41.08
1  118  2  30.96
2  118  2  10.8
3  118  2  26.32
4  118  2  5.8
5  118  2  11.48
6  118  2  14
7  118  2  36
8  118  2  28.05
9  118  2  20.21
10  118  2  30.68
1  119  2  10.32
2  119  2  9.9
3  119  2  39.01
4  119  2  50.46
5  119  2  6.56
6  119  2  40.88
7  119  2  8.16
8  119  2  30.25
9  119  2  27.73
10  119  2  24.44
1  120  2  30.1
2  120  2  34.65
3  120  2  41.83
4  120  2  9.28
5  120  2  11.48
6  120  2  33.04
7  120  2  30.72
8  120  2  8.8
9  120  2  41.83
10  120  2  9.36
1  121  2  29.67
2  121  2  37.35
3  121  2  15.98
4  121  2  12.18
5  121  2  22.55
6  121  2  22.96
7  121  2  5.28
8  121  2  16.5
9  121  2  28.67
10  121  2  36.4
1  122  2  15.48
2  122  2  13.5
3  122  2  31.96
4  122  2  31.32
5  122  2  25.42
6  122  2  17.36
7  122  2  36.48
8  122  2  26.95
9  122  2  6.58
10  122  2  25.48
1  123  2  38.27
2  123  2  14.85
3  123  2  7.05
4  123  2  15.08
5  123  2  25.01
6  123  2  9.52
7  123  2  39.36
8  123  2  26.4
9  123  2  17.39
10  123  2  21.84
1  124  2  22.36
2  124  2  39.6
3  124  2  24.91
4  124  2  41.18
5  124  2  12.3
6  124  2  14.56
7  124  2  25.44
8  124  2  39.6
9  124  2  14.1
10  124  2  5.2
1  125  2  23.65
2  125  2  37.8
3  125  2  15.51
4  125  2  16.24
5  125  2  18.86
6  125  2  30.24
7  125  2  8.64
8  125  2  39.05
9  125  2  11.28
10  125  2  26
1  126  2  29.24
2  126  2  13.05
3  126  2  32.9
4  126  2  12.18
5  126  2  5.33
6  126  2  49.28
7  126  2  4.8
8  126  2  6.6
9  126  2  39.48
10  126  2  23.92
1  127  2  24.51
2  127  2  5.4
3  127  2  40.42
4  127  2  13.34
5  127  2  4.51
6  127  2  47.6
7  127  2  23.04
8  127  2  30.8
9  127  2  21.15
10  127  2  18.72
1  128  2  28.38
2  128  2  39.15
3  128  2  18.8
4  128  2  22.62
5  128  2  28.7
6  128  2  15.68
7  128  2  11.04
8  128  2  31.9
9  128  2  15.98
10  128  2  32.76
1  129  2  36.55
2  129  2  40.5
3  129  2  27.73
4  129  2  20.88
5  129  2  33.62
6  129  2  30.8
7  129  2  9.12
8  129  2  25.3
9  129  2  35.25
10  129  2  31.72
1  130  2  23.22
2  130  2  18.9
3  130  2  30.55
4  130  2  37.7
5  130  2  31.16
6  130  2  38.64
7  130  2  43.2
8  130  2  33
9  130  2  40.89
10  130  2  43.68
1  131  2  13.33
2  131  2  12.15
3  131  2  17.39
4  131  2  50.46
5  131  2  28.7
6  131  2  16.24
7  131  2  42.24
8  131  2  6.6
9  131  2  23.5
10  131  2  22.36
1  132  2  27.52
2  132  2  27
3  132  2  22.09
4  132  2  17.4
5  132  2  18.45
6  132  2  36.4
7  132  2  33.12
8  132  2  32.45
9  132  2  22.09
10  132  2  19.24
1  133  2  10.75
2  133  2  22.5
3  133  2  40.89
4  133  2  34.22
5  133  2  35.67
6  133  2  21.28
7  133  2  9.6
8  133  2  22.55
9  133  2  15.04
10  133  2  7.8
1  134  2  18.49
2  134  2  20.7
3  134  2  12.69
4  134  2  20.3
5  134  2  34.85
6  134  2  44.8
7  134  2  42.72
8  134  2  14.85
9  134  2  6.58
10  134  2  16.12
1  135  2  17.2
2  135  2  30.15
3  135  2  39.95
4  135  2  49.88
5  135  2  17.63
6  135  2  43.12
7  135  2  27.84
8  135  2  9.9
9  135  2  8.46
10  135  2  38.48
1  136  2  30.1
2  136  2  10.8
3  136  2  42.3
4  136  2  51.62
5  136  2  13.12
6  136  2  22.96
7  136  2  8.16
8  136  2  29.7
9  136  2  19.27
10  136  2  45.24
1  137  2  11.18
2  137  2  39.6
3  137  2  27.73
4  137  2  11.02
5  137  2  4.51
6  137  2  48.72
7  137  2  33.12
8  137  2  16.5
9  137  2  36.66
10  137  2  5.2
1  138  2  23.65
2  138  2  13.5
3  138  2  6.58
4  138  2  32.48
5  138  2  26.24
6  138  2  15.12
7  138  2  13.92
8  138  2  40.15
9  138  2  26.32
10  138  2  9.88
1  139  2  37.84
2  139  2  4.95
3  139  2  18.8
4  139  2  41.76
5  139  2  20.09
6  139  2  39.76
7  139  2  5.76
8  139  2  24.2
9  139  2  40.42
10  139  2  46.8
1  140  2  12.9
2  140  2  26.1
3  140  2  35.72
4  140  2  23.78
5  140  2  30.34
6  140  2  34.16
7  140  2  33.12
8  140  2  45.65
9  140  2  19.74
10  140  2  6.24
1  141  2  4.3
2  141  2  17.55
3  141  2  35.72
4  141  2  24.36
5  141  2  6.15
6  141  2  20.16
7  141  2  33.12
8  141  2  27.5
9  141  2  4.7
10  141  2  12.48
1  142  2  21.5
2  142  2  18
3  142  2  15.04
4  142  2  30.74
5  142  2  26.65
6  142  2  37.52
7  142  2  5.28
8  142  2  15.4
9  142  2  29.14
10  142  2  6.24
1  143  2  27.09
2  143  2  23.85
3  143  2  37.6
4  143  2  44.66
5  143  2  34.44
6  143  2  22.96
7  143  2  41.76
8  143  2  10.45
9  143  2  22.09
10  143  2  10.4
1  144  2  11.61
2  144  2  30.6
3  144  2  7.52
4  144  2  12.76
5  144  2  18.45
6  144  2  17.36
7  144  2  24
8  144  2  44.55
9  144  2  8.93
10  144  2  25.48
1  145  2  9.89
2  145  2  38.25
3  145  2  25.85
4  145  2  48.14
5  145  2  36.49
6  145  2  19.6
7  145  2  15.36
8  145  2  15.4
9  145  2  41.83
10  145  2  38.48
1  146  2  24.94
2  146  2  40.05
3  146  2  18.33
4  146  2  18.56
5  146  2  36.9
6  146  2  44.24
7  146  2  26.88
8  146  2  48.4
9  146  2  8.93
10  146  2  12.48
1  147  2  18.92
2  147  2  12.6
3  147  2  7.05
4  147  2  9.86
5  147  2  22.14
6  147  2  38.08
7  147  2  38.4
8  147  2  31.35
9  147  2  31.96
10  147  2  34.84
1  148  2  14.62
2  148  2  9.9
3  148  2  16.45
4  148  2  23.2
5  148  2  24.6
6  148  2  44.8
7  148  2  19.68
8  148  2  8.8
9  148  2  41.83
10  148  2  31.2
1  149  2  34.4
2  149  2  16.65
3  149  2  28.67
4  149  2  31.32
5  149  2  26.24
6  149  2  12.88
7  149  2  23.04
8  149  2  20.9
9  149  2  12.22
10  149  2  39
1  150  2  9.89
2  150  2  28.8
3  150  2  28.67
4  150  2  15.08
5  150  2  28.7
6  150  2  44.8
7  150  2  42.72
8  150  2  41.25
9  150  2  15.98
10  150  2  14.56
;

param xi_base :=
1  1  83
2  1  85
3  1  63
4  1  89
5  1  35
6  1  45
7  1  37
8  1  50
9  1  64
10  1  26
1  2  71
2  2  25
3  2  76
4  2  59
5  2  40
6  2  22
7  2  68
8  2  77
9  2  90
10  2  55
1  3  45
2  3  81
3  3  41
4  3  35
5  3  60
6  3  42
7  3  75
8  3  59
9  3  50
10  3  77
1  4  50
2  4  74
3  4  36
4  4  25
5  4  32
6  4  19
7  4  57
8  4  25
9  4  15
10  4  14
1  5  81
2  5  24
3  5  68
4  5  42
5  5  14
6  5  79
7  5  32
8  5  54
9  5  49
10  5  33
1  6  33
2  6  54
3  6  39
4  6  63
5  6  44
6  6  63
7  6  32
8  6  80
9  6  75
10  6  36
1  7  50
2  7  25
3  7  41
4  7  45
5  7  35
6  7  89
7  7  68
8  7  75
9  7  48
10  7  88
1  8  28
2  8  51
3  8  57
4  8  61
5  8  86
6  8  43
7  8  12
8  8  26
9  8  47
10  8  67
1  9  43
2  9  63
3  9  58
4  9  75
5  9  69
6  9  81
7  9  87
8  9  51
9  9  51
10  9  82
1  10  65
2  10  87
3  10  62
4  10  32
5  10  27
6  10  67
7  10  11
8  10  54
9  10  87
10  10  55
1  11  51
2  11  12
3  11  77
4  11  33
5  11  11
6  11  42
7  11  15
8  11  29
9  11  82
10  11  61
1  12  40
2  12  25
3  12  21
4  12  39
5  12  12
6  12  78
7  12  56
8  12  50
9  12  18
10  12  49
1  13  12
2  13  56
3  13  47
4  13  79
5  13  30
6  13  68
7  13  88
8  13  54
9  13  86
10  13  15
1  14  44
2  14  66
3  14  48
4  14  51
5  14  58
6  14  64
7  14  41
8  14  70
9  14  60
10  14  59
1  15  11
2  15  40
3  15  76
4  15  53
5  15  21
6  15  81
7  15  49
8  15  68
9  15  86
10  15  29
1  16  59
2  16  36
3  16  71
4  16  89
5  16  68
6  16  35
7  16  28
8  16  76
9  16  70
10  16  60
1  17  64
2  17  50
3  17  53
4  17  64
5  17  59
6  17  47
7  17  47
8  17  34
9  17  82
10  17  45
1  18  65
2  18  89
3  18  53
4  18  21
5  18  32
6  18  44
7  18  75
8  18  55
9  18  65
10  18  85
1  19  49
2  19  68
3  19  11
4  19  34
5  19  30
6  19  78
7  19  46
8  19  28
9  19  16
10  19  29
1  20  54
2  20  13
3  20  10
4  20  63
5  20  88
6  20  54
7  20  85
8  20  66
9  20  48
10  20  47
1  21  60
2  21  58
3  21  90
4  21  31
5  21  25
6  21  42
7  21  38
8  21  21
9  21  88
10  21  14
1  22  65
2  22  64
3  22  32
4  22  30
5  22  18
6  22  56
7  22  81
8  22  87
9  22  88
10  22  71
1  23  59
2  23  89
3  23  38
4  23  51
5  23  53
6  23  73
7  23  43
8  23  49
9  23  34
10  23  74
1  24  23
2  24  57
3  24  72
4  24  53
5  24  45
6  24  37
7  24  86
8  24  55
9  24  17
10  24  42
1  25  30
2  25  46
3  25  56
4  25  60
5  25  38
6  25  65
7  25  55
8  25  27
9  25  83
10  25  34
1  26  15
2  26  31
3  26  70
4  26  59
5  26  51
6  26  76
7  26  65
8  26  65
9  26  56
10  26  48
1  27  47
2  27  56
3  27  15
4  27  20
5  27  40
6  27  49
7  27  17
8  27  87
9  27  18
10  27  42
1  28  67
2  28  87
3  28  62
4  28  56
5  28  25
6  28  53
7  28  82
8  28  86
9  28  61
10  28  39
1  29  88
2  29  85
3  29  68
4  29  63
5  29  54
6  29  39
7  29  89
8  29  74
9  29  19
10  29  20
1  30  30
2  30  66
3  30  54
4  30  29
5  30  82
6  30  28
7  30  56
8  30  88
9  30  13
10  30  90
1  31  17
2  31  27
3  31  52
4  31  84
5  31  39
6  31  57
7  31  16
8  31  32
9  31  47
10  31  85
1  32  54
2  32  60
3  32  31
4  32  58
5  32  72
6  32  25
7  32  47
8  32  15
9  32  62
10  32  25
1  33  72
2  33  49
3  33  10
4  33  75
5  33  30
6  33  21
7  33  29
8  33  24
9  33  69
10  33  83
1  34  38
2  34  75
3  34  39
4  34  18
5  34  40
6  34  46
7  34  45
8  34  57
9  34  21
10  34  32
1  35  34
2  35  73
3  35  85
4  35  24
5  35  11
6  35  67
7  35  74
8  35  44
9  35  69
10  35  63
1  36  57
2  36  81
3  36  43
4  36  24
5  36  58
6  36  22
7  36  33
8  36  35
9  36  48
10  36  48
1  37  50
2  37  40
3  37  21
4  37  85
5  37  71
6  37  37
7  37  37
8  37  51
9  37  82
10  37  88
1  38  29
2  38  44
3  38  32
4  38  81
5  38  85
6  38  48
7  38  84
8  38  72
9  38  59
10  38  44
1  39  67
2  39  83
3  39  51
4  39  80
5  39  10
6  39  74
7  39  56
8  39  53
9  39  18
10  39  10
1  40  89
2  40  88
3  40  83
4  40  57
5  40  65
6  40  22
7  40  57
8  40  72
9  40  61
10  40  48
1  41  76
2  41  68
3  41  33
4  41  79
5  41  34
6  41  10
7  41  77
8  41  78
9  41  38
10  41  54
1  42  18
2  42  79
3  42  14
4  42  40
5  42  32
6  42  84
7  42  60
8  42  39
9  42  58
10  42  72
1  43  83
2  43  63
3  43  71
4  43  60
5  43  15
6  43  42
7  43  55
8  43  43
9  43  23
10  43  87
1  44  86
2  44  79
3  44  11
4  44  35
5  44  13
6  44  32
7  44  42
8  44  45
9  44  58
10  44  79
1  45  68
2  45  50
3  45  61
4  45  33
5  45  80
6  45  65
7  45  86
8  45  41
9  45  58
10  45  28
1  46  76
2  46  51
3  46  50
4  46  15
5  46  55
6  46  55
7  46  30
8  46  88
9  46  57
10  46  43
1  47  73
2  47  86
3  47  43
4  47  17
5  47  86
6  47  15
7  47  64
8  47  22
9  47  69
10  47  81
1  48  66
2  48  90
3  48  39
4  48  68
5  48  74
6  48  16
7  48  17
8  48  55
9  48  19
10  48  39
1  49  87
2  49  60
3  49  38
4  49  43
5  49  31
6  49  47
7  49  30
8  49  32
9  49  49
10  49  16
1  50  60
2  50  12
3  50  85
4  50  63
5  50  80
6  50  51
7  50  87
8  50  85
9  50  71
10  50  56
1  51  64
2  51  77
3  51  29
4  51  62
5  51  39
6  51  67
7  51  40
8  51  45
9  51  45
10  51  10
1  52  88
2  52  34
3  52  88
4  52  65
5  52  50
6  52  81
7  52  70
8  52  86
9  52  32
10  52  45
1  53  78
2  53  63
3  53  82
4  53  55
5  53  89
6  53  76
7  53  58
8  53  16
9  53  36
10  53  57
1  54  57
2  54  21
3  54  52
4  54  14
5  54  70
6  54  40
7  54  43
8  54  16
9  54  79
10  54  26
1  55  44
2  55  65
3  55  71
4  55  27
5  55  48
6  55  72
7  55  59
8  55  65
9  55  48
10  55  45
1  56  53
2  56  53
3  56  65
4  56  24
5  56  68
6  56  68
7  56  28
8  56  37
9  56  15
10  56  20
1  57  19
2  57  71
3  57  67
4  57  24
5  57  71
6  57  15
7  57  25
8  57  45
9  57  57
10  57  78
1  58  35
2  58  66
3  58  33
4  58  88
5  58  59
6  58  57
7  58  22
8  58  17
9  58  51
10  58  24
1  59  32
2  59  61
3  59  31
4  59  80
5  59  14
6  59  38
7  59  61
8  59  53
9  59  16
10  59  15
1  60  84
2  60  64
3  60  12
4  60  17
5  60  17
6  60  10
7  60  58
8  60  86
9  60  69
10  60  23
1  61  63
2  61  39
3  61  73
4  61  24
5  61  66
6  61  11
7  61  80
8  61  27
9  61  58
10  61  77
1  62  44
2  62  90
3  62  68
4  62  36
5  62  14
6  62  50
7  62  62
8  62  17
9  62  39
10  62  33
1  63  78
2  63  18
3  63  80
4  63  67
5  63  25
6  63  29
7  63  53
8  63  83
9  63  83
10  63  62
1  64  50
2  64  18
3  64  89
4  64  70
5  64  69
6  64  61
7  64  83
8  64  43
9  64  23
10  64  83
1  65  78
2  65  61
3  65  67
4  65  19
5  65  51
6  65  54
7  65  31
8  65  11
9  65  85
10  65  89
1  66  18
2  66  47
3  66  22
4  66  14
5  66  80
6  66  45
7  66  67
8  66  42
9  66  10
10  66  41
1  67  64
2  67  29
3  67  79
4  67  10
5  67  23
6  67  55
7  67  23
8  67  38
9  67  84
10  67  48
1  68  59
2  68  56
3  68  77
4  68  57
5  68  64
6  68  71
7  68  28
8  68  41
9  68  62
10  68  32
1  69  73
2  69  81
3  69  68
4  69  78
5  69  44
6  69  55
7  69  12
8  69  83
9  69  27
10  69  43
1  70  36
2  70  13
3  70  51
4  70  14
5  70  43
6  70  46
7  70  85
8  70  44
9  70  30
10  70  12
1  71  78
2  71  45
3  71  20
4  71  34
5  71  87
6  71  11
7  71  16
8  71  19
9  71  23
10  71  84
1  72  74
2  72  47
3  72  57
4  72  85
5  72  53
6  72  29
7  72  26
8  72  25
9  72  21
10  72  72
1  73  81
2  73  40
3  73  19
4  73  34
5  73  23
6  73  42
7  73  30
8  73  18
9  73  49
10  73  23
1  74  33
2  74  31
3  74  67
4  74  43
5  74  47
6  74  51
7  74  75
8  74  81
9  74  36
10  74  49
1  75  12
2  75  30
3  75  29
4  75  25
5  75  89
6  75  85
7  75  11
8  75  51
9  75  86
10  75  69
1  76  76
2  76  41
3  76  88
4  76  37
5  76  17
6  76  63
7  76  16
8  76  10
9  76  68
10  76  41
1  77  51
2  77  61
3  77  23
4  77  82
5  77  27
6  77  28
7  77  84
8  77  53
9  77  66
10  77  49
1  78  52
2  78  78
3  78  67
4  78  86
5  78  25
6  78  71
7  78  90
8  78  56
9  78  43
10  78  75
1  79  49
2  79  78
3  79  69
4  79  25
5  79  57
6  79  68
7  79  84
8  79  11
9  79  11
10  79  58
1  80  35
2  80  18
3  80  22
4  80  82
5  80  79
6  80  43
7  80  17
8  80  34
9  80  47
10  80  46
1  81  52
2  81  28
3  81  71
4  81  30
5  81  57
6  81  60
7  81  45
8  81  63
9  81  60
10  81  42
1  82  51
2  82  49
3  82  48
4  82  51
5  82  39
6  82  16
7  82  34
8  82  71
9  82  48
10  82  55
1  83  24
2  83  90
3  83  81
4  83  20
5  83  23
6  83  33
7  83  74
8  83  80
9  83  90
10  83  47
1  84  54
2  84  10
3  84  31
4  84  69
5  84  77
6  84  19
7  84  21
8  84  88
9  84  16
10  84  57
1  85  28
2  85  70
3  85  12
4  85  70
5  85  88
6  85  90
7  85  17
8  85  19
9  85  49
10  85  45
1  86  73
2  86  82
3  86  49
4  86  60
5  86  77
6  86  37
7  86  79
8  86  43
9  86  49
10  86  32
1  87  56
2  87  77
3  87  58
4  87  30
5  87  85
6  87  69
7  87  10
8  87  47
9  87  67
10  87  85
1  88  79
2  88  20
3  88  70
4  88  52
5  88  16
6  88  31
7  88  84
8  88  23
9  88  43
10  88  17
1  89  20
2  89  71
3  89  75
4  89  16
5  89  84
6  89  28
7  89  85
8  89  30
9  89  72
10  89  84
1  90  34
2  90  77
3  90  18
4  90  64
5  90  33
6  90  20
7  90  60
8  90  57
9  90  55
10  90  59
1  91  74
2  91  32
3  91  85
4  91  61
5  91  73
6  91  55
7  91  40
8  91  82
9  91  12
10  91  40
1  92  30
2  92  74
3  92  59
4  92  39
5  92  61
6  92  59
7  92  38
8  92  89
9  92  23
10  92  22
1  93  81
2  93  12
3  93  32
4  93  41
5  93  30
6  93  21
7  93  44
8  93  40
9  93  64
10  93  15
1  94  53
2  94  27
3  94  57
4  94  19
5  94  33
6  94  10
7  94  66
8  94  85
9  94  63
10  94  61
1  95  86
2  95  49
3  95  41
4  95  57
5  95  14
6  95  69
7  95  42
8  95  38
9  95  20
10  95  11
1  96  47
2  96  20
3  96  16
4  96  75
5  96  12
6  96  46
7  96  17
8  96  78
9  96  76
10  96  76
1  97  16
2  97  61
3  97  30
4  97  59
5  97  50
6  97  42
7  97  19
8  97  11
9  97  77
10  97  69
1  98  64
2  98  22
3  98  85
4  98  86
5  98  40
6  98  54
7  98  75
8  98  53
9  98  26
10  98  77
1  99  57
2  99  71
3  99  86
4  99  81
5  99  16
6  99  68
7  99  11
8  99  82
9  99  75
10  99  31
1  100  63
2  100  21
3  100  80
4  100  85
5  100  14
6  100  57
7  100  65
8  100  22
9  100  78
10  100  78
1  101  13
2  101  71
3  101  53
4  101  82
5  101  89
6  101  31
7  101  15
8  101  30
9  101  12
10  101  88
1  102  57
2  102  88
3  102  87
4  102  25
5  102  20
6  102  82
7  102  53
8  102  42
9  102  76
10  102  14
1  103  41
2  103  84
3  103  15
4  103  18
5  103  76
6  103  46
7  103  48
8  103  86
9  103  36
10  103  71
1  104  73
2  104  39
3  104  73
4  104  74
5  104  70
6  104  84
7  104  50
8  104  26
9  104  46
10  104  34
1  105  30
2  105  30
3  105  75
4  105  57
5  105  77
6  105  78
7  105  55
8  105  62
9  105  38
10  105  48
1  106  57
2  106  38
3  106  25
4  106  41
5  106  13
6  106  39
7  106  30
8  106  24
9  106  65
10  106  24
1  107  78
2  107  86
3  107  60
4  107  85
5  107  46
6  107  81
7  107  45
8  107  41
9  107  22
10  107  49
1  108  28
2  108  32
3  108  67
4  108  25
5  108  68
6  108  31
7  108  48
8  108  39
9  108  72
10  108  68
1  109  75
2  109  13
3  109  65
4  109  21
5  109  21
6  109  39
7  109  36
8  109  58
9  109  32
10  109  39
1  110  57
2  110  12
3  110  55
4  110  75
5  110  86
6  110  20
7  110  75
8  110  37
9  110  67
10  110  51
1  111  71
2  111  16
3  111  63
4  111  34
5  111  35
6  111  38
7  111  36
8  111  48
9  111  68
10  111  11
1  112  73
2  112  46
3  112  18
4  112  16
5  112  22
6  112  35
7  112  61
8  112  57
9  112  53
10  112  48
1  113  41
2  113  80
3  113  45
4  113  75
5  113  88
6  113  17
7  113  57
8  113  58
9  113  57
10  113  74
1  114  32
2  114  34
3  114  44
4  114  89
5  114  85
6  114  53
7  114  35
8  114  74
9  114  25
10  114  90
1  115  66
2  115  27
3  115  25
4  115  49
5  115  35
6  115  67
7  115  36
8  115  58
9  115  82
10  115  68
1  116  19
2  116  39
3  116  57
4  116  55
5  116  21
6  116  74
7  116  22
8  116  55
9  116  52
10  116  63
1  117  55
2  117  84
3  117  86
4  117  85
5  117  36
6  117  41
7  117  12
8  117  27
9  117  90
10  117  79
1  118  72
2  118  24
3  118  56
4  118  10
5  118  28
6  118  25
7  118  75
8  118  51
9  118  43
10  118  59
1  119  24
2  119  22
3  119  83
4  119  87
5  119  16
6  119  73
7  119  17
8  119  55
9  119  59
10  119  47
1  120  70
2  120  77
3  120  89
4  120  16
5  120  28
6  120  59
7  120  64
8  120  16
9  120  89
10  120  18
1  121  69
2  121  83
3  121  34
4  121  21
5  121  55
6  121  41
7  121  11
8  121  30
9  121  61
10  121  70
1  122  36
2  122  30
3  122  68
4  122  54
5  122  62
6  122  31
7  122  76
8  122  49
9  122  14
10  122  49
1  123  89
2  123  33
3  123  15
4  123  26
5  123  61
6  123  17
7  123  82
8  123  48
9  123  37
10  123  42
1  124  52
2  124  88
3  124  53
4  124  71
5  124  30
6  124  26
7  124  53
8  124  72
9  124  30
10  124  10
1  125  55
2  125  84
3  125  33
4  125  28
5  125  46
6  125  54
7  125  18
8  125  71
9  125  24
10  125  50
1  126  68
2  126  29
3  126  70
4  126  21
5  126  13
6  126  88
7  126  10
8  126  12
9  126  84
10  126  46
1  127  57
2  127  12
3  127  86
4  127  23
5  127  11
6  127  85
7  127  48
8  127  56
9  127  45
10  127  36
1  128  66
2  128  87
3  128  40
4  128  39
5  128  70
6  128  28
7  128  23
8  128  58
9  128  34
10  128  63
1  129  85
2  129  90
3  129  59
4  129  36
5  129  82
6  129  55
7  129  19
8  129  46
9  129  75
10  129  61
1  130  54
2  130  42
3  130  65
4  130  65
5  130  76
6  130  69
7  130  90
8  130  60
9  130  87
10  130  84
1  131  31
2  131  27
3  131  37
4  131  87
5  131  70
6  131  29
7  131  88
8  131  12
9  131  50
10  131  43
1  132  64
2  132  60
3  132  47
4  132  30
5  132  45
6  132  65
7  132  69
8  132  59
9  132  47
10  132  37
1  133  25
2  133  50
3  133  87
4  133  59
5  133  87
6  133  38
7  133  20
8  133  41
9  133  32
10  133  15
1  134  43
2  134  46
3  134  27
4  134  35
5  134  85
6  134  80
7  134  89
8  134  27
9  134  14
10  134  31
1  135  40
2  135  67
3  135  85
4  135  86
5  135  43
6  135  77
7  135  58
8  135  18
9  135  18
10  135  74
1  136  70
2  136  24
3  136  90
4  136  89
5  136  32
6  136  41
7  136  17
8  136  54
9  136  41
10  136  87
1  137  26
2  137  88
3  137  59
4  137  19
5  137  11
6  137  87
7  137  69
8  137  30
9  137  78
10  137  10
1  138  55
2  138  30
3  138  14
4  138  56
5  138  64
6  138  27
7  138  29
8  138  73
9  138  56
10  138  19
1  139  88
2  139  11
3  139  40
4  139  72
5  139  49
6  139  71
7  139  12
8  139  44
9  139  86
10  139  90
1  140  30
2  140  58
3  140  76
4  140  41
5  140  74
6  140  61
7  140  69
8  140  83
9  140  42
10  140  12
1  141  10
2  141  39
3  141  76
4  141  42
5  141  15
6  141  36
7  141  69
8  141  50
9  141  10
10  141  24
1  142  50
2  142  40
3  142  32
4  142  53
5  142  65
6  142  67
7  142  11
8  142  28
9  142  62
10  142  12
1  143  63
2  143  53
3  143  80
4  143  77
5  143  84
6  143  41
7  143  87
8  143  19
9  143  47
10  143  20
1  144  27
2  144  68
3  144  16
4  144  22
5  144  45
6  144  31
7  144  50
8  144  81
9  144  19
10  144  49
1  145  23
2  145  85
3  145  55
4  145  83
5  145  89
6  145  35
7  145  32
8  145  28
9  145  89
10  145  74
1  146  58
2  146  89
3  146  39
4  146  32
5  146  90
6  146  79
7  146  56
8  146  88
9  146  19
10  146  24
1  147  44
2  147  28
3  147  15
4  147  17
5  147  54
6  147  68
7  147  80
8  147  57
9  147  68
10  147  67
1  148  34
2  148  22
3  148  35
4  148  40
5  148  60
6  148  80
7  148  41
8  148  16
9  148  89
10  148  60
1  149  80
2  149  37
3  149  61
4  149  54
5  149  64
6  149  23
7  149  48
8  149  38
9  149  26
10  149  75
1  150  23
2  150  64
3  150  61
4  150  26
5  150  70
6  150  80
7  150  89
8  150  75
9  150  34
10  150  28
;

param a :=
1  1  1
2  1  0.43
1  2  1
2  2  0.45
1  3  1
2  3  0.47
1  4  1
2  4  0.58
1  5  1
2  5  0.41
1  6  1
2  6  0.56
1  7  1
2  7  0.48
1  8  1
2  8  0.55
1  9  1
2  9  0.47
1  10  1
2  10  0.52
;

