param com_measure1 := 1;

param com_measure2 := 1;

param kappa_max := 979.98;

param U_tau := 650.3904;

param nT := 2;

param nS := 50;

param nL := 25;

param B := 1522.47;

param w :=
1  3
2  3
3  2
4  3
5  1
6  3
7  1
8  2
9  2
10  1
11  3
12  3
13  2
14  1
15  1
16  3
17  1
18  1
19  2
20  1
21  2
22  1
23  3
24  2
25  2
;

param h :=
1  1  0
1  2  0
1  3  0
1  4  0
1  5  0
1  6  0
1  7  0
1  8  0
1  9  0
1  10  0
1  11  0
1  12  0
1  13  0
1  14  0
1  15  0
1  16  0
1  17  0
1  18  0
1  19  0
1  20  0
1  21  0
1  22  0
1  23  0
1  24  0
1  25  0
2  1  102.33
2  2  102.90
2  3  123.86
2  4  99.44
2  5  104.67
2  6  130.96
2  7  104.75
2  8  118.81
2  9  139.00
2  10  138.10
2  11  122.20
2  12  149.07
2  13  106.68
2  14  138.78
2  15  138.04
2  16  125.26
2  17  103.63
2  18  139.83
2  19  121.72
2  20  117.50
2  21  140.99
2  22  126.31
2  23  125.05
2  24  118.32
2  25  106.73
;

param xi :=
1  1  1  52
2  1  1  62
3  1  1  78
4  1  1  61
5  1  1  79
6  1  1  53
7  1  1  60
8  1  1  80
9  1  1  31
10  1  1  75
11  1  1  50
12  1  1  42
13  1  1  15
14  1  1  10
15  1  1  11
16  1  1  61
17  1  1  30
18  1  1  46
19  1  1  74
20  1  1  18
21  1  1  23
22  1  1  60
23  1  1  52
24  1  1  78
25  1  1  76
1  2  1  79
2  2  1  78
3  2  1  72
4  2  1  27
5  2  1  46
6  2  1  34
7  2  1  28
8  2  1  44
9  2  1  55
10  2  1  82
11  2  1  52
12  2  1  16
13  2  1  49
14  2  1  74
15  2  1  78
16  2  1  76
17  2  1  44
18  2  1  26
19  2  1  51
20  2  1  27
21  2  1  53
22  2  1  51
23  2  1  53
24  2  1  53
25  2  1  54
1  3  1  51
2  3  1  38
3  3  1  79
4  3  1  55
5  3  1  41
6  3  1  40
7  3  1  80
8  3  1  85
9  3  1  74
10  3  1  64
11  3  1  11
12  3  1  32
13  3  1  84
14  3  1  24
15  3  1  83
16  3  1  63
17  3  1  12
18  3  1  32
19  3  1  41
20  3  1  78
21  3  1  57
22  3  1  53
23  3  1  67
24  3  1  83
25  3  1  12
1  4  1  69
2  4  1  15
3  4  1  85
4  4  1  18
5  4  1  77
6  4  1  53
7  4  1  69
8  4  1  52
9  4  1  11
10  4  1  77
11  4  1  19
12  4  1  39
13  4  1  49
14  4  1  12
15  4  1  64
16  4  1  37
17  4  1  16
18  4  1  37
19  4  1  19
20  4  1  73
21  4  1  75
22  4  1  23
23  4  1  76
24  4  1  17
25  4  1  77
1  5  1  79
2  5  1  10
3  5  1  11
4  5  1  33
5  5  1  26
6  5  1  44
7  5  1  35
8  5  1  78
9  5  1  69
10  5  1  88
11  5  1  21
12  5  1  74
13  5  1  49
14  5  1  23
15  5  1  13
16  5  1  87
17  5  1  37
18  5  1  59
19  5  1  63
20  5  1  25
21  5  1  48
22  5  1  21
23  5  1  80
24  5  1  79
25  5  1  87
1  6  1  19
2  6  1  10
3  6  1  25
4  6  1  54
5  6  1  82
6  6  1  28
7  6  1  75
8  6  1  71
9  6  1  42
10  6  1  70
11  6  1  71
12  6  1  10
13  6  1  32
14  6  1  54
15  6  1  50
16  6  1  53
17  6  1  26
18  6  1  63
19  6  1  31
20  6  1  41
21  6  1  84
22  6  1  58
23  6  1  60
24  6  1  79
25  6  1  77
1  7  1  45
2  7  1  33
3  7  1  66
4  7  1  24
5  7  1  47
6  7  1  12
7  7  1  47
8  7  1  62
9  7  1  67
10  7  1  57
11  7  1  26
12  7  1  28
13  7  1  17
14  7  1  72
15  7  1  65
16  7  1  55
17  7  1  70
18  7  1  89
19  7  1  52
20  7  1  31
21  7  1  79
22  7  1  59
23  7  1  10
24  7  1  81
25  7  1  42
1  8  1  33
2  8  1  27
3  8  1  89
4  8  1  32
5  8  1  23
6  8  1  12
7  8  1  64
8  8  1  85
9  8  1  61
10  8  1  87
11  8  1  50
12  8  1  65
13  8  1  63
14  8  1  73
15  8  1  12
16  8  1  19
17  8  1  50
18  8  1  44
19  8  1  12
20  8  1  58
21  8  1  52
22  8  1  62
23  8  1  28
24  8  1  16
25  8  1  50
1  9  1  80
2  9  1  34
3  9  1  56
4  9  1  28
5  9  1  31
6  9  1  32
7  9  1  33
8  9  1  66
9  9  1  62
10  9  1  27
11  9  1  28
12  9  1  12
13  9  1  20
14  9  1  38
15  9  1  30
16  9  1  51
17  9  1  15
18  9  1  77
19  9  1  87
20  9  1  64
21  9  1  52
22  9  1  15
23  9  1  14
24  9  1  37
25  9  1  62
1  10  1  15
2  10  1  58
3  10  1  55
4  10  1  54
5  10  1  52
6  10  1  66
7  10  1  69
8  10  1  28
9  10  1  87
10  10  1  26
11  10  1  63
12  10  1  73
13  10  1  18
14  10  1  67
15  10  1  35
16  10  1  76
17  10  1  41
18  10  1  25
19  10  1  85
20  10  1  16
21  10  1  65
22  10  1  15
23  10  1  51
24  10  1  28
25  10  1  66
1  11  1  59
2  11  1  55
3  11  1  86
4  11  1  55
5  11  1  72
6  11  1  36
7  11  1  69
8  11  1  66
9  11  1  51
10  11  1  89
11  11  1  61
12  11  1  63
13  11  1  45
14  11  1  36
15  11  1  23
16  11  1  61
17  11  1  30
18  11  1  41
19  11  1  52
20  11  1  41
21  11  1  65
22  11  1  58
23  11  1  82
24  11  1  78
25  11  1  73
1  12  1  37
2  12  1  27
3  12  1  65
4  12  1  60
5  12  1  41
6  12  1  70
7  12  1  67
8  12  1  29
9  12  1  11
10  12  1  51
11  12  1  78
12  12  1  71
13  12  1  54
14  12  1  59
15  12  1  47
16  12  1  20
17  12  1  71
18  12  1  55
19  12  1  60
20  12  1  28
21  12  1  25
22  12  1  43
23  12  1  56
24  12  1  20
25  12  1  81
1  13  1  31
2  13  1  41
3  13  1  36
4  13  1  10
5  13  1  13
6  13  1  74
7  13  1  26
8  13  1  53
9  13  1  77
10  13  1  29
11  13  1  80
12  13  1  51
13  13  1  87
14  13  1  47
15  13  1  84
16  13  1  53
17  13  1  81
18  13  1  87
19  13  1  78
20  13  1  86
21  13  1  48
22  13  1  45
23  13  1  60
24  13  1  81
25  13  1  28
1  14  1  56
2  14  1  37
3  14  1  37
4  14  1  25
5  14  1  89
6  14  1  14
7  14  1  23
8  14  1  40
9  14  1  60
10  14  1  41
11  14  1  86
12  14  1  90
13  14  1  56
14  14  1  27
15  14  1  13
16  14  1  87
17  14  1  80
18  14  1  13
19  14  1  80
20  14  1  39
21  14  1  59
22  14  1  16
23  14  1  21
24  14  1  25
25  14  1  74
1  15  1  20
2  15  1  70
3  15  1  85
4  15  1  48
5  15  1  52
6  15  1  10
7  15  1  53
8  15  1  61
9  15  1  59
10  15  1  27
11  15  1  75
12  15  1  24
13  15  1  16
14  15  1  44
15  15  1  32
16  15  1  16
17  15  1  27
18  15  1  15
19  15  1  14
20  15  1  33
21  15  1  85
22  15  1  43
23  15  1  70
24  15  1  78
25  15  1  71
1  16  1  20
2  16  1  39
3  16  1  34
4  16  1  11
5  16  1  78
6  16  1  68
7  16  1  67
8  16  1  89
9  16  1  67
10  16  1  34
11  16  1  16
12  16  1  45
13  16  1  39
14  16  1  61
15  16  1  76
16  16  1  45
17  16  1  46
18  16  1  83
19  16  1  15
20  16  1  17
21  16  1  23
22  16  1  19
23  16  1  32
24  16  1  26
25  16  1  89
1  17  1  85
2  17  1  44
3  17  1  13
4  17  1  48
5  17  1  82
6  17  1  63
7  17  1  10
8  17  1  72
9  17  1  53
10  17  1  65
11  17  1  34
12  17  1  61
13  17  1  11
14  17  1  77
15  17  1  82
16  17  1  73
17  17  1  11
18  17  1  66
19  17  1  25
20  17  1  62
21  17  1  79
22  17  1  90
23  17  1  80
24  17  1  64
25  17  1  18
1  18  1  37
2  18  1  56
3  18  1  55
4  18  1  16
5  18  1  65
6  18  1  57
7  18  1  25
8  18  1  68
9  18  1  14
10  18  1  60
11  18  1  18
12  18  1  64
13  18  1  47
14  18  1  67
15  18  1  74
16  18  1  23
17  18  1  72
18  18  1  79
19  18  1  53
20  18  1  50
21  18  1  32
22  18  1  67
23  18  1  74
24  18  1  27
25  18  1  68
1  19  1  26
2  19  1  57
3  19  1  62
4  19  1  30
5  19  1  51
6  19  1  84
7  19  1  69
8  19  1  78
9  19  1  55
10  19  1  18
11  19  1  66
12  19  1  84
13  19  1  87
14  19  1  24
15  19  1  11
16  19  1  66
17  19  1  42
18  19  1  72
19  19  1  54
20  19  1  31
21  19  1  56
22  19  1  47
23  19  1  49
24  19  1  15
25  19  1  64
1  20  1  15
2  20  1  12
3  20  1  69
4  20  1  57
5  20  1  45
6  20  1  23
7  20  1  90
8  20  1  31
9  20  1  15
10  20  1  33
11  20  1  46
12  20  1  83
13  20  1  89
14  20  1  56
15  20  1  16
16  20  1  45
17  20  1  60
18  20  1  87
19  20  1  31
20  20  1  69
21  20  1  20
22  20  1  19
23  20  1  88
24  20  1  44
25  20  1  24
1  21  1  83
2  21  1  17
3  21  1  87
4  21  1  22
5  21  1  40
6  21  1  88
7  21  1  25
8  21  1  47
9  21  1  70
10  21  1  58
11  21  1  38
12  21  1  15
13  21  1  21
14  21  1  73
15  21  1  84
16  21  1  76
17  21  1  88
18  21  1  40
19  21  1  26
20  21  1  86
21  21  1  51
22  21  1  70
23  21  1  52
24  21  1  34
25  21  1  38
1  22  1  87
2  22  1  50
3  22  1  34
4  22  1  43
5  22  1  12
6  22  1  27
7  22  1  28
8  22  1  39
9  22  1  12
10  22  1  80
11  22  1  75
12  22  1  61
13  22  1  32
14  22  1  71
15  22  1  51
16  22  1  54
17  22  1  40
18  22  1  44
19  22  1  69
20  22  1  88
21  22  1  16
22  22  1  88
23  22  1  27
24  22  1  57
25  22  1  41
1  23  1  39
2  23  1  84
3  23  1  71
4  23  1  82
5  23  1  27
6  23  1  13
7  23  1  37
8  23  1  59
9  23  1  87
10  23  1  76
11  23  1  14
12  23  1  48
13  23  1  88
14  23  1  30
15  23  1  13
16  23  1  73
17  23  1  66
18  23  1  31
19  23  1  42
20  23  1  77
21  23  1  39
22  23  1  80
23  23  1  25
24  23  1  29
25  23  1  57
1  24  1  17
2  24  1  30
3  24  1  32
4  24  1  79
5  24  1  16
6  24  1  28
7  24  1  21
8  24  1  35
9  24  1  40
10  24  1  40
11  24  1  25
12  24  1  33
13  24  1  72
14  24  1  37
15  24  1  74
16  24  1  31
17  24  1  46
18  24  1  50
19  24  1  51
20  24  1  25
21  24  1  64
22  24  1  81
23  24  1  11
24  24  1  69
25  24  1  25
1  25  1  82
2  25  1  62
3  25  1  83
4  25  1  53
5  25  1  74
6  25  1  67
7  25  1  37
8  25  1  61
9  25  1  90
10  25  1  49
11  25  1  32
12  25  1  68
13  25  1  59
14  25  1  69
15  25  1  68
16  25  1  52
17  25  1  45
18  25  1  10
19  25  1  67
20  25  1  73
21  25  1  12
22  25  1  24
23  25  1  37
24  25  1  28
25  25  1  24
1  26  1  41
2  26  1  15
3  26  1  64
4  26  1  47
5  26  1  42
6  26  1  38
7  26  1  55
8  26  1  73
9  26  1  71
10  26  1  73
11  26  1  70
12  26  1  50
13  26  1  78
14  26  1  33
15  26  1  17
16  26  1  62
17  26  1  29
18  26  1  81
19  26  1  90
20  26  1  47
21  26  1  62
22  26  1  33
23  26  1  77
24  26  1  10
25  26  1  84
1  27  1  22
2  27  1  11
3  27  1  33
4  27  1  22
5  27  1  14
6  27  1  67
7  27  1  47
8  27  1  81
9  27  1  16
10  27  1  27
11  27  1  42
12  27  1  64
13  27  1  64
14  27  1  45
15  27  1  73
16  27  1  24
17  27  1  23
18  27  1  36
19  27  1  22
20  27  1  20
21  27  1  82
22  27  1  78
23  27  1  32
24  27  1  10
25  27  1  38
1  28  1  61
2  28  1  52
3  28  1  36
4  28  1  49
5  28  1  35
6  28  1  57
7  28  1  82
8  28  1  64
9  28  1  51
10  28  1  22
11  28  1  35
12  28  1  74
13  28  1  84
14  28  1  78
15  28  1  67
16  28  1  26
17  28  1  62
18  28  1  25
19  28  1  48
20  28  1  41
21  28  1  46
22  28  1  47
23  28  1  63
24  28  1  84
25  28  1  15
1  29  1  13
2  29  1  62
3  29  1  68
4  29  1  56
5  29  1  80
6  29  1  18
7  29  1  19
8  29  1  27
9  29  1  80
10  29  1  29
11  29  1  45
12  29  1  65
13  29  1  88
14  29  1  89
15  29  1  41
16  29  1  22
17  29  1  11
18  29  1  32
19  29  1  48
20  29  1  15
21  29  1  80
22  29  1  90
23  29  1  23
24  29  1  13
25  29  1  25
1  30  1  15
2  30  1  41
3  30  1  24
4  30  1  37
5  30  1  85
6  30  1  62
7  30  1  18
8  30  1  25
9  30  1  63
10  30  1  89
11  30  1  38
12  30  1  19
13  30  1  14
14  30  1  59
15  30  1  83
16  30  1  89
17  30  1  10
18  30  1  86
19  30  1  44
20  30  1  83
21  30  1  70
22  30  1  32
23  30  1  33
24  30  1  53
25  30  1  50
1  31  1  53
2  31  1  40
3  31  1  45
4  31  1  43
5  31  1  44
6  31  1  69
7  31  1  41
8  31  1  43
9  31  1  15
10  31  1  53
11  31  1  47
12  31  1  87
13  31  1  12
14  31  1  24
15  31  1  20
16  31  1  30
17  31  1  43
18  31  1  61
19  31  1  49
20  31  1  89
21  31  1  46
22  31  1  39
23  31  1  40
24  31  1  25
25  31  1  41
1  32  1  84
2  32  1  39
3  32  1  39
4  32  1  24
5  32  1  80
6  32  1  79
7  32  1  66
8  32  1  72
9  32  1  84
10  32  1  63
11  32  1  43
12  32  1  37
13  32  1  67
14  32  1  15
15  32  1  47
16  32  1  40
17  32  1  36
18  32  1  32
19  32  1  90
20  32  1  66
21  32  1  59
22  32  1  69
23  32  1  62
24  32  1  23
25  32  1  83
1  33  1  23
2  33  1  71
3  33  1  27
4  33  1  77
5  33  1  48
6  33  1  11
7  33  1  81
8  33  1  73
9  33  1  13
10  33  1  64
11  33  1  86
12  33  1  35
13  33  1  61
14  33  1  65
15  33  1  52
16  33  1  48
17  33  1  37
18  33  1  34
19  33  1  16
20  33  1  29
21  33  1  66
22  33  1  54
23  33  1  55
24  33  1  66
25  33  1  29
1  34  1  20
2  34  1  59
3  34  1  53
4  34  1  64
5  34  1  83
6  34  1  22
7  34  1  13
8  34  1  58
9  34  1  90
10  34  1  59
11  34  1  86
12  34  1  64
13  34  1  47
14  34  1  28
15  34  1  59
16  34  1  34
17  34  1  29
18  34  1  45
19  34  1  11
20  34  1  64
21  34  1  28
22  34  1  56
23  34  1  51
24  34  1  64
25  34  1  28
1  35  1  11
2  35  1  29
3  35  1  77
4  35  1  25
5  35  1  30
6  35  1  52
7  35  1  33
8  35  1  22
9  35  1  66
10  35  1  15
11  35  1  47
12  35  1  21
13  35  1  55
14  35  1  63
15  35  1  14
16  35  1  67
17  35  1  43
18  35  1  82
19  35  1  89
20  35  1  17
21  35  1  46
22  35  1  15
23  35  1  14
24  35  1  73
25  35  1  11
1  36  1  71
2  36  1  84
3  36  1  48
4  36  1  59
5  36  1  52
6  36  1  28
7  36  1  87
8  36  1  25
9  36  1  79
10  36  1  47
11  36  1  39
12  36  1  32
13  36  1  17
14  36  1  78
15  36  1  11
16  36  1  48
17  36  1  13
18  36  1  36
19  36  1  86
20  36  1  88
21  36  1  13
22  36  1  16
23  36  1  73
24  36  1  52
25  36  1  46
1  37  1  68
2  37  1  40
3  37  1  61
4  37  1  67
5  37  1  29
6  37  1  78
7  37  1  71
8  37  1  79
9  37  1  23
10  37  1  38
11  37  1  37
12  37  1  63
13  37  1  76
14  37  1  69
15  37  1  19
16  37  1  60
17  37  1  86
18  37  1  40
19  37  1  73
20  37  1  63
21  37  1  59
22  37  1  25
23  37  1  12
24  37  1  74
25  37  1  66
1  38  1  79
2  38  1  40
3  38  1  25
4  38  1  12
5  38  1  77
6  38  1  44
7  38  1  14
8  38  1  51
9  38  1  65
10  38  1  59
11  38  1  49
12  38  1  53
13  38  1  40
14  38  1  82
15  38  1  54
16  38  1  26
17  38  1  13
18  38  1  72
19  38  1  16
20  38  1  19
21  38  1  11
22  38  1  82
23  38  1  65
24  38  1  56
25  38  1  67
1  39  1  30
2  39  1  36
3  39  1  90
4  39  1  52
5  39  1  52
6  39  1  34
7  39  1  12
8  39  1  47
9  39  1  78
10  39  1  59
11  39  1  78
12  39  1  33
13  39  1  83
14  39  1  29
15  39  1  59
16  39  1  41
17  39  1  53
18  39  1  63
19  39  1  43
20  39  1  16
21  39  1  60
22  39  1  64
23  39  1  82
24  39  1  51
25  39  1  47
1  40  1  59
2  40  1  83
3  40  1  10
4  40  1  30
5  40  1  38
6  40  1  56
7  40  1  85
8  40  1  10
9  40  1  28
10  40  1  34
11  40  1  15
12  40  1  89
13  40  1  77
14  40  1  81
15  40  1  73
16  40  1  23
17  40  1  52
18  40  1  10
19  40  1  39
20  40  1  12
21  40  1  25
22  40  1  59
23  40  1  40
24  40  1  41
25  40  1  17
1  41  1  13
2  41  1  47
3  41  1  59
4  41  1  51
5  41  1  30
6  41  1  37
7  41  1  40
8  41  1  71
9  41  1  20
10  41  1  77
11  41  1  52
12  41  1  56
13  41  1  58
14  41  1  13
15  41  1  87
16  41  1  57
17  41  1  17
18  41  1  17
19  41  1  89
20  41  1  56
21  41  1  50
22  41  1  14
23  41  1  60
24  41  1  56
25  41  1  62
1  42  1  19
2  42  1  51
3  42  1  76
4  42  1  88
5  42  1  23
6  42  1  79
7  42  1  11
8  42  1  51
9  42  1  14
10  42  1  24
11  42  1  36
12  42  1  68
13  42  1  17
14  42  1  49
15  42  1  25
16  42  1  32
17  42  1  28
18  42  1  30
19  42  1  86
20  42  1  78
21  42  1  48
22  42  1  51
23  42  1  66
24  42  1  49
25  42  1  60
1  43  1  38
2  43  1  74
3  43  1  43
4  43  1  76
5  43  1  58
6  43  1  33
7  43  1  50
8  43  1  45
9  43  1  61
10  43  1  10
11  43  1  37
12  43  1  81
13  43  1  29
14  43  1  57
15  43  1  47
16  43  1  17
17  43  1  41
18  43  1  31
19  43  1  11
20  43  1  72
21  43  1  67
22  43  1  34
23  43  1  73
24  43  1  55
25  43  1  22
1  44  1  48
2  44  1  20
3  44  1  82
4  44  1  79
5  44  1  75
6  44  1  45
7  44  1  86
8  44  1  88
9  44  1  16
10  44  1  27
11  44  1  69
12  44  1  63
13  44  1  11
14  44  1  86
15  44  1  83
16  44  1  31
17  44  1  44
18  44  1  19
19  44  1  48
20  44  1  90
21  44  1  65
22  44  1  29
23  44  1  61
24  44  1  79
25  44  1  26
1  45  1  16
2  45  1  26
3  45  1  51
4  45  1  82
5  45  1  78
6  45  1  72
7  45  1  85
8  45  1  38
9  45  1  72
10  45  1  53
11  45  1  77
12  45  1  52
13  45  1  22
14  45  1  61
15  45  1  43
16  45  1  77
17  45  1  72
18  45  1  50
19  45  1  82
20  45  1  59
21  45  1  68
22  45  1  72
23  45  1  65
24  45  1  66
25  45  1  63
1  46  1  65
2  46  1  25
3  46  1  87
4  46  1  34
5  46  1  78
6  46  1  41
7  46  1  14
8  46  1  26
9  46  1  55
10  46  1  37
11  46  1  67
12  46  1  30
13  46  1  81
14  46  1  48
15  46  1  34
16  46  1  70
17  46  1  79
18  46  1  48
19  46  1  21
20  46  1  39
21  46  1  45
22  46  1  82
23  46  1  75
24  46  1  13
25  46  1  36
1  47  1  52
2  47  1  10
3  47  1  59
4  47  1  81
5  47  1  29
6  47  1  29
7  47  1  84
8  47  1  48
9  47  1  17
10  47  1  23
11  47  1  22
12  47  1  64
13  47  1  19
14  47  1  19
15  47  1  30
16  47  1  39
17  47  1  86
18  47  1  53
19  47  1  29
20  47  1  11
21  47  1  36
22  47  1  14
23  47  1  40
24  47  1  82
25  47  1  32
1  48  1  51
2  48  1  79
3  48  1  63
4  48  1  30
5  48  1  51
6  48  1  41
7  48  1  50
8  48  1  82
9  48  1  69
10  48  1  59
11  48  1  89
12  48  1  79
13  48  1  79
14  48  1  32
15  48  1  77
16  48  1  58
17  48  1  19
18  48  1  85
19  48  1  20
20  48  1  29
21  48  1  54
22  48  1  55
23  48  1  13
24  48  1  30
25  48  1  43
1  49  1  86
2  49  1  10
3  49  1  84
4  49  1  25
5  49  1  64
6  49  1  25
7  49  1  25
8  49  1  55
9  49  1  44
10  49  1  33
11  49  1  55
12  49  1  48
13  49  1  80
14  49  1  72
15  49  1  66
16  49  1  37
17  49  1  25
18  49  1  15
19  49  1  66
20  49  1  65
21  49  1  79
22  49  1  22
23  49  1  18
24  49  1  55
25  49  1  79
1  50  1  20
2  50  1  10
3  50  1  46
4  50  1  25
5  50  1  17
6  50  1  45
7  50  1  60
8  50  1  30
9  50  1  64
10  50  1  34
11  50  1  48
12  50  1  83
13  50  1  82
14  50  1  70
15  50  1  10
16  50  1  45
17  50  1  18
18  50  1  16
19  50  1  36
20  50  1  44
21  50  1  84
22  50  1  90
23  50  1  53
24  50  1  59
25  50  1  34
1  1  2  28.6
2  1  2  31.62
3  1  2  43.68
4  1  2  34.16
5  1  2  46.61
6  1  2  22.26
7  1  2  34.2
8  1  2  45.6
9  1  2  14.26
10  1  2  33.75
11  1  2  25
12  1  2  18.48
13  1  2  8.7
14  1  2  4.6
15  1  2  4.62
16  1  2  29.89
17  1  2  15.3
18  1  2  18.86
19  1  2  37.74
20  1  2  9.36
21  1  2  10.58
22  1  2  28.8
23  1  2  26
24  1  2  40.56
25  1  2  43.32
1  2  2  43.45
2  2  2  39.78
3  2  2  40.32
4  2  2  15.12
5  2  2  27.14
6  2  2  14.28
7  2  2  15.96
8  2  2  25.08
9  2  2  25.3
10  2  2  36.9
11  2  2  26
12  2  2  7.04
13  2  2  28.42
14  2  2  34.04
15  2  2  32.76
16  2  2  37.24
17  2  2  22.44
18  2  2  10.66
19  2  2  26.01
20  2  2  14.04
21  2  2  24.38
22  2  2  24.48
23  2  2  26.5
24  2  2  27.56
25  2  2  30.78
1  3  2  28.05
2  3  2  19.38
3  3  2  44.24
4  3  2  30.8
5  3  2  24.19
6  3  2  16.8
7  3  2  45.6
8  3  2  48.45
9  3  2  34.04
10  3  2  28.8
11  3  2  5.5
12  3  2  14.08
13  3  2  48.72
14  3  2  11.04
15  3  2  34.86
16  3  2  30.87
17  3  2  6.12
18  3  2  13.12
19  3  2  20.91
20  3  2  40.56
21  3  2  26.22
22  3  2  25.44
23  3  2  33.5
24  3  2  43.16
25  3  2  6.84
1  4  2  37.95
2  4  2  7.65
3  4  2  47.6
4  4  2  10.08
5  4  2  45.43
6  4  2  22.26
7  4  2  39.33
8  4  2  29.64
9  4  2  5.06
10  4  2  34.65
11  4  2  9.5
12  4  2  17.16
13  4  2  28.42
14  4  2  5.52
15  4  2  26.88
16  4  2  18.13
17  4  2  8.16
18  4  2  15.17
19  4  2  9.69
20  4  2  37.96
21  4  2  34.5
22  4  2  11.04
23  4  2  38
24  4  2  8.84
25  4  2  43.89
1  5  2  43.45
2  5  2  5.1
3  5  2  6.16
4  5  2  18.48
5  5  2  15.34
6  5  2  18.48
7  5  2  19.95
8  5  2  44.46
9  5  2  31.74
10  5  2  39.6
11  5  2  10.5
12  5  2  32.56
13  5  2  28.42
14  5  2  10.58
15  5  2  5.46
16  5  2  42.63
17  5  2  18.87
18  5  2  24.19
19  5  2  32.13
20  5  2  13
21  5  2  22.08
22  5  2  10.08
23  5  2  40
24  5  2  41.08
25  5  2  49.59
1  6  2  10.45
2  6  2  5.1
3  6  2  14
4  6  2  30.24
5  6  2  48.38
6  6  2  11.76
7  6  2  42.75
8  6  2  40.47
9  6  2  19.32
10  6  2  31.5
11  6  2  35.5
12  6  2  4.4
13  6  2  18.56
14  6  2  24.84
15  6  2  21
16  6  2  25.97
17  6  2  13.26
18  6  2  25.83
19  6  2  15.81
20  6  2  21.32
21  6  2  38.64
22  6  2  27.84
23  6  2  30
24  6  2  41.08
25  6  2  43.89
1  7  2  24.75
2  7  2  16.83
3  7  2  36.96
4  7  2  13.44
5  7  2  27.73
6  7  2  5.04
7  7  2  26.79
8  7  2  35.34
9  7  2  30.82
10  7  2  25.65
11  7  2  13
12  7  2  12.32
13  7  2  9.86
14  7  2  33.12
15  7  2  27.3
16  7  2  26.95
17  7  2  35.7
18  7  2  36.49
19  7  2  26.52
20  7  2  16.12
21  7  2  36.34
22  7  2  28.32
23  7  2  5
24  7  2  42.12
25  7  2  23.94
1  8  2  18.15
2  8  2  13.77
3  8  2  49.84
4  8  2  17.92
5  8  2  13.57
6  8  2  5.04
7  8  2  36.48
8  8  2  48.45
9  8  2  28.06
10  8  2  39.15
11  8  2  25
12  8  2  28.6
13  8  2  36.54
14  8  2  33.58
15  8  2  5.04
16  8  2  9.31
17  8  2  25.5
18  8  2  18.04
19  8  2  6.12
20  8  2  30.16
21  8  2  23.92
22  8  2  29.76
23  8  2  14
24  8  2  8.32
25  8  2  28.5
1  9  2  44
2  9  2  17.34
3  9  2  31.36
4  9  2  15.68
5  9  2  18.29
6  9  2  13.44
7  9  2  18.81
8  9  2  37.62
9  9  2  28.52
10  9  2  12.15
11  9  2  14
12  9  2  5.28
13  9  2  11.6
14  9  2  17.48
15  9  2  12.6
16  9  2  24.99
17  9  2  7.65
18  9  2  31.57
19  9  2  44.37
20  9  2  33.28
21  9  2  23.92
22  9  2  7.2
23  9  2  7
24  9  2  19.24
25  9  2  35.34
1  10  2  8.25
2  10  2  29.58
3  10  2  30.8
4  10  2  30.24
5  10  2  30.68
6  10  2  27.72
7  10  2  39.33
8  10  2  15.96
9  10  2  40.02
10  10  2  11.7
11  10  2  31.5
12  10  2  32.12
13  10  2  10.44
14  10  2  30.82
15  10  2  14.7
16  10  2  37.24
17  10  2  20.91
18  10  2  10.25
19  10  2  43.35
20  10  2  8.32
21  10  2  29.9
22  10  2  7.2
23  10  2  25.5
24  10  2  14.56
25  10  2  37.62
1  11  2  32.45
2  11  2  28.05
3  11  2  48.16
4  11  2  30.8
5  11  2  42.48
6  11  2  15.12
7  11  2  39.33
8  11  2  37.62
9  11  2  23.46
10  11  2  40.05
11  11  2  30.5
12  11  2  27.72
13  11  2  26.1
14  11  2  16.56
15  11  2  9.66
16  11  2  29.89
17  11  2  15.3
18  11  2  16.81
19  11  2  26.52
20  11  2  21.32
21  11  2  29.9
22  11  2  27.84
23  11  2  41
24  11  2  40.56
25  11  2  41.61
1  12  2  20.35
2  12  2  13.77
3  12  2  36.4
4  12  2  33.6
5  12  2  24.19
6  12  2  29.4
7  12  2  38.19
8  12  2  16.53
9  12  2  5.06
10  12  2  22.95
11  12  2  39
12  12  2  31.24
13  12  2  31.32
14  12  2  27.14
15  12  2  19.74
16  12  2  9.8
17  12  2  36.21
18  12  2  22.55
19  12  2  30.6
20  12  2  14.56
21  12  2  11.5
22  12  2  20.64
23  12  2  28
24  12  2  10.4
25  12  2  46.17
1  13  2  17.05
2  13  2  20.91
3  13  2  20.16
4  13  2  5.6
5  13  2  7.67
6  13  2  31.08
7  13  2  14.82
8  13  2  30.21
9  13  2  35.42
10  13  2  13.05
11  13  2  40
12  13  2  22.44
13  13  2  50.46
14  13  2  21.62
15  13  2  35.28
16  13  2  25.97
17  13  2  41.31
18  13  2  35.67
19  13  2  39.78
20  13  2  44.72
21  13  2  22.08
22  13  2  21.6
23  13  2  30
24  13  2  42.12
25  13  2  15.96
1  14  2  30.8
2  14  2  18.87
3  14  2  20.72
4  14  2  14
5  14  2  52.51
6  14  2  5.88
7  14  2  13.11
8  14  2  22.8
9  14  2  27.6
10  14  2  18.45
11  14  2  43
12  14  2  39.6
13  14  2  32.48
14  14  2  12.42
15  14  2  5.46
16  14  2  42.63
17  14  2  40.8
18  14  2  5.33
19  14  2  40.8
20  14  2  20.28
21  14  2  27.14
22  14  2  7.68
23  14  2  10.5
24  14  2  13
25  14  2  42.18
1  15  2  11
2  15  2  35.7
3  15  2  47.6
4  15  2  26.88
5  15  2  30.68
6  15  2  4.2
7  15  2  30.21
8  15  2  34.77
9  15  2  27.14
10  15  2  12.15
11  15  2  37.5
12  15  2  10.56
13  15  2  9.28
14  15  2  20.24
15  15  2  13.44
16  15  2  7.84
17  15  2  13.77
18  15  2  6.15
19  15  2  7.14
20  15  2  17.16
21  15  2  39.1
22  15  2  20.64
23  15  2  35
24  15  2  40.56
25  15  2  40.47
1  16  2  11
2  16  2  19.89
3  16  2  19.04
4  16  2  6.16
5  16  2  46.02
6  16  2  28.56
7  16  2  38.19
8  16  2  50.73
9  16  2  30.82
10  16  2  15.3
11  16  2  8
12  16  2  19.8
13  16  2  22.62
14  16  2  28.06
15  16  2  31.92
16  16  2  22.05
17  16  2  23.46
18  16  2  34.03
19  16  2  7.65
20  16  2  8.84
21  16  2  10.58
22  16  2  9.12
23  16  2  16
24  16  2  13.52
25  16  2  50.73
1  17  2  46.75
2  17  2  22.44
3  17  2  7.28
4  17  2  26.88
5  17  2  48.38
6  17  2  26.46
7  17  2  5.7
8  17  2  41.04
9  17  2  24.38
10  17  2  29.25
11  17  2  17
12  17  2  26.84
13  17  2  6.38
14  17  2  35.42
15  17  2  34.44
16  17  2  35.77
17  17  2  5.61
18  17  2  27.06
19  17  2  12.75
20  17  2  32.24
21  17  2  36.34
22  17  2  43.2
23  17  2  40
24  17  2  33.28
25  17  2  10.26
1  18  2  20.35
2  18  2  28.56
3  18  2  30.8
4  18  2  8.96
5  18  2  38.35
6  18  2  23.94
7  18  2  14.25
8  18  2  38.76
9  18  2  6.44
10  18  2  27
11  18  2  9
12  18  2  28.16
13  18  2  27.26
14  18  2  30.82
15  18  2  31.08
16  18  2  11.27
17  18  2  36.72
18  18  2  32.39
19  18  2  27.03
20  18  2  26
21  18  2  14.72
22  18  2  32.16
23  18  2  37
24  18  2  14.04
25  18  2  38.76
1  19  2  14.3
2  19  2  29.07
3  19  2  34.72
4  19  2  16.8
5  19  2  30.09
6  19  2  35.28
7  19  2  39.33
8  19  2  44.46
9  19  2  25.3
10  19  2  8.1
11  19  2  33
12  19  2  36.96
13  19  2  50.46
14  19  2  11.04
15  19  2  4.62
16  19  2  32.34
17  19  2  21.42
18  19  2  29.52
19  19  2  27.54
20  19  2  16.12
21  19  2  25.76
22  19  2  22.56
23  19  2  24.5
24  19  2  7.8
25  19  2  36.48
1  20  2  8.25
2  20  2  6.12
3  20  2  38.64
4  20  2  31.92
5  20  2  26.55
6  20  2  9.66
7  20  2  51.3
8  20  2  17.67
9  20  2  6.9
10  20  2  14.85
11  20  2  23
12  20  2  36.52
13  20  2  51.62
14  20  2  25.76
15  20  2  6.72
16  20  2  22.05
17  20  2  30.6
18  20  2  35.67
19  20  2  15.81
20  20  2  35.88
21  20  2  9.2
22  20  2  9.12
23  20  2  44
24  20  2  22.88
25  20  2  13.68
1  21  2  45.65
2  21  2  8.67
3  21  2  48.72
4  21  2  12.32
5  21  2  23.6
6  21  2  36.96
7  21  2  14.25
8  21  2  26.79
9  21  2  32.2
10  21  2  26.1
11  21  2  19
12  21  2  6.6
13  21  2  12.18
14  21  2  33.58
15  21  2  35.28
16  21  2  37.24
17  21  2  44.88
18  21  2  16.4
19  21  2  13.26
20  21  2  44.72
21  21  2  23.46
22  21  2  33.6
23  21  2  26
24  21  2  17.68
25  21  2  21.66
1  22  2  47.85
2  22  2  25.5
3  22  2  19.04
4  22  2  24.08
5  22  2  7.08
6  22  2  11.34
7  22  2  15.96
8  22  2  22.23
9  22  2  5.52
10  22  2  36
11  22  2  37.5
12  22  2  26.84
13  22  2  18.56
14  22  2  32.66
15  22  2  21.42
16  22  2  26.46
17  22  2  20.4
18  22  2  18.04
19  22  2  35.19
20  22  2  45.76
21  22  2  7.36
22  22  2  42.24
23  22  2  13.5
24  22  2  29.64
25  22  2  23.37
1  23  2  21.45
2  23  2  42.84
3  23  2  39.76
4  23  2  45.92
5  23  2  15.93
6  23  2  5.46
7  23  2  21.09
8  23  2  33.63
9  23  2  40.02
10  23  2  34.2
11  23  2  7
12  23  2  21.12
13  23  2  51.04
14  23  2  13.8
15  23  2  5.46
16  23  2  35.77
17  23  2  33.66
18  23  2  12.71
19  23  2  21.42
20  23  2  40.04
21  23  2  17.94
22  23  2  38.4
23  23  2  12.5
24  23  2  15.08
25  23  2  32.49
1  24  2  9.35
2  24  2  15.3
3  24  2  17.92
4  24  2  44.24
5  24  2  9.44
6  24  2  11.76
7  24  2  11.97
8  24  2  19.95
9  24  2  18.4
10  24  2  18
11  24  2  12.5
12  24  2  14.52
13  24  2  41.76
14  24  2  17.02
15  24  2  31.08
16  24  2  15.19
17  24  2  23.46
18  24  2  20.5
19  24  2  26.01
20  24  2  13
21  24  2  29.44
22  24  2  38.88
23  24  2  5.5
24  24  2  35.88
25  24  2  14.25
1  25  2  45.1
2  25  2  31.62
3  25  2  46.48
4  25  2  29.68
5  25  2  43.66
6  25  2  28.14
7  25  2  21.09
8  25  2  34.77
9  25  2  41.4
10  25  2  22.05
11  25  2  16
12  25  2  29.92
13  25  2  34.22
14  25  2  31.74
15  25  2  28.56
16  25  2  25.48
17  25  2  22.95
18  25  2  4.1
19  25  2  34.17
20  25  2  37.96
21  25  2  5.52
22  25  2  11.52
23  25  2  18.5
24  25  2  14.56
25  25  2  13.68
1  26  2  22.55
2  26  2  7.65
3  26  2  35.84
4  26  2  26.32
5  26  2  24.78
6  26  2  15.96
7  26  2  31.35
8  26  2  41.61
9  26  2  32.66
10  26  2  32.85
11  26  2  35
12  26  2  22
13  26  2  45.24
14  26  2  15.18
15  26  2  7.14
16  26  2  30.38
17  26  2  14.79
18  26  2  33.21
19  26  2  45.9
20  26  2  24.44
21  26  2  28.52
22  26  2  15.84
23  26  2  38.5
24  26  2  5.2
25  26  2  47.88
1  27  2  12.1
2  27  2  5.61
3  27  2  18.48
4  27  2  12.32
5  27  2  8.26
6  27  2  28.14
7  27  2  26.79
8  27  2  46.17
9  27  2  7.36
10  27  2  12.15
11  27  2  21
12  27  2  28.16
13  27  2  37.12
14  27  2  20.7
15  27  2  30.66
16  27  2  11.76
17  27  2  11.73
18  27  2  14.76
19  27  2  11.22
20  27  2  10.4
21  27  2  37.72
22  27  2  37.44
23  27  2  16
24  27  2  5.2
25  27  2  21.66
1  28  2  33.55
2  28  2  26.52
3  28  2  20.16
4  28  2  27.44
5  28  2  20.65
6  28  2  23.94
7  28  2  46.74
8  28  2  36.48
9  28  2  23.46
10  28  2  9.9
11  28  2  17.5
12  28  2  32.56
13  28  2  48.72
14  28  2  35.88
15  28  2  28.14
16  28  2  12.74
17  28  2  31.62
18  28  2  10.25
19  28  2  24.48
20  28  2  21.32
21  28  2  21.16
22  28  2  22.56
23  28  2  31.5
24  28  2  43.68
25  28  2  8.55
1  29  2  7.15
2  29  2  31.62
3  29  2  38.08
4  29  2  31.36
5  29  2  47.2
6  29  2  7.56
7  29  2  10.83
8  29  2  15.39
9  29  2  36.8
10  29  2  13.05
11  29  2  22.5
12  29  2  28.6
13  29  2  51.04
14  29  2  40.94
15  29  2  17.22
16  29  2  10.78
17  29  2  5.61
18  29  2  13.12
19  29  2  24.48
20  29  2  7.8
21  29  2  36.8
22  29  2  43.2
23  29  2  11.5
24  29  2  6.76
25  29  2  14.25
1  30  2  8.25
2  30  2  20.91
3  30  2  13.44
4  30  2  20.72
5  30  2  50.15
6  30  2  26.04
7  30  2  10.26
8  30  2  14.25
9  30  2  28.98
10  30  2  40.05
11  30  2  19
12  30  2  8.36
13  30  2  8.12
14  30  2  27.14
15  30  2  34.86
16  30  2  43.61
17  30  2  5.1
18  30  2  35.26
19  30  2  22.44
20  30  2  43.16
21  30  2  32.2
22  30  2  15.36
23  30  2  16.5
24  30  2  27.56
25  30  2  28.5
1  31  2  29.15
2  31  2  20.4
3  31  2  25.2
4  31  2  24.08
5  31  2  25.96
6  31  2  28.98
7  31  2  23.37
8  31  2  24.51
9  31  2  6.9
10  31  2  23.85
11  31  2  23.5
12  31  2  38.28
13  31  2  6.96
14  31  2  11.04
15  31  2  8.4
16  31  2  14.7
17  31  2  21.93
18  31  2  25.01
19  31  2  24.99
20  31  2  46.28
21  31  2  21.16
22  31  2  18.72
23  31  2  20
24  31  2  13
25  31  2  23.37
1  32  2  46.2
2  32  2  19.89
3  32  2  21.84
4  32  2  13.44
5  32  2  47.2
6  32  2  33.18
7  32  2  37.62
8  32  2  41.04
9  32  2  38.64
10  32  2  28.35
11  32  2  21.5
12  32  2  16.28
13  32  2  38.86
14  32  2  6.9
15  32  2  19.74
16  32  2  19.6
17  32  2  18.36
18  32  2  13.12
19  32  2  45.9
20  32  2  34.32
21  32  2  27.14
22  32  2  33.12
23  32  2  31
24  32  2  11.96
25  32  2  47.31
1  33  2  12.65
2  33  2  36.21
3  33  2  15.12
4  33  2  43.12
5  33  2  28.32
6  33  2  4.62
7  33  2  46.17
8  33  2  41.61
9  33  2  5.98
10  33  2  28.8
11  33  2  43
12  33  2  15.4
13  33  2  35.38
14  33  2  29.9
15  33  2  21.84
16  33  2  23.52
17  33  2  18.87
18  33  2  13.94
19  33  2  8.16
20  33  2  15.08
21  33  2  30.36
22  33  2  25.92
23  33  2  27.5
24  33  2  34.32
25  33  2  16.53
1  34  2  11
2  34  2  30.09
3  34  2  29.68
4  34  2  35.84
5  34  2  48.97
6  34  2  9.24
7  34  2  7.41
8  34  2  33.06
9  34  2  41.4
10  34  2  26.55
11  34  2  43
12  34  2  28.16
13  34  2  27.26
14  34  2  12.88
15  34  2  24.78
16  34  2  16.66
17  34  2  14.79
18  34  2  18.45
19  34  2  5.61
20  34  2  33.28
21  34  2  12.88
22  34  2  26.88
23  34  2  25.5
24  34  2  33.28
25  34  2  15.96
1  35  2  6.05
2  35  2  14.79
3  35  2  43.12
4  35  2  14
5  35  2  17.7
6  35  2  21.84
7  35  2  18.81
8  35  2  12.54
9  35  2  30.36
10  35  2  6.75
11  35  2  23.5
12  35  2  9.24
13  35  2  31.9
14  35  2  28.98
15  35  2  5.88
16  35  2  32.83
17  35  2  21.93
18  35  2  33.62
19  35  2  45.39
20  35  2  8.84
21  35  2  21.16
22  35  2  7.2
23  35  2  7
24  35  2  37.96
25  35  2  6.27
1  36  2  39.05
2  36  2  42.84
3  36  2  26.88
4  36  2  33.04
5  36  2  30.68
6  36  2  11.76
7  36  2  49.59
8  36  2  14.25
9  36  2  36.34
10  36  2  21.15
11  36  2  19.5
12  36  2  14.08
13  36  2  9.86
14  36  2  35.88
15  36  2  4.62
16  36  2  23.52
17  36  2  6.63
18  36  2  14.76
19  36  2  43.86
20  36  2  45.76
21  36  2  5.98
22  36  2  7.68
23  36  2  36.5
24  36  2  27.04
25  36  2  26.22
1  37  2  37.4
2  37  2  20.4
3  37  2  34.16
4  37  2  37.52
5  37  2  17.11
6  37  2  32.76
7  37  2  40.47
8  37  2  45.03
9  37  2  10.58
10  37  2  17.1
11  37  2  18.5
12  37  2  27.72
13  37  2  44.08
14  37  2  31.74
15  37  2  7.98
16  37  2  29.4
17  37  2  43.86
18  37  2  16.4
19  37  2  37.23
20  37  2  32.76
21  37  2  27.14
22  37  2  12
23  37  2  6
24  37  2  38.48
25  37  2  37.62
1  38  2  43.45
2  38  2  20.4
3  38  2  14
4  38  2  6.72
5  38  2  45.43
6  38  2  18.48
7  38  2  7.98
8  38  2  29.07
9  38  2  29.9
10  38  2  26.55
11  38  2  24.5
12  38  2  23.32
13  38  2  23.2
14  38  2  37.72
15  38  2  22.68
16  38  2  12.74
17  38  2  6.63
18  38  2  29.52
19  38  2  8.16
20  38  2  9.88
21  38  2  5.06
22  38  2  39.36
23  38  2  32.5
24  38  2  29.12
25  38  2  38.19
1  39  2  16.5
2  39  2  18.36
3  39  2  50.4
4  39  2  29.12
5  39  2  30.68
6  39  2  14.28
7  39  2  6.84
8  39  2  26.79
9  39  2  35.88
10  39  2  26.55
11  39  2  39
12  39  2  14.52
13  39  2  48.14
14  39  2  13.34
15  39  2  24.78
16  39  2  20.09
17  39  2  27.03
18  39  2  25.83
19  39  2  21.93
20  39  2  8.32
21  39  2  27.6
22  39  2  30.72
23  39  2  41
24  39  2  26.52
25  39  2  26.79
1  40  2  32.45
2  40  2  42.33
3  40  2  5.6
4  40  2  16.8
5  40  2  22.42
6  40  2  23.52
7  40  2  48.45
8  40  2  5.7
9  40  2  12.88
10  40  2  15.3
11  40  2  7.5
12  40  2  39.16
13  40  2  44.66
14  40  2  37.26
15  40  2  30.66
16  40  2  11.27
17  40  2  26.52
18  40  2  4.1
19  40  2  19.89
20  40  2  6.24
21  40  2  11.5
22  40  2  28.32
23  40  2  20
24  40  2  21.32
25  40  2  9.69
1  41  2  7.15
2  41  2  23.97
3  41  2  33.04
4  41  2  28.56
5  41  2  17.7
6  41  2  15.54
7  41  2  22.8
8  41  2  40.47
9  41  2  9.2
10  41  2  34.65
11  41  2  26
12  41  2  24.64
13  41  2  33.64
14  41  2  5.98
15  41  2  36.54
16  41  2  27.93
17  41  2  8.67
18  41  2  6.97
19  41  2  45.39
20  41  2  29.12
21  41  2  23
22  41  2  6.72
23  41  2  30
24  41  2  29.12
25  41  2  35.34
1  42  2  10.45
2  42  2  26.01
3  42  2  42.56
4  42  2  49.28
5  42  2  13.57
6  42  2  33.18
7  42  2  6.27
8  42  2  29.07
9  42  2  6.44
10  42  2  10.8
11  42  2  18
12  42  2  29.92
13  42  2  9.86
14  42  2  22.54
15  42  2  10.5
16  42  2  15.68
17  42  2  14.28
18  42  2  12.3
19  42  2  43.86
20  42  2  40.56
21  42  2  22.08
22  42  2  24.48
23  42  2  33
24  42  2  25.48
25  42  2  34.2
1  43  2  20.9
2  43  2  37.74
3  43  2  24.08
4  43  2  42.56
5  43  2  34.22
6  43  2  13.86
7  43  2  28.5
8  43  2  25.65
9  43  2  28.06
10  43  2  4.5
11  43  2  18.5
12  43  2  35.64
13  43  2  16.82
14  43  2  26.22
15  43  2  19.74
16  43  2  8.33
17  43  2  20.91
18  43  2  12.71
19  43  2  5.61
20  43  2  37.44
21  43  2  30.82
22  43  2  16.32
23  43  2  36.5
24  43  2  28.6
25  43  2  12.54
1  44  2  26.4
2  44  2  10.2
3  44  2  45.92
4  44  2  44.24
5  44  2  44.25
6  44  2  18.9
7  44  2  49.02
8  44  2  50.16
9  44  2  7.36
10  44  2  12.15
11  44  2  34.5
12  44  2  27.72
13  44  2  6.38
14  44  2  39.56
15  44  2  34.86
16  44  2  15.19
17  44  2  22.44
18  44  2  7.79
19  44  2  24.48
20  44  2  46.8
21  44  2  29.9
22  44  2  13.92
23  44  2  30.5
24  44  2  41.08
25  44  2  14.82
1  45  2  8.8
2  45  2  13.26
3  45  2  28.56
4  45  2  45.92
5  45  2  46.02
6  45  2  30.24
7  45  2  48.45
8  45  2  21.66
9  45  2  33.12
10  45  2  23.85
11  45  2  38.5
12  45  2  22.88
13  45  2  12.76
14  45  2  28.06
15  45  2  18.06
16  45  2  37.73
17  45  2  36.72
18  45  2  20.5
19  45  2  41.82
20  45  2  30.68
21  45  2  31.28
22  45  2  34.56
23  45  2  32.5
24  45  2  34.32
25  45  2  35.91
1  46  2  35.75
2  46  2  12.75
3  46  2  48.72
4  46  2  19.04
5  46  2  46.02
6  46  2  17.22
7  46  2  7.98
8  46  2  14.82
9  46  2  25.3
10  46  2  16.65
11  46  2  33.5
12  46  2  13.2
13  46  2  46.98
14  46  2  22.08
15  46  2  14.28
16  46  2  34.3
17  46  2  40.29
18  46  2  19.68
19  46  2  10.71
20  46  2  20.28
21  46  2  20.7
22  46  2  39.36
23  46  2  37.5
24  46  2  6.76
25  46  2  20.52
1  47  2  28.6
2  47  2  5.1
3  47  2  33.04
4  47  2  45.36
5  47  2  17.11
6  47  2  12.18
7  47  2  47.88
8  47  2  27.36
9  47  2  7.82
10  47  2  10.35
11  47  2  11
12  47  2  28.16
13  47  2  11.02
14  47  2  8.74
15  47  2  12.6
16  47  2  19.11
17  47  2  43.86
18  47  2  21.73
19  47  2  14.79
20  47  2  5.72
21  47  2  16.56
22  47  2  6.72
23  47  2  20
24  47  2  42.64
25  47  2  18.24
1  48  2  28.05
2  48  2  40.29
3  48  2  35.28
4  48  2  16.8
5  48  2  30.09
6  48  2  17.22
7  48  2  28.5
8  48  2  46.74
9  48  2  31.74
10  48  2  26.55
11  48  2  44.5
12  48  2  34.76
13  48  2  45.82
14  48  2  14.72
15  48  2  32.34
16  48  2  28.42
17  48  2  9.69
18  48  2  34.85
19  48  2  10.2
20  48  2  15.08
21  48  2  24.84
22  48  2  26.4
23  48  2  6.5
24  48  2  15.6
25  48  2  24.51
1  49  2  47.3
2  49  2  5.1
3  49  2  47.04
4  49  2  14
5  49  2  37.76
6  49  2  10.5
7  49  2  14.25
8  49  2  31.35
9  49  2  20.24
10  49  2  14.85
11  49  2  27.5
12  49  2  21.12
13  49  2  46.4
14  49  2  33.12
15  49  2  27.72
16  49  2  18.13
17  49  2  12.75
18  49  2  6.15
19  49  2  33.66
20  49  2  33.8
21  49  2  36.34
22  49  2  10.56
23  49  2  9
24  49  2  28.6
25  49  2  45.03
1  50  2  11
2  50  2  5.1
3  50  2  25.76
4  50  2  14
5  50  2  10.03
6  50  2  18.9
7  50  2  34.2
8  50  2  17.1
9  50  2  29.44
10  50  2  15.3
11  50  2  24
12  50  2  36.52
13  50  2  47.56
14  50  2  32.2
15  50  2  4.2
16  50  2  22.05
17  50  2  9.18
18  50  2  6.56
19  50  2  18.36
20  50  2  22.88
21  50  2  38.64
22  50  2  43.2
23  50  2  26.5
24  50  2  30.68
25  50  2  19.38
;

param xi_base :=
1  1  52
2  1  62
3  1  78
4  1  61
5  1  79
6  1  53
7  1  60
8  1  80
9  1  31
10  1  75
11  1  50
12  1  42
13  1  15
14  1  10
15  1  11
16  1  61
17  1  30
18  1  46
19  1  74
20  1  18
21  1  23
22  1  60
23  1  52
24  1  78
25  1  76
1  2  79
2  2  78
3  2  72
4  2  27
5  2  46
6  2  34
7  2  28
8  2  44
9  2  55
10  2  82
11  2  52
12  2  16
13  2  49
14  2  74
15  2  78
16  2  76
17  2  44
18  2  26
19  2  51
20  2  27
21  2  53
22  2  51
23  2  53
24  2  53
25  2  54
1  3  51
2  3  38
3  3  79
4  3  55
5  3  41
6  3  40
7  3  80
8  3  85
9  3  74
10  3  64
11  3  11
12  3  32
13  3  84
14  3  24
15  3  83
16  3  63
17  3  12
18  3  32
19  3  41
20  3  78
21  3  57
22  3  53
23  3  67
24  3  83
25  3  12
1  4  69
2  4  15
3  4  85
4  4  18
5  4  77
6  4  53
7  4  69
8  4  52
9  4  11
10  4  77
11  4  19
12  4  39
13  4  49
14  4  12
15  4  64
16  4  37
17  4  16
18  4  37
19  4  19
20  4  73
21  4  75
22  4  23
23  4  76
24  4  17
25  4  77
1  5  79
2  5  10
3  5  11
4  5  33
5  5  26
6  5  44
7  5  35
8  5  78
9  5  69
10  5  88
11  5  21
12  5  74
13  5  49
14  5  23
15  5  13
16  5  87
17  5  37
18  5  59
19  5  63
20  5  25
21  5  48
22  5  21
23  5  80
24  5  79
25  5  87
1  6  19
2  6  10
3  6  25
4  6  54
5  6  82
6  6  28
7  6  75
8  6  71
9  6  42
10  6  70
11  6  71
12  6  10
13  6  32
14  6  54
15  6  50
16  6  53
17  6  26
18  6  63
19  6  31
20  6  41
21  6  84
22  6  58
23  6  60
24  6  79
25  6  77
1  7  45
2  7  33
3  7  66
4  7  24
5  7  47
6  7  12
7  7  47
8  7  62
9  7  67
10  7  57
11  7  26
12  7  28
13  7  17
14  7  72
15  7  65
16  7  55
17  7  70
18  7  89
19  7  52
20  7  31
21  7  79
22  7  59
23  7  10
24  7  81
25  7  42
1  8  33
2  8  27
3  8  89
4  8  32
5  8  23
6  8  12
7  8  64
8  8  85
9  8  61
10  8  87
11  8  50
12  8  65
13  8  63
14  8  73
15  8  12
16  8  19
17  8  50
18  8  44
19  8  12
20  8  58
21  8  52
22  8  62
23  8  28
24  8  16
25  8  50
1  9  80
2  9  34
3  9  56
4  9  28
5  9  31
6  9  32
7  9  33
8  9  66
9  9  62
10  9  27
11  9  28
12  9  12
13  9  20
14  9  38
15  9  30
16  9  51
17  9  15
18  9  77
19  9  87
20  9  64
21  9  52
22  9  15
23  9  14
24  9  37
25  9  62
1  10  15
2  10  58
3  10  55
4  10  54
5  10  52
6  10  66
7  10  69
8  10  28
9  10  87
10  10  26
11  10  63
12  10  73
13  10  18
14  10  67
15  10  35
16  10  76
17  10  41
18  10  25
19  10  85
20  10  16
21  10  65
22  10  15
23  10  51
24  10  28
25  10  66
1  11  59
2  11  55
3  11  86
4  11  55
5  11  72
6  11  36
7  11  69
8  11  66
9  11  51
10  11  89
11  11  61
12  11  63
13  11  45
14  11  36
15  11  23
16  11  61
17  11  30
18  11  41
19  11  52
20  11  41
21  11  65
22  11  58
23  11  82
24  11  78
25  11  73
1  12  37
2  12  27
3  12  65
4  12  60
5  12  41
6  12  70
7  12  67
8  12  29
9  12  11
10  12  51
11  12  78
12  12  71
13  12  54
14  12  59
15  12  47
16  12  20
17  12  71
18  12  55
19  12  60
20  12  28
21  12  25
22  12  43
23  12  56
24  12  20
25  12  81
1  13  31
2  13  41
3  13  36
4  13  10
5  13  13
6  13  74
7  13  26
8  13  53
9  13  77
10  13  29
11  13  80
12  13  51
13  13  87
14  13  47
15  13  84
16  13  53
17  13  81
18  13  87
19  13  78
20  13  86
21  13  48
22  13  45
23  13  60
24  13  81
25  13  28
1  14  56
2  14  37
3  14  37
4  14  25
5  14  89
6  14  14
7  14  23
8  14  40
9  14  60
10  14  41
11  14  86
12  14  90
13  14  56
14  14  27
15  14  13
16  14  87
17  14  80
18  14  13
19  14  80
20  14  39
21  14  59
22  14  16
23  14  21
24  14  25
25  14  74
1  15  20
2  15  70
3  15  85
4  15  48
5  15  52
6  15  10
7  15  53
8  15  61
9  15  59
10  15  27
11  15  75
12  15  24
13  15  16
14  15  44
15  15  32
16  15  16
17  15  27
18  15  15
19  15  14
20  15  33
21  15  85
22  15  43
23  15  70
24  15  78
25  15  71
1  16  20
2  16  39
3  16  34
4  16  11
5  16  78
6  16  68
7  16  67
8  16  89
9  16  67
10  16  34
11  16  16
12  16  45
13  16  39
14  16  61
15  16  76
16  16  45
17  16  46
18  16  83
19  16  15
20  16  17
21  16  23
22  16  19
23  16  32
24  16  26
25  16  89
1  17  85
2  17  44
3  17  13
4  17  48
5  17  82
6  17  63
7  17  10
8  17  72
9  17  53
10  17  65
11  17  34
12  17  61
13  17  11
14  17  77
15  17  82
16  17  73
17  17  11
18  17  66
19  17  25
20  17  62
21  17  79
22  17  90
23  17  80
24  17  64
25  17  18
1  18  37
2  18  56
3  18  55
4  18  16
5  18  65
6  18  57
7  18  25
8  18  68
9  18  14
10  18  60
11  18  18
12  18  64
13  18  47
14  18  67
15  18  74
16  18  23
17  18  72
18  18  79
19  18  53
20  18  50
21  18  32
22  18  67
23  18  74
24  18  27
25  18  68
1  19  26
2  19  57
3  19  62
4  19  30
5  19  51
6  19  84
7  19  69
8  19  78
9  19  55
10  19  18
11  19  66
12  19  84
13  19  87
14  19  24
15  19  11
16  19  66
17  19  42
18  19  72
19  19  54
20  19  31
21  19  56
22  19  47
23  19  49
24  19  15
25  19  64
1  20  15
2  20  12
3  20  69
4  20  57
5  20  45
6  20  23
7  20  90
8  20  31
9  20  15
10  20  33
11  20  46
12  20  83
13  20  89
14  20  56
15  20  16
16  20  45
17  20  60
18  20  87
19  20  31
20  20  69
21  20  20
22  20  19
23  20  88
24  20  44
25  20  24
1  21  83
2  21  17
3  21  87
4  21  22
5  21  40
6  21  88
7  21  25
8  21  47
9  21  70
10  21  58
11  21  38
12  21  15
13  21  21
14  21  73
15  21  84
16  21  76
17  21  88
18  21  40
19  21  26
20  21  86
21  21  51
22  21  70
23  21  52
24  21  34
25  21  38
1  22  87
2  22  50
3  22  34
4  22  43
5  22  12
6  22  27
7  22  28
8  22  39
9  22  12
10  22  80
11  22  75
12  22  61
13  22  32
14  22  71
15  22  51
16  22  54
17  22  40
18  22  44
19  22  69
20  22  88
21  22  16
22  22  88
23  22  27
24  22  57
25  22  41
1  23  39
2  23  84
3  23  71
4  23  82
5  23  27
6  23  13
7  23  37
8  23  59
9  23  87
10  23  76
11  23  14
12  23  48
13  23  88
14  23  30
15  23  13
16  23  73
17  23  66
18  23  31
19  23  42
20  23  77
21  23  39
22  23  80
23  23  25
24  23  29
25  23  57
1  24  17
2  24  30
3  24  32
4  24  79
5  24  16
6  24  28
7  24  21
8  24  35
9  24  40
10  24  40
11  24  25
12  24  33
13  24  72
14  24  37
15  24  74
16  24  31
17  24  46
18  24  50
19  24  51
20  24  25
21  24  64
22  24  81
23  24  11
24  24  69
25  24  25
1  25  82
2  25  62
3  25  83
4  25  53
5  25  74
6  25  67
7  25  37
8  25  61
9  25  90
10  25  49
11  25  32
12  25  68
13  25  59
14  25  69
15  25  68
16  25  52
17  25  45
18  25  10
19  25  67
20  25  73
21  25  12
22  25  24
23  25  37
24  25  28
25  25  24
1  26  41
2  26  15
3  26  64
4  26  47
5  26  42
6  26  38
7  26  55
8  26  73
9  26  71
10  26  73
11  26  70
12  26  50
13  26  78
14  26  33
15  26  17
16  26  62
17  26  29
18  26  81
19  26  90
20  26  47
21  26  62
22  26  33
23  26  77
24  26  10
25  26  84
1  27  22
2  27  11
3  27  33
4  27  22
5  27  14
6  27  67
7  27  47
8  27  81
9  27  16
10  27  27
11  27  42
12  27  64
13  27  64
14  27  45
15  27  73
16  27  24
17  27  23
18  27  36
19  27  22
20  27  20
21  27  82
22  27  78
23  27  32
24  27  10
25  27  38
1  28  61
2  28  52
3  28  36
4  28  49
5  28  35
6  28  57
7  28  82
8  28  64
9  28  51
10  28  22
11  28  35
12  28  74
13  28  84
14  28  78
15  28  67
16  28  26
17  28  62
18  28  25
19  28  48
20  28  41
21  28  46
22  28  47
23  28  63
24  28  84
25  28  15
1  29  13
2  29  62
3  29  68
4  29  56
5  29  80
6  29  18
7  29  19
8  29  27
9  29  80
10  29  29
11  29  45
12  29  65
13  29  88
14  29  89
15  29  41
16  29  22
17  29  11
18  29  32
19  29  48
20  29  15
21  29  80
22  29  90
23  29  23
24  29  13
25  29  25
1  30  15
2  30  41
3  30  24
4  30  37
5  30  85
6  30  62
7  30  18
8  30  25
9  30  63
10  30  89
11  30  38
12  30  19
13  30  14
14  30  59
15  30  83
16  30  89
17  30  10
18  30  86
19  30  44
20  30  83
21  30  70
22  30  32
23  30  33
24  30  53
25  30  50
1  31  53
2  31  40
3  31  45
4  31  43
5  31  44
6  31  69
7  31  41
8  31  43
9  31  15
10  31  53
11  31  47
12  31  87
13  31  12
14  31  24
15  31  20
16  31  30
17  31  43
18  31  61
19  31  49
20  31  89
21  31  46
22  31  39
23  31  40
24  31  25
25  31  41
1  32  84
2  32  39
3  32  39
4  32  24
5  32  80
6  32  79
7  32  66
8  32  72
9  32  84
10  32  63
11  32  43
12  32  37
13  32  67
14  32  15
15  32  47
16  32  40
17  32  36
18  32  32
19  32  90
20  32  66
21  32  59
22  32  69
23  32  62
24  32  23
25  32  83
1  33  23
2  33  71
3  33  27
4  33  77
5  33  48
6  33  11
7  33  81
8  33  73
9  33  13
10  33  64
11  33  86
12  33  35
13  33  61
14  33  65
15  33  52
16  33  48
17  33  37
18  33  34
19  33  16
20  33  29
21  33  66
22  33  54
23  33  55
24  33  66
25  33  29
1  34  20
2  34  59
3  34  53
4  34  64
5  34  83
6  34  22
7  34  13
8  34  58
9  34  90
10  34  59
11  34  86
12  34  64
13  34  47
14  34  28
15  34  59
16  34  34
17  34  29
18  34  45
19  34  11
20  34  64
21  34  28
22  34  56
23  34  51
24  34  64
25  34  28
1  35  11
2  35  29
3  35  77
4  35  25
5  35  30
6  35  52
7  35  33
8  35  22
9  35  66
10  35  15
11  35  47
12  35  21
13  35  55
14  35  63
15  35  14
16  35  67
17  35  43
18  35  82
19  35  89
20  35  17
21  35  46
22  35  15
23  35  14
24  35  73
25  35  11
1  36  71
2  36  84
3  36  48
4  36  59
5  36  52
6  36  28
7  36  87
8  36  25
9  36  79
10  36  47
11  36  39
12  36  32
13  36  17
14  36  78
15  36  11
16  36  48
17  36  13
18  36  36
19  36  86
20  36  88
21  36  13
22  36  16
23  36  73
24  36  52
25  36  46
1  37  68
2  37  40
3  37  61
4  37  67
5  37  29
6  37  78
7  37  71
8  37  79
9  37  23
10  37  38
11  37  37
12  37  63
13  37  76
14  37  69
15  37  19
16  37  60
17  37  86
18  37  40
19  37  73
20  37  63
21  37  59
22  37  25
23  37  12
24  37  74
25  37  66
1  38  79
2  38  40
3  38  25
4  38  12
5  38  77
6  38  44
7  38  14
8  38  51
9  38  65
10  38  59
11  38  49
12  38  53
13  38  40
14  38  82
15  38  54
16  38  26
17  38  13
18  38  72
19  38  16
20  38  19
21  38  11
22  38  82
23  38  65
24  38  56
25  38  67
1  39  30
2  39  36
3  39  90
4  39  52
5  39  52
6  39  34
7  39  12
8  39  47
9  39  78
10  39  59
11  39  78
12  39  33
13  39  83
14  39  29
15  39  59
16  39  41
17  39  53
18  39  63
19  39  43
20  39  16
21  39  60
22  39  64
23  39  82
24  39  51
25  39  47
1  40  59
2  40  83
3  40  10
4  40  30
5  40  38
6  40  56
7  40  85
8  40  10
9  40  28
10  40  34
11  40  15
12  40  89
13  40  77
14  40  81
15  40  73
16  40  23
17  40  52
18  40  10
19  40  39
20  40  12
21  40  25
22  40  59
23  40  40
24  40  41
25  40  17
1  41  13
2  41  47
3  41  59
4  41  51
5  41  30
6  41  37
7  41  40
8  41  71
9  41  20
10  41  77
11  41  52
12  41  56
13  41  58
14  41  13
15  41  87
16  41  57
17  41  17
18  41  17
19  41  89
20  41  56
21  41  50
22  41  14
23  41  60
24  41  56
25  41  62
1  42  19
2  42  51
3  42  76
4  42  88
5  42  23
6  42  79
7  42  11
8  42  51
9  42  14
10  42  24
11  42  36
12  42  68
13  42  17
14  42  49
15  42  25
16  42  32
17  42  28
18  42  30
19  42  86
20  42  78
21  42  48
22  42  51
23  42  66
24  42  49
25  42  60
1  43  38
2  43  74
3  43  43
4  43  76
5  43  58
6  43  33
7  43  50
8  43  45
9  43  61
10  43  10
11  43  37
12  43  81
13  43  29
14  43  57
15  43  47
16  43  17
17  43  41
18  43  31
19  43  11
20  43  72
21  43  67
22  43  34
23  43  73
24  43  55
25  43  22
1  44  48
2  44  20
3  44  82
4  44  79
5  44  75
6  44  45
7  44  86
8  44  88
9  44  16
10  44  27
11  44  69
12  44  63
13  44  11
14  44  86
15  44  83
16  44  31
17  44  44
18  44  19
19  44  48
20  44  90
21  44  65
22  44  29
23  44  61
24  44  79
25  44  26
1  45  16
2  45  26
3  45  51
4  45  82
5  45  78
6  45  72
7  45  85
8  45  38
9  45  72
10  45  53
11  45  77
12  45  52
13  45  22
14  45  61
15  45  43
16  45  77
17  45  72
18  45  50
19  45  82
20  45  59
21  45  68
22  45  72
23  45  65
24  45  66
25  45  63
1  46  65
2  46  25
3  46  87
4  46  34
5  46  78
6  46  41
7  46  14
8  46  26
9  46  55
10  46  37
11  46  67
12  46  30
13  46  81
14  46  48
15  46  34
16  46  70
17  46  79
18  46  48
19  46  21
20  46  39
21  46  45
22  46  82
23  46  75
24  46  13
25  46  36
1  47  52
2  47  10
3  47  59
4  47  81
5  47  29
6  47  29
7  47  84
8  47  48
9  47  17
10  47  23
11  47  22
12  47  64
13  47  19
14  47  19
15  47  30
16  47  39
17  47  86
18  47  53
19  47  29
20  47  11
21  47  36
22  47  14
23  47  40
24  47  82
25  47  32
1  48  51
2  48  79
3  48  63
4  48  30
5  48  51
6  48  41
7  48  50
8  48  82
9  48  69
10  48  59
11  48  89
12  48  79
13  48  79
14  48  32
15  48  77
16  48  58
17  48  19
18  48  85
19  48  20
20  48  29
21  48  54
22  48  55
23  48  13
24  48  30
25  48  43
1  49  86
2  49  10
3  49  84
4  49  25
5  49  64
6  49  25
7  49  25
8  49  55
9  49  44
10  49  33
11  49  55
12  49  48
13  49  80
14  49  72
15  49  66
16  49  37
17  49  25
18  49  15
19  49  66
20  49  65
21  49  79
22  49  22
23  49  18
24  49  55
25  49  79
1  50  20
2  50  10
3  50  46
4  50  25
5  50  17
6  50  45
7  50  60
8  50  30
9  50  64
10  50  34
11  50  48
12  50  83
13  50  82
14  50  70
15  50  10
16  50  45
17  50  18
18  50  16
19  50  36
20  50  44
21  50  84
22  50  90
23  50  53
24  50  59
25  50  34
;

param a :=
1  1  1
2  1  0.55
1  2  1
2  2  0.51
1  3  1
2  3  0.56
1  4  1
2  4  0.56
1  5  1
2  5  0.59
1  6  1
2  6  0.42
1  7  1
2  7  0.57
1  8  1
2  8  0.57
1  9  1
2  9  0.46
1  10  1
2  10  0.45
1  11  1
2  11  0.5
1  12  1
2  12  0.44
1  13  1
2  13  0.58
1  14  1
2  14  0.46
1  15  1
2  15  0.42
1  16  1
2  16  0.49
1  17  1
2  17  0.51
1  18  1
2  18  0.41
1  19  1
2  19  0.51
1  20  1
2  20  0.52
1  21  1
2  21  0.46
1  22  1
2  22  0.48
1  23  1
2  23  0.5
1  24  1
2  24  0.52
1  25  1
2  25  0.57
;

