param com_measure1 := 1;

param com_measure2 := 1;

param kappa_max := 404.91;

param U_tau := 416.2921;

param nT := 2;

param nS := 200;

param nL := 10;

param B := 253.88;

param w :=
1  1
2  2
3  1
4  3
5  2
6  1
7  1
8  2
9  3
10  3
;

param h :=
1  1  0
1  2  0
1  3  0
1  4  0
1  5  0
1  6  0
1  7  0
1  8  0
1  9  0
1  10  0
2  1  44.91
2  2  54.82
2  3  45.45
2  4  58.20
2  5  60.92
2  6  48.50
2  7  39.13
2  8  52.80
2  9  46.18
2  10  56.85
;

param xi :=
1  1  1  21
2  1  1  23
3  1  1  30
4  1  1  56
5  1  1  31
6  1  1  17
7  1  1  62
8  1  1  88
9  1  1  82
10  1  1  12
1  2  1  61
2  2  1  48
3  2  1  85
4  2  1  44
5  2  1  31
6  2  1  86
7  2  1  34
8  2  1  65
9  2  1  79
10  2  1  22
1  3  1  74
2  3  1  68
3  3  1  52
4  3  1  30
5  3  1  54
6  3  1  43
7  3  1  74
8  3  1  47
9  3  1  28
10  3  1  62
1  4  1  54
2  4  1  17
3  4  1  62
4  4  1  25
5  4  1  47
6  4  1  46
7  4  1  28
8  4  1  90
9  4  1  75
10  4  1  66
1  5  1  43
2  5  1  63
3  5  1  74
4  5  1  33
5  5  1  62
6  5  1  33
7  5  1  28
8  5  1  74
9  5  1  71
10  5  1  67
1  6  1  49
2  6  1  16
3  6  1  71
4  6  1  23
5  6  1  80
6  6  1  67
7  6  1  18
8  6  1  32
9  6  1  39
10  6  1  40
1  7  1  51
2  7  1  15
3  7  1  11
4  7  1  25
5  7  1  75
6  7  1  66
7  7  1  61
8  7  1  17
9  7  1  47
10  7  1  37
1  8  1  37
2  8  1  47
3  8  1  28
4  8  1  75
5  8  1  29
6  8  1  72
7  8  1  79
8  8  1  15
9  8  1  60
10  8  1  70
1  9  1  27
2  9  1  29
3  9  1  30
4  9  1  84
5  9  1  57
6  9  1  59
7  9  1  47
8  9  1  69
9  9  1  70
10  9  1  54
1  10  1  16
2  10  1  56
3  10  1  82
4  10  1  13
5  10  1  28
6  10  1  84
7  10  1  64
8  10  1  68
9  10  1  72
10  10  1  85
1  11  1  75
2  11  1  87
3  11  1  28
4  11  1  61
5  11  1  67
6  11  1  11
7  11  1  59
8  11  1  64
9  11  1  19
10  11  1  61
1  12  1  65
2  12  1  84
3  12  1  35
4  12  1  19
5  12  1  16
6  12  1  69
7  12  1  20
8  12  1  45
9  12  1  57
10  12  1  82
1  13  1  64
2  13  1  23
3  13  1  30
4  13  1  48
5  13  1  29
6  13  1  52
7  13  1  12
8  13  1  35
9  13  1  67
10  13  1  69
1  14  1  38
2  14  1  80
3  14  1  88
4  14  1  85
5  14  1  63
6  14  1  13
7  14  1  78
8  14  1  89
9  14  1  46
10  14  1  18
1  15  1  66
2  15  1  88
3  15  1  49
4  15  1  84
5  15  1  62
6  15  1  58
7  15  1  19
8  15  1  68
9  15  1  44
10  15  1  67
1  16  1  80
2  16  1  25
3  16  1  74
4  16  1  66
5  16  1  37
6  16  1  58
7  16  1  37
8  16  1  74
9  16  1  31
10  16  1  41
1  17  1  80
2  17  1  83
3  17  1  44
4  17  1  16
5  17  1  82
6  17  1  86
7  17  1  76
8  17  1  19
9  17  1  71
10  17  1  20
1  18  1  17
2  18  1  61
3  18  1  19
4  18  1  28
5  18  1  57
6  18  1  67
7  18  1  20
8  18  1  38
9  18  1  66
10  18  1  85
1  19  1  52
2  19  1  15
3  19  1  71
4  19  1  45
5  19  1  61
6  19  1  51
7  19  1  59
8  19  1  37
9  19  1  72
10  19  1  16
1  20  1  29
2  20  1  72
3  20  1  41
4  20  1  20
5  20  1  39
6  20  1  52
7  20  1  28
8  20  1  57
9  20  1  74
10  20  1  83
1  21  1  78
2  21  1  62
3  21  1  84
4  21  1  42
5  21  1  30
6  21  1  15
7  21  1  36
8  21  1  89
9  21  1  88
10  21  1  38
1  22  1  81
2  22  1  16
3  22  1  83
4  22  1  65
5  22  1  16
6  22  1  70
7  22  1  89
8  22  1  83
9  22  1  62
10  22  1  26
1  23  1  66
2  23  1  50
3  23  1  33
4  23  1  32
5  23  1  69
6  23  1  42
7  23  1  23
8  23  1  11
9  23  1  49
10  23  1  35
1  24  1  46
2  24  1  55
3  24  1  82
4  24  1  29
5  24  1  88
6  24  1  19
7  24  1  12
8  24  1  18
9  24  1  89
10  24  1  90
1  25  1  42
2  25  1  70
3  25  1  14
4  25  1  88
5  25  1  72
6  25  1  17
7  25  1  58
8  25  1  31
9  25  1  84
10  25  1  18
1  26  1  23
2  26  1  38
3  26  1  27
4  26  1  81
5  26  1  79
6  26  1  85
7  26  1  65
8  26  1  71
9  26  1  59
10  26  1  11
1  27  1  55
2  27  1  36
3  27  1  33
4  27  1  11
5  27  1  81
6  27  1  43
7  27  1  15
8  27  1  35
9  27  1  85
10  27  1  27
1  28  1  78
2  28  1  36
3  28  1  40
4  28  1  75
5  28  1  39
6  28  1  18
7  28  1  36
8  28  1  78
9  28  1  11
10  28  1  79
1  29  1  14
2  29  1  68
3  29  1  35
4  29  1  63
5  29  1  16
6  29  1  87
7  29  1  57
8  29  1  69
9  29  1  41
10  29  1  23
1  30  1  53
2  30  1  50
3  30  1  80
4  30  1  73
5  30  1  10
6  30  1  78
7  30  1  74
8  30  1  31
9  30  1  54
10  30  1  89
1  31  1  88
2  31  1  39
3  31  1  71
4  31  1  70
5  31  1  69
6  31  1  20
7  31  1  45
8  31  1  17
9  31  1  82
10  31  1  22
1  32  1  60
2  32  1  12
3  32  1  68
4  32  1  86
5  32  1  30
6  32  1  54
7  32  1  22
8  32  1  23
9  32  1  61
10  32  1  29
1  33  1  67
2  33  1  26
3  33  1  31
4  33  1  30
5  33  1  24
6  33  1  29
7  33  1  36
8  33  1  49
9  33  1  31
10  33  1  51
1  34  1  30
2  34  1  75
3  34  1  74
4  34  1  46
5  34  1  74
6  34  1  89
7  34  1  41
8  34  1  24
9  34  1  19
10  34  1  61
1  35  1  86
2  35  1  72
3  35  1  48
4  35  1  74
5  35  1  29
6  35  1  90
7  35  1  39
8  35  1  26
9  35  1  81
10  35  1  88
1  36  1  65
2  36  1  40
3  36  1  51
4  36  1  16
5  36  1  12
6  36  1  52
7  36  1  79
8  36  1  89
9  36  1  83
10  36  1  84
1  37  1  19
2  37  1  90
3  37  1  69
4  37  1  87
5  37  1  75
6  37  1  21
7  37  1  54
8  37  1  38
9  37  1  19
10  37  1  66
1  38  1  71
2  38  1  57
3  38  1  55
4  38  1  86
5  38  1  10
6  38  1  76
7  38  1  17
8  38  1  38
9  38  1  20
10  38  1  52
1  39  1  28
2  39  1  27
3  39  1  33
4  39  1  81
5  39  1  32
6  39  1  66
7  39  1  67
8  39  1  32
9  39  1  87
10  39  1  84
1  40  1  51
2  40  1  18
3  40  1  43
4  40  1  17
5  40  1  39
6  40  1  83
7  40  1  55
8  40  1  38
9  40  1  69
10  40  1  51
1  41  1  62
2  41  1  64
3  41  1  82
4  41  1  86
5  41  1  77
6  41  1  42
7  41  1  67
8  41  1  50
9  41  1  53
10  41  1  41
1  42  1  69
2  42  1  65
3  42  1  20
4  42  1  36
5  42  1  79
6  42  1  11
7  42  1  30
8  42  1  23
9  42  1  25
10  42  1  54
1  43  1  53
2  43  1  18
3  43  1  71
4  43  1  77
5  43  1  27
6  43  1  74
7  43  1  46
8  43  1  16
9  43  1  49
10  43  1  39
1  44  1  64
2  44  1  12
3  44  1  27
4  44  1  58
5  44  1  56
6  44  1  40
7  44  1  86
8  44  1  54
9  44  1  51
10  44  1  13
1  45  1  37
2  45  1  77
3  45  1  26
4  45  1  71
5  45  1  19
6  45  1  35
7  45  1  11
8  45  1  11
9  45  1  30
10  45  1  54
1  46  1  81
2  46  1  85
3  46  1  47
4  46  1  12
5  46  1  45
6  46  1  46
7  46  1  69
8  46  1  55
9  46  1  80
10  46  1  33
1  47  1  46
2  47  1  62
3  47  1  51
4  47  1  54
5  47  1  85
6  47  1  34
7  47  1  74
8  47  1  28
9  47  1  86
10  47  1  28
1  48  1  62
2  48  1  20
3  48  1  81
4  48  1  43
5  48  1  88
6  48  1  41
7  48  1  15
8  48  1  18
9  48  1  19
10  48  1  75
1  49  1  83
2  49  1  80
3  49  1  64
4  49  1  71
5  49  1  57
6  49  1  52
7  49  1  27
8  49  1  40
9  49  1  14
10  49  1  51
1  50  1  39
2  50  1  42
3  50  1  43
4  50  1  73
5  50  1  12
6  50  1  46
7  50  1  54
8  50  1  29
9  50  1  21
10  50  1  86
1  51  1  12
2  51  1  21
3  51  1  36
4  51  1  28
5  51  1  45
6  51  1  47
7  51  1  13
8  51  1  75
9  51  1  71
10  51  1  59
1  52  1  16
2  52  1  65
3  52  1  68
4  52  1  60
5  52  1  21
6  52  1  59
7  52  1  88
8  52  1  36
9  52  1  12
10  52  1  17
1  53  1  12
2  53  1  57
3  53  1  22
4  53  1  26
5  53  1  18
6  53  1  85
7  53  1  38
8  53  1  64
9  53  1  32
10  53  1  71
1  54  1  30
2  54  1  11
3  54  1  18
4  54  1  38
5  54  1  39
6  54  1  81
7  54  1  34
8  54  1  48
9  54  1  10
10  54  1  59
1  55  1  15
2  55  1  24
3  55  1  41
4  55  1  20
5  55  1  55
6  55  1  65
7  55  1  46
8  55  1  58
9  55  1  85
10  55  1  67
1  56  1  35
2  56  1  46
3  56  1  40
4  56  1  13
5  56  1  68
6  56  1  83
7  56  1  22
8  56  1  15
9  56  1  59
10  56  1  19
1  57  1  21
2  57  1  10
3  57  1  47
4  57  1  79
5  57  1  75
6  57  1  10
7  57  1  45
8  57  1  47
9  57  1  68
10  57  1  46
1  58  1  63
2  58  1  64
3  58  1  38
4  58  1  89
5  58  1  21
6  58  1  14
7  58  1  61
8  58  1  26
9  58  1  22
10  58  1  67
1  59  1  71
2  59  1  29
3  59  1  74
4  59  1  48
5  59  1  66
6  59  1  34
7  59  1  56
8  59  1  71
9  59  1  67
10  59  1  33
1  60  1  84
2  60  1  35
3  60  1  63
4  60  1  29
5  60  1  31
6  60  1  88
7  60  1  26
8  60  1  80
9  60  1  33
10  60  1  35
1  61  1  46
2  61  1  71
3  61  1  61
4  61  1  42
5  61  1  51
6  61  1  43
7  61  1  18
8  61  1  17
9  61  1  15
10  61  1  90
1  62  1  29
2  62  1  64
3  62  1  14
4  62  1  71
5  62  1  50
6  62  1  20
7  62  1  12
8  62  1  66
9  62  1  59
10  62  1  79
1  63  1  16
2  63  1  40
3  63  1  43
4  63  1  84
5  63  1  17
6  63  1  10
7  63  1  74
8  63  1  28
9  63  1  71
10  63  1  51
1  64  1  10
2  64  1  11
3  64  1  13
4  64  1  27
5  64  1  58
6  64  1  68
7  64  1  71
8  64  1  36
9  64  1  54
10  64  1  69
1  65  1  58
2  65  1  68
3  65  1  30
4  65  1  89
5  65  1  22
6  65  1  42
7  65  1  29
8  65  1  53
9  65  1  62
10  65  1  29
1  66  1  39
2  66  1  44
3  66  1  75
4  66  1  82
5  66  1  12
6  66  1  21
7  66  1  89
8  66  1  16
9  66  1  23
10  66  1  47
1  67  1  37
2  67  1  48
3  67  1  70
4  67  1  19
5  67  1  62
6  67  1  89
7  67  1  14
8  67  1  12
9  67  1  18
10  67  1  55
1  68  1  17
2  68  1  53
3  68  1  47
4  68  1  87
5  68  1  68
6  68  1  83
7  68  1  88
8  68  1  16
9  68  1  37
10  68  1  38
1  69  1  52
2  69  1  47
3  69  1  20
4  69  1  19
5  69  1  81
6  69  1  72
7  69  1  34
8  69  1  65
9  69  1  88
10  69  1  31
1  70  1  36
2  70  1  47
3  70  1  34
4  70  1  69
5  70  1  89
6  70  1  48
7  70  1  76
8  70  1  70
9  70  1  18
10  70  1  31
1  71  1  56
2  71  1  53
3  71  1  48
4  71  1  51
5  71  1  30
6  71  1  74
7  71  1  36
8  71  1  30
9  71  1  76
10  71  1  62
1  72  1  24
2  72  1  50
3  72  1  21
4  72  1  10
5  72  1  79
6  72  1  56
7  72  1  53
8  72  1  64
9  72  1  17
10  72  1  26
1  73  1  86
2  73  1  39
3  73  1  15
4  73  1  59
5  73  1  83
6  73  1  31
7  73  1  37
8  73  1  77
9  73  1  21
10  73  1  67
1  74  1  41
2  74  1  76
3  74  1  10
4  74  1  41
5  74  1  62
6  74  1  81
7  74  1  70
8  74  1  21
9  74  1  14
10  74  1  28
1  75  1  65
2  75  1  26
3  75  1  83
4  75  1  56
5  75  1  72
6  75  1  63
7  75  1  38
8  75  1  59
9  75  1  88
10  75  1  36
1  76  1  53
2  76  1  11
3  76  1  33
4  76  1  20
5  76  1  12
6  76  1  68
7  76  1  13
8  76  1  35
9  76  1  85
10  76  1  24
1  77  1  48
2  77  1  18
3  77  1  48
4  77  1  23
5  77  1  56
6  77  1  63
7  77  1  39
8  77  1  23
9  77  1  49
10  77  1  55
1  78  1  74
2  78  1  85
3  78  1  44
4  78  1  45
5  78  1  55
6  78  1  10
7  78  1  22
8  78  1  61
9  78  1  51
10  78  1  64
1  79  1  54
2  79  1  85
3  79  1  34
4  79  1  34
5  79  1  78
6  79  1  40
7  79  1  24
8  79  1  44
9  79  1  86
10  79  1  73
1  80  1  71
2  80  1  47
3  80  1  59
4  80  1  47
5  80  1  14
6  80  1  70
7  80  1  69
8  80  1  23
9  80  1  15
10  80  1  18
1  81  1  10
2  81  1  30
3  81  1  27
4  81  1  33
5  81  1  86
6  81  1  78
7  81  1  88
8  81  1  60
9  81  1  23
10  81  1  54
1  82  1  74
2  82  1  59
3  82  1  40
4  82  1  51
5  82  1  86
6  82  1  41
7  82  1  72
8  82  1  48
9  82  1  20
10  82  1  46
1  83  1  14
2  83  1  85
3  83  1  63
4  83  1  73
5  83  1  22
6  83  1  43
7  83  1  44
8  83  1  56
9  83  1  48
10  83  1  90
1  84  1  65
2  84  1  57
3  84  1  44
4  84  1  10
5  84  1  87
6  84  1  70
7  84  1  20
8  84  1  82
9  84  1  68
10  84  1  68
1  85  1  73
2  85  1  10
3  85  1  22
4  85  1  83
5  85  1  75
6  85  1  21
7  85  1  26
8  85  1  26
9  85  1  11
10  85  1  51
1  86  1  53
2  86  1  81
3  86  1  48
4  86  1  71
5  86  1  61
6  86  1  71
7  86  1  62
8  86  1  11
9  86  1  13
10  86  1  24
1  87  1  24
2  87  1  16
3  87  1  84
4  87  1  46
5  87  1  83
6  87  1  49
7  87  1  31
8  87  1  64
9  87  1  55
10  87  1  53
1  88  1  51
2  88  1  53
3  88  1  24
4  88  1  36
5  88  1  60
6  88  1  56
7  88  1  25
8  88  1  37
9  88  1  46
10  88  1  79
1  89  1  19
2  89  1  47
3  89  1  26
4  89  1  20
5  89  1  12
6  89  1  34
7  89  1  14
8  89  1  21
9  89  1  25
10  89  1  80
1  90  1  27
2  90  1  21
3  90  1  27
4  90  1  10
5  90  1  72
6  90  1  53
7  90  1  82
8  90  1  25
9  90  1  29
10  90  1  73
1  91  1  83
2  91  1  18
3  91  1  89
4  91  1  20
5  91  1  55
6  91  1  82
7  91  1  53
8  91  1  86
9  91  1  70
10  91  1  12
1  92  1  14
2  92  1  48
3  92  1  23
4  92  1  60
5  92  1  47
6  92  1  24
7  92  1  19
8  92  1  30
9  92  1  26
10  92  1  32
1  93  1  51
2  93  1  68
3  93  1  12
4  93  1  67
5  93  1  34
6  93  1  55
7  93  1  78
8  93  1  56
9  93  1  45
10  93  1  63
1  94  1  64
2  94  1  53
3  94  1  18
4  94  1  62
5  94  1  34
6  94  1  47
7  94  1  44
8  94  1  79
9  94  1  84
10  94  1  51
1  95  1  80
2  95  1  34
3  95  1  73
4  95  1  80
5  95  1  56
6  95  1  52
7  95  1  11
8  95  1  84
9  95  1  39
10  95  1  28
1  96  1  73
2  96  1  86
3  96  1  36
4  96  1  33
5  96  1  74
6  96  1  82
7  96  1  13
8  96  1  46
9  96  1  87
10  96  1  75
1  97  1  59
2  97  1  88
3  97  1  76
4  97  1  85
5  97  1  53
6  97  1  73
7  97  1  22
8  97  1  52
9  97  1  54
10  97  1  89
1  98  1  78
2  98  1  20
3  98  1  65
4  98  1  32
5  98  1  31
6  98  1  28
7  98  1  17
8  98  1  57
9  98  1  35
10  98  1  59
1  99  1  64
2  99  1  28
3  99  1  20
4  99  1  57
5  99  1  36
6  99  1  66
7  99  1  40
8  99  1  70
9  99  1  40
10  99  1  27
1  100  1  29
2  100  1  10
3  100  1  44
4  100  1  66
5  100  1  50
6  100  1  30
7  100  1  14
8  100  1  10
9  100  1  19
10  100  1  68
1  101  1  40
2  101  1  83
3  101  1  41
4  101  1  89
5  101  1  30
6  101  1  57
7  101  1  28
8  101  1  23
9  101  1  19
10  101  1  21
1  102  1  59
2  102  1  73
3  102  1  29
4  102  1  14
5  102  1  46
6  102  1  73
7  102  1  43
8  102  1  34
9  102  1  84
10  102  1  90
1  103  1  49
2  103  1  77
3  103  1  79
4  103  1  67
5  103  1  10
6  103  1  18
7  103  1  43
8  103  1  88
9  103  1  24
10  103  1  38
1  104  1  13
2  104  1  50
3  104  1  46
4  104  1  53
5  104  1  25
6  104  1  47
7  104  1  87
8  104  1  55
9  104  1  74
10  104  1  57
1  105  1  52
2  105  1  85
3  105  1  32
4  105  1  77
5  105  1  33
6  105  1  87
7  105  1  58
8  105  1  52
9  105  1  73
10  105  1  19
1  106  1  83
2  106  1  17
3  106  1  49
4  106  1  33
5  106  1  68
6  106  1  52
7  106  1  20
8  106  1  19
9  106  1  76
10  106  1  40
1  107  1  77
2  107  1  75
3  107  1  87
4  107  1  57
5  107  1  26
6  107  1  68
7  107  1  79
8  107  1  34
9  107  1  44
10  107  1  68
1  108  1  56
2  108  1  76
3  108  1  29
4  108  1  86
5  108  1  63
6  108  1  22
7  108  1  88
8  108  1  79
9  108  1  87
10  108  1  88
1  109  1  76
2  109  1  32
3  109  1  36
4  109  1  18
5  109  1  88
6  109  1  53
7  109  1  31
8  109  1  70
9  109  1  63
10  109  1  10
1  110  1  36
2  110  1  83
3  110  1  14
4  110  1  82
5  110  1  19
6  110  1  18
7  110  1  23
8  110  1  86
9  110  1  80
10  110  1  72
1  111  1  11
2  111  1  11
3  111  1  88
4  111  1  31
5  111  1  28
6  111  1  56
7  111  1  51
8  111  1  90
9  111  1  73
10  111  1  84
1  112  1  52
2  112  1  22
3  112  1  32
4  112  1  90
5  112  1  63
6  112  1  34
7  112  1  35
8  112  1  30
9  112  1  39
10  112  1  51
1  113  1  46
2  113  1  87
3  113  1  86
4  113  1  35
5  113  1  18
6  113  1  49
7  113  1  55
8  113  1  88
9  113  1  18
10  113  1  18
1  114  1  13
2  114  1  78
3  114  1  16
4  114  1  39
5  114  1  90
6  114  1  85
7  114  1  48
8  114  1  25
9  114  1  35
10  114  1  58
1  115  1  39
2  115  1  84
3  115  1  25
4  115  1  16
5  115  1  86
6  115  1  13
7  115  1  28
8  115  1  50
9  115  1  52
10  115  1  28
1  116  1  58
2  116  1  68
3  116  1  46
4  116  1  32
5  116  1  70
6  116  1  22
7  116  1  36
8  116  1  18
9  116  1  90
10  116  1  75
1  117  1  65
2  117  1  52
3  117  1  62
4  117  1  37
5  117  1  49
6  117  1  56
7  117  1  19
8  117  1  65
9  117  1  82
10  117  1  58
1  118  1  29
2  118  1  40
3  118  1  50
4  118  1  15
5  118  1  49
6  118  1  42
7  118  1  61
8  118  1  35
9  118  1  39
10  118  1  64
1  119  1  21
2  119  1  55
3  119  1  25
4  119  1  62
5  119  1  67
6  119  1  13
7  119  1  10
8  119  1  84
9  119  1  27
10  119  1  42
1  120  1  56
2  120  1  49
3  120  1  20
4  120  1  30
5  120  1  86
6  120  1  35
7  120  1  69
8  120  1  21
9  120  1  60
10  120  1  29
1  121  1  12
2  121  1  16
3  121  1  89
4  121  1  59
5  121  1  87
6  121  1  12
7  121  1  28
8  121  1  81
9  121  1  56
10  121  1  26
1  122  1  58
2  122  1  61
3  122  1  35
4  122  1  90
5  122  1  38
6  122  1  87
7  122  1  27
8  122  1  36
9  122  1  90
10  122  1  47
1  123  1  21
2  123  1  46
3  123  1  13
4  123  1  86
5  123  1  46
6  123  1  64
7  123  1  29
8  123  1  55
9  123  1  15
10  123  1  88
1  124  1  75
2  124  1  59
3  124  1  13
4  124  1  23
5  124  1  88
6  124  1  54
7  124  1  40
8  124  1  65
9  124  1  18
10  124  1  40
1  125  1  73
2  125  1  39
3  125  1  78
4  125  1  66
5  125  1  76
6  125  1  61
7  125  1  26
8  125  1  11
9  125  1  32
10  125  1  43
1  126  1  40
2  126  1  55
3  126  1  11
4  126  1  40
5  126  1  11
6  126  1  16
7  126  1  41
8  126  1  34
9  126  1  56
10  126  1  45
1  127  1  42
2  127  1  33
3  127  1  89
4  127  1  76
5  127  1  55
6  127  1  38
7  127  1  88
8  127  1  26
9  127  1  44
10  127  1  42
1  128  1  80
2  128  1  57
3  128  1  32
4  128  1  21
5  128  1  78
6  128  1  57
7  128  1  14
8  128  1  35
9  128  1  17
10  128  1  18
1  129  1  47
2  129  1  61
3  129  1  84
4  129  1  39
5  129  1  70
6  129  1  72
7  129  1  32
8  129  1  89
9  129  1  21
10  129  1  30
1  130  1  78
2  130  1  87
3  130  1  40
4  130  1  82
5  130  1  58
6  130  1  18
7  130  1  33
8  130  1  79
9  130  1  68
10  130  1  41
1  131  1  47
2  131  1  76
3  131  1  62
4  131  1  17
5  131  1  24
6  131  1  88
7  131  1  51
8  131  1  14
9  131  1  11
10  131  1  11
1  132  1  18
2  132  1  47
3  132  1  65
4  132  1  37
5  132  1  83
6  132  1  40
7  132  1  77
8  132  1  49
9  132  1  64
10  132  1  63
1  133  1  23
2  133  1  74
3  133  1  11
4  133  1  23
5  133  1  56
6  133  1  45
7  133  1  45
8  133  1  55
9  133  1  10
10  133  1  15
1  134  1  46
2  134  1  43
3  134  1  86
4  134  1  13
5  134  1  46
6  134  1  70
7  134  1  57
8  134  1  37
9  134  1  57
10  134  1  60
1  135  1  41
2  135  1  51
3  135  1  32
4  135  1  66
5  135  1  45
6  135  1  83
7  135  1  61
8  135  1  63
9  135  1  52
10  135  1  43
1  136  1  11
2  136  1  76
3  136  1  26
4  136  1  62
5  136  1  88
6  136  1  82
7  136  1  68
8  136  1  50
9  136  1  35
10  136  1  77
1  137  1  36
2  137  1  67
3  137  1  31
4  137  1  85
5  137  1  20
6  137  1  54
7  137  1  24
8  137  1  40
9  137  1  81
10  137  1  48
1  138  1  17
2  138  1  11
3  138  1  77
4  138  1  60
5  138  1  53
6  138  1  60
7  138  1  48
8  138  1  46
9  138  1  52
10  138  1  82
1  139  1  21
2  139  1  50
3  139  1  72
4  139  1  55
5  139  1  52
6  139  1  82
7  139  1  13
8  139  1  49
9  139  1  69
10  139  1  55
1  140  1  34
2  140  1  25
3  140  1  70
4  140  1  74
5  140  1  75
6  140  1  22
7  140  1  52
8  140  1  43
9  140  1  67
10  140  1  83
1  141  1  49
2  141  1  44
3  141  1  77
4  141  1  87
5  141  1  12
6  141  1  49
7  141  1  41
8  141  1  38
9  141  1  68
10  141  1  60
1  142  1  83
2  142  1  80
3  142  1  55
4  142  1  31
5  142  1  82
6  142  1  87
7  142  1  53
8  142  1  63
9  142  1  32
10  142  1  15
1  143  1  79
2  143  1  77
3  143  1  79
4  143  1  40
5  143  1  16
6  143  1  29
7  143  1  25
8  143  1  50
9  143  1  74
10  143  1  77
1  144  1  59
2  144  1  29
3  144  1  47
4  144  1  34
5  144  1  81
6  144  1  73
7  144  1  15
8  144  1  68
9  144  1  49
10  144  1  39
1  145  1  17
2  145  1  47
3  145  1  23
4  145  1  87
5  145  1  79
6  145  1  65
7  145  1  23
8  145  1  52
9  145  1  29
10  145  1  16
1  146  1  74
2  146  1  12
3  146  1  50
4  146  1  59
5  146  1  61
6  146  1  16
7  146  1  60
8  146  1  63
9  146  1  86
10  146  1  39
1  147  1  50
2  147  1  17
3  147  1  82
4  147  1  63
5  147  1  70
6  147  1  63
7  147  1  49
8  147  1  34
9  147  1  36
10  147  1  66
1  148  1  45
2  148  1  43
3  148  1  76
4  148  1  54
5  148  1  48
6  148  1  36
7  148  1  81
8  148  1  82
9  148  1  27
10  148  1  50
1  149  1  77
2  149  1  62
3  149  1  55
4  149  1  22
5  149  1  69
6  149  1  63
7  149  1  59
8  149  1  55
9  149  1  85
10  149  1  62
1  150  1  15
2  150  1  17
3  150  1  41
4  150  1  14
5  150  1  30
6  150  1  10
7  150  1  29
8  150  1  19
9  150  1  60
10  150  1  44
1  151  1  56
2  151  1  63
3  151  1  16
4  151  1  42
5  151  1  70
6  151  1  68
7  151  1  90
8  151  1  61
9  151  1  15
10  151  1  53
1  152  1  11
2  152  1  13
3  152  1  50
4  152  1  40
5  152  1  46
6  152  1  15
7  152  1  14
8  152  1  60
9  152  1  45
10  152  1  21
1  153  1  72
2  153  1  30
3  153  1  16
4  153  1  37
5  153  1  30
6  153  1  32
7  153  1  50
8  153  1  30
9  153  1  88
10  153  1  79
1  154  1  67
2  154  1  85
3  154  1  31
4  154  1  40
5  154  1  85
6  154  1  70
7  154  1  31
8  154  1  26
9  154  1  24
10  154  1  85
1  155  1  63
2  155  1  48
3  155  1  55
4  155  1  22
5  155  1  84
6  155  1  76
7  155  1  26
8  155  1  59
9  155  1  86
10  155  1  57
1  156  1  36
2  156  1  12
3  156  1  63
4  156  1  45
5  156  1  20
6  156  1  73
7  156  1  29
8  156  1  69
9  156  1  44
10  156  1  83
1  157  1  21
2  157  1  68
3  157  1  18
4  157  1  63
5  157  1  41
6  157  1  55
7  157  1  41
8  157  1  55
9  157  1  61
10  157  1  13
1  158  1  44
2  158  1  21
3  158  1  84
4  158  1  24
5  158  1  17
6  158  1  36
7  158  1  56
8  158  1  48
9  158  1  16
10  158  1  67
1  159  1  66
2  159  1  76
3  159  1  68
4  159  1  90
5  159  1  43
6  159  1  21
7  159  1  20
8  159  1  38
9  159  1  46
10  159  1  33
1  160  1  34
2  160  1  20
3  160  1  14
4  160  1  85
5  160  1  46
6  160  1  81
7  160  1  13
8  160  1  50
9  160  1  76
10  160  1  81
1  161  1  21
2  161  1  22
3  161  1  44
4  161  1  66
5  161  1  56
6  161  1  84
7  161  1  19
8  161  1  38
9  161  1  60
10  161  1  77
1  162  1  86
2  162  1  18
3  162  1  54
4  162  1  49
5  162  1  42
6  162  1  25
7  162  1  70
8  162  1  10
9  162  1  28
10  162  1  24
1  163  1  82
2  163  1  82
3  163  1  57
4  163  1  26
5  163  1  86
6  163  1  39
7  163  1  69
8  163  1  18
9  163  1  35
10  163  1  79
1  164  1  24
2  164  1  12
3  164  1  22
4  164  1  32
5  164  1  51
6  164  1  19
7  164  1  53
8  164  1  17
9  164  1  14
10  164  1  80
1  165  1  19
2  165  1  58
3  165  1  51
4  165  1  49
5  165  1  55
6  165  1  15
7  165  1  85
8  165  1  75
9  165  1  45
10  165  1  19
1  166  1  15
2  166  1  18
3  166  1  40
4  166  1  47
5  166  1  86
6  166  1  31
7  166  1  76
8  166  1  49
9  166  1  63
10  166  1  35
1  167  1  80
2  167  1  75
3  167  1  33
4  167  1  82
5  167  1  39
6  167  1  60
7  167  1  51
8  167  1  49
9  167  1  68
10  167  1  42
1  168  1  16
2  168  1  48
3  168  1  40
4  168  1  75
5  168  1  83
6  168  1  88
7  168  1  15
8  168  1  75
9  168  1  68
10  168  1  26
1  169  1  58
2  169  1  29
3  169  1  41
4  169  1  35
5  169  1  70
6  169  1  78
7  169  1  72
8  169  1  63
9  169  1  16
10  169  1  53
1  170  1  82
2  170  1  24
3  170  1  33
4  170  1  17
5  170  1  83
6  170  1  90
7  170  1  77
8  170  1  76
9  170  1  10
10  170  1  52
1  171  1  68
2  171  1  59
3  171  1  45
4  171  1  67
5  171  1  27
6  171  1  34
7  171  1  76
8  171  1  71
9  171  1  24
10  171  1  89
1  172  1  15
2  172  1  84
3  172  1  42
4  172  1  39
5  172  1  84
6  172  1  22
7  172  1  32
8  172  1  28
9  172  1  83
10  172  1  59
1  173  1  28
2  173  1  50
3  173  1  68
4  173  1  32
5  173  1  55
6  173  1  27
7  173  1  17
8  173  1  54
9  173  1  36
10  173  1  44
1  174  1  44
2  174  1  86
3  174  1  79
4  174  1  38
5  174  1  56
6  174  1  33
7  174  1  17
8  174  1  31
9  174  1  41
10  174  1  85
1  175  1  31
2  175  1  86
3  175  1  43
4  175  1  75
5  175  1  59
6  175  1  26
7  175  1  83
8  175  1  14
9  175  1  69
10  175  1  82
1  176  1  69
2  176  1  65
3  176  1  25
4  176  1  10
5  176  1  76
6  176  1  30
7  176  1  71
8  176  1  22
9  176  1  11
10  176  1  23
1  177  1  33
2  177  1  22
3  177  1  48
4  177  1  47
5  177  1  82
6  177  1  71
7  177  1  87
8  177  1  61
9  177  1  26
10  177  1  20
1  178  1  68
2  178  1  60
3  178  1  64
4  178  1  37
5  178  1  54
6  178  1  76
7  178  1  27
8  178  1  44
9  178  1  62
10  178  1  32
1  179  1  33
2  179  1  79
3  179  1  77
4  179  1  60
5  179  1  64
6  179  1  81
7  179  1  77
8  179  1  82
9  179  1  49
10  179  1  32
1  180  1  82
2  180  1  26
3  180  1  74
4  180  1  25
5  180  1  28
6  180  1  50
7  180  1  66
8  180  1  28
9  180  1  43
10  180  1  74
1  181  1  52
2  181  1  19
3  181  1  24
4  181  1  40
5  181  1  31
6  181  1  16
7  181  1  89
8  181  1  29
9  181  1  52
10  181  1  43
1  182  1  50
2  182  1  16
3  182  1  83
4  182  1  40
5  182  1  19
6  182  1  86
7  182  1  86
8  182  1  45
9  182  1  61
10  182  1  63
1  183  1  72
2  183  1  19
3  183  1  60
4  183  1  82
5  183  1  23
6  183  1  27
7  183  1  61
8  183  1  44
9  183  1  12
10  183  1  83
1  184  1  30
2  184  1  11
3  184  1  11
4  184  1  46
5  184  1  60
6  184  1  59
7  184  1  46
8  184  1  54
9  184  1  33
10  184  1  45
1  185  1  15
2  185  1  35
3  185  1  82
4  185  1  30
5  185  1  16
6  185  1  32
7  185  1  12
8  185  1  80
9  185  1  63
10  185  1  43
1  186  1  28
2  186  1  70
3  186  1  17
4  186  1  79
5  186  1  52
6  186  1  43
7  186  1  21
8  186  1  43
9  186  1  81
10  186  1  56
1  187  1  86
2  187  1  35
3  187  1  52
4  187  1  46
5  187  1  50
6  187  1  17
7  187  1  65
8  187  1  66
9  187  1  36
10  187  1  20
1  188  1  23
2  188  1  18
3  188  1  18
4  188  1  44
5  188  1  36
6  188  1  41
7  188  1  48
8  188  1  78
9  188  1  77
10  188  1  79
1  189  1  78
2  189  1  60
3  189  1  38
4  189  1  90
5  189  1  51
6  189  1  50
7  189  1  25
8  189  1  87
9  189  1  77
10  189  1  53
1  190  1  85
2  190  1  49
3  190  1  66
4  190  1  88
5  190  1  90
6  190  1  52
7  190  1  18
8  190  1  40
9  190  1  82
10  190  1  66
1  191  1  20
2  191  1  58
3  191  1  18
4  191  1  59
5  191  1  13
6  191  1  51
7  191  1  52
8  191  1  56
9  191  1  89
10  191  1  38
1  192  1  65
2  192  1  76
3  192  1  12
4  192  1  19
5  192  1  51
6  192  1  81
7  192  1  41
8  192  1  10
9  192  1  81
10  192  1  27
1  193  1  62
2  193  1  14
3  193  1  32
4  193  1  69
5  193  1  82
6  193  1  60
7  193  1  54
8  193  1  51
9  193  1  15
10  193  1  60
1  194  1  33
2  194  1  62
3  194  1  80
4  194  1  80
5  194  1  50
6  194  1  60
7  194  1  75
8  194  1  50
9  194  1  66
10  194  1  72
1  195  1  63
2  195  1  22
3  195  1  83
4  195  1  61
5  195  1  48
6  195  1  78
7  195  1  50
8  195  1  64
9  195  1  66
10  195  1  51
1  196  1  28
2  196  1  28
3  196  1  65
4  196  1  76
5  196  1  74
6  196  1  77
7  196  1  71
8  196  1  36
9  196  1  67
10  196  1  21
1  197  1  80
2  197  1  34
3  197  1  86
4  197  1  21
5  197  1  26
6  197  1  54
7  197  1  47
8  197  1  89
9  197  1  56
10  197  1  25
1  198  1  72
2  198  1  79
3  198  1  17
4  198  1  72
5  198  1  14
6  198  1  65
7  198  1  19
8  198  1  19
9  198  1  23
10  198  1  68
1  199  1  81
2  199  1  27
3  199  1  28
4  199  1  12
5  199  1  45
6  199  1  63
7  199  1  71
8  199  1  65
9  199  1  15
10  199  1  55
1  200  1  46
2  200  1  69
3  200  1  28
4  200  1  43
5  200  1  15
6  200  1  67
7  200  1  25
8  200  1  25
9  200  1  21
10  200  1  26
1  1  2  11.34
2  1  2  9.89
3  1  2  15.6
4  1  2  23.52
5  1  2  12.71
6  1  2  9.01
7  1  2  35.34
8  1  2  39.6
9  1  2  44.28
10  1  2  5.28
1  2  2  32.94
2  2  2  20.64
3  2  2  44.2
4  2  2  18.48
5  2  2  12.71
6  2  2  45.58
7  2  2  19.38
8  2  2  29.25
9  2  2  42.66
10  2  2  9.68
1  3  2  39.96
2  3  2  29.24
3  3  2  27.04
4  3  2  12.6
5  3  2  22.14
6  3  2  22.79
7  3  2  42.18
8  3  2  21.15
9  3  2  15.12
10  3  2  27.28
1  4  2  29.16
2  4  2  7.31
3  4  2  32.24
4  4  2  10.5
5  4  2  19.27
6  4  2  24.38
7  4  2  15.96
8  4  2  40.5
9  4  2  40.5
10  4  2  29.04
1  5  2  23.22
2  5  2  27.09
3  5  2  38.48
4  5  2  13.86
5  5  2  25.42
6  5  2  17.49
7  5  2  15.96
8  5  2  33.3
9  5  2  38.34
10  5  2  29.48
1  6  2  26.46
2  6  2  6.88
3  6  2  36.92
4  6  2  9.66
5  6  2  32.8
6  6  2  35.51
7  6  2  10.26
8  6  2  14.4
9  6  2  21.06
10  6  2  17.6
1  7  2  27.54
2  7  2  6.45
3  7  2  5.72
4  7  2  10.5
5  7  2  30.75
6  7  2  34.98
7  7  2  34.77
8  7  2  7.65
9  7  2  25.38
10  7  2  16.28
1  8  2  19.98
2  8  2  20.21
3  8  2  14.56
4  8  2  31.5
5  8  2  11.89
6  8  2  38.16
7  8  2  45.03
8  8  2  6.75
9  8  2  32.4
10  8  2  30.8
1  9  2  14.58
2  9  2  12.47
3  9  2  15.6
4  9  2  35.28
5  9  2  23.37
6  9  2  31.27
7  9  2  26.79
8  9  2  31.05
9  9  2  37.8
10  9  2  23.76
1  10  2  8.64
2  10  2  24.08
3  10  2  42.64
4  10  2  5.46
5  10  2  11.48
6  10  2  44.52
7  10  2  36.48
8  10  2  30.6
9  10  2  38.88
10  10  2  37.4
1  11  2  40.5
2  11  2  37.41
3  11  2  14.56
4  11  2  25.62
5  11  2  27.47
6  11  2  5.83
7  11  2  33.63
8  11  2  28.8
9  11  2  10.26
10  11  2  26.84
1  12  2  35.1
2  12  2  36.12
3  12  2  18.2
4  12  2  7.98
5  12  2  6.56
6  12  2  36.57
7  12  2  11.4
8  12  2  20.25
9  12  2  30.78
10  12  2  36.08
1  13  2  34.56
2  13  2  9.89
3  13  2  15.6
4  13  2  20.16
5  13  2  11.89
6  13  2  27.56
7  13  2  6.84
8  13  2  15.75
9  13  2  36.18
10  13  2  30.36
1  14  2  20.52
2  14  2  34.4
3  14  2  45.76
4  14  2  35.7
5  14  2  25.83
6  14  2  6.89
7  14  2  44.46
8  14  2  40.05
9  14  2  24.84
10  14  2  7.92
1  15  2  35.64
2  15  2  37.84
3  15  2  25.48
4  15  2  35.28
5  15  2  25.42
6  15  2  30.74
7  15  2  10.83
8  15  2  30.6
9  15  2  23.76
10  15  2  29.48
1  16  2  43.2
2  16  2  10.75
3  16  2  38.48
4  16  2  27.72
5  16  2  15.17
6  16  2  30.74
7  16  2  21.09
8  16  2  33.3
9  16  2  16.74
10  16  2  18.04
1  17  2  43.2
2  17  2  35.69
3  17  2  22.88
4  17  2  6.72
5  17  2  33.62
6  17  2  45.58
7  17  2  43.32
8  17  2  8.55
9  17  2  38.34
10  17  2  8.8
1  18  2  9.18
2  18  2  26.23
3  18  2  9.88
4  18  2  11.76
5  18  2  23.37
6  18  2  35.51
7  18  2  11.4
8  18  2  17.1
9  18  2  35.64
10  18  2  37.4
1  19  2  28.08
2  19  2  6.45
3  19  2  36.92
4  19  2  18.9
5  19  2  25.01
6  19  2  27.03
7  19  2  33.63
8  19  2  16.65
9  19  2  38.88
10  19  2  7.04
1  20  2  15.66
2  20  2  30.96
3  20  2  21.32
4  20  2  8.4
5  20  2  15.99
6  20  2  27.56
7  20  2  15.96
8  20  2  25.65
9  20  2  39.96
10  20  2  36.52
1  21  2  42.12
2  21  2  26.66
3  21  2  43.68
4  21  2  17.64
5  21  2  12.3
6  21  2  7.95
7  21  2  20.52
8  21  2  40.05
9  21  2  47.52
10  21  2  16.72
1  22  2  43.74
2  22  2  6.88
3  22  2  43.16
4  22  2  27.3
5  22  2  6.56
6  22  2  37.1
7  22  2  50.73
8  22  2  37.35
9  22  2  33.48
10  22  2  11.44
1  23  2  35.64
2  23  2  21.5
3  23  2  17.16
4  23  2  13.44
5  23  2  28.29
6  23  2  22.26
7  23  2  13.11
8  23  2  4.95
9  23  2  26.46
10  23  2  15.4
1  24  2  24.84
2  24  2  23.65
3  24  2  42.64
4  24  2  12.18
5  24  2  36.08
6  24  2  10.07
7  24  2  6.84
8  24  2  8.1
9  24  2  48.06
10  24  2  39.6
1  25  2  22.68
2  25  2  30.1
3  25  2  7.28
4  25  2  36.96
5  25  2  29.52
6  25  2  9.01
7  25  2  33.06
8  25  2  13.95
9  25  2  45.36
10  25  2  7.92
1  26  2  12.42
2  26  2  16.34
3  26  2  14.04
4  26  2  34.02
5  26  2  32.39
6  26  2  45.05
7  26  2  37.05
8  26  2  31.95
9  26  2  31.86
10  26  2  4.84
1  27  2  29.7
2  27  2  15.48
3  27  2  17.16
4  27  2  4.62
5  27  2  33.21
6  27  2  22.79
7  27  2  8.55
8  27  2  15.75
9  27  2  45.9
10  27  2  11.88
1  28  2  42.12
2  28  2  15.48
3  28  2  20.8
4  28  2  31.5
5  28  2  15.99
6  28  2  9.54
7  28  2  20.52
8  28  2  35.1
9  28  2  5.94
10  28  2  34.76
1  29  2  7.56
2  29  2  29.24
3  29  2  18.2
4  29  2  26.46
5  29  2  6.56
6  29  2  46.11
7  29  2  32.49
8  29  2  31.05
9  29  2  22.14
10  29  2  10.12
1  30  2  28.62
2  30  2  21.5
3  30  2  41.6
4  30  2  30.66
5  30  2  4.1
6  30  2  41.34
7  30  2  42.18
8  30  2  13.95
9  30  2  29.16
10  30  2  39.16
1  31  2  47.52
2  31  2  16.77
3  31  2  36.92
4  31  2  29.4
5  31  2  28.29
6  31  2  10.6
7  31  2  25.65
8  31  2  7.65
9  31  2  44.28
10  31  2  9.68
1  32  2  32.4
2  32  2  5.16
3  32  2  35.36
4  32  2  36.12
5  32  2  12.3
6  32  2  28.62
7  32  2  12.54
8  32  2  10.35
9  32  2  32.94
10  32  2  12.76
1  33  2  36.18
2  33  2  11.18
3  33  2  16.12
4  33  2  12.6
5  33  2  9.84
6  33  2  15.37
7  33  2  20.52
8  33  2  22.05
9  33  2  16.74
10  33  2  22.44
1  34  2  16.2
2  34  2  32.25
3  34  2  38.48
4  34  2  19.32
5  34  2  30.34
6  34  2  47.17
7  34  2  23.37
8  34  2  10.8
9  34  2  10.26
10  34  2  26.84
1  35  2  46.44
2  35  2  30.96
3  35  2  24.96
4  35  2  31.08
5  35  2  11.89
6  35  2  47.7
7  35  2  22.23
8  35  2  11.7
9  35  2  43.74
10  35  2  38.72
1  36  2  35.1
2  36  2  17.2
3  36  2  26.52
4  36  2  6.72
5  36  2  4.92
6  36  2  27.56
7  36  2  45.03
8  36  2  40.05
9  36  2  44.82
10  36  2  36.96
1  37  2  10.26
2  37  2  38.7
3  37  2  35.88
4  37  2  36.54
5  37  2  30.75
6  37  2  11.13
7  37  2  30.78
8  37  2  17.1
9  37  2  10.26
10  37  2  29.04
1  38  2  38.34
2  38  2  24.51
3  38  2  28.6
4  38  2  36.12
5  38  2  4.1
6  38  2  40.28
7  38  2  9.69
8  38  2  17.1
9  38  2  10.8
10  38  2  22.88
1  39  2  15.12
2  39  2  11.61
3  39  2  17.16
4  39  2  34.02
5  39  2  13.12
6  39  2  34.98
7  39  2  38.19
8  39  2  14.4
9  39  2  46.98
10  39  2  36.96
1  40  2  27.54
2  40  2  7.74
3  40  2  22.36
4  40  2  7.14
5  40  2  15.99
6  40  2  43.99
7  40  2  31.35
8  40  2  17.1
9  40  2  37.26
10  40  2  22.44
1  41  2  33.48
2  41  2  27.52
3  41  2  42.64
4  41  2  36.12
5  41  2  31.57
6  41  2  22.26
7  41  2  38.19
8  41  2  22.5
9  41  2  28.62
10  41  2  18.04
1  42  2  37.26
2  42  2  27.95
3  42  2  10.4
4  42  2  15.12
5  42  2  32.39
6  42  2  5.83
7  42  2  17.1
8  42  2  10.35
9  42  2  13.5
10  42  2  23.76
1  43  2  28.62
2  43  2  7.74
3  43  2  36.92
4  43  2  32.34
5  43  2  11.07
6  43  2  39.22
7  43  2  26.22
8  43  2  7.2
9  43  2  26.46
10  43  2  17.16
1  44  2  34.56
2  44  2  5.16
3  44  2  14.04
4  44  2  24.36
5  44  2  22.96
6  44  2  21.2
7  44  2  49.02
8  44  2  24.3
9  44  2  27.54
10  44  2  5.72
1  45  2  19.98
2  45  2  33.11
3  45  2  13.52
4  45  2  29.82
5  45  2  7.79
6  45  2  18.55
7  45  2  6.27
8  45  2  4.95
9  45  2  16.2
10  45  2  23.76
1  46  2  43.74
2  46  2  36.55
3  46  2  24.44
4  46  2  5.04
5  46  2  18.45
6  46  2  24.38
7  46  2  39.33
8  46  2  24.75
9  46  2  43.2
10  46  2  14.52
1  47  2  24.84
2  47  2  26.66
3  47  2  26.52
4  47  2  22.68
5  47  2  34.85
6  47  2  18.02
7  47  2  42.18
8  47  2  12.6
9  47  2  46.44
10  47  2  12.32
1  48  2  33.48
2  48  2  8.6
3  48  2  42.12
4  48  2  18.06
5  48  2  36.08
6  48  2  21.73
7  48  2  8.55
8  48  2  8.1
9  48  2  10.26
10  48  2  33
1  49  2  44.82
2  49  2  34.4
3  49  2  33.28
4  49  2  29.82
5  49  2  23.37
6  49  2  27.56
7  49  2  15.39
8  49  2  18
9  49  2  7.56
10  49  2  22.44
1  50  2  21.06
2  50  2  18.06
3  50  2  22.36
4  50  2  30.66
5  50  2  4.92
6  50  2  24.38
7  50  2  30.78
8  50  2  13.05
9  50  2  11.34
10  50  2  37.84
1  51  2  6.48
2  51  2  9.03
3  51  2  18.72
4  51  2  11.76
5  51  2  18.45
6  51  2  24.91
7  51  2  7.41
8  51  2  33.75
9  51  2  38.34
10  51  2  25.96
1  52  2  8.64
2  52  2  27.95
3  52  2  35.36
4  52  2  25.2
5  52  2  8.61
6  52  2  31.27
7  52  2  50.16
8  52  2  16.2
9  52  2  6.48
10  52  2  7.48
1  53  2  6.48
2  53  2  24.51
3  53  2  11.44
4  53  2  10.92
5  53  2  7.38
6  53  2  45.05
7  53  2  21.66
8  53  2  28.8
9  53  2  17.28
10  53  2  31.24
1  54  2  16.2
2  54  2  4.73
3  54  2  9.36
4  54  2  15.96
5  54  2  15.99
6  54  2  42.93
7  54  2  19.38
8  54  2  21.6
9  54  2  5.4
10  54  2  25.96
1  55  2  8.1
2  55  2  10.32
3  55  2  21.32
4  55  2  8.4
5  55  2  22.55
6  55  2  34.45
7  55  2  26.22
8  55  2  26.1
9  55  2  45.9
10  55  2  29.48
1  56  2  18.9
2  56  2  19.78
3  56  2  20.8
4  56  2  5.46
5  56  2  27.88
6  56  2  43.99
7  56  2  12.54
8  56  2  6.75
9  56  2  31.86
10  56  2  8.36
1  57  2  11.34
2  57  2  4.3
3  57  2  24.44
4  57  2  33.18
5  57  2  30.75
6  57  2  5.3
7  57  2  25.65
8  57  2  21.15
9  57  2  36.72
10  57  2  20.24
1  58  2  34.02
2  58  2  27.52
3  58  2  19.76
4  58  2  37.38
5  58  2  8.61
6  58  2  7.42
7  58  2  34.77
8  58  2  11.7
9  58  2  11.88
10  58  2  29.48
1  59  2  38.34
2  59  2  12.47
3  59  2  38.48
4  59  2  20.16
5  59  2  27.06
6  59  2  18.02
7  59  2  31.92
8  59  2  31.95
9  59  2  36.18
10  59  2  14.52
1  60  2  45.36
2  60  2  15.05
3  60  2  32.76
4  60  2  12.18
5  60  2  12.71
6  60  2  46.64
7  60  2  14.82
8  60  2  36
9  60  2  17.82
10  60  2  15.4
1  61  2  24.84
2  61  2  30.53
3  61  2  31.72
4  61  2  17.64
5  61  2  20.91
6  61  2  22.79
7  61  2  10.26
8  61  2  7.65
9  61  2  8.1
10  61  2  39.6
1  62  2  15.66
2  62  2  27.52
3  62  2  7.28
4  62  2  29.82
5  62  2  20.5
6  62  2  10.6
7  62  2  6.84
8  62  2  29.7
9  62  2  31.86
10  62  2  34.76
1  63  2  8.64
2  63  2  17.2
3  63  2  22.36
4  63  2  35.28
5  63  2  6.97
6  63  2  5.3
7  63  2  42.18
8  63  2  12.6
9  63  2  38.34
10  63  2  22.44
1  64  2  5.4
2  64  2  4.73
3  64  2  6.76
4  64  2  11.34
5  64  2  23.78
6  64  2  36.04
7  64  2  40.47
8  64  2  16.2
9  64  2  29.16
10  64  2  30.36
1  65  2  31.32
2  65  2  29.24
3  65  2  15.6
4  65  2  37.38
5  65  2  9.02
6  65  2  22.26
7  65  2  16.53
8  65  2  23.85
9  65  2  33.48
10  65  2  12.76
1  66  2  21.06
2  66  2  18.92
3  66  2  39
4  66  2  34.44
5  66  2  4.92
6  66  2  11.13
7  66  2  50.73
8  66  2  7.2
9  66  2  12.42
10  66  2  20.68
1  67  2  19.98
2  67  2  20.64
3  67  2  36.4
4  67  2  7.98
5  67  2  25.42
6  67  2  47.17
7  67  2  7.98
8  67  2  5.4
9  67  2  9.72
10  67  2  24.2
1  68  2  9.18
2  68  2  22.79
3  68  2  24.44
4  68  2  36.54
5  68  2  27.88
6  68  2  43.99
7  68  2  50.16
8  68  2  7.2
9  68  2  19.98
10  68  2  16.72
1  69  2  28.08
2  69  2  20.21
3  69  2  10.4
4  69  2  7.98
5  69  2  33.21
6  69  2  38.16
7  69  2  19.38
8  69  2  29.25
9  69  2  47.52
10  69  2  13.64
1  70  2  19.44
2  70  2  20.21
3  70  2  17.68
4  70  2  28.98
5  70  2  36.49
6  70  2  25.44
7  70  2  43.32
8  70  2  31.5
9  70  2  9.72
10  70  2  13.64
1  71  2  30.24
2  71  2  22.79
3  71  2  24.96
4  71  2  21.42
5  71  2  12.3
6  71  2  39.22
7  71  2  20.52
8  71  2  13.5
9  71  2  41.04
10  71  2  27.28
1  72  2  12.96
2  72  2  21.5
3  72  2  10.92
4  72  2  4.2
5  72  2  32.39
6  72  2  29.68
7  72  2  30.21
8  72  2  28.8
9  72  2  9.18
10  72  2  11.44
1  73  2  46.44
2  73  2  16.77
3  73  2  7.8
4  73  2  24.78
5  73  2  34.03
6  73  2  16.43
7  73  2  21.09
8  73  2  34.65
9  73  2  11.34
10  73  2  29.48
1  74  2  22.14
2  74  2  32.68
3  74  2  5.2
4  74  2  17.22
5  74  2  25.42
6  74  2  42.93
7  74  2  39.9
8  74  2  9.45
9  74  2  7.56
10  74  2  12.32
1  75  2  35.1
2  75  2  11.18
3  75  2  43.16
4  75  2  23.52
5  75  2  29.52
6  75  2  33.39
7  75  2  21.66
8  75  2  26.55
9  75  2  47.52
10  75  2  15.84
1  76  2  28.62
2  76  2  4.73
3  76  2  17.16
4  76  2  8.4
5  76  2  4.92
6  76  2  36.04
7  76  2  7.41
8  76  2  15.75
9  76  2  45.9
10  76  2  10.56
1  77  2  25.92
2  77  2  7.74
3  77  2  24.96
4  77  2  9.66
5  77  2  22.96
6  77  2  33.39
7  77  2  22.23
8  77  2  10.35
9  77  2  26.46
10  77  2  24.2
1  78  2  39.96
2  78  2  36.55
3  78  2  22.88
4  78  2  18.9
5  78  2  22.55
6  78  2  5.3
7  78  2  12.54
8  78  2  27.45
9  78  2  27.54
10  78  2  28.16
1  79  2  29.16
2  79  2  36.55
3  79  2  17.68
4  79  2  14.28
5  79  2  31.98
6  79  2  21.2
7  79  2  13.68
8  79  2  19.8
9  79  2  46.44
10  79  2  32.12
1  80  2  38.34
2  80  2  20.21
3  80  2  30.68
4  80  2  19.74
5  80  2  5.74
6  80  2  37.1
7  80  2  39.33
8  80  2  10.35
9  80  2  8.1
10  80  2  7.92
1  81  2  5.4
2  81  2  12.9
3  81  2  14.04
4  81  2  13.86
5  81  2  35.26
6  81  2  41.34
7  81  2  50.16
8  81  2  27
9  81  2  12.42
10  81  2  23.76
1  82  2  39.96
2  82  2  25.37
3  82  2  20.8
4  82  2  21.42
5  82  2  35.26
6  82  2  21.73
7  82  2  41.04
8  82  2  21.6
9  82  2  10.8
10  82  2  20.24
1  83  2  7.56
2  83  2  36.55
3  83  2  32.76
4  83  2  30.66
5  83  2  9.02
6  83  2  22.79
7  83  2  25.08
8  83  2  25.2
9  83  2  25.92
10  83  2  39.6
1  84  2  35.1
2  84  2  24.51
3  84  2  22.88
4  84  2  4.2
5  84  2  35.67
6  84  2  37.1
7  84  2  11.4
8  84  2  36.9
9  84  2  36.72
10  84  2  29.92
1  85  2  39.42
2  85  2  4.3
3  85  2  11.44
4  85  2  34.86
5  85  2  30.75
6  85  2  11.13
7  85  2  14.82
8  85  2  11.7
9  85  2  5.94
10  85  2  22.44
1  86  2  28.62
2  86  2  34.83
3  86  2  24.96
4  86  2  29.82
5  86  2  25.01
6  86  2  37.63
7  86  2  35.34
8  86  2  4.95
9  86  2  7.02
10  86  2  10.56
1  87  2  12.96
2  87  2  6.88
3  87  2  43.68
4  87  2  19.32
5  87  2  34.03
6  87  2  25.97
7  87  2  17.67
8  87  2  28.8
9  87  2  29.7
10  87  2  23.32
1  88  2  27.54
2  88  2  22.79
3  88  2  12.48
4  88  2  15.12
5  88  2  24.6
6  88  2  29.68
7  88  2  14.25
8  88  2  16.65
9  88  2  24.84
10  88  2  34.76
1  89  2  10.26
2  89  2  20.21
3  89  2  13.52
4  89  2  8.4
5  89  2  4.92
6  89  2  18.02
7  89  2  7.98
8  89  2  9.45
9  89  2  13.5
10  89  2  35.2
1  90  2  14.58
2  90  2  9.03
3  90  2  14.04
4  90  2  4.2
5  90  2  29.52
6  90  2  28.09
7  90  2  46.74
8  90  2  11.25
9  90  2  15.66
10  90  2  32.12
1  91  2  44.82
2  91  2  7.74
3  91  2  46.28
4  91  2  8.4
5  91  2  22.55
6  91  2  43.46
7  91  2  30.21
8  91  2  38.7
9  91  2  37.8
10  91  2  5.28
1  92  2  7.56
2  92  2  20.64
3  92  2  11.96
4  92  2  25.2
5  92  2  19.27
6  92  2  12.72
7  92  2  10.83
8  92  2  13.5
9  92  2  14.04
10  92  2  14.08
1  93  2  27.54
2  93  2  29.24
3  93  2  6.24
4  93  2  28.14
5  93  2  13.94
6  93  2  29.15
7  93  2  44.46
8  93  2  25.2
9  93  2  24.3
10  93  2  27.72
1  94  2  34.56
2  94  2  22.79
3  94  2  9.36
4  94  2  26.04
5  94  2  13.94
6  94  2  24.91
7  94  2  25.08
8  94  2  35.55
9  94  2  45.36
10  94  2  22.44
1  95  2  43.2
2  95  2  14.62
3  95  2  37.96
4  95  2  33.6
5  95  2  22.96
6  95  2  27.56
7  95  2  6.27
8  95  2  37.8
9  95  2  21.06
10  95  2  12.32
1  96  2  39.42
2  96  2  36.98
3  96  2  18.72
4  96  2  13.86
5  96  2  30.34
6  96  2  43.46
7  96  2  7.41
8  96  2  20.7
9  96  2  46.98
10  96  2  33
1  97  2  31.86
2  97  2  37.84
3  97  2  39.52
4  97  2  35.7
5  97  2  21.73
6  97  2  38.69
7  97  2  12.54
8  97  2  23.4
9  97  2  29.16
10  97  2  39.16
1  98  2  42.12
2  98  2  8.6
3  98  2  33.8
4  98  2  13.44
5  98  2  12.71
6  98  2  14.84
7  98  2  9.69
8  98  2  25.65
9  98  2  18.9
10  98  2  25.96
1  99  2  34.56
2  99  2  12.04
3  99  2  10.4
4  99  2  23.94
5  99  2  14.76
6  99  2  34.98
7  99  2  22.8
8  99  2  31.5
9  99  2  21.6
10  99  2  11.88
1  100  2  15.66
2  100  2  4.3
3  100  2  22.88
4  100  2  27.72
5  100  2  20.5
6  100  2  15.9
7  100  2  7.98
8  100  2  4.5
9  100  2  10.26
10  100  2  29.92
1  101  2  21.6
2  101  2  35.69
3  101  2  21.32
4  101  2  37.38
5  101  2  12.3
6  101  2  30.21
7  101  2  15.96
8  101  2  10.35
9  101  2  10.26
10  101  2  9.24
1  102  2  31.86
2  102  2  31.39
3  102  2  15.08
4  102  2  5.88
5  102  2  18.86
6  102  2  38.69
7  102  2  24.51
8  102  2  15.3
9  102  2  45.36
10  102  2  39.6
1  103  2  26.46
2  103  2  33.11
3  103  2  41.08
4  103  2  28.14
5  103  2  4.1
6  103  2  9.54
7  103  2  24.51
8  103  2  39.6
9  103  2  12.96
10  103  2  16.72
1  104  2  7.02
2  104  2  21.5
3  104  2  23.92
4  104  2  22.26
5  104  2  10.25
6  104  2  24.91
7  104  2  49.59
8  104  2  24.75
9  104  2  39.96
10  104  2  25.08
1  105  2  28.08
2  105  2  36.55
3  105  2  16.64
4  105  2  32.34
5  105  2  13.53
6  105  2  46.11
7  105  2  33.06
8  105  2  23.4
9  105  2  39.42
10  105  2  8.36
1  106  2  44.82
2  106  2  7.31
3  106  2  25.48
4  106  2  13.86
5  106  2  27.88
6  106  2  27.56
7  106  2  11.4
8  106  2  8.55
9  106  2  41.04
10  106  2  17.6
1  107  2  41.58
2  107  2  32.25
3  107  2  45.24
4  107  2  23.94
5  107  2  10.66
6  107  2  36.04
7  107  2  45.03
8  107  2  15.3
9  107  2  23.76
10  107  2  29.92
1  108  2  30.24
2  108  2  32.68
3  108  2  15.08
4  108  2  36.12
5  108  2  25.83
6  108  2  11.66
7  108  2  50.16
8  108  2  35.55
9  108  2  46.98
10  108  2  38.72
1  109  2  41.04
2  109  2  13.76
3  109  2  18.72
4  109  2  7.56
5  109  2  36.08
6  109  2  28.09
7  109  2  17.67
8  109  2  31.5
9  109  2  34.02
10  109  2  4.4
1  110  2  19.44
2  110  2  35.69
3  110  2  7.28
4  110  2  34.44
5  110  2  7.79
6  110  2  9.54
7  110  2  13.11
8  110  2  38.7
9  110  2  43.2
10  110  2  31.68
1  111  2  5.94
2  111  2  4.73
3  111  2  45.76
4  111  2  13.02
5  111  2  11.48
6  111  2  29.68
7  111  2  29.07
8  111  2  40.5
9  111  2  39.42
10  111  2  36.96
1  112  2  28.08
2  112  2  9.46
3  112  2  16.64
4  112  2  37.8
5  112  2  25.83
6  112  2  18.02
7  112  2  19.95
8  112  2  13.5
9  112  2  21.06
10  112  2  22.44
1  113  2  24.84
2  113  2  37.41
3  113  2  44.72
4  113  2  14.7
5  113  2  7.38
6  113  2  25.97
7  113  2  31.35
8  113  2  39.6
9  113  2  9.72
10  113  2  7.92
1  114  2  7.02
2  114  2  33.54
3  114  2  8.32
4  114  2  16.38
5  114  2  36.9
6  114  2  45.05
7  114  2  27.36
8  114  2  11.25
9  114  2  18.9
10  114  2  25.52
1  115  2  21.06
2  115  2  36.12
3  115  2  13
4  115  2  6.72
5  115  2  35.26
6  115  2  6.89
7  115  2  15.96
8  115  2  22.5
9  115  2  28.08
10  115  2  12.32
1  116  2  31.32
2  116  2  29.24
3  116  2  23.92
4  116  2  13.44
5  116  2  28.7
6  116  2  11.66
7  116  2  20.52
8  116  2  8.1
9  116  2  48.6
10  116  2  33
1  117  2  35.1
2  117  2  22.36
3  117  2  32.24
4  117  2  15.54
5  117  2  20.09
6  117  2  29.68
7  117  2  10.83
8  117  2  29.25
9  117  2  44.28
10  117  2  25.52
1  118  2  15.66
2  118  2  17.2
3  118  2  26
4  118  2  6.3
5  118  2  20.09
6  118  2  22.26
7  118  2  34.77
8  118  2  15.75
9  118  2  21.06
10  118  2  28.16
1  119  2  11.34
2  119  2  23.65
3  119  2  13
4  119  2  26.04
5  119  2  27.47
6  119  2  6.89
7  119  2  5.7
8  119  2  37.8
9  119  2  14.58
10  119  2  18.48
1  120  2  30.24
2  120  2  21.07
3  120  2  10.4
4  120  2  12.6
5  120  2  35.26
6  120  2  18.55
7  120  2  39.33
8  120  2  9.45
9  120  2  32.4
10  120  2  12.76
1  121  2  6.48
2  121  2  6.88
3  121  2  46.28
4  121  2  24.78
5  121  2  35.67
6  121  2  6.36
7  121  2  15.96
8  121  2  36.45
9  121  2  30.24
10  121  2  11.44
1  122  2  31.32
2  122  2  26.23
3  122  2  18.2
4  122  2  37.8
5  122  2  15.58
6  122  2  46.11
7  122  2  15.39
8  122  2  16.2
9  122  2  48.6
10  122  2  20.68
1  123  2  11.34
2  123  2  19.78
3  123  2  6.76
4  123  2  36.12
5  123  2  18.86
6  123  2  33.92
7  123  2  16.53
8  123  2  24.75
9  123  2  8.1
10  123  2  38.72
1  124  2  40.5
2  124  2  25.37
3  124  2  6.76
4  124  2  9.66
5  124  2  36.08
6  124  2  28.62
7  124  2  22.8
8  124  2  29.25
9  124  2  9.72
10  124  2  17.6
1  125  2  39.42
2  125  2  16.77
3  125  2  40.56
4  125  2  27.72
5  125  2  31.16
6  125  2  32.33
7  125  2  14.82
8  125  2  4.95
9  125  2  17.28
10  125  2  18.92
1  126  2  21.6
2  126  2  23.65
3  126  2  5.72
4  126  2  16.8
5  126  2  4.51
6  126  2  8.48
7  126  2  23.37
8  126  2  15.3
9  126  2  30.24
10  126  2  19.8
1  127  2  22.68
2  127  2  14.19
3  127  2  46.28
4  127  2  31.92
5  127  2  22.55
6  127  2  20.14
7  127  2  50.16
8  127  2  11.7
9  127  2  23.76
10  127  2  18.48
1  128  2  43.2
2  128  2  24.51
3  128  2  16.64
4  128  2  8.82
5  128  2  31.98
6  128  2  30.21
7  128  2  7.98
8  128  2  15.75
9  128  2  9.18
10  128  2  7.92
1  129  2  25.38
2  129  2  26.23
3  129  2  43.68
4  129  2  16.38
5  129  2  28.7
6  129  2  38.16
7  129  2  18.24
8  129  2  40.05
9  129  2  11.34
10  129  2  13.2
1  130  2  42.12
2  130  2  37.41
3  130  2  20.8
4  130  2  34.44
5  130  2  23.78
6  130  2  9.54
7  130  2  18.81
8  130  2  35.55
9  130  2  36.72
10  130  2  18.04
1  131  2  25.38
2  131  2  32.68
3  131  2  32.24
4  131  2  7.14
5  131  2  9.84
6  131  2  46.64
7  131  2  29.07
8  131  2  6.3
9  131  2  5.94
10  131  2  4.84
1  132  2  9.72
2  132  2  20.21
3  132  2  33.8
4  132  2  15.54
5  132  2  34.03
6  132  2  21.2
7  132  2  43.89
8  132  2  22.05
9  132  2  34.56
10  132  2  27.72
1  133  2  12.42
2  133  2  31.82
3  133  2  5.72
4  133  2  9.66
5  133  2  22.96
6  133  2  23.85
7  133  2  25.65
8  133  2  24.75
9  133  2  5.4
10  133  2  6.6
1  134  2  24.84
2  134  2  18.49
3  134  2  44.72
4  134  2  5.46
5  134  2  18.86
6  134  2  37.1
7  134  2  32.49
8  134  2  16.65
9  134  2  30.78
10  134  2  26.4
1  135  2  22.14
2  135  2  21.93
3  135  2  16.64
4  135  2  27.72
5  135  2  18.45
6  135  2  43.99
7  135  2  34.77
8  135  2  28.35
9  135  2  28.08
10  135  2  18.92
1  136  2  5.94
2  136  2  32.68
3  136  2  13.52
4  136  2  26.04
5  136  2  36.08
6  136  2  43.46
7  136  2  38.76
8  136  2  22.5
9  136  2  18.9
10  136  2  33.88
1  137  2  19.44
2  137  2  28.81
3  137  2  16.12
4  137  2  35.7
5  137  2  8.2
6  137  2  28.62
7  137  2  13.68
8  137  2  18
9  137  2  43.74
10  137  2  21.12
1  138  2  9.18
2  138  2  4.73
3  138  2  40.04
4  138  2  25.2
5  138  2  21.73
6  138  2  31.8
7  138  2  27.36
8  138  2  20.7
9  138  2  28.08
10  138  2  36.08
1  139  2  11.34
2  139  2  21.5
3  139  2  37.44
4  139  2  23.1
5  139  2  21.32
6  139  2  43.46
7  139  2  7.41
8  139  2  22.05
9  139  2  37.26
10  139  2  24.2
1  140  2  18.36
2  140  2  10.75
3  140  2  36.4
4  140  2  31.08
5  140  2  30.75
6  140  2  11.66
7  140  2  29.64
8  140  2  19.35
9  140  2  36.18
10  140  2  36.52
1  141  2  26.46
2  141  2  18.92
3  141  2  40.04
4  141  2  36.54
5  141  2  4.92
6  141  2  25.97
7  141  2  23.37
8  141  2  17.1
9  141  2  36.72
10  141  2  26.4
1  142  2  44.82
2  142  2  34.4
3  142  2  28.6
4  142  2  13.02
5  142  2  33.62
6  142  2  46.11
7  142  2  30.21
8  142  2  28.35
9  142  2  17.28
10  142  2  6.6
1  143  2  42.66
2  143  2  33.11
3  143  2  41.08
4  143  2  16.8
5  143  2  6.56
6  143  2  15.37
7  143  2  14.25
8  143  2  22.5
9  143  2  39.96
10  143  2  33.88
1  144  2  31.86
2  144  2  12.47
3  144  2  24.44
4  144  2  14.28
5  144  2  33.21
6  144  2  38.69
7  144  2  8.55
8  144  2  30.6
9  144  2  26.46
10  144  2  17.16
1  145  2  9.18
2  145  2  20.21
3  145  2  11.96
4  145  2  36.54
5  145  2  32.39
6  145  2  34.45
7  145  2  13.11
8  145  2  23.4
9  145  2  15.66
10  145  2  7.04
1  146  2  39.96
2  146  2  5.16
3  146  2  26
4  146  2  24.78
5  146  2  25.01
6  146  2  8.48
7  146  2  34.2
8  146  2  28.35
9  146  2  46.44
10  146  2  17.16
1  147  2  27
2  147  2  7.31
3  147  2  42.64
4  147  2  26.46
5  147  2  28.7
6  147  2  33.39
7  147  2  27.93
8  147  2  15.3
9  147  2  19.44
10  147  2  29.04
1  148  2  24.3
2  148  2  18.49
3  148  2  39.52
4  148  2  22.68
5  148  2  19.68
6  148  2  19.08
7  148  2  46.17
8  148  2  36.9
9  148  2  14.58
10  148  2  22
1  149  2  41.58
2  149  2  26.66
3  149  2  28.6
4  149  2  9.24
5  149  2  28.29
6  149  2  33.39
7  149  2  33.63
8  149  2  24.75
9  149  2  45.9
10  149  2  27.28
1  150  2  8.1
2  150  2  7.31
3  150  2  21.32
4  150  2  5.88
5  150  2  12.3
6  150  2  5.3
7  150  2  16.53
8  150  2  8.55
9  150  2  32.4
10  150  2  19.36
1  151  2  30.24
2  151  2  27.09
3  151  2  8.32
4  151  2  17.64
5  151  2  28.7
6  151  2  36.04
7  151  2  51.3
8  151  2  27.45
9  151  2  8.1
10  151  2  23.32
1  152  2  5.94
2  152  2  5.59
3  152  2  26
4  152  2  16.8
5  152  2  18.86
6  152  2  7.95
7  152  2  7.98
8  152  2  27
9  152  2  24.3
10  152  2  9.24
1  153  2  38.88
2  153  2  12.9
3  153  2  8.32
4  153  2  15.54
5  153  2  12.3
6  153  2  16.96
7  153  2  28.5
8  153  2  13.5
9  153  2  47.52
10  153  2  34.76
1  154  2  36.18
2  154  2  36.55
3  154  2  16.12
4  154  2  16.8
5  154  2  34.85
6  154  2  37.1
7  154  2  17.67
8  154  2  11.7
9  154  2  12.96
10  154  2  37.4
1  155  2  34.02
2  155  2  20.64
3  155  2  28.6
4  155  2  9.24
5  155  2  34.44
6  155  2  40.28
7  155  2  14.82
8  155  2  26.55
9  155  2  46.44
10  155  2  25.08
1  156  2  19.44
2  156  2  5.16
3  156  2  32.76
4  156  2  18.9
5  156  2  8.2
6  156  2  38.69
7  156  2  16.53
8  156  2  31.05
9  156  2  23.76
10  156  2  36.52
1  157  2  11.34
2  157  2  29.24
3  157  2  9.36
4  157  2  26.46
5  157  2  16.81
6  157  2  29.15
7  157  2  23.37
8  157  2  24.75
9  157  2  32.94
10  157  2  5.72
1  158  2  23.76
2  158  2  9.03
3  158  2  43.68
4  158  2  10.08
5  158  2  6.97
6  158  2  19.08
7  158  2  31.92
8  158  2  21.6
9  158  2  8.64
10  158  2  29.48
1  159  2  35.64
2  159  2  32.68
3  159  2  35.36
4  159  2  37.8
5  159  2  17.63
6  159  2  11.13
7  159  2  11.4
8  159  2  17.1
9  159  2  24.84
10  159  2  14.52
1  160  2  18.36
2  160  2  8.6
3  160  2  7.28
4  160  2  35.7
5  160  2  18.86
6  160  2  42.93
7  160  2  7.41
8  160  2  22.5
9  160  2  41.04
10  160  2  35.64
1  161  2  11.34
2  161  2  9.46
3  161  2  22.88
4  161  2  27.72
5  161  2  22.96
6  161  2  44.52
7  161  2  10.83
8  161  2  17.1
9  161  2  32.4
10  161  2  33.88
1  162  2  46.44
2  162  2  7.74
3  162  2  28.08
4  162  2  20.58
5  162  2  17.22
6  162  2  13.25
7  162  2  39.9
8  162  2  4.5
9  162  2  15.12
10  162  2  10.56
1  163  2  44.28
2  163  2  35.26
3  163  2  29.64
4  163  2  10.92
5  163  2  35.26
6  163  2  20.67
7  163  2  39.33
8  163  2  8.1
9  163  2  18.9
10  163  2  34.76
1  164  2  12.96
2  164  2  5.16
3  164  2  11.44
4  164  2  13.44
5  164  2  20.91
6  164  2  10.07
7  164  2  30.21
8  164  2  7.65
9  164  2  7.56
10  164  2  35.2
1  165  2  10.26
2  165  2  24.94
3  165  2  26.52
4  165  2  20.58
5  165  2  22.55
6  165  2  7.95
7  165  2  48.45
8  165  2  33.75
9  165  2  24.3
10  165  2  8.36
1  166  2  8.1
2  166  2  7.74
3  166  2  20.8
4  166  2  19.74
5  166  2  35.26
6  166  2  16.43
7  166  2  43.32
8  166  2  22.05
9  166  2  34.02
10  166  2  15.4
1  167  2  43.2
2  167  2  32.25
3  167  2  17.16
4  167  2  34.44
5  167  2  15.99
6  167  2  31.8
7  167  2  29.07
8  167  2  22.05
9  167  2  36.72
10  167  2  18.48
1  168  2  8.64
2  168  2  20.64
3  168  2  20.8
4  168  2  31.5
5  168  2  34.03
6  168  2  46.64
7  168  2  8.55
8  168  2  33.75
9  168  2  36.72
10  168  2  11.44
1  169  2  31.32
2  169  2  12.47
3  169  2  21.32
4  169  2  14.7
5  169  2  28.7
6  169  2  41.34
7  169  2  41.04
8  169  2  28.35
9  169  2  8.64
10  169  2  23.32
1  170  2  44.28
2  170  2  10.32
3  170  2  17.16
4  170  2  7.14
5  170  2  34.03
6  170  2  47.7
7  170  2  43.89
8  170  2  34.2
9  170  2  5.4
10  170  2  22.88
1  171  2  36.72
2  171  2  25.37
3  171  2  23.4
4  171  2  28.14
5  171  2  11.07
6  171  2  18.02
7  171  2  43.32
8  171  2  31.95
9  171  2  12.96
10  171  2  39.16
1  172  2  8.1
2  172  2  36.12
3  172  2  21.84
4  172  2  16.38
5  172  2  34.44
6  172  2  11.66
7  172  2  18.24
8  172  2  12.6
9  172  2  44.82
10  172  2  25.96
1  173  2  15.12
2  173  2  21.5
3  173  2  35.36
4  173  2  13.44
5  173  2  22.55
6  173  2  14.31
7  173  2  9.69
8  173  2  24.3
9  173  2  19.44
10  173  2  19.36
1  174  2  23.76
2  174  2  36.98
3  174  2  41.08
4  174  2  15.96
5  174  2  22.96
6  174  2  17.49
7  174  2  9.69
8  174  2  13.95
9  174  2  22.14
10  174  2  37.4
1  175  2  16.74
2  175  2  36.98
3  175  2  22.36
4  175  2  31.5
5  175  2  24.19
6  175  2  13.78
7  175  2  47.31
8  175  2  6.3
9  175  2  37.26
10  175  2  36.08
1  176  2  37.26
2  176  2  27.95
3  176  2  13
4  176  2  4.2
5  176  2  31.16
6  176  2  15.9
7  176  2  40.47
8  176  2  9.9
9  176  2  5.94
10  176  2  10.12
1  177  2  17.82
2  177  2  9.46
3  177  2  24.96
4  177  2  19.74
5  177  2  33.62
6  177  2  37.63
7  177  2  49.59
8  177  2  27.45
9  177  2  14.04
10  177  2  8.8
1  178  2  36.72
2  178  2  25.8
3  178  2  33.28
4  178  2  15.54
5  178  2  22.14
6  178  2  40.28
7  178  2  15.39
8  178  2  19.8
9  178  2  33.48
10  178  2  14.08
1  179  2  17.82
2  179  2  33.97
3  179  2  40.04
4  179  2  25.2
5  179  2  26.24
6  179  2  42.93
7  179  2  43.89
8  179  2  36.9
9  179  2  26.46
10  179  2  14.08
1  180  2  44.28
2  180  2  11.18
3  180  2  38.48
4  180  2  10.5
5  180  2  11.48
6  180  2  26.5
7  180  2  37.62
8  180  2  12.6
9  180  2  23.22
10  180  2  32.56
1  181  2  28.08
2  181  2  8.17
3  181  2  12.48
4  181  2  16.8
5  181  2  12.71
6  181  2  8.48
7  181  2  50.73
8  181  2  13.05
9  181  2  28.08
10  181  2  18.92
1  182  2  27
2  182  2  6.88
3  182  2  43.16
4  182  2  16.8
5  182  2  7.79
6  182  2  45.58
7  182  2  49.02
8  182  2  20.25
9  182  2  32.94
10  182  2  27.72
1  183  2  38.88
2  183  2  8.17
3  183  2  31.2
4  183  2  34.44
5  183  2  9.43
6  183  2  14.31
7  183  2  34.77
8  183  2  19.8
9  183  2  6.48
10  183  2  36.52
1  184  2  16.2
2  184  2  4.73
3  184  2  5.72
4  184  2  19.32
5  184  2  24.6
6  184  2  31.27
7  184  2  26.22
8  184  2  24.3
9  184  2  17.82
10  184  2  19.8
1  185  2  8.1
2  185  2  15.05
3  185  2  42.64
4  185  2  12.6
5  185  2  6.56
6  185  2  16.96
7  185  2  6.84
8  185  2  36
9  185  2  34.02
10  185  2  18.92
1  186  2  15.12
2  186  2  30.1
3  186  2  8.84
4  186  2  33.18
5  186  2  21.32
6  186  2  22.79
7  186  2  11.97
8  186  2  19.35
9  186  2  43.74
10  186  2  24.64
1  187  2  46.44
2  187  2  15.05
3  187  2  27.04
4  187  2  19.32
5  187  2  20.5
6  187  2  9.01
7  187  2  37.05
8  187  2  29.7
9  187  2  19.44
10  187  2  8.8
1  188  2  12.42
2  188  2  7.74
3  188  2  9.36
4  188  2  18.48
5  188  2  14.76
6  188  2  21.73
7  188  2  27.36
8  188  2  35.1
9  188  2  41.58
10  188  2  34.76
1  189  2  42.12
2  189  2  25.8
3  189  2  19.76
4  189  2  37.8
5  189  2  20.91
6  189  2  26.5
7  189  2  14.25
8  189  2  39.15
9  189  2  41.58
10  189  2  23.32
1  190  2  45.9
2  190  2  21.07
3  190  2  34.32
4  190  2  36.96
5  190  2  36.9
6  190  2  27.56
7  190  2  10.26
8  190  2  18
9  190  2  44.28
10  190  2  29.04
1  191  2  10.8
2  191  2  24.94
3  191  2  9.36
4  191  2  24.78
5  191  2  5.33
6  191  2  27.03
7  191  2  29.64
8  191  2  25.2
9  191  2  48.06
10  191  2  16.72
1  192  2  35.1
2  192  2  32.68
3  192  2  6.24
4  192  2  7.98
5  192  2  20.91
6  192  2  42.93
7  192  2  23.37
8  192  2  4.5
9  192  2  43.74
10  192  2  11.88
1  193  2  33.48
2  193  2  6.02
3  193  2  16.64
4  193  2  28.98
5  193  2  33.62
6  193  2  31.8
7  193  2  30.78
8  193  2  22.95
9  193  2  8.1
10  193  2  26.4
1  194  2  17.82
2  194  2  26.66
3  194  2  41.6
4  194  2  33.6
5  194  2  20.5
6  194  2  31.8
7  194  2  42.75
8  194  2  22.5
9  194  2  35.64
10  194  2  31.68
1  195  2  34.02
2  195  2  9.46
3  195  2  43.16
4  195  2  25.62
5  195  2  19.68
6  195  2  41.34
7  195  2  28.5
8  195  2  28.8
9  195  2  35.64
10  195  2  22.44
1  196  2  15.12
2  196  2  12.04
3  196  2  33.8
4  196  2  31.92
5  196  2  30.34
6  196  2  40.81
7  196  2  40.47
8  196  2  16.2
9  196  2  36.18
10  196  2  9.24
1  197  2  43.2
2  197  2  14.62
3  197  2  44.72
4  197  2  8.82
5  197  2  10.66
6  197  2  28.62
7  197  2  26.79
8  197  2  40.05
9  197  2  30.24
10  197  2  11
1  198  2  38.88
2  198  2  33.97
3  198  2  8.84
4  198  2  30.24
5  198  2  5.74
6  198  2  34.45
7  198  2  10.83
8  198  2  8.55
9  198  2  12.42
10  198  2  29.92
1  199  2  43.74
2  199  2  11.61
3  199  2  14.56
4  199  2  5.04
5  199  2  18.45
6  199  2  33.39
7  199  2  40.47
8  199  2  29.25
9  199  2  8.1
10  199  2  24.2
1  200  2  24.84
2  200  2  29.67
3  200  2  14.56
4  200  2  18.06
5  200  2  6.15
6  200  2  35.51
7  200  2  14.25
8  200  2  11.25
9  200  2  11.34
10  200  2  11.44
;

param xi_base :=
1  1  21
2  1  23
3  1  30
4  1  56
5  1  31
6  1  17
7  1  62
8  1  88
9  1  82
10  1  12
1  2  61
2  2  48
3  2  85
4  2  44
5  2  31
6  2  86
7  2  34
8  2  65
9  2  79
10  2  22
1  3  74
2  3  68
3  3  52
4  3  30
5  3  54
6  3  43
7  3  74
8  3  47
9  3  28
10  3  62
1  4  54
2  4  17
3  4  62
4  4  25
5  4  47
6  4  46
7  4  28
8  4  90
9  4  75
10  4  66
1  5  43
2  5  63
3  5  74
4  5  33
5  5  62
6  5  33
7  5  28
8  5  74
9  5  71
10  5  67
1  6  49
2  6  16
3  6  71
4  6  23
5  6  80
6  6  67
7  6  18
8  6  32
9  6  39
10  6  40
1  7  51
2  7  15
3  7  11
4  7  25
5  7  75
6  7  66
7  7  61
8  7  17
9  7  47
10  7  37
1  8  37
2  8  47
3  8  28
4  8  75
5  8  29
6  8  72
7  8  79
8  8  15
9  8  60
10  8  70
1  9  27
2  9  29
3  9  30
4  9  84
5  9  57
6  9  59
7  9  47
8  9  69
9  9  70
10  9  54
1  10  16
2  10  56
3  10  82
4  10  13
5  10  28
6  10  84
7  10  64
8  10  68
9  10  72
10  10  85
1  11  75
2  11  87
3  11  28
4  11  61
5  11  67
6  11  11
7  11  59
8  11  64
9  11  19
10  11  61
1  12  65
2  12  84
3  12  35
4  12  19
5  12  16
6  12  69
7  12  20
8  12  45
9  12  57
10  12  82
1  13  64
2  13  23
3  13  30
4  13  48
5  13  29
6  13  52
7  13  12
8  13  35
9  13  67
10  13  69
1  14  38
2  14  80
3  14  88
4  14  85
5  14  63
6  14  13
7  14  78
8  14  89
9  14  46
10  14  18
1  15  66
2  15  88
3  15  49
4  15  84
5  15  62
6  15  58
7  15  19
8  15  68
9  15  44
10  15  67
1  16  80
2  16  25
3  16  74
4  16  66
5  16  37
6  16  58
7  16  37
8  16  74
9  16  31
10  16  41
1  17  80
2  17  83
3  17  44
4  17  16
5  17  82
6  17  86
7  17  76
8  17  19
9  17  71
10  17  20
1  18  17
2  18  61
3  18  19
4  18  28
5  18  57
6  18  67
7  18  20
8  18  38
9  18  66
10  18  85
1  19  52
2  19  15
3  19  71
4  19  45
5  19  61
6  19  51
7  19  59
8  19  37
9  19  72
10  19  16
1  20  29
2  20  72
3  20  41
4  20  20
5  20  39
6  20  52
7  20  28
8  20  57
9  20  74
10  20  83
1  21  78
2  21  62
3  21  84
4  21  42
5  21  30
6  21  15
7  21  36
8  21  89
9  21  88
10  21  38
1  22  81
2  22  16
3  22  83
4  22  65
5  22  16
6  22  70
7  22  89
8  22  83
9  22  62
10  22  26
1  23  66
2  23  50
3  23  33
4  23  32
5  23  69
6  23  42
7  23  23
8  23  11
9  23  49
10  23  35
1  24  46
2  24  55
3  24  82
4  24  29
5  24  88
6  24  19
7  24  12
8  24  18
9  24  89
10  24  90
1  25  42
2  25  70
3  25  14
4  25  88
5  25  72
6  25  17
7  25  58
8  25  31
9  25  84
10  25  18
1  26  23
2  26  38
3  26  27
4  26  81
5  26  79
6  26  85
7  26  65
8  26  71
9  26  59
10  26  11
1  27  55
2  27  36
3  27  33
4  27  11
5  27  81
6  27  43
7  27  15
8  27  35
9  27  85
10  27  27
1  28  78
2  28  36
3  28  40
4  28  75
5  28  39
6  28  18
7  28  36
8  28  78
9  28  11
10  28  79
1  29  14
2  29  68
3  29  35
4  29  63
5  29  16
6  29  87
7  29  57
8  29  69
9  29  41
10  29  23
1  30  53
2  30  50
3  30  80
4  30  73
5  30  10
6  30  78
7  30  74
8  30  31
9  30  54
10  30  89
1  31  88
2  31  39
3  31  71
4  31  70
5  31  69
6  31  20
7  31  45
8  31  17
9  31  82
10  31  22
1  32  60
2  32  12
3  32  68
4  32  86
5  32  30
6  32  54
7  32  22
8  32  23
9  32  61
10  32  29
1  33  67
2  33  26
3  33  31
4  33  30
5  33  24
6  33  29
7  33  36
8  33  49
9  33  31
10  33  51
1  34  30
2  34  75
3  34  74
4  34  46
5  34  74
6  34  89
7  34  41
8  34  24
9  34  19
10  34  61
1  35  86
2  35  72
3  35  48
4  35  74
5  35  29
6  35  90
7  35  39
8  35  26
9  35  81
10  35  88
1  36  65
2  36  40
3  36  51
4  36  16
5  36  12
6  36  52
7  36  79
8  36  89
9  36  83
10  36  84
1  37  19
2  37  90
3  37  69
4  37  87
5  37  75
6  37  21
7  37  54
8  37  38
9  37  19
10  37  66
1  38  71
2  38  57
3  38  55
4  38  86
5  38  10
6  38  76
7  38  17
8  38  38
9  38  20
10  38  52
1  39  28
2  39  27
3  39  33
4  39  81
5  39  32
6  39  66
7  39  67
8  39  32
9  39  87
10  39  84
1  40  51
2  40  18
3  40  43
4  40  17
5  40  39
6  40  83
7  40  55
8  40  38
9  40  69
10  40  51
1  41  62
2  41  64
3  41  82
4  41  86
5  41  77
6  41  42
7  41  67
8  41  50
9  41  53
10  41  41
1  42  69
2  42  65
3  42  20
4  42  36
5  42  79
6  42  11
7  42  30
8  42  23
9  42  25
10  42  54
1  43  53
2  43  18
3  43  71
4  43  77
5  43  27
6  43  74
7  43  46
8  43  16
9  43  49
10  43  39
1  44  64
2  44  12
3  44  27
4  44  58
5  44  56
6  44  40
7  44  86
8  44  54
9  44  51
10  44  13
1  45  37
2  45  77
3  45  26
4  45  71
5  45  19
6  45  35
7  45  11
8  45  11
9  45  30
10  45  54
1  46  81
2  46  85
3  46  47
4  46  12
5  46  45
6  46  46
7  46  69
8  46  55
9  46  80
10  46  33
1  47  46
2  47  62
3  47  51
4  47  54
5  47  85
6  47  34
7  47  74
8  47  28
9  47  86
10  47  28
1  48  62
2  48  20
3  48  81
4  48  43
5  48  88
6  48  41
7  48  15
8  48  18
9  48  19
10  48  75
1  49  83
2  49  80
3  49  64
4  49  71
5  49  57
6  49  52
7  49  27
8  49  40
9  49  14
10  49  51
1  50  39
2  50  42
3  50  43
4  50  73
5  50  12
6  50  46
7  50  54
8  50  29
9  50  21
10  50  86
1  51  12
2  51  21
3  51  36
4  51  28
5  51  45
6  51  47
7  51  13
8  51  75
9  51  71
10  51  59
1  52  16
2  52  65
3  52  68
4  52  60
5  52  21
6  52  59
7  52  88
8  52  36
9  52  12
10  52  17
1  53  12
2  53  57
3  53  22
4  53  26
5  53  18
6  53  85
7  53  38
8  53  64
9  53  32
10  53  71
1  54  30
2  54  11
3  54  18
4  54  38
5  54  39
6  54  81
7  54  34
8  54  48
9  54  10
10  54  59
1  55  15
2  55  24
3  55  41
4  55  20
5  55  55
6  55  65
7  55  46
8  55  58
9  55  85
10  55  67
1  56  35
2  56  46
3  56  40
4  56  13
5  56  68
6  56  83
7  56  22
8  56  15
9  56  59
10  56  19
1  57  21
2  57  10
3  57  47
4  57  79
5  57  75
6  57  10
7  57  45
8  57  47
9  57  68
10  57  46
1  58  63
2  58  64
3  58  38
4  58  89
5  58  21
6  58  14
7  58  61
8  58  26
9  58  22
10  58  67
1  59  71
2  59  29
3  59  74
4  59  48
5  59  66
6  59  34
7  59  56
8  59  71
9  59  67
10  59  33
1  60  84
2  60  35
3  60  63
4  60  29
5  60  31
6  60  88
7  60  26
8  60  80
9  60  33
10  60  35
1  61  46
2  61  71
3  61  61
4  61  42
5  61  51
6  61  43
7  61  18
8  61  17
9  61  15
10  61  90
1  62  29
2  62  64
3  62  14
4  62  71
5  62  50
6  62  20
7  62  12
8  62  66
9  62  59
10  62  79
1  63  16
2  63  40
3  63  43
4  63  84
5  63  17
6  63  10
7  63  74
8  63  28
9  63  71
10  63  51
1  64  10
2  64  11
3  64  13
4  64  27
5  64  58
6  64  68
7  64  71
8  64  36
9  64  54
10  64  69
1  65  58
2  65  68
3  65  30
4  65  89
5  65  22
6  65  42
7  65  29
8  65  53
9  65  62
10  65  29
1  66  39
2  66  44
3  66  75
4  66  82
5  66  12
6  66  21
7  66  89
8  66  16
9  66  23
10  66  47
1  67  37
2  67  48
3  67  70
4  67  19
5  67  62
6  67  89
7  67  14
8  67  12
9  67  18
10  67  55
1  68  17
2  68  53
3  68  47
4  68  87
5  68  68
6  68  83
7  68  88
8  68  16
9  68  37
10  68  38
1  69  52
2  69  47
3  69  20
4  69  19
5  69  81
6  69  72
7  69  34
8  69  65
9  69  88
10  69  31
1  70  36
2  70  47
3  70  34
4  70  69
5  70  89
6  70  48
7  70  76
8  70  70
9  70  18
10  70  31
1  71  56
2  71  53
3  71  48
4  71  51
5  71  30
6  71  74
7  71  36
8  71  30
9  71  76
10  71  62
1  72  24
2  72  50
3  72  21
4  72  10
5  72  79
6  72  56
7  72  53
8  72  64
9  72  17
10  72  26
1  73  86
2  73  39
3  73  15
4  73  59
5  73  83
6  73  31
7  73  37
8  73  77
9  73  21
10  73  67
1  74  41
2  74  76
3  74  10
4  74  41
5  74  62
6  74  81
7  74  70
8  74  21
9  74  14
10  74  28
1  75  65
2  75  26
3  75  83
4  75  56
5  75  72
6  75  63
7  75  38
8  75  59
9  75  88
10  75  36
1  76  53
2  76  11
3  76  33
4  76  20
5  76  12
6  76  68
7  76  13
8  76  35
9  76  85
10  76  24
1  77  48
2  77  18
3  77  48
4  77  23
5  77  56
6  77  63
7  77  39
8  77  23
9  77  49
10  77  55
1  78  74
2  78  85
3  78  44
4  78  45
5  78  55
6  78  10
7  78  22
8  78  61
9  78  51
10  78  64
1  79  54
2  79  85
3  79  34
4  79  34
5  79  78
6  79  40
7  79  24
8  79  44
9  79  86
10  79  73
1  80  71
2  80  47
3  80  59
4  80  47
5  80  14
6  80  70
7  80  69
8  80  23
9  80  15
10  80  18
1  81  10
2  81  30
3  81  27
4  81  33
5  81  86
6  81  78
7  81  88
8  81  60
9  81  23
10  81  54
1  82  74
2  82  59
3  82  40
4  82  51
5  82  86
6  82  41
7  82  72
8  82  48
9  82  20
10  82  46
1  83  14
2  83  85
3  83  63
4  83  73
5  83  22
6  83  43
7  83  44
8  83  56
9  83  48
10  83  90
1  84  65
2  84  57
3  84  44
4  84  10
5  84  87
6  84  70
7  84  20
8  84  82
9  84  68
10  84  68
1  85  73
2  85  10
3  85  22
4  85  83
5  85  75
6  85  21
7  85  26
8  85  26
9  85  11
10  85  51
1  86  53
2  86  81
3  86  48
4  86  71
5  86  61
6  86  71
7  86  62
8  86  11
9  86  13
10  86  24
1  87  24
2  87  16
3  87  84
4  87  46
5  87  83
6  87  49
7  87  31
8  87  64
9  87  55
10  87  53
1  88  51
2  88  53
3  88  24
4  88  36
5  88  60
6  88  56
7  88  25
8  88  37
9  88  46
10  88  79
1  89  19
2  89  47
3  89  26
4  89  20
5  89  12
6  89  34
7  89  14
8  89  21
9  89  25
10  89  80
1  90  27
2  90  21
3  90  27
4  90  10
5  90  72
6  90  53
7  90  82
8  90  25
9  90  29
10  90  73
1  91  83
2  91  18
3  91  89
4  91  20
5  91  55
6  91  82
7  91  53
8  91  86
9  91  70
10  91  12
1  92  14
2  92  48
3  92  23
4  92  60
5  92  47
6  92  24
7  92  19
8  92  30
9  92  26
10  92  32
1  93  51
2  93  68
3  93  12
4  93  67
5  93  34
6  93  55
7  93  78
8  93  56
9  93  45
10  93  63
1  94  64
2  94  53
3  94  18
4  94  62
5  94  34
6  94  47
7  94  44
8  94  79
9  94  84
10  94  51
1  95  80
2  95  34
3  95  73
4  95  80
5  95  56
6  95  52
7  95  11
8  95  84
9  95  39
10  95  28
1  96  73
2  96  86
3  96  36
4  96  33
5  96  74
6  96  82
7  96  13
8  96  46
9  96  87
10  96  75
1  97  59
2  97  88
3  97  76
4  97  85
5  97  53
6  97  73
7  97  22
8  97  52
9  97  54
10  97  89
1  98  78
2  98  20
3  98  65
4  98  32
5  98  31
6  98  28
7  98  17
8  98  57
9  98  35
10  98  59
1  99  64
2  99  28
3  99  20
4  99  57
5  99  36
6  99  66
7  99  40
8  99  70
9  99  40
10  99  27
1  100  29
2  100  10
3  100  44
4  100  66
5  100  50
6  100  30
7  100  14
8  100  10
9  100  19
10  100  68
1  101  40
2  101  83
3  101  41
4  101  89
5  101  30
6  101  57
7  101  28
8  101  23
9  101  19
10  101  21
1  102  59
2  102  73
3  102  29
4  102  14
5  102  46
6  102  73
7  102  43
8  102  34
9  102  84
10  102  90
1  103  49
2  103  77
3  103  79
4  103  67
5  103  10
6  103  18
7  103  43
8  103  88
9  103  24
10  103  38
1  104  13
2  104  50
3  104  46
4  104  53
5  104  25
6  104  47
7  104  87
8  104  55
9  104  74
10  104  57
1  105  52
2  105  85
3  105  32
4  105  77
5  105  33
6  105  87
7  105  58
8  105  52
9  105  73
10  105  19
1  106  83
2  106  17
3  106  49
4  106  33
5  106  68
6  106  52
7  106  20
8  106  19
9  106  76
10  106  40
1  107  77
2  107  75
3  107  87
4  107  57
5  107  26
6  107  68
7  107  79
8  107  34
9  107  44
10  107  68
1  108  56
2  108  76
3  108  29
4  108  86
5  108  63
6  108  22
7  108  88
8  108  79
9  108  87
10  108  88
1  109  76
2  109  32
3  109  36
4  109  18
5  109  88
6  109  53
7  109  31
8  109  70
9  109  63
10  109  10
1  110  36
2  110  83
3  110  14
4  110  82
5  110  19
6  110  18
7  110  23
8  110  86
9  110  80
10  110  72
1  111  11
2  111  11
3  111  88
4  111  31
5  111  28
6  111  56
7  111  51
8  111  90
9  111  73
10  111  84
1  112  52
2  112  22
3  112  32
4  112  90
5  112  63
6  112  34
7  112  35
8  112  30
9  112  39
10  112  51
1  113  46
2  113  87
3  113  86
4  113  35
5  113  18
6  113  49
7  113  55
8  113  88
9  113  18
10  113  18
1  114  13
2  114  78
3  114  16
4  114  39
5  114  90
6  114  85
7  114  48
8  114  25
9  114  35
10  114  58
1  115  39
2  115  84
3  115  25
4  115  16
5  115  86
6  115  13
7  115  28
8  115  50
9  115  52
10  115  28
1  116  58
2  116  68
3  116  46
4  116  32
5  116  70
6  116  22
7  116  36
8  116  18
9  116  90
10  116  75
1  117  65
2  117  52
3  117  62
4  117  37
5  117  49
6  117  56
7  117  19
8  117  65
9  117  82
10  117  58
1  118  29
2  118  40
3  118  50
4  118  15
5  118  49
6  118  42
7  118  61
8  118  35
9  118  39
10  118  64
1  119  21
2  119  55
3  119  25
4  119  62
5  119  67
6  119  13
7  119  10
8  119  84
9  119  27
10  119  42
1  120  56
2  120  49
3  120  20
4  120  30
5  120  86
6  120  35
7  120  69
8  120  21
9  120  60
10  120  29
1  121  12
2  121  16
3  121  89
4  121  59
5  121  87
6  121  12
7  121  28
8  121  81
9  121  56
10  121  26
1  122  58
2  122  61
3  122  35
4  122  90
5  122  38
6  122  87
7  122  27
8  122  36
9  122  90
10  122  47
1  123  21
2  123  46
3  123  13
4  123  86
5  123  46
6  123  64
7  123  29
8  123  55
9  123  15
10  123  88
1  124  75
2  124  59
3  124  13
4  124  23
5  124  88
6  124  54
7  124  40
8  124  65
9  124  18
10  124  40
1  125  73
2  125  39
3  125  78
4  125  66
5  125  76
6  125  61
7  125  26
8  125  11
9  125  32
10  125  43
1  126  40
2  126  55
3  126  11
4  126  40
5  126  11
6  126  16
7  126  41
8  126  34
9  126  56
10  126  45
1  127  42
2  127  33
3  127  89
4  127  76
5  127  55
6  127  38
7  127  88
8  127  26
9  127  44
10  127  42
1  128  80
2  128  57
3  128  32
4  128  21
5  128  78
6  128  57
7  128  14
8  128  35
9  128  17
10  128  18
1  129  47
2  129  61
3  129  84
4  129  39
5  129  70
6  129  72
7  129  32
8  129  89
9  129  21
10  129  30
1  130  78
2  130  87
3  130  40
4  130  82
5  130  58
6  130  18
7  130  33
8  130  79
9  130  68
10  130  41
1  131  47
2  131  76
3  131  62
4  131  17
5  131  24
6  131  88
7  131  51
8  131  14
9  131  11
10  131  11
1  132  18
2  132  47
3  132  65
4  132  37
5  132  83
6  132  40
7  132  77
8  132  49
9  132  64
10  132  63
1  133  23
2  133  74
3  133  11
4  133  23
5  133  56
6  133  45
7  133  45
8  133  55
9  133  10
10  133  15
1  134  46
2  134  43
3  134  86
4  134  13
5  134  46
6  134  70
7  134  57
8  134  37
9  134  57
10  134  60
1  135  41
2  135  51
3  135  32
4  135  66
5  135  45
6  135  83
7  135  61
8  135  63
9  135  52
10  135  43
1  136  11
2  136  76
3  136  26
4  136  62
5  136  88
6  136  82
7  136  68
8  136  50
9  136  35
10  136  77
1  137  36
2  137  67
3  137  31
4  137  85
5  137  20
6  137  54
7  137  24
8  137  40
9  137  81
10  137  48
1  138  17
2  138  11
3  138  77
4  138  60
5  138  53
6  138  60
7  138  48
8  138  46
9  138  52
10  138  82
1  139  21
2  139  50
3  139  72
4  139  55
5  139  52
6  139  82
7  139  13
8  139  49
9  139  69
10  139  55
1  140  34
2  140  25
3  140  70
4  140  74
5  140  75
6  140  22
7  140  52
8  140  43
9  140  67
10  140  83
1  141  49
2  141  44
3  141  77
4  141  87
5  141  12
6  141  49
7  141  41
8  141  38
9  141  68
10  141  60
1  142  83
2  142  80
3  142  55
4  142  31
5  142  82
6  142  87
7  142  53
8  142  63
9  142  32
10  142  15
1  143  79
2  143  77
3  143  79
4  143  40
5  143  16
6  143  29
7  143  25
8  143  50
9  143  74
10  143  77
1  144  59
2  144  29
3  144  47
4  144  34
5  144  81
6  144  73
7  144  15
8  144  68
9  144  49
10  144  39
1  145  17
2  145  47
3  145  23
4  145  87
5  145  79
6  145  65
7  145  23
8  145  52
9  145  29
10  145  16
1  146  74
2  146  12
3  146  50
4  146  59
5  146  61
6  146  16
7  146  60
8  146  63
9  146  86
10  146  39
1  147  50
2  147  17
3  147  82
4  147  63
5  147  70
6  147  63
7  147  49
8  147  34
9  147  36
10  147  66
1  148  45
2  148  43
3  148  76
4  148  54
5  148  48
6  148  36
7  148  81
8  148  82
9  148  27
10  148  50
1  149  77
2  149  62
3  149  55
4  149  22
5  149  69
6  149  63
7  149  59
8  149  55
9  149  85
10  149  62
1  150  15
2  150  17
3  150  41
4  150  14
5  150  30
6  150  10
7  150  29
8  150  19
9  150  60
10  150  44
1  151  56
2  151  63
3  151  16
4  151  42
5  151  70
6  151  68
7  151  90
8  151  61
9  151  15
10  151  53
1  152  11
2  152  13
3  152  50
4  152  40
5  152  46
6  152  15
7  152  14
8  152  60
9  152  45
10  152  21
1  153  72
2  153  30
3  153  16
4  153  37
5  153  30
6  153  32
7  153  50
8  153  30
9  153  88
10  153  79
1  154  67
2  154  85
3  154  31
4  154  40
5  154  85
6  154  70
7  154  31
8  154  26
9  154  24
10  154  85
1  155  63
2  155  48
3  155  55
4  155  22
5  155  84
6  155  76
7  155  26
8  155  59
9  155  86
10  155  57
1  156  36
2  156  12
3  156  63
4  156  45
5  156  20
6  156  73
7  156  29
8  156  69
9  156  44
10  156  83
1  157  21
2  157  68
3  157  18
4  157  63
5  157  41
6  157  55
7  157  41
8  157  55
9  157  61
10  157  13
1  158  44
2  158  21
3  158  84
4  158  24
5  158  17
6  158  36
7  158  56
8  158  48
9  158  16
10  158  67
1  159  66
2  159  76
3  159  68
4  159  90
5  159  43
6  159  21
7  159  20
8  159  38
9  159  46
10  159  33
1  160  34
2  160  20
3  160  14
4  160  85
5  160  46
6  160  81
7  160  13
8  160  50
9  160  76
10  160  81
1  161  21
2  161  22
3  161  44
4  161  66
5  161  56
6  161  84
7  161  19
8  161  38
9  161  60
10  161  77
1  162  86
2  162  18
3  162  54
4  162  49
5  162  42
6  162  25
7  162  70
8  162  10
9  162  28
10  162  24
1  163  82
2  163  82
3  163  57
4  163  26
5  163  86
6  163  39
7  163  69
8  163  18
9  163  35
10  163  79
1  164  24
2  164  12
3  164  22
4  164  32
5  164  51
6  164  19
7  164  53
8  164  17
9  164  14
10  164  80
1  165  19
2  165  58
3  165  51
4  165  49
5  165  55
6  165  15
7  165  85
8  165  75
9  165  45
10  165  19
1  166  15
2  166  18
3  166  40
4  166  47
5  166  86
6  166  31
7  166  76
8  166  49
9  166  63
10  166  35
1  167  80
2  167  75
3  167  33
4  167  82
5  167  39
6  167  60
7  167  51
8  167  49
9  167  68
10  167  42
1  168  16
2  168  48
3  168  40
4  168  75
5  168  83
6  168  88
7  168  15
8  168  75
9  168  68
10  168  26
1  169  58
2  169  29
3  169  41
4  169  35
5  169  70
6  169  78
7  169  72
8  169  63
9  169  16
10  169  53
1  170  82
2  170  24
3  170  33
4  170  17
5  170  83
6  170  90
7  170  77
8  170  76
9  170  10
10  170  52
1  171  68
2  171  59
3  171  45
4  171  67
5  171  27
6  171  34
7  171  76
8  171  71
9  171  24
10  171  89
1  172  15
2  172  84
3  172  42
4  172  39
5  172  84
6  172  22
7  172  32
8  172  28
9  172  83
10  172  59
1  173  28
2  173  50
3  173  68
4  173  32
5  173  55
6  173  27
7  173  17
8  173  54
9  173  36
10  173  44
1  174  44
2  174  86
3  174  79
4  174  38
5  174  56
6  174  33
7  174  17
8  174  31
9  174  41
10  174  85
1  175  31
2  175  86
3  175  43
4  175  75
5  175  59
6  175  26
7  175  83
8  175  14
9  175  69
10  175  82
1  176  69
2  176  65
3  176  25
4  176  10
5  176  76
6  176  30
7  176  71
8  176  22
9  176  11
10  176  23
1  177  33
2  177  22
3  177  48
4  177  47
5  177  82
6  177  71
7  177  87
8  177  61
9  177  26
10  177  20
1  178  68
2  178  60
3  178  64
4  178  37
5  178  54
6  178  76
7  178  27
8  178  44
9  178  62
10  178  32
1  179  33
2  179  79
3  179  77
4  179  60
5  179  64
6  179  81
7  179  77
8  179  82
9  179  49
10  179  32
1  180  82
2  180  26
3  180  74
4  180  25
5  180  28
6  180  50
7  180  66
8  180  28
9  180  43
10  180  74
1  181  52
2  181  19
3  181  24
4  181  40
5  181  31
6  181  16
7  181  89
8  181  29
9  181  52
10  181  43
1  182  50
2  182  16
3  182  83
4  182  40
5  182  19
6  182  86
7  182  86
8  182  45
9  182  61
10  182  63
1  183  72
2  183  19
3  183  60
4  183  82
5  183  23
6  183  27
7  183  61
8  183  44
9  183  12
10  183  83
1  184  30
2  184  11
3  184  11
4  184  46
5  184  60
6  184  59
7  184  46
8  184  54
9  184  33
10  184  45
1  185  15
2  185  35
3  185  82
4  185  30
5  185  16
6  185  32
7  185  12
8  185  80
9  185  63
10  185  43
1  186  28
2  186  70
3  186  17
4  186  79
5  186  52
6  186  43
7  186  21
8  186  43
9  186  81
10  186  56
1  187  86
2  187  35
3  187  52
4  187  46
5  187  50
6  187  17
7  187  65
8  187  66
9  187  36
10  187  20
1  188  23
2  188  18
3  188  18
4  188  44
5  188  36
6  188  41
7  188  48
8  188  78
9  188  77
10  188  79
1  189  78
2  189  60
3  189  38
4  189  90
5  189  51
6  189  50
7  189  25
8  189  87
9  189  77
10  189  53
1  190  85
2  190  49
3  190  66
4  190  88
5  190  90
6  190  52
7  190  18
8  190  40
9  190  82
10  190  66
1  191  20
2  191  58
3  191  18
4  191  59
5  191  13
6  191  51
7  191  52
8  191  56
9  191  89
10  191  38
1  192  65
2  192  76
3  192  12
4  192  19
5  192  51
6  192  81
7  192  41
8  192  10
9  192  81
10  192  27
1  193  62
2  193  14
3  193  32
4  193  69
5  193  82
6  193  60
7  193  54
8  193  51
9  193  15
10  193  60
1  194  33
2  194  62
3  194  80
4  194  80
5  194  50
6  194  60
7  194  75
8  194  50
9  194  66
10  194  72
1  195  63
2  195  22
3  195  83
4  195  61
5  195  48
6  195  78
7  195  50
8  195  64
9  195  66
10  195  51
1  196  28
2  196  28
3  196  65
4  196  76
5  196  74
6  196  77
7  196  71
8  196  36
9  196  67
10  196  21
1  197  80
2  197  34
3  197  86
4  197  21
5  197  26
6  197  54
7  197  47
8  197  89
9  197  56
10  197  25
1  198  72
2  198  79
3  198  17
4  198  72
5  198  14
6  198  65
7  198  19
8  198  19
9  198  23
10  198  68
1  199  81
2  199  27
3  199  28
4  199  12
5  199  45
6  199  63
7  199  71
8  199  65
9  199  15
10  199  55
1  200  46
2  200  69
3  200  28
4  200  43
5  200  15
6  200  67
7  200  25
8  200  25
9  200  21
10  200  26
;

param a :=
1  1  1
2  1  0.54
1  2  1
2  2  0.43
1  3  1
2  3  0.52
1  4  1
2  4  0.42
1  5  1
2  5  0.41
1  6  1
2  6  0.53
1  7  1
2  7  0.57
1  8  1
2  8  0.45
1  9  1
2  9  0.54
1  10  1
2  10  0.44
;

