param com_measure1 := 0.61248;

param com_measure2 := 0.96546;

param kappa_max := 432.2151;

param U_tau := 601.5307;

param nT := 2;

param nS := 250;

param nL := 10;

param B := 251.71;

param w :=
1  1
2  1
3  1
4  2
5  3
6  2
7  1
8  2
9  3
10  1
;

param h :=
1  1  0
1  2  0
1  3  0
1  4  0
1  5  0
1  6  0
1  7  0
1  8  0
1  9  0
1  10  0
2  1  50.60
2  2  51.92
2  3  51.50
2  4  49.87
2  5  49.29
2  6  49.96
2  7  48.04
2  8  51.19
2  9  51.78
2  10  49.25
;

param xi :=
1  1  1  54
2  1  1  32
3  1  1  86
4  1  1  46
5  1  1  42
6  1  1  79
7  1  1  71
8  1  1  81
9  1  1  40
10  1  1  31
1  2  1  75
2  2  1  42
3  2  1  24
4  2  1  22
5  2  1  34
6  2  1  78
7  2  1  72
8  2  1  90
9  2  1  50
10  2  1  78
1  3  1  42
2  3  1  44
3  3  1  62
4  3  1  64
5  3  1  68
6  3  1  31
7  3  1  76
8  3  1  66
9  3  1  59
10  3  1  27
1  4  1  20
2  4  1  16
3  4  1  67
4  4  1  28
5  4  1  47
6  4  1  14
7  4  1  82
8  4  1  40
9  4  1  52
10  4  1  87
1  5  1  31
2  5  1  10
3  5  1  67
4  5  1  19
5  5  1  86
6  5  1  21
7  5  1  74
8  5  1  73
9  5  1  75
10  5  1  17
1  6  1  17
2  6  1  56
3  6  1  67
4  6  1  58
5  6  1  55
6  6  1  77
7  6  1  25
8  6  1  27
9  6  1  52
10  6  1  86
1  7  1  18
2  7  1  52
3  7  1  90
4  7  1  18
5  7  1  16
6  7  1  89
7  7  1  56
8  7  1  85
9  7  1  53
10  7  1  13
1  8  1  43
2  8  1  82
3  8  1  86
4  8  1  20
5  8  1  88
6  8  1  29
7  8  1  86
8  8  1  81
9  8  1  76
10  8  1  59
1  9  1  21
2  9  1  25
3  9  1  65
4  9  1  84
5  9  1  47
6  9  1  49
7  9  1  43
8  9  1  48
9  9  1  40
10  9  1  78
1  10  1  62
2  10  1  87
3  10  1  67
4  10  1  80
5  10  1  75
6  10  1  59
7  10  1  76
8  10  1  59
9  10  1  29
10  10  1  45
1  11  1  44
2  11  1  86
3  11  1  10
4  11  1  22
5  11  1  45
6  11  1  12
7  11  1  65
8  11  1  66
9  11  1  44
10  11  1  14
1  12  1  15
2  12  1  21
3  12  1  34
4  12  1  42
5  12  1  75
6  12  1  38
7  12  1  19
8  12  1  65
9  12  1  39
10  12  1  15
1  13  1  11
2  13  1  10
3  13  1  57
4  13  1  90
5  13  1  16
6  13  1  84
7  13  1  57
8  13  1  48
9  13  1  87
10  13  1  67
1  14  1  78
2  14  1  39
3  14  1  23
4  14  1  56
5  14  1  63
6  14  1  36
7  14  1  79
8  14  1  19
9  14  1  41
10  14  1  52
1  15  1  59
2  15  1  60
3  15  1  79
4  15  1  72
5  15  1  10
6  15  1  88
7  15  1  47
8  15  1  43
9  15  1  25
10  15  1  82
1  16  1  62
2  16  1  82
3  16  1  86
4  16  1  62
5  16  1  59
6  16  1  24
7  16  1  76
8  16  1  77
9  16  1  65
10  16  1  83
1  17  1  33
2  17  1  15
3  17  1  63
4  17  1  40
5  17  1  68
6  17  1  86
7  17  1  68
8  17  1  88
9  17  1  45
10  17  1  81
1  18  1  51
2  18  1  69
3  18  1  34
4  18  1  84
5  18  1  20
6  18  1  35
7  18  1  53
8  18  1  65
9  18  1  48
10  18  1  38
1  19  1  28
2  19  1  88
3  19  1  47
4  19  1  13
5  19  1  82
6  19  1  67
7  19  1  40
8  19  1  18
9  19  1  54
10  19  1  48
1  20  1  20
2  20  1  75
3  20  1  24
4  20  1  29
5  20  1  18
6  20  1  54
7  20  1  26
8  20  1  65
9  20  1  27
10  20  1  48
1  21  1  81
2  21  1  27
3  21  1  85
4  21  1  76
5  21  1  23
6  21  1  18
7  21  1  40
8  21  1  34
9  21  1  42
10  21  1  29
1  22  1  38
2  22  1  43
3  22  1  49
4  22  1  40
5  22  1  75
6  22  1  33
7  22  1  23
8  22  1  53
9  22  1  41
10  22  1  30
1  23  1  42
2  23  1  46
3  23  1  18
4  23  1  78
5  23  1  58
6  23  1  25
7  23  1  33
8  23  1  84
9  23  1  34
10  23  1  55
1  24  1  65
2  24  1  83
3  24  1  70
4  24  1  35
5  24  1  14
6  24  1  48
7  24  1  87
8  24  1  49
9  24  1  18
10  24  1  60
1  25  1  74
2  25  1  79
3  25  1  11
4  25  1  70
5  25  1  60
6  25  1  43
7  25  1  46
8  25  1  36
9  25  1  59
10  25  1  55
1  26  1  56
2  26  1  40
3  26  1  70
4  26  1  75
5  26  1  90
6  26  1  77
7  26  1  59
8  26  1  53
9  26  1  82
10  26  1  88
1  27  1  45
2  27  1  40
3  27  1  15
4  27  1  66
5  27  1  13
6  27  1  14
7  27  1  62
8  27  1  47
9  27  1  68
10  27  1  86
1  28  1  49
2  28  1  54
3  28  1  49
4  28  1  18
5  28  1  42
6  28  1  63
7  28  1  15
8  28  1  37
9  28  1  44
10  28  1  89
1  29  1  83
2  29  1  54
3  29  1  86
4  29  1  60
5  29  1  44
6  29  1  60
7  29  1  72
8  29  1  31
9  29  1  35
10  29  1  12
1  30  1  48
2  30  1  72
3  30  1  32
4  30  1  12
5  30  1  88
6  30  1  74
7  30  1  30
8  30  1  83
9  30  1  16
10  30  1  37
1  31  1  46
2  31  1  12
3  31  1  56
4  31  1  80
5  31  1  15
6  31  1  23
7  31  1  53
8  31  1  36
9  31  1  43
10  31  1  77
1  32  1  15
2  32  1  14
3  32  1  35
4  32  1  61
5  32  1  48
6  32  1  42
7  32  1  27
8  32  1  41
9  32  1  24
10  32  1  42
1  33  1  82
2  33  1  51
3  33  1  69
4  33  1  38
5  33  1  26
6  33  1  55
7  33  1  66
8  33  1  72
9  33  1  67
10  33  1  50
1  34  1  57
2  34  1  30
3  34  1  14
4  34  1  81
5  34  1  72
6  34  1  58
7  34  1  18
8  34  1  79
9  34  1  56
10  34  1  85
1  35  1  54
2  35  1  32
3  35  1  89
4  35  1  68
5  35  1  22
6  35  1  88
7  35  1  42
8  35  1  78
9  35  1  87
10  35  1  44
1  36  1  53
2  36  1  53
3  36  1  44
4  36  1  57
5  36  1  63
6  36  1  54
7  36  1  13
8  36  1  15
9  36  1  31
10  36  1  73
1  37  1  63
2  37  1  29
3  37  1  25
4  37  1  78
5  37  1  38
6  37  1  76
7  37  1  45
8  37  1  77
9  37  1  72
10  37  1  89
1  38  1  46
2  38  1  21
3  38  1  48
4  38  1  52
5  38  1  72
6  38  1  71
7  38  1  41
8  38  1  80
9  38  1  12
10  38  1  55
1  39  1  26
2  39  1  19
3  39  1  24
4  39  1  57
5  39  1  75
6  39  1  20
7  39  1  77
8  39  1  14
9  39  1  21
10  39  1  85
1  40  1  54
2  40  1  58
3  40  1  46
4  40  1  46
5  40  1  88
6  40  1  80
7  40  1  45
8  40  1  43
9  40  1  46
10  40  1  42
1  41  1  13
2  41  1  66
3  41  1  48
4  41  1  79
5  41  1  65
6  41  1  53
7  41  1  88
8  41  1  36
9  41  1  12
10  41  1  27
1  42  1  24
2  42  1  26
3  42  1  31
4  42  1  12
5  42  1  26
6  42  1  20
7  42  1  62
8  42  1  36
9  42  1  72
10  42  1  64
1  43  1  49
2  43  1  21
3  43  1  27
4  43  1  26
5  43  1  31
6  43  1  17
7  43  1  68
8  43  1  41
9  43  1  35
10  43  1  86
1  44  1  42
2  44  1  40
3  44  1  61
4  44  1  47
5  44  1  62
6  44  1  82
7  44  1  52
8  44  1  37
9  44  1  70
10  44  1  82
1  45  1  75
2  45  1  72
3  45  1  89
4  45  1  15
5  45  1  33
6  45  1  52
7  45  1  15
8  45  1  37
9  45  1  34
10  45  1  73
1  46  1  37
2  46  1  36
3  46  1  48
4  46  1  34
5  46  1  17
6  46  1  74
7  46  1  14
8  46  1  86
9  46  1  59
10  46  1  79
1  47  1  22
2  47  1  69
3  47  1  67
4  47  1  27
5  47  1  18
6  47  1  29
7  47  1  67
8  47  1  37
9  47  1  24
10  47  1  45
1  48  1  26
2  48  1  29
3  48  1  14
4  48  1  89
5  48  1  74
6  48  1  84
7  48  1  69
8  48  1  38
9  48  1  57
10  48  1  13
1  49  1  87
2  49  1  88
3  49  1  21
4  49  1  44
5  49  1  86
6  49  1  51
7  49  1  73
8  49  1  39
9  49  1  83
10  49  1  63
1  50  1  12
2  50  1  79
3  50  1  84
4  50  1  75
5  50  1  40
6  50  1  77
7  50  1  11
8  50  1  30
9  50  1  76
10  50  1  41
1  51  1  53
2  51  1  58
3  51  1  62
4  51  1  89
5  51  1  77
6  51  1  39
7  51  1  88
8  51  1  29
9  51  1  78
10  51  1  41
1  52  1  62
2  52  1  47
3  52  1  73
4  52  1  20
5  52  1  49
6  52  1  26
7  52  1  29
8  52  1  18
9  52  1  21
10  52  1  73
1  53  1  48
2  53  1  40
3  53  1  83
4  53  1  46
5  53  1  62
6  53  1  34
7  53  1  76
8  53  1  55
9  53  1  15
10  53  1  42
1  54  1  88
2  54  1  87
3  54  1  39
4  54  1  84
5  54  1  44
6  54  1  54
7  54  1  76
8  54  1  27
9  54  1  54
10  54  1  20
1  55  1  63
2  55  1  40
3  55  1  60
4  55  1  47
5  55  1  40
6  55  1  37
7  55  1  74
8  55  1  55
9  55  1  58
10  55  1  38
1  56  1  10
2  56  1  44
3  56  1  14
4  56  1  17
5  56  1  55
6  56  1  75
7  56  1  19
8  56  1  89
9  56  1  20
10  56  1  75
1  57  1  82
2  57  1  63
3  57  1  16
4  57  1  21
5  57  1  46
6  57  1  19
7  57  1  90
8  57  1  41
9  57  1  80
10  57  1  20
1  58  1  65
2  58  1  11
3  58  1  33
4  58  1  57
5  58  1  43
6  58  1  23
7  58  1  39
8  58  1  77
9  58  1  11
10  58  1  73
1  59  1  72
2  59  1  36
3  59  1  57
4  59  1  24
5  59  1  46
6  59  1  21
7  59  1  45
8  59  1  28
9  59  1  86
10  59  1  90
1  60  1  26
2  60  1  65
3  60  1  22
4  60  1  55
5  60  1  90
6  60  1  55
7  60  1  39
8  60  1  75
9  60  1  15
10  60  1  37
1  61  1  15
2  61  1  36
3  61  1  21
4  61  1  46
5  61  1  46
6  61  1  90
7  61  1  29
8  61  1  88
9  61  1  45
10  61  1  87
1  62  1  67
2  62  1  17
3  62  1  26
4  62  1  23
5  62  1  34
6  62  1  90
7  62  1  55
8  62  1  22
9  62  1  21
10  62  1  41
1  63  1  26
2  63  1  43
3  63  1  72
4  63  1  58
5  63  1  58
6  63  1  23
7  63  1  80
8  63  1  32
9  63  1  44
10  63  1  34
1  64  1  76
2  64  1  30
3  64  1  83
4  64  1  64
5  64  1  75
6  64  1  32
7  64  1  20
8  64  1  72
9  64  1  60
10  64  1  48
1  65  1  59
2  65  1  20
3  65  1  76
4  65  1  58
5  65  1  22
6  65  1  68
7  65  1  26
8  65  1  28
9  65  1  61
10  65  1  43
1  66  1  83
2  66  1  58
3  66  1  72
4  66  1  56
5  66  1  55
6  66  1  75
7  66  1  30
8  66  1  30
9  66  1  19
10  66  1  25
1  67  1  58
2  67  1  90
3  67  1  83
4  67  1  24
5  67  1  16
6  67  1  40
7  67  1  53
8  67  1  53
9  67  1  32
10  67  1  79
1  68  1  73
2  68  1  25
3  68  1  26
4  68  1  86
5  68  1  31
6  68  1  43
7  68  1  65
8  68  1  61
9  68  1  53
10  68  1  20
1  69  1  76
2  69  1  59
3  69  1  82
4  69  1  75
5  69  1  26
6  69  1  66
7  69  1  69
8  69  1  72
9  69  1  50
10  69  1  18
1  70  1  72
2  70  1  40
3  70  1  61
4  70  1  25
5  70  1  76
6  70  1  57
7  70  1  18
8  70  1  72
9  70  1  20
10  70  1  70
1  71  1  32
2  71  1  48
3  71  1  70
4  71  1  39
5  71  1  11
6  71  1  22
7  71  1  18
8  71  1  22
9  71  1  13
10  71  1  71
1  72  1  53
2  72  1  60
3  72  1  84
4  72  1  78
5  72  1  71
6  72  1  75
7  72  1  82
8  72  1  83
9  72  1  31
10  72  1  88
1  73  1  21
2  73  1  50
3  73  1  69
4  73  1  17
5  73  1  71
6  73  1  62
7  73  1  26
8  73  1  42
9  73  1  10
10  73  1  82
1  74  1  35
2  74  1  85
3  74  1  78
4  74  1  49
5  74  1  13
6  74  1  19
7  74  1  26
8  74  1  58
9  74  1  88
10  74  1  46
1  75  1  32
2  75  1  64
3  75  1  88
4  75  1  70
5  75  1  75
6  75  1  66
7  75  1  84
8  75  1  19
9  75  1  54
10  75  1  42
1  76  1  26
2  76  1  85
3  76  1  52
4  76  1  79
5  76  1  81
6  76  1  22
7  76  1  14
8  76  1  59
9  76  1  47
10  76  1  11
1  77  1  43
2  77  1  19
3  77  1  30
4  77  1  84
5  77  1  12
6  77  1  64
7  77  1  53
8  77  1  12
9  77  1  63
10  77  1  12
1  78  1  28
2  78  1  83
3  78  1  89
4  78  1  38
5  78  1  29
6  78  1  11
7  78  1  36
8  78  1  55
9  78  1  90
10  78  1  18
1  79  1  81
2  79  1  87
3  79  1  77
4  79  1  60
5  79  1  42
6  79  1  52
7  79  1  40
8  79  1  77
9  79  1  52
10  79  1  82
1  80  1  50
2  80  1  28
3  80  1  82
4  80  1  76
5  80  1  24
6  80  1  52
7  80  1  82
8  80  1  86
9  80  1  66
10  80  1  55
1  81  1  45
2  81  1  74
3  81  1  20
4  81  1  10
5  81  1  16
6  81  1  78
7  81  1  66
8  81  1  61
9  81  1  39
10  81  1  45
1  82  1  17
2  82  1  23
3  82  1  59
4  82  1  37
5  82  1  66
6  82  1  54
7  82  1  48
8  82  1  70
9  82  1  45
10  82  1  37
1  83  1  22
2  83  1  19
3  83  1  69
4  83  1  26
5  83  1  60
6  83  1  79
7  83  1  76
8  83  1  58
9  83  1  89
10  83  1  85
1  84  1  24
2  84  1  35
3  84  1  63
4  84  1  20
5  84  1  24
6  84  1  42
7  84  1  20
8  84  1  65
9  84  1  20
10  84  1  80
1  85  1  74
2  85  1  51
3  85  1  23
4  85  1  37
5  85  1  43
6  85  1  67
7  85  1  54
8  85  1  82
9  85  1  42
10  85  1  47
1  86  1  50
2  86  1  53
3  86  1  86
4  86  1  73
5  86  1  52
6  86  1  61
7  86  1  29
8  86  1  24
9  86  1  85
10  86  1  55
1  87  1  34
2  87  1  24
3  87  1  90
4  87  1  22
5  87  1  20
6  87  1  60
7  87  1  90
8  87  1  60
9  87  1  55
10  87  1  53
1  88  1  75
2  88  1  43
3  88  1  74
4  88  1  63
5  88  1  53
6  88  1  45
7  88  1  60
8  88  1  25
9  88  1  34
10  88  1  29
1  89  1  81
2  89  1  49
3  89  1  60
4  89  1  29
5  89  1  82
6  89  1  48
7  89  1  69
8  89  1  24
9  89  1  54
10  89  1  39
1  90  1  39
2  90  1  55
3  90  1  38
4  90  1  57
5  90  1  48
6  90  1  15
7  90  1  51
8  90  1  45
9  90  1  11
10  90  1  44
1  91  1  86
2  91  1  24
3  91  1  71
4  91  1  48
5  91  1  78
6  91  1  54
7  91  1  75
8  91  1  55
9  91  1  54
10  91  1  80
1  92  1  61
2  92  1  71
3  92  1  50
4  92  1  88
5  92  1  88
6  92  1  70
7  92  1  15
8  92  1  20
9  92  1  86
10  92  1  16
1  93  1  74
2  93  1  84
3  93  1  32
4  93  1  20
5  93  1  44
6  93  1  69
7  93  1  87
8  93  1  31
9  93  1  58
10  93  1  55
1  94  1  11
2  94  1  61
3  94  1  57
4  94  1  76
5  94  1  18
6  94  1  90
7  94  1  32
8  94  1  67
9  94  1  52
10  94  1  49
1  95  1  85
2  95  1  25
3  95  1  64
4  95  1  22
5  95  1  87
6  95  1  28
7  95  1  77
8  95  1  67
9  95  1  38
10  95  1  46
1  96  1  42
2  96  1  85
3  96  1  35
4  96  1  16
5  96  1  75
6  96  1  50
7  96  1  85
8  96  1  36
9  96  1  72
10  96  1  51
1  97  1  78
2  97  1  59
3  97  1  84
4  97  1  39
5  97  1  76
6  97  1  21
7  97  1  60
8  97  1  88
9  97  1  33
10  97  1  63
1  98  1  87
2  98  1  64
3  98  1  21
4  98  1  20
5  98  1  82
6  98  1  12
7  98  1  65
8  98  1  44
9  98  1  14
10  98  1  61
1  99  1  47
2  99  1  36
3  99  1  18
4  99  1  11
5  99  1  67
6  99  1  55
7  99  1  17
8  99  1  10
9  99  1  50
10  99  1  67
1  100  1  16
2  100  1  32
3  100  1  16
4  100  1  83
5  100  1  25
6  100  1  84
7  100  1  46
8  100  1  69
9  100  1  45
10  100  1  73
1  101  1  85
2  101  1  39
3  101  1  82
4  101  1  67
5  101  1  82
6  101  1  28
7  101  1  22
8  101  1  80
9  101  1  35
10  101  1  22
1  102  1  13
2  102  1  34
3  102  1  76
4  102  1  38
5  102  1  27
6  102  1  45
7  102  1  68
8  102  1  31
9  102  1  73
10  102  1  87
1  103  1  57
2  103  1  74
3  103  1  75
4  103  1  83
5  103  1  21
6  103  1  69
7  103  1  74
8  103  1  79
9  103  1  73
10  103  1  71
1  104  1  83
2  104  1  10
3  104  1  12
4  104  1  12
5  104  1  61
6  104  1  86
7  104  1  29
8  104  1  61
9  104  1  86
10  104  1  60
1  105  1  56
2  105  1  46
3  105  1  26
4  105  1  76
5  105  1  61
6  105  1  20
7  105  1  74
8  105  1  23
9  105  1  57
10  105  1  12
1  106  1  62
2  106  1  49
3  106  1  38
4  106  1  82
5  106  1  19
6  106  1  38
7  106  1  32
8  106  1  76
9  106  1  60
10  106  1  37
1  107  1  15
2  107  1  84
3  107  1  31
4  107  1  90
5  107  1  57
6  107  1  80
7  107  1  42
8  107  1  38
9  107  1  56
10  107  1  50
1  108  1  79
2  108  1  63
3  108  1  17
4  108  1  23
5  108  1  47
6  108  1  88
7  108  1  10
8  108  1  12
9  108  1  37
10  108  1  22
1  109  1  80
2  109  1  45
3  109  1  23
4  109  1  54
5  109  1  66
6  109  1  65
7  109  1  74
8  109  1  45
9  109  1  75
10  109  1  67
1  110  1  68
2  110  1  89
3  110  1  13
4  110  1  39
5  110  1  26
6  110  1  88
7  110  1  50
8  110  1  58
9  110  1  37
10  110  1  61
1  111  1  70
2  111  1  43
3  111  1  36
4  111  1  43
5  111  1  10
6  111  1  47
7  111  1  48
8  111  1  30
9  111  1  53
10  111  1  84
1  112  1  13
2  112  1  45
3  112  1  21
4  112  1  33
5  112  1  21
6  112  1  58
7  112  1  23
8  112  1  33
9  112  1  62
10  112  1  57
1  113  1  62
2  113  1  56
3  113  1  85
4  113  1  66
5  113  1  76
6  113  1  63
7  113  1  24
8  113  1  76
9  113  1  21
10  113  1  80
1  114  1  55
2  114  1  81
3  114  1  43
4  114  1  21
5  114  1  76
6  114  1  77
7  114  1  30
8  114  1  40
9  114  1  60
10  114  1  79
1  115  1  14
2  115  1  19
3  115  1  79
4  115  1  78
5  115  1  64
6  115  1  79
7  115  1  61
8  115  1  59
9  115  1  64
10  115  1  50
1  116  1  49
2  116  1  82
3  116  1  67
4  116  1  10
5  116  1  57
6  116  1  40
7  116  1  25
8  116  1  40
9  116  1  53
10  116  1  47
1  117  1  68
2  117  1  55
3  117  1  90
4  117  1  75
5  117  1  63
6  117  1  25
7  117  1  68
8  117  1  85
9  117  1  46
10  117  1  45
1  118  1  80
2  118  1  11
3  118  1  12
4  118  1  76
5  118  1  54
6  118  1  68
7  118  1  45
8  118  1  34
9  118  1  88
10  118  1  49
1  119  1  58
2  119  1  45
3  119  1  76
4  119  1  62
5  119  1  43
6  119  1  77
7  119  1  49
8  119  1  79
9  119  1  38
10  119  1  70
1  120  1  58
2  120  1  22
3  120  1  15
4  120  1  29
5  120  1  52
6  120  1  85
7  120  1  83
8  120  1  42
9  120  1  90
10  120  1  43
1  121  1  82
2  121  1  21
3  121  1  65
4  121  1  70
5  121  1  42
6  121  1  88
7  121  1  64
8  121  1  64
9  121  1  85
10  121  1  25
1  122  1  15
2  122  1  90
3  122  1  87
4  122  1  26
5  122  1  36
6  122  1  36
7  122  1  85
8  122  1  70
9  122  1  68
10  122  1  21
1  123  1  35
2  123  1  72
3  123  1  66
4  123  1  63
5  123  1  10
6  123  1  85
7  123  1  54
8  123  1  18
9  123  1  67
10  123  1  81
1  124  1  36
2  124  1  53
3  124  1  64
4  124  1  85
5  124  1  66
6  124  1  31
7  124  1  85
8  124  1  25
9  124  1  36
10  124  1  71
1  125  1  34
2  125  1  77
3  125  1  14
4  125  1  23
5  125  1  47
6  125  1  84
7  125  1  62
8  125  1  78
9  125  1  78
10  125  1  71
1  126  1  88
2  126  1  84
3  126  1  85
4  126  1  15
5  126  1  25
6  126  1  84
7  126  1  41
8  126  1  50
9  126  1  46
10  126  1  38
1  127  1  70
2  127  1  68
3  127  1  11
4  127  1  58
5  127  1  33
6  127  1  63
7  127  1  40
8  127  1  60
9  127  1  46
10  127  1  14
1  128  1  55
2  128  1  21
3  128  1  40
4  128  1  83
5  128  1  64
6  128  1  19
7  128  1  83
8  128  1  45
9  128  1  51
10  128  1  72
1  129  1  34
2  129  1  68
3  129  1  70
4  129  1  53
5  129  1  19
6  129  1  61
7  129  1  88
8  129  1  10
9  129  1  51
10  129  1  83
1  130  1  11
2  130  1  61
3  130  1  35
4  130  1  90
5  130  1  69
6  130  1  73
7  130  1  21
8  130  1  39
9  130  1  29
10  130  1  14
1  131  1  22
2  131  1  67
3  131  1  68
4  131  1  35
5  131  1  87
6  131  1  38
7  131  1  18
8  131  1  29
9  131  1  40
10  131  1  44
1  132  1  13
2  132  1  90
3  132  1  29
4  132  1  19
5  132  1  16
6  132  1  43
7  132  1  20
8  132  1  40
9  132  1  58
10  132  1  12
1  133  1  90
2  133  1  56
3  133  1  26
4  133  1  90
5  133  1  57
6  133  1  51
7  133  1  80
8  133  1  15
9  133  1  35
10  133  1  81
1  134  1  47
2  134  1  68
3  134  1  19
4  134  1  15
5  134  1  32
6  134  1  50
7  134  1  87
8  134  1  70
9  134  1  37
10  134  1  47
1  135  1  73
2  135  1  61
3  135  1  83
4  135  1  68
5  135  1  56
6  135  1  33
7  135  1  28
8  135  1  61
9  135  1  56
10  135  1  86
1  136  1  83
2  136  1  86
3  136  1  60
4  136  1  41
5  136  1  36
6  136  1  67
7  136  1  82
8  136  1  90
9  136  1  70
10  136  1  52
1  137  1  48
2  137  1  36
3  137  1  13
4  137  1  20
5  137  1  56
6  137  1  11
7  137  1  36
8  137  1  37
9  137  1  25
10  137  1  19
1  138  1  43
2  138  1  61
3  138  1  34
4  138  1  38
5  138  1  44
6  138  1  40
7  138  1  47
8  138  1  53
9  138  1  16
10  138  1  53
1  139  1  44
2  139  1  11
3  139  1  54
4  139  1  56
5  139  1  58
6  139  1  67
7  139  1  48
8  139  1  76
9  139  1  68
10  139  1  26
1  140  1  11
2  140  1  36
3  140  1  30
4  140  1  64
5  140  1  52
6  140  1  38
7  140  1  41
8  140  1  43
9  140  1  60
10  140  1  21
1  141  1  85
2  141  1  60
3  141  1  31
4  141  1  76
5  141  1  45
6  141  1  50
7  141  1  89
8  141  1  76
9  141  1  73
10  141  1  89
1  142  1  42
2  142  1  33
3  142  1  60
4  142  1  26
5  142  1  86
6  142  1  55
7  142  1  74
8  142  1  83
9  142  1  39
10  142  1  55
1  143  1  33
2  143  1  38
3  143  1  76
4  143  1  22
5  143  1  10
6  143  1  59
7  143  1  60
8  143  1  87
9  143  1  65
10  143  1  50
1  144  1  59
2  144  1  64
3  144  1  25
4  144  1  30
5  144  1  60
6  144  1  66
7  144  1  30
8  144  1  60
9  144  1  84
10  144  1  25
1  145  1  73
2  145  1  36
3  145  1  19
4  145  1  17
5  145  1  37
6  145  1  38
7  145  1  61
8  145  1  56
9  145  1  54
10  145  1  20
1  146  1  71
2  146  1  50
3  146  1  41
4  146  1  55
5  146  1  77
6  146  1  24
7  146  1  70
8  146  1  30
9  146  1  26
10  146  1  58
1  147  1  33
2  147  1  72
3  147  1  78
4  147  1  49
5  147  1  10
6  147  1  12
7  147  1  84
8  147  1  78
9  147  1  33
10  147  1  14
1  148  1  21
2  148  1  83
3  148  1  55
4  148  1  69
5  148  1  52
6  148  1  31
7  148  1  74
8  148  1  84
9  148  1  61
10  148  1  38
1  149  1  49
2  149  1  37
3  149  1  34
4  149  1  18
5  149  1  32
6  149  1  48
7  149  1  57
8  149  1  79
9  149  1  11
10  149  1  84
1  150  1  63
2  150  1  21
3  150  1  33
4  150  1  80
5  150  1  47
6  150  1  22
7  150  1  28
8  150  1  12
9  150  1  81
10  150  1  77
1  151  1  84
2  151  1  73
3  151  1  51
4  151  1  52
5  151  1  72
6  151  1  27
7  151  1  47
8  151  1  62
9  151  1  71
10  151  1  69
1  152  1  87
2  152  1  69
3  152  1  52
4  152  1  82
5  152  1  40
6  152  1  51
7  152  1  20
8  152  1  78
9  152  1  70
10  152  1  32
1  153  1  29
2  153  1  59
3  153  1  15
4  153  1  22
5  153  1  73
6  153  1  89
7  153  1  21
8  153  1  38
9  153  1  56
10  153  1  66
1  154  1  12
2  154  1  70
3  154  1  88
4  154  1  57
5  154  1  19
6  154  1  81
7  154  1  43
8  154  1  13
9  154  1  90
10  154  1  43
1  155  1  36
2  155  1  71
3  155  1  36
4  155  1  53
5  155  1  89
6  155  1  36
7  155  1  59
8  155  1  27
9  155  1  89
10  155  1  84
1  156  1  30
2  156  1  76
3  156  1  28
4  156  1  10
5  156  1  84
6  156  1  81
7  156  1  17
8  156  1  36
9  156  1  84
10  156  1  55
1  157  1  15
2  157  1  41
3  157  1  24
4  157  1  29
5  157  1  16
6  157  1  20
7  157  1  71
8  157  1  85
9  157  1  41
10  157  1  78
1  158  1  19
2  158  1  84
3  158  1  85
4  158  1  70
5  158  1  50
6  158  1  87
7  158  1  82
8  158  1  41
9  158  1  85
10  158  1  37
1  159  1  49
2  159  1  29
3  159  1  90
4  159  1  56
5  159  1  69
6  159  1  15
7  159  1  51
8  159  1  41
9  159  1  37
10  159  1  31
1  160  1  49
2  160  1  79
3  160  1  10
4  160  1  24
5  160  1  75
6  160  1  35
7  160  1  47
8  160  1  20
9  160  1  66
10  160  1  79
1  161  1  42
2  161  1  89
3  161  1  60
4  161  1  69
5  161  1  44
6  161  1  90
7  161  1  10
8  161  1  64
9  161  1  83
10  161  1  54
1  162  1  77
2  162  1  78
3  162  1  13
4  162  1  37
5  162  1  60
6  162  1  50
7  162  1  84
8  162  1  13
9  162  1  44
10  162  1  32
1  163  1  51
2  163  1  27
3  163  1  33
4  163  1  26
5  163  1  59
6  163  1  65
7  163  1  88
8  163  1  41
9  163  1  59
10  163  1  33
1  164  1  10
2  164  1  79
3  164  1  45
4  164  1  83
5  164  1  15
6  164  1  48
7  164  1  40
8  164  1  32
9  164  1  63
10  164  1  84
1  165  1  28
2  165  1  86
3  165  1  29
4  165  1  20
5  165  1  45
6  165  1  46
7  165  1  78
8  165  1  49
9  165  1  56
10  165  1  54
1  166  1  64
2  166  1  31
3  166  1  39
4  166  1  75
5  166  1  84
6  166  1  26
7  166  1  10
8  166  1  36
9  166  1  29
10  166  1  13
1  167  1  63
2  167  1  72
3  167  1  30
4  167  1  73
5  167  1  43
6  167  1  44
7  167  1  80
8  167  1  52
9  167  1  32
10  167  1  84
1  168  1  39
2  168  1  13
3  168  1  24
4  168  1  49
5  168  1  63
6  168  1  87
7  168  1  35
8  168  1  34
9  168  1  71
10  168  1  90
1  169  1  70
2  169  1  19
3  169  1  58
4  169  1  45
5  169  1  38
6  169  1  54
7  169  1  75
8  169  1  19
9  169  1  30
10  169  1  72
1  170  1  90
2  170  1  11
3  170  1  84
4  170  1  36
5  170  1  82
6  170  1  62
7  170  1  17
8  170  1  89
9  170  1  84
10  170  1  38
1  171  1  38
2  171  1  59
3  171  1  74
4  171  1  67
5  171  1  12
6  171  1  17
7  171  1  73
8  171  1  63
9  171  1  32
10  171  1  37
1  172  1  65
2  172  1  73
3  172  1  31
4  172  1  45
5  172  1  47
6  172  1  74
7  172  1  48
8  172  1  56
9  172  1  35
10  172  1  39
1  173  1  18
2  173  1  54
3  173  1  13
4  173  1  59
5  173  1  18
6  173  1  28
7  173  1  40
8  173  1  72
9  173  1  10
10  173  1  65
1  174  1  14
2  174  1  48
3  174  1  32
4  174  1  71
5  174  1  61
6  174  1  57
7  174  1  40
8  174  1  82
9  174  1  14
10  174  1  22
1  175  1  51
2  175  1  30
3  175  1  66
4  175  1  53
5  175  1  90
6  175  1  53
7  175  1  25
8  175  1  76
9  175  1  39
10  175  1  57
1  176  1  80
2  176  1  83
3  176  1  82
4  176  1  38
5  176  1  14
6  176  1  39
7  176  1  16
8  176  1  49
9  176  1  32
10  176  1  79
1  177  1  74
2  177  1  35
3  177  1  20
4  177  1  60
5  177  1  39
6  177  1  18
7  177  1  23
8  177  1  23
9  177  1  77
10  177  1  58
1  178  1  66
2  178  1  81
3  178  1  62
4  178  1  22
5  178  1  11
6  178  1  76
7  178  1  66
8  178  1  25
9  178  1  84
10  178  1  58
1  179  1  69
2  179  1  58
3  179  1  58
4  179  1  41
5  179  1  52
6  179  1  77
7  179  1  13
8  179  1  73
9  179  1  24
10  179  1  15
1  180  1  61
2  180  1  81
3  180  1  31
4  180  1  29
5  180  1  61
6  180  1  13
7  180  1  80
8  180  1  68
9  180  1  58
10  180  1  15
1  181  1  58
2  181  1  58
3  181  1  54
4  181  1  24
5  181  1  23
6  181  1  31
7  181  1  31
8  181  1  71
9  181  1  84
10  181  1  53
1  182  1  40
2  182  1  24
3  182  1  12
4  182  1  82
5  182  1  36
6  182  1  60
7  182  1  21
8  182  1  24
9  182  1  83
10  182  1  29
1  183  1  33
2  183  1  77
3  183  1  53
4  183  1  50
5  183  1  87
6  183  1  22
7  183  1  11
8  183  1  31
9  183  1  70
10  183  1  16
1  184  1  70
2  184  1  85
3  184  1  73
4  184  1  51
5  184  1  18
6  184  1  30
7  184  1  55
8  184  1  52
9  184  1  10
10  184  1  54
1  185  1  21
2  185  1  61
3  185  1  14
4  185  1  57
5  185  1  77
6  185  1  45
7  185  1  59
8  185  1  50
9  185  1  32
10  185  1  29
1  186  1  66
2  186  1  68
3  186  1  39
4  186  1  50
5  186  1  59
6  186  1  56
7  186  1  70
8  186  1  10
9  186  1  90
10  186  1  86
1  187  1  60
2  187  1  84
3  187  1  59
4  187  1  28
5  187  1  86
6  187  1  39
7  187  1  28
8  187  1  52
9  187  1  77
10  187  1  39
1  188  1  78
2  188  1  17
3  188  1  34
4  188  1  10
5  188  1  63
6  188  1  81
7  188  1  28
8  188  1  15
9  188  1  41
10  188  1  55
1  189  1  88
2  189  1  27
3  189  1  78
4  189  1  75
5  189  1  56
6  189  1  22
7  189  1  30
8  189  1  73
9  189  1  77
10  189  1  50
1  190  1  49
2  190  1  67
3  190  1  53
4  190  1  66
5  190  1  22
6  190  1  75
7  190  1  17
8  190  1  61
9  190  1  30
10  190  1  43
1  191  1  15
2  191  1  65
3  191  1  69
4  191  1  64
5  191  1  51
6  191  1  80
7  191  1  53
8  191  1  35
9  191  1  65
10  191  1  43
1  192  1  35
2  192  1  48
3  192  1  18
4  192  1  51
5  192  1  66
6  192  1  14
7  192  1  51
8  192  1  36
9  192  1  71
10  192  1  72
1  193  1  74
2  193  1  35
3  193  1  41
4  193  1  10
5  193  1  73
6  193  1  87
7  193  1  13
8  193  1  64
9  193  1  78
10  193  1  12
1  194  1  18
2  194  1  29
3  194  1  70
4  194  1  51
5  194  1  39
6  194  1  54
7  194  1  73
8  194  1  26
9  194  1  31
10  194  1  71
1  195  1  38
2  195  1  79
3  195  1  26
4  195  1  24
5  195  1  42
6  195  1  65
7  195  1  26
8  195  1  84
9  195  1  14
10  195  1  76
1  196  1  58
2  196  1  22
3  196  1  66
4  196  1  10
5  196  1  48
6  196  1  45
7  196  1  53
8  196  1  89
9  196  1  51
10  196  1  69
1  197  1  75
2  197  1  51
3  197  1  81
4  197  1  23
5  197  1  65
6  197  1  68
7  197  1  22
8  197  1  20
9  197  1  63
10  197  1  52
1  198  1  39
2  198  1  56
3  198  1  54
4  198  1  42
5  198  1  35
6  198  1  33
7  198  1  76
8  198  1  26
9  198  1  30
10  198  1  35
1  199  1  34
2  199  1  29
3  199  1  40
4  199  1  42
5  199  1  87
6  199  1  28
7  199  1  26
8  199  1  27
9  199  1  84
10  199  1  45
1  200  1  38
2  200  1  78
3  200  1  65
4  200  1  39
5  200  1  14
6  200  1  80
7  200  1  73
8  200  1  49
9  200  1  39
10  200  1  31
1  201  1  42
2  201  1  69
3  201  1  55
4  201  1  50
5  201  1  14
6  201  1  75
7  201  1  29
8  201  1  41
9  201  1  13
10  201  1  23
1  202  1  21
2  202  1  73
3  202  1  60
4  202  1  45
5  202  1  86
6  202  1  20
7  202  1  62
8  202  1  58
9  202  1  88
10  202  1  56
1  203  1  43
2  203  1  20
3  203  1  10
4  203  1  55
5  203  1  76
6  203  1  41
7  203  1  22
8  203  1  59
9  203  1  65
10  203  1  39
1  204  1  13
2  204  1  78
3  204  1  45
4  204  1  79
5  204  1  83
6  204  1  54
7  204  1  65
8  204  1  60
9  204  1  35
10  204  1  28
1  205  1  51
2  205  1  72
3  205  1  71
4  205  1  51
5  205  1  36
6  205  1  62
7  205  1  11
8  205  1  84
9  205  1  35
10  205  1  49
1  206  1  57
2  206  1  16
3  206  1  53
4  206  1  30
5  206  1  86
6  206  1  50
7  206  1  54
8  206  1  25
9  206  1  14
10  206  1  40
1  207  1  65
2  207  1  56
3  207  1  78
4  207  1  76
5  207  1  20
6  207  1  62
7  207  1  77
8  207  1  38
9  207  1  79
10  207  1  32
1  208  1  83
2  208  1  24
3  208  1  42
4  208  1  90
5  208  1  60
6  208  1  84
7  208  1  70
8  208  1  40
9  208  1  34
10  208  1  49
1  209  1  61
2  209  1  80
3  209  1  75
4  209  1  31
5  209  1  56
6  209  1  59
7  209  1  81
8  209  1  41
9  209  1  77
10  209  1  52
1  210  1  67
2  210  1  49
3  210  1  87
4  210  1  20
5  210  1  69
6  210  1  25
7  210  1  12
8  210  1  87
9  210  1  54
10  210  1  21
1  211  1  16
2  211  1  80
3  211  1  90
4  211  1  18
5  211  1  12
6  211  1  78
7  211  1  67
8  211  1  36
9  211  1  56
10  211  1  47
1  212  1  40
2  212  1  10
3  212  1  74
4  212  1  42
5  212  1  11
6  212  1  12
7  212  1  41
8  212  1  62
9  212  1  48
10  212  1  89
1  213  1  81
2  213  1  90
3  213  1  75
4  213  1  26
5  213  1  51
6  213  1  12
7  213  1  38
8  213  1  74
9  213  1  14
10  213  1  62
1  214  1  17
2  214  1  45
3  214  1  83
4  214  1  49
5  214  1  77
6  214  1  42
7  214  1  63
8  214  1  63
9  214  1  31
10  214  1  14
1  215  1  26
2  215  1  40
3  215  1  49
4  215  1  18
5  215  1  19
6  215  1  27
7  215  1  33
8  215  1  68
9  215  1  47
10  215  1  56
1  216  1  25
2  216  1  20
3  216  1  14
4  216  1  33
5  216  1  22
6  216  1  62
7  216  1  20
8  216  1  69
9  216  1  63
10  216  1  11
1  217  1  43
2  217  1  15
3  217  1  82
4  217  1  29
5  217  1  20
6  217  1  43
7  217  1  76
8  217  1  28
9  217  1  15
10  217  1  60
1  218  1  53
2  218  1  49
3  218  1  23
4  218  1  26
5  218  1  18
6  218  1  70
7  218  1  27
8  218  1  27
9  218  1  70
10  218  1  80
1  219  1  32
2  219  1  49
3  219  1  57
4  219  1  66
5  219  1  75
6  219  1  60
7  219  1  31
8  219  1  46
9  219  1  83
10  219  1  75
1  220  1  38
2  220  1  44
3  220  1  15
4  220  1  20
5  220  1  31
6  220  1  57
7  220  1  19
8  220  1  41
9  220  1  45
10  220  1  45
1  221  1  36
2  221  1  40
3  221  1  25
4  221  1  51
5  221  1  12
6  221  1  73
7  221  1  49
8  221  1  42
9  221  1  86
10  221  1  51
1  222  1  52
2  222  1  16
3  222  1  27
4  222  1  89
5  222  1  66
6  222  1  12
7  222  1  71
8  222  1  45
9  222  1  48
10  222  1  14
1  223  1  65
2  223  1  69
3  223  1  55
4  223  1  14
5  223  1  13
6  223  1  29
7  223  1  22
8  223  1  12
9  223  1  31
10  223  1  83
1  224  1  56
2  224  1  19
3  224  1  62
4  224  1  13
5  224  1  81
6  224  1  16
7  224  1  60
8  224  1  64
9  224  1  60
10  224  1  52
1  225  1  53
2  225  1  20
3  225  1  88
4  225  1  78
5  225  1  80
6  225  1  78
7  225  1  41
8  225  1  22
9  225  1  63
10  225  1  62
1  226  1  28
2  226  1  74
3  226  1  63
4  226  1  29
5  226  1  65
6  226  1  11
7  226  1  90
8  226  1  23
9  226  1  36
10  226  1  70
1  227  1  19
2  227  1  46
3  227  1  79
4  227  1  50
5  227  1  66
6  227  1  31
7  227  1  59
8  227  1  15
9  227  1  83
10  227  1  80
1  228  1  42
2  228  1  48
3  228  1  72
4  228  1  61
5  228  1  24
6  228  1  29
7  228  1  42
8  228  1  41
9  228  1  26
10  228  1  27
1  229  1  82
2  229  1  41
3  229  1  86
4  229  1  37
5  229  1  10
6  229  1  18
7  229  1  21
8  229  1  44
9  229  1  77
10  229  1  48
1  230  1  45
2  230  1  67
3  230  1  37
4  230  1  83
5  230  1  57
6  230  1  41
7  230  1  74
8  230  1  22
9  230  1  76
10  230  1  64
1  231  1  21
2  231  1  16
3  231  1  14
4  231  1  74
5  231  1  37
6  231  1  63
7  231  1  53
8  231  1  35
9  231  1  52
10  231  1  38
1  232  1  41
2  232  1  55
3  232  1  63
4  232  1  67
5  232  1  30
6  232  1  33
7  232  1  44
8  232  1  38
9  232  1  65
10  232  1  51
1  233  1  82
2  233  1  39
3  233  1  50
4  233  1  23
5  233  1  74
6  233  1  46
7  233  1  50
8  233  1  58
9  233  1  85
10  233  1  55
1  234  1  52
2  234  1  10
3  234  1  42
4  234  1  66
5  234  1  18
6  234  1  14
7  234  1  49
8  234  1  52
9  234  1  44
10  234  1  51
1  235  1  82
2  235  1  82
3  235  1  62
4  235  1  46
5  235  1  83
6  235  1  51
7  235  1  23
8  235  1  13
9  235  1  51
10  235  1  49
1  236  1  67
2  236  1  63
3  236  1  31
4  236  1  13
5  236  1  27
6  236  1  24
7  236  1  88
8  236  1  18
9  236  1  64
10  236  1  24
1  237  1  87
2  237  1  83
3  237  1  17
4  237  1  47
5  237  1  65
6  237  1  51
7  237  1  51
8  237  1  45
9  237  1  45
10  237  1  70
1  238  1  88
2  238  1  85
3  238  1  87
4  238  1  79
5  238  1  79
6  238  1  24
7  238  1  37
8  238  1  78
9  238  1  32
10  238  1  50
1  239  1  30
2  239  1  51
3  239  1  83
4  239  1  79
5  239  1  35
6  239  1  43
7  239  1  47
8  239  1  12
9  239  1  89
10  239  1  11
1  240  1  65
2  240  1  63
3  240  1  42
4  240  1  52
5  240  1  87
6  240  1  21
7  240  1  66
8  240  1  53
9  240  1  27
10  240  1  29
1  241  1  81
2  241  1  57
3  241  1  19
4  241  1  48
5  241  1  43
6  241  1  37
7  241  1  72
8  241  1  69
9  241  1  55
10  241  1  34
1  242  1  35
2  242  1  16
3  242  1  90
4  242  1  60
5  242  1  54
6  242  1  90
7  242  1  60
8  242  1  54
9  242  1  20
10  242  1  85
1  243  1  39
2  243  1  53
3  243  1  71
4  243  1  35
5  243  1  52
6  243  1  36
7  243  1  80
8  243  1  74
9  243  1  21
10  243  1  45
1  244  1  10
2  244  1  17
3  244  1  31
4  244  1  44
5  244  1  16
6  244  1  81
7  244  1  49
8  244  1  18
9  244  1  33
10  244  1  36
1  245  1  42
2  245  1  10
3  245  1  10
4  245  1  19
5  245  1  26
6  245  1  25
7  245  1  83
8  245  1  21
9  245  1  28
10  245  1  86
1  246  1  77
2  246  1  27
3  246  1  87
4  246  1  46
5  246  1  43
6  246  1  26
7  246  1  24
8  246  1  14
9  246  1  50
10  246  1  57
1  247  1  14
2  247  1  80
3  247  1  89
4  247  1  61
5  247  1  27
6  247  1  44
7  247  1  50
8  247  1  34
9  247  1  13
10  247  1  78
1  248  1  12
2  248  1  76
3  248  1  72
4  248  1  71
5  248  1  60
6  248  1  60
7  248  1  38
8  248  1  86
9  248  1  71
10  248  1  27
1  249  1  21
2  249  1  36
3  249  1  26
4  249  1  84
5  249  1  71
6  249  1  77
7  249  1  12
8  249  1  22
9  249  1  45
10  249  1  51
1  250  1  38
2  250  1  23
3  250  1  77
4  250  1  86
5  250  1  28
6  250  1  18
7  250  1  86
8  250  1  77
9  250  1  43
10  250  1  66
1  1  2  38.79
2  1  2  13.37
3  1  2  45.31
4  1  2  9.69
5  1  2  8.84
6  1  2  33.58
7  1  2  39.31
8  1  2  39.52
9  1  2  22.14
10  1  2  11.13
1  2  2  25.95
2  2  2  11.56
3  2  2  17.29
4  2  2  6.81
5  2  2  9.61
6  2  2  54.29
7  2  2  19.55
8  2  2  21.14
9  2  2  37.38
10  2  2  19.23
1  3  2  9.35
2  3  2  23.01
3  3  2  20.44
4  3  2  18.75
5  3  2  44.36
6  3  2  21.90
7  3  2  41.45
8  3  2  21.45
9  3  2  15.87
10  3  2  16.33
1  4  2  9.80
2  4  2  11.93
3  4  2  30.20
4  4  2  7.02
5  4  2  9.65
6  4  2  5.99
7  4  2  30.50
8  4  2  22.65
9  4  2  20.38
10  4  2  19.98
1  5  2  13.83
2  5  2  7.96
3  5  2  47.90
4  5  2  11.75
5  5  2  55.86
6  5  2  13.82
7  5  2  30.71
8  5  2  53.70
9  5  2  29.65
10  5  2  9.53
1  6  2  6.80
2  6  2  41.51
3  6  2  49.01
4  6  2  45.00
5  6  2  29.15
6  6  2  36.99
7  6  2  9.10
8  6  2  17.24
9  6  2  30.86
10  6  2  47.40
1  7  2  11.30
2  7  2  40.12
3  7  2  39.83
4  7  2  12.54
5  7  2  7.43
6  7  2  42.97
7  7  2  37.46
8  7  2  23.24
9  7  2  31.40
10  7  2  8.67
1  8  2  33.74
2  8  2  65.28
3  8  2  20.70
4  8  2  15.95
5  8  2  32.31
6  8  2  6.33
7  8  2  33.68
8  8  2  53.30
9  8  2  22.90
10  8  2  29.30
1  9  2  13.99
2  9  2  13.49
3  9  2  20.40
4  9  2  61.86
5  9  2  33.80
6  9  2  10.99
7  9  2  16.87
8  9  2  29.31
9  9  2  10.93
10  9  2  19.00
1  10  2  28.93
2  10  2  36.95
3  10  2  27.55
4  10  2  25.92
5  10  2  23.75
6  10  2  35.04
7  10  2  55.12
8  10  2  41.03
9  10  2  9.82
10  10  2  28.99
1  11  2  25.76
2  11  2  25.51
3  11  2  2.06
4  11  2  13.32
5  11  2  24.47
6  11  2  4.34
7  11  2  46.68
8  11  2  25.88
9  11  2  23.60
10  11  2  9.38
1  12  2  4.64
2  12  2  4.74
3  12  2  12.21
4  12  2  9.89
5  12  2  16.91
6  12  2  10.95
7  12  2  4.38
8  12  2  23.78
9  12  2  25.17
10  12  2  4.16
1  13  2  2.50
2  13  2  7.25
3  13  2  21.27
4  13  2  69.10
5  13  2  7.44
6  13  2  49.22
7  13  2  36.48
8  13  2  27.00
9  13  2  44.99
10  13  2  43.71
1  14  2  50.37
2  14  2  21.58
3  14  2  11.89
4  14  2  31.85
5  14  2  28.36
6  14  2  11.60
7  14  2  49.67
8  14  2  14.07
9  14  2  20.37
10  14  2  22.49
1  15  2  35.02
2  15  2  40.97
3  15  2  56.54
4  15  2  26.81
5  15  2  4.90
6  15  2  61.97
7  15  2  28.85
8  15  2  16.23
9  15  2  13.47
10  15  2  31.34
1  16  2  14.01
2  16  2  50.27
3  16  2  58.72
4  16  2  21.57
5  16  2  16.91
6  16  2  8.39
7  16  2  22.86
8  16  2  35.22
9  16  2  29.92
10  16  2  32.92
1  17  2  18.12
2  17  2  6.32
3  17  2  13.58
4  17  2  26.09
5  17  2  37.54
6  17  2  19.23
7  17  2  34.91
8  17  2  27.39
9  17  2  14.12
10  17  2  36.49
1  18  2  38.04
2  18  2  31.16
3  18  2  24.25
4  18  2  36.59
5  18  2  9.86
6  18  2  25.04
7  18  2  36.76
8  18  2  42.65
9  18  2  34.83
10  18  2  11.08
1  19  2  16.92
2  19  2  22.20
3  19  2  28.65
4  19  2  6.68
5  19  2  40.14
6  19  2  34.30
7  19  2  29.43
8  19  2  4.30
9  19  2  21.85
10  19  2  16.79
1  20  2  11.23
2  20  2  57.41
3  20  2  14.65
4  20  2  15.58
5  20  2  7.26
6  20  2  17.16
7  20  2  8.86
8  20  2  35.90
9  20  2  6.09
10  20  2  15.60
1  21  2  51.78
2  21  2  10.81
3  21  2  17.96
4  21  2  17.07
5  21  2  13.83
6  21  2  10.09
7  21  2  19.48
8  21  2  26.91
9  21  2  29.50
10  21  2  12.11
1  22  2  18.90
2  22  2  23.61
3  22  2  33.95
4  22  2  10.39
5  22  2  59.11
6  22  2  9.59
7  22  2  17.54
8  22  2  37.40
9  22  2  20.48
10  22  2  13.93
1  23  2  12.44
2  23  2  24.05
3  23  2  7.28
4  23  2  31.45
5  23  2  40.29
6  23  2  8.85
7  23  2  7.19
8  23  2  41.16
9  23  2  24.00
10  23  2  34.87
1  24  2  51.64
2  24  2  52.13
3  24  2  33.65
4  24  2  26.95
5  24  2  9.26
6  24  2  24.68
7  24  2  25.47
8  24  2  23.54
9  24  2  6.34
10  24  2  25.44
1  25  2  46.33
2  25  2  35.65
3  25  2  6.10
4  25  2  24.48
5  25  2  23.05
6  25  2  10.08
7  25  2  21.70
8  25  2  14.12
9  25  2  31.30
10  25  2  11.04
1  26  2  41.59
2  26  2  13.23
3  26  2  55.03
4  26  2  32.52
5  26  2  24.05
6  26  2  22.43
7  26  2  28.81
8  26  2  26.19
9  26  2  59.43
10  26  2  69.61
1  27  2  13.21
2  27  2  27.34
3  27  2  8.19
4  27  2  32.70
5  27  2  7.62
6  27  2  4.34
7  27  2  14.20
8  27  2  11.37
9  27  2  41.31
10  27  2  32.85
1  28  2  19.89
2  28  2  36.75
3  28  2  17.39
4  28  2  8.09
5  28  2  31.90
6  28  2  42.91
7  28  2  6.31
8  28  2  14.09
9  28  2  34.03
10  28  2  47.21
1  29  2  33.44
2  29  2  35.42
3  29  2  35.71
4  29  2  45.27
5  29  2  30.19
6  29  2  17.35
7  29  2  17.22
8  29  2  7.84
9  29  2  23.47
10  29  2  7.62
1  30  2  26.44
2  30  2  21.41
3  30  2  17.88
4  30  2  4.21
5  30  2  59.76
6  30  2  40.51
7  30  2  22.89
8  30  2  34.37
9  30  2  10.38
10  30  2  27.27
1  31  2  35.54
2  31  2  9.53
3  31  2  19.39
4  31  2  29.70
5  31  2  4.56
6  31  2  6.93
7  31  2  36.61
8  31  2  12.18
9  31  2  15.98
10  31  2  59.82
1  32  2  5.87
2  32  2  4.18
3  32  2  11.97
4  32  2  12.54
5  32  2  15.35
6  32  2  12.18
7  32  2  6.37
8  32  2  30.80
9  32  2  14.06
10  32  2  11.89
1  33  2  42.71
2  33  2  18.31
3  33  2  49.88
4  33  2  23.00
5  33  2  15.68
6  33  2  20.42
7  33  2  25.80
8  33  2  23.01
9  33  2  53.47
10  33  2  34.52
1  34  2  44.89
2  34  2  19.93
3  34  2  5.71
4  34  2  31.25
5  34  2  22.39
6  34  2  40.15
7  34  2  8.81
8  34  2  24.59
9  34  2  15.76
10  34  2  59.23
1  35  2  12.51
2  35  2  6.59
3  35  2  20.84
4  35  2  43.05
5  35  2  15.55
6  35  2  60.76
7  35  2  12.50
8  35  2  32.17
9  35  2  53.80
10  35  2  16.67
1  36  2  25.76
2  36  2  21.60
3  36  2  27.17
4  36  2  27.07
5  36  2  31.50
6  36  2  35.11
7  36  2  9.93
8  36  2  3.28
9  36  2  9.59
10  36  2  23.29
1  37  2  32.21
2  37  2  14.77
3  37  2  6.88
4  37  2  40.41
5  37  2  14.92
6  37  2  41.58
7  37  2  9.05
8  37  2  50.44
9  37  2  19.36
10  37  2  63.19
1  38  2  34.31
2  38  2  6.45
3  38  2  34.60
4  38  2  29.28
5  38  2  34.23
6  38  2  29.96
7  38  2  8.51
8  38  2  45.80
9  38  2  3.79
10  38  2  32.28
1  39  2  9.78
2  39  2  4.97
3  39  2  10.88
4  39  2  11.54
5  39  2  50.06
6  39  2  4.81
7  39  2  61.20
8  39  2  5.41
9  39  2  4.55
10  39  2  63.69
1  40  2  16.90
2  40  2  22.58
3  40  2  29.15
4  40  2  28.27
5  40  2  26.63
6  40  2  47.50
7  40  2  22.88
8  40  2  21.41
9  40  2  17.70
10  40  2  15.01
1  41  2  4.80
2  41  2  14.88
3  41  2  11.72
4  41  2  15.88
5  41  2  35.42
6  41  2  12.50
7  41  2  48.08
8  41  2  17.46
9  41  2  3.51
10  41  2  7.39
1  42  2  7.58
2  42  2  17.29
3  42  2  6.26
4  42  2  4.05
5  42  2  16.43
6  42  2  5.63
7  42  2  48.07
8  42  2  17.97
9  42  2  22.48
10  42  2  48.27
1  43  2  28.70
2  43  2  4.40
3  43  2  18.48
4  43  2  19.34
5  43  2  19.49
6  43  2  6.53
7  43  2  17.86
8  43  2  22.25
9  43  2  26.30
10  43  2  41.96
1  44  2  31.74
2  44  2  26.84
3  44  2  42.30
4  44  2  26.59
5  44  2  23.58
6  44  2  64.63
7  44  2  31.41
8  44  2  9.55
9  44  2  33.77
10  44  2  51.27
1  45  2  20.46
2  45  2  40.30
3  45  2  59.49
4  45  2  6.83
5  45  2  12.13
6  45  2  37.30
7  45  2  5.03
8  45  2  12.74
9  45  2  18.88
10  45  2  19.08
1  46  2  19.95
2  46  2  15.84
3  46  2  27.53
4  46  2  21.93
5  46  2  11.97
6  46  2  56.58
7  46  2  8.37
8  46  2  49.75
9  46  2  32.90
10  46  2  60.05
1  47  2  11.20
2  47  2  42.37
3  47  2  49.99
4  47  2  13.58
5  47  2  13.17
6  47  2  9.51
7  47  2  24.05
8  47  2  14.02
9  47  2  13.15
10  47  2  21.10
1  48  2  20.20
2  48  2  8.36
3  48  2  10.94
4  48  2  29.31
5  48  2  22.04
6  48  2  40.05
7  48  2  37.03
8  48  2  30.16
9  48  2  32.92
10  48  2  9.51
1  49  2  29.96
2  49  2  46.62
3  49  2  13.07
4  49  2  25.37
5  49  2  21.21
6  49  2  30.59
7  49  2  41.93
8  49  2  16.74
9  49  2  26.98
10  49  2  38.58
1  50  2  7.67
2  50  2  39.73
3  50  2  62.54
4  50  2  18.83
5  50  2  20.93
6  50  2  51.42
7  50  2  6.21
8  50  2  9.18
9  50  2  35.58
10  50  2  15.49
1  51  2  36.47
2  51  2  14.54
3  51  2  17.82
4  51  2  43.31
5  51  2  18.93
6  51  2  10.02
7  51  2  40.78
8  51  2  17.92
9  51  2  59.59
10  51  2  10.23
1  52  2  24.75
2  52  2  12.64
3  52  2  25.92
4  52  2  4.08
5  52  2  36.07
6  52  2  5.39
7  52  2  6.55
8  52  2  4.41
9  52  2  6.79
10  52  2  50.21
1  53  2  23.58
2  53  2  14.66
3  53  2  53.84
4  53  2  29.55
5  53  2  37.82
6  53  2  14.10
7  53  2  29.33
8  53  2  31.75
9  53  2  7.41
10  53  2  21.63
1  54  2  40.93
2  54  2  28.17
3  54  2  24.03
4  54  2  30.60
5  54  2  12.31
6  54  2  38.82
7  54  2  47.22
8  54  2  11.10
9  54  2  22.75
10  54  2  10.49
1  55  2  15.94
2  55  2  10.39
3  55  2  45.04
4  55  2  18.78
5  55  2  29.50
6  55  2  17.69
7  55  2  37.19
8  55  2  40.48
9  55  2  29.63
10  55  2  12.77
1  56  2  5.07
2  56  2  25.05
3  56  2  6.62
4  56  2  12.57
5  56  2  28.67
6  56  2  52.64
7  56  2  14.39
8  56  2  48.00
9  56  2  9.37
10  56  2  22.12
1  57  2  54.53
2  57  2  27.81
3  57  2  12.33
4  57  2  10.20
5  57  2  11.11
6  57  2  13.37
7  57  2  60.37
8  57  2  10.68
9  57  2  33.47
10  57  2  13.84
1  58  2  25.15
2  58  2  4.85
3  58  2  25.22
4  58  2  23.99
5  58  2  21.17
6  58  2  17.32
7  58  2  22.14
8  58  2  26.44
9  58  2  5.86
10  58  2  38.21
1  59  2  28.07
2  59  2  12.54
3  59  2  25.60
4  59  2  12.56
5  59  2  10.49
6  59  2  14.69
7  59  2  9.42
8  59  2  13.81
9  59  2  47.81
10  59  2  57.55
1  60  2  13.47
2  60  2  31.01
3  60  2  13.86
4  60  2  39.91
5  60  2  48.46
6  60  2  38.89
7  60  2  15.87
8  60  2  35.76
9  60  2  5.74
10  60  2  13.55
1  61  2  4.81
2  61  2  9.20
3  61  2  10.43
4  61  2  17.64
5  61  2  18.03
6  61  2  52.79
7  61  2  10.47
8  61  2  26.74
9  61  2  20.05
10  61  2  66.24
1  62  2  34.65
2  62  2  8.40
3  62  2  20.49
4  62  2  12.15
5  62  2  10.76
6  62  2  20.14
7  62  2  27.92
8  62  2  11.19
9  62  2  4.84
10  62  2  20.54
1  63  2  14.19
2  63  2  10.79
3  63  2  46.20
4  63  2  37.80
5  63  2  14.10
6  63  2  5.07
7  63  2  31.71
8  63  2  6.73
9  63  2  25.58
10  63  2  26.50
1  64  2  17.97
2  64  2  12.30
3  64  2  42.92
4  64  2  47.11
5  64  2  28.49
6  64  2  16.32
7  64  2  13.47
8  64  2  56.99
9  64  2  17.56
10  64  2  36.12
1  65  2  17.81
2  65  2  15.76
3  65  2  46.92
4  65  2  35.82
5  65  2  11.59
6  65  2  42.35
7  65  2  15.84
8  65  2  7.78
9  65  2  34.99
10  65  2  26.25
1  66  2  43.98
2  66  2  44.38
3  66  2  19.16
4  66  2  28.26
5  66  2  24.92
6  66  2  48.03
7  66  2  20.12
8  66  2  22.81
9  66  2  13.07
10  66  2  19.03
1  67  2  19.67
2  67  2  45.49
3  67  2  18.72
4  67  2  11.06
5  67  2  7.29
6  67  2  20.66
7  67  2  15.90
8  67  2  23.11
9  67  2  8.24
10  67  2  40.43
1  68  2  53.56
2  68  2  14.29
3  68  2  10.70
4  68  2  63.85
5  68  2  6.81
6  68  2  16.19
7  68  2  47.27
8  68  2  48.61
9  68  2  14.29
10  68  2  6.86
1  69  2  52.37
2  69  2  22.96
3  69  2  27.60
4  69  2  26.70
5  69  2  15.97
6  69  2  27.83
7  69  2  24.85
8  69  2  43.40
9  69  2  17.37
10  69  2  8.40
1  70  2  53.54
2  70  2  21.67
3  70  2  28.36
4  70  2  9.57
5  70  2  30.04
6  70  2  26.76
7  70  2  4.90
8  70  2  26.02
9  70  2  14.97
10  70  2  41.40
1  71  2  13.15
2  71  2  36.48
3  71  2  38.14
4  71  2  11.16
5  71  2  4.17
6  71  2  9.76
7  71  2  7.58
8  71  2  8.16
9  71  2  3.59
10  71  2  53.30
1  72  2  11.08
2  72  2  21.12
3  72  2  54.19
4  72  2  33.04
5  72  2  29.58
6  72  2  38.84
7  72  2  58.23
8  72  2  64.19
9  72  2  14.22
10  72  2  46.95
1  73  2  15.13
2  73  2  29.82
3  73  2  41.20
4  73  2  11.34
5  73  2  20.98
6  73  2  44.01
7  73  2  13.96
8  73  2  30.80
9  73  2  4.93
10  73  2  36.19
1  74  2  23.64
2  74  2  44.11
3  74  2  23.85
4  74  2  23.83
5  74  2  9.28
6  74  2  6.51
7  74  2  8.88
8  74  2  27.30
9  74  2  58.30
10  74  2  27.37
1  75  2  16.73
2  75  2  15.16
3  75  2  44.66
4  75  2  28.58
5  75  2  19.23
6  75  2  15.40
7  75  2  56.02
8  75  2  5.63
9  75  2  15.72
10  75  2  31.65
1  76  2  5.71
2  76  2  49.64
3  76  2  13.26
4  76  2  57.90
5  76  2  25.62
6  76  2  17.49
7  76  2  6.99
8  76  2  15.23
9  76  2  28.95
10  76  2  5.60
1  77  2  28.04
2  77  2  4.46
3  77  2  17.04
4  77  2  26.08
5  77  2  4.23
6  77  2  23.89
7  77  2  31.96
8  77  2  5.53
9  77  2  27.68
10  77  2  3.47
1  78  2  15.71
2  78  2  32.53
3  78  2  34.63
4  78  2  8.24
5  78  2  7.45
6  78  2  8.64
7  78  2  23.26
8  78  2  19.84
9  78  2  56.27
10  78  2  12.18
1  79  2  28.45
2  79  2  21.65
3  79  2  35.42
4  79  2  31.93
5  79  2  33.39
6  79  2  20.25
7  79  2  21.56
8  79  2  43.64
9  79  2  24.96
10  79  2  19.40
1  80  2  17.34
2  80  2  10.51
3  80  2  21.78
4  80  2  56.73
5  80  2  10.04
6  80  2  38.05
7  80  2  28.97
8  80  2  54.61
9  80  2  34.42
10  80  2  16.73
1  81  2  10.97
2  81  2  46.34
3  81  2  11.40
4  81  2  5.66
5  81  2  11.24
6  81  2  48.51
7  81  2  16.72
8  81  2  13.38
9  81  2  22.34
10  81  2  33.96
1  82  2  7.85
2  82  2  6.32
3  82  2  41.00
4  82  2  22.03
5  82  2  29.44
6  82  2  19.83
7  82  2  16.47
8  82  2  55.23
9  82  2  10.18
10  82  2  25.75
1  83  2  11.11
2  83  2  14.67
3  83  2  23.52
4  83  2  10.81
5  83  2  44.22
6  83  2  34.06
7  83  2  36.07
8  83  2  20.80
9  83  2  43.91
10  83  2  62.96
1  84  2  14.02
2  84  2  12.93
3  84  2  16.16
4  84  2  6.41
5  84  2  9.13
6  84  2  26.65
7  84  2  8.48
8  84  2  39.95
9  84  2  13.16
10  84  2  56.40
1  85  2  51.05
2  85  2  32.55
3  85  2  6.45
4  85  2  23.38
5  85  2  25.40
6  85  2  51.56
7  85  2  41.57
8  85  2  20.09
9  85  2  17.15
10  85  2  9.72
1  86  2  11.82
2  86  2  15.20
3  86  2  53.83
4  86  2  31.74
5  86  2  40.31
6  86  2  20.57
7  86  2  13.62
8  86  2  8.24
9  86  2  29.61
10  86  2  27.96
1  87  2  23.91
2  87  2  12.86
3  87  2  42.51
4  87  2  7.56
5  87  2  7.64
6  87  2  23.29
7  87  2  63.53
8  87  2  34.69
9  87  2  32.98
10  87  2  35.63
1  88  2  40.24
2  88  2  9.33
3  88  2  16.44
4  88  2  33.35
5  88  2  32.17
6  88  2  19.83
7  88  2  14.31
8  88  2  5.81
9  88  2  11.72
10  88  2  20.28
1  89  2  24.42
2  89  2  12.11
3  89  2  37.41
4  89  2  8.93
5  89  2  41.56
6  89  2  15.00
7  89  2  47.65
8  89  2  10.23
9  89  2  26.79
10  89  2  13.32
1  90  2  23.03
2  90  2  43.31
3  90  2  11.34
4  90  2  28.39
5  90  2  32.55
6  90  2  5.32
7  90  2  38.12
8  90  2  28.15
9  90  2  5.12
10  90  2  27.67
1  91  2  56.14
2  91  2  4.87
3  91  2  20.01
4  91  2  29.89
5  91  2  37.48
6  91  2  36.93
7  91  2  46.64
8  91  2  40.48
9  91  2  37.39
10  91  2  54.02
1  92  2  15.44
2  92  2  41.07
3  92  2  26.80
4  92  2  42.89
5  92  2  62.30
6  92  2  46.15
7  92  2  5.11
8  92  2  11.83
9  92  2  46.81
10  92  2  5.16
1  93  2  24.97
2  93  2  20.74
3  93  2  11.95
4  93  2  11.02
5  93  2  32.54
6  93  2  19.40
7  93  2  49.25
8  93  2  12.16
9  93  2  13.65
10  93  2  24.71
1  94  2  2.36
2  94  2  34.94
3  94  2  21.22
4  94  2  18.26
5  94  2  10.00
6  94  2  38.45
7  94  2  24.77
8  94  2  37.71
9  94  2  37.23
10  94  2  15.11
1  95  2  30.81
2  95  2  6.75
3  95  2  41.75
4  95  2  14.79
5  95  2  18.71
6  95  2  21.74
7  95  2  45.32
8  95  2  45.00
9  95  2  7.97
10  95  2  14.21
1  96  2  21.78
2  96  2  45.56
3  96  2  7.17
4  96  2  8.14
5  96  2  16.40
6  96  2  28.13
7  96  2  40.21
8  96  2  28.28
9  96  2  55.23
10  96  2  13.62
1  97  2  42.73
2  97  2  21.95
3  97  2  30.87
4  97  2  23.07
5  97  2  32.65
6  97  2  6.89
7  97  2  15.60
8  97  2  37.06
9  97  2  24.13
10  97  2  29.71
1  98  2  58.02
2  98  2  18.04
3  98  2  11.84
4  98  2  10.15
5  98  2  54.85
6  98  2  3.53
7  98  2  44.69
8  98  2  17.76
9  98  2  3.00
10  98  2  46.72
1  99  2  18.76
2  99  2  17.46
3  99  2  11.80
4  99  2  8.55
5  99  2  46.44
6  99  2  23.97
7  99  2  9.67
8  99  2  7.96
9  99  2  39.35
10  99  2  36.25
1  100  2  6.18
2  100  2  24.75
3  100  2  6.20
4  100  2  25.77
5  100  2  10.41
6  100  2  47.88
7  100  2  15.36
8  100  2  29.94
9  100  2  34.70
10  100  2  19.12
1  101  2  24.09
2  101  2  10.85
3  101  2  47.94
4  101  2  24.71
5  101  2  39.76
6  101  2  11.09
7  101  2  13.52
8  101  2  31.72
9  101  2  11.24
10  101  2  8.18
1  102  2  4.60
2  102  2  11.28
3  102  2  51.93
4  102  2  26.71
5  102  2  6.23
6  102  2  10.72
7  102  2  14.70
8  102  2  12.09
9  102  2  19.34
10  102  2  40.91
1  103  2  43.26
2  103  2  40.89
3  103  2  30.39
4  103  2  32.45
5  103  2  6.62
6  103  2  34.70
7  103  2  39.40
8  103  2  42.68
9  103  2  32.10
10  103  2  27.72
1  104  2  17.57
2  104  2  7.98
3  104  2  6.80
4  104  2  7.81
5  104  2  32.14
6  104  2  66.54
7  104  2  18.89
8  104  2  33.64
9  104  2  44.08
10  104  2  29.67
1  105  2  31.81
2  105  2  11.63
3  105  2  10.98
4  105  2  37.47
5  105  2  46.41
6  105  2  5.30
7  105  2  15.24
8  105  2  14.86
9  105  2  28.98
10  105  2  2.65
1  106  2  27.11
2  106  2  35.08
3  106  2  18.04
4  106  2  54.26
5  106  2  11.40
6  106  2  18.04
7  106  2  9.90
8  106  2  24.36
9  106  2  25.92
10  106  2  24.27
1  107  2  9.92
2  107  2  35.60
3  107  2  21.59
4  107  2  50.71
5  107  2  43.97
6  107  2  20.77
7  107  2  22.74
8  107  2  21.79
9  107  2  43.33
10  107  2  11.20
1  108  2  32.85
2  108  2  21.33
3  108  2  12.86
4  108  2  15.76
5  108  2  13.67
6  108  2  38.80
7  108  2  5.08
8  108  2  8.39
9  108  2  16.66
10  108  2  9.81
1  109  2  53.44
2  109  2  34.21
3  109  2  9.08
4  109  2  30.55
5  109  2  13.47
6  109  2  25.07
7  109  2  33.96
8  109  2  10.44
9  109  2  26.43
10  109  2  21.94
1  110  2  13.81
2  110  2  31.48
3  110  2  7.14
4  110  2  21.52
5  110  2  6.66
6  110  2  50.27
7  110  2  37.68
8  110  2  44.93
9  110  2  27.54
10  110  2  24.35
1  111  2  26.88
2  111  2  17.73
3  111  2  21.72
4  111  2  10.55
5  111  2  2.41
6  111  2  14.19
7  111  2  14.84
8  111  2  17.00
9  111  2  14.74
10  111  2  39.22
1  112  2  4.10
2  112  2  14.15
3  112  2  15.67
4  112  2  9.17
5  112  2  10.10
6  112  2  34.53
7  112  2  10.31
8  112  2  17.18
9  112  2  15.34
10  112  2  35.06
1  113  2  38.31
2  113  2  44.70
3  113  2  44.47
4  113  2  31.44
5  113  2  48.74
6  113  2  39.53
7  113  2  15.61
8  113  2  29.94
9  113  2  15.05
10  113  2  19.62
1  114  2  15.65
2  114  2  50.68
3  114  2  25.68
4  114  2  5.64
5  114  2  21.53
6  114  2  30.18
7  114  2  10.19
8  114  2  11.38
9  114  2  20.60
10  114  2  28.88
1  115  2  8.34
2  115  2  14.14
3  115  2  52.82
4  115  2  46.61
5  115  2  37.49
6  115  2  58.27
7  115  2  32.72
8  115  2  17.99
9  115  2  46.38
10  115  2  20.42
1  116  2  26.41
2  116  2  38.72
3  116  2  39.28
4  116  2  4.13
5  116  2  28.13
6  116  2  9.32
7  116  2  15.88
8  116  2  19.24
9  116  2  22.61
10  116  2  36.44
1  117  2  54.07
2  117  2  41.29
3  117  2  51.73
4  117  2  41.63
5  117  2  39.73
6  117  2  17.81
7  117  2  40.59
8  117  2  42.99
9  117  2  14.27
10  117  2  24.63
1  118  2  16.56
2  118  2  6.52
3  118  2  4.76
4  118  2  39.37
5  118  2  22.28
6  118  2  36.69
7  118  2  28.57
8  118  2  24.24
9  118  2  26.34
10  118  2  11.05
1  119  2  30.08
2  119  2  34.63
3  119  2  27.15
4  119  2  33.14
5  119  2  11.69
6  119  2  19.05
7  119  2  33.75
8  119  2  18.99
9  119  2  19.98
10  119  2  30.60
1  120  2  24.48
2  120  2  6.31
3  120  2  10.11
4  120  2  9.11
5  120  2  38.59
6  120  2  55.34
7  120  2  64.82
8  120  2  26.49
9  120  2  38.77
10  120  2  26.25
1  121  2  19.80
2  121  2  7.96
3  121  2  48.48
4  121  2  37.85
5  121  2  11.36
6  121  2  20.52
7  121  2  35.36
8  121  2  36.84
9  121  2  47.46
10  121  2  19.17
1  122  2  10.74
2  122  2  60.83
3  122  2  46.73
4  122  2  6.10
5  122  2  14.78
6  122  2  14.69
7  122  2  25.06
8  122  2  23.71
9  122  2  18.92
10  122  2  9.46
1  123  2  17.43
2  123  2  36.58
3  123  2  52.61
4  123  2  49.29
5  123  2  7.07
6  123  2  38.80
7  123  2  38.30
8  123  2  8.05
9  123  2  18.66
10  123  2  31.45
1  124  2  11.69
2  124  2  19.62
3  124  2  27.71
4  124  2  42.38
5  124  2  25.49
6  124  2  11.18
7  124  2  61.75
8  124  2  12.67
9  124  2  18.07
10  124  2  51.87
1  125  2  12.40
2  125  2  59.59
3  125  2  8.05
4  125  2  4.65
5  125  2  25.19
6  125  2  29.00
7  125  2  43.76
8  125  2  27.50
9  125  2  20.29
10  125  2  37.98
1  126  2  34.25
2  126  2  17.79
3  126  2  43.64
4  126  2  7.39
5  126  2  13.52
6  126  2  58.20
7  126  2  23.61
8  126  2  28.89
9  126  2  27.43
10  126  2  27.42
1  127  2  21.26
2  127  2  38.73
3  127  2  5.89
4  127  2  30.31
5  127  2  25.67
6  127  2  13.35
7  127  2  10.86
8  127  2  37.44
9  127  2  17.18
10  127  2  7.68
1  128  2  27.65
2  128  2  16.77
3  128  2  16.64
4  128  2  31.59
5  128  2  37.56
6  128  2  4.25
7  128  2  58.17
8  128  2  13.99
9  128  2  33.89
10  128  2  29.46
1  129  2  25.81
2  129  2  50.05
3  129  2  41.89
4  129  2  31.41
5  129  2  6.20
6  129  2  46.22
7  129  2  18.28
8  129  2  6.58
9  129  2  30.96
10  129  2  45.28
1  130  2  4.60
2  130  2  45.64
3  130  2  7.20
4  130  2  27.23
5  130  2  29.54
6  130  2  45.83
7  130  2  4.41
8  130  2  13.89
9  130  2  13.46
10  130  2  8.08
1  131  2  6.68
2  131  2  40.40
3  131  2  45.43
4  131  2  11.73
5  131  2  27.79
6  131  2  13.29
7  131  2  5.67
8  131  2  17.89
9  131  2  13.08
10  131  2  12.55
1  132  2  5.44
2  132  2  69.59
3  132  2  15.52
4  132  2  4.13
5  132  2  11.20
6  132  2  32.72
7  132  2  7.29
8  132  2  11.49
9  132  2  26.85
10  132  2  3.84
1  133  2  60.36
2  133  2  16.76
3  133  2  16.47
4  133  2  24.54
5  133  2  23.11
6  133  2  37.83
7  133  2  56.02
8  133  2  4.10
9  133  2  21.72
10  133  2  18.61
1  134  2  34.75
2  134  2  52.83
3  134  2  4.52
4  134  2  4.45
5  134  2  6.46
6  134  2  39.88
7  134  2  64.68
8  134  2  32.63
9  134  2  18.73
10  134  2  24.12
1  135  2  49.37
2  135  2  34.82
3  135  2  66.09
4  135  2  25.20
5  135  2  12.45
6  135  2  12.92
7  135  2  21.70
8  135  2  29.03
9  135  2  42.40
10  135  2  30.65
1  136  2  33.94
2  136  2  24.03
3  136  2  33.69
4  136  2  19.28
5  136  2  8.38
6  136  2  23.55
7  136  2  16.93
8  136  2  37.12
9  136  2  18.08
10  136  2  14.77
1  137  2  11.34
2  137  2  15.53
3  137  2  7.42
4  137  2  6.02
5  137  2  30.98
6  137  2  3.14
7  137  2  25.21
8  137  2  9.54
9  137  2  15.44
10  137  2  6.95
1  138  2  20.77
2  138  2  13.99
3  138  2  21.62
4  138  2  26.52
5  138  2  21.93
6  138  2  24.06
7  138  2  18.02
8  138  2  39.64
9  138  2  4.69
10  138  2  35.69
1  139  2  27.85
2  139  2  6.27
3  139  2  36.47
4  139  2  40.48
5  139  2  33.46
6  139  2  36.22
7  139  2  16.92
8  139  2  42.85
9  139  2  27.08
10  139  2  10.70
1  140  2  4.40
2  140  2  14.51
3  140  2  19.72
4  140  2  35.11
5  140  2  15.48
6  140  2  13.61
7  140  2  28.24
8  140  2  32.22
9  140  2  31.48
10  140  2  4.42
1  141  2  58.37
2  141  2  47.89
3  141  2  14.30
4  141  2  38.50
5  141  2  26.66
6  141  2  21.57
7  141  2  63.07
8  141  2  40.61
9  141  2  47.04
10  141  2  24.87
1  142  2  26.04
2  142  2  17.35
3  142  2  26.03
4  142  2  13.67
5  142  2  43.63
6  142  2  28.98
7  142  2  49.64
8  142  2  37.35
9  142  2  26.56
10  142  2  21.35
1  143  2  12.16
2  143  2  26.61
3  143  2  50.54
4  143  2  9.12
5  143  2  2.66
6  143  2  24.58
7  143  2  32.74
8  143  2  48.77
9  143  2  36.55
10  143  2  26.61
1  144  2  12.71
2  144  2  50.49
3  144  2  19.14
4  144  2  17.96
5  144  2  42.27
6  144  2  47.16
7  144  2  15.05
8  144  2  45.26
9  144  2  18.54
10  144  2  17.22
1  145  2  31.53
2  145  2  13.72
3  145  2  9.78
4  145  2  6.95
5  145  2  10.45
6  145  2  18.13
7  145  2  41.06
8  145  2  34.97
9  145  2  13.97
10  145  2  13.82
1  146  2  51.91
2  146  2  27.59
3  146  2  32.43
4  146  2  24.76
5  146  2  37.55
6  146  2  7.98
7  146  2  37.79
8  146  2  17.09
9  146  2  5.48
10  146  2  44.24
1  147  2  10.23
2  147  2  42.93
3  147  2  30.92
4  147  2  33.40
5  147  2  4.49
6  147  2  8.88
7  147  2  18.26
8  147  2  35.62
9  147  2  21.35
10  147  2  3.66
1  148  2  16.79
2  148  2  43.79
3  148  2  18.94
4  148  2  23.63
5  148  2  23.72
6  148  2  21.36
7  148  2  31.68
8  148  2  23.68
9  148  2  19.51
10  148  2  26.39
1  149  2  10.21
2  149  2  15.51
3  149  2  24.31
4  149  2  3.97
5  149  2  16.24
6  149  2  30.29
7  149  2  15.92
8  149  2  37.19
9  149  2  4.18
10  149  2  63.61
1  150  2  47.17
2  150  2  11.83
3  150  2  7.26
4  150  2  28.66
5  150  2  31.21
6  150  2  17.56
7  150  2  18.22
8  150  2  2.70
9  150  2  24.00
10  150  2  44.41
1  151  2  32.27
2  151  2  29.39
3  151  2  29.77
4  151  2  32.45
5  151  2  57.04
6  151  2  17.41
7  151  2  23.26
8  151  2  28.55
9  151  2  33.89
10  151  2  26.40
1  152  2  68.58
2  152  2  51.71
3  152  2  25.47
4  152  2  41.76
5  152  2  16.29
6  152  2  33.64
7  152  2  12.62
8  152  2  43.46
9  152  2  27.73
10  152  2  17.32
1  153  2  19.25
2  153  2  15.86
3  153  2  7.92
4  153  2  15.42
5  153  2  44.41
6  153  2  30.39
7  153  2  10.41
8  153  2  16.77
9  153  2  26.96
10  153  2  36.67
1  154  2  9.09
2  154  2  34.07
3  154  2  28.39
4  154  2  37.37
5  154  2  10.10
6  154  2  57.00
7  154  2  27.92
8  154  2  8.09
9  154  2  63.89
10  154  2  13.36
1  155  2  13.20
2  155  2  27.13
3  155  2  9.50
4  155  2  37.67
5  155  2  70.92
6  155  2  9.37
7  155  2  29.88
8  155  2  9.71
9  155  2  41.77
10  155  2  58.49
1  156  2  15.46
2  156  2  17.96
3  156  2  18.55
4  156  2  4.69
5  156  2  64.78
6  156  2  50.24
7  156  2  5.85
8  156  2  8.33
9  156  2  36.86
10  156  2  39.28
1  157  2  8.40
2  157  2  16.58
3  157  2  10.85
4  157  2  18.62
5  157  2  8.72
6  157  2  11.09
7  157  2  37.16
8  157  2  54.30
9  157  2  16.87
10  157  2  49.37
1  158  2  8.56
2  158  2  53.10
3  158  2  65.38
4  158  2  35.96
5  158  2  17.81
6  158  2  60.09
7  158  2  40.73
8  158  2  12.60
9  158  2  64.50
10  158  2  12.67
1  159  2  20.99
2  159  2  8.90
3  159  2  34.48
4  159  2  11.22
5  159  2  45.30
6  159  2  5.50
7  159  2  26.30
8  159  2  18.00
9  159  2  9.20
10  159  2  15.34
1  160  2  31.94
2  160  2  24.73
3  160  2  3.66
4  160  2  13.75
5  160  2  43.39
6  160  2  20.93
7  160  2  35.31
8  160  2  10.26
9  160  2  46.66
10  160  2  59.45
1  161  2  15.52
2  161  2  60.46
3  161  2  28.88
4  161  2  44.21
5  161  2  26.04
6  161  2  22.26
7  161  2  4.34
8  161  2  24.50
9  161  2  26.88
10  161  2  29.82
1  162  2  18.11
2  162  2  30.39
3  162  2  3.01
4  162  2  28.70
5  162  2  40.67
6  162  2  26.21
7  162  2  18.97
8  162  2  9.53
9  162  2  33.30
10  162  2  19.68
1  163  2  21.52
2  163  2  12.75
3  163  2  16.91
4  163  2  7.19
5  163  2  42.47
6  163  2  47.86
7  163  2  46.30
8  163  2  22.52
9  163  2  16.15
10  163  2  18.46
1  164  2  7.62
2  164  2  20.48
3  164  2  14.87
4  164  2  63.74
5  164  2  8.15
6  164  2  11.02
7  164  2  26.10
8  164  2  10.73
9  164  2  20.76
10  164  2  51.13
1  165  2  7.34
2  165  2  18.78
3  165  2  14.73
4  165  2  8.61
5  165  2  29.67
6  165  2  25.07
7  165  2  44.58
8  165  2  14.61
9  165  2  38.53
10  165  2  42.37
1  166  2  48.24
2  166  2  24.11
3  166  2  14.27
4  166  2  55.58
5  166  2  40.30
6  166  2  6.35
7  166  2  5.41
8  166  2  17.47
9  166  2  20.49
10  166  2  7.77
1  167  2  44.37
2  167  2  15.40
3  167  2  19.91
4  167  2  46.82
5  167  2  16.03
6  167  2  16.70
7  167  2  61.27
8  167  2  36.19
9  167  2  24.59
10  167  2  60.30
1  168  2  20.24
2  168  2  5.81
3  168  2  7.99
4  168  2  11.16
5  168  2  21.31
6  168  2  45.14
7  168  2  10.63
8  168  2  12.79
9  168  2  15.58
10  168  2  71.92
1  169  2  27.88
2  169  2  10.29
3  169  2  12.20
4  169  2  31.50
5  169  2  30.01
6  169  2  19.60
7  169  2  32.93
8  169  2  11.15
9  169  2  6.24
10  169  2  52.23
1  170  2  31.84
2  170  2  3.52
3  170  2  32.41
4  170  2  14.69
5  170  2  52.71
6  170  2  45.97
7  170  2  11.64
8  170  2  67.93
9  170  2  33.00
10  170  2  15.23
1  171  2  27.91
2  171  2  41.81
3  171  2  26.51
4  171  2  26.59
5  171  2  8.29
6  171  2  13.03
7  171  2  54.09
8  171  2  26.53
9  171  2  16.46
10  171  2  21.80
1  172  2  46.98
2  172  2  26.82
3  172  2  12.56
4  172  2  27.02
5  172  2  28.60
6  172  2  41.32
7  172  2  16.90
8  172  2  26.31
9  172  2  19.54
10  172  2  26.57
1  173  2  12.15
2  173  2  17.26
3  173  2  3.34
4  173  2  16.02
5  173  2  12.71
6  173  2  17.38
7  173  2  12.49
8  173  2  39.59
9  173  2  2.83
10  173  2  21.15
1  174  2  3.40
2  174  2  23.77
3  174  2  22.39
4  174  2  30.33
5  174  2  39.73
6  174  2  37.34
7  174  2  29.67
8  174  2  19.67
9  174  2  10.87
10  174  2  13.76
1  175  2  36.43
2  175  2  21.65
3  175  2  31.96
4  175  2  33.66
5  175  2  58.35
6  175  2  15.61
7  175  2  6.03
8  175  2  21.29
9  175  2  18.69
10  175  2  36.97
1  176  2  46.02
2  176  2  16.62
3  176  2  48.77
4  176  2  29.84
5  176  2  10.06
6  176  2  21.25
7  176  2  6.80
8  176  2  12.57
9  176  2  13.53
10  176  2  60.14
1  177  2  36.11
2  177  2  14.16
3  177  2  15.55
4  177  2  14.85
5  177  2  29.52
6  177  2  6.33
7  177  2  12.49
8  177  2  7.96
9  177  2  31.87
10  177  2  37.64
1  178  2  48.75
2  178  2  36.78
3  178  2  37.07
4  178  2  7.95
5  178  2  4.70
6  178  2  22.48
7  178  2  35.21
8  178  2  11.22
9  178  2  58.09
10  178  2  30.15
1  179  2  34.53
2  179  2  21.92
3  179  2  13.98
4  179  2  25.11
5  179  2  24.03
6  179  2  57.52
7  179  2  4.46
8  179  2  32.38
9  179  2  8.18
10  179  2  9.61
1  180  2  35.03
2  180  2  30.05
3  180  2  16.76
4  180  2  15.63
5  180  2  14.12
6  180  2  6.42
7  180  2  57.48
8  180  2  33.33
9  180  2  22.53
10  180  2  8.84
1  181  2  37.89
2  181  2  43.79
3  181  2  13.17
4  181  2  8.12
5  181  2  9.59
6  181  2  14.13
7  181  2  21.15
8  181  2  35.76
9  181  2  30.13
10  181  2  32.71
1  182  2  22.94
2  182  2  15.38
3  182  2  5.56
4  182  2  21.74
5  182  2  14.95
6  182  2  37.60
7  182  2  11.35
8  182  2  5.82
9  182  2  35.16
10  182  2  20.15
1  183  2  10.08
2  183  2  16.52
3  183  2  16.34
4  183  2  22.71
5  183  2  65.48
6  183  2  8.47
7  183  2  6.21
8  183  2  22.67
9  183  2  45.80
10  183  2  6.94
1  184  2  18.23
2  184  2  33.17
3  184  2  20.63
4  184  2  15.45
5  184  2  4.49
6  184  2  7.98
7  184  2  28.19
8  184  2  32.33
9  184  2  7.67
10  184  2  35.33
1  185  2  8.31
2  185  2  27.18
3  185  2  4.33
4  185  2  32.07
5  185  2  45.29
6  185  2  18.49
7  185  2  14.28
8  185  2  11.81
9  185  2  13.35
10  185  2  13.52
1  186  2  41.81
2  186  2  42.69
3  186  2  23.13
4  186  2  38.98
5  186  2  41.87
6  186  2  37.59
7  186  2  42.03
8  186  2  7.50
9  186  2  60.80
10  186  2  22.45
1  187  2  15.60
2  187  2  64.98
3  187  2  46.53
4  187  2  7.15
5  187  2  64.73
6  187  2  26.33
7  187  2  17.75
8  187  2  21.05
9  187  2  45.16
10  187  2  18.10
1  188  2  42.40
2  188  2  7.68
3  188  2  25.39
4  188  2  4.30
5  188  2  33.78
6  188  2  28.13
7  188  2  15.35
8  188  2  9.04
9  188  2  30.78
10  188  2  20.60
1  189  2  48.63
2  189  2  12.04
3  189  2  37.53
4  189  2  31.96
5  189  2  23.83
6  189  2  13.96
7  189  2  9.47
8  189  2  57.27
9  189  2  52.13
10  189  2  21.41
1  190  2  33.48
2  190  2  31.30
3  190  2  41.88
4  190  2  45.86
5  190  2  12.79
6  190  2  22.22
7  190  2  6.92
8  190  2  47.56
9  190  2  7.12
10  190  2  16.87
1  191  2  3.04
2  191  2  14.63
3  191  2  24.22
4  191  2  34.57
5  191  2  35.90
6  191  2  30.33
7  191  2  32.38
8  191  2  12.43
9  191  2  47.98
10  191  2  21.77
1  192  2  22.79
2  192  2  20.60
3  192  2  11.33
4  192  2  29.47
5  192  2  51.30
6  192  2  9.33
7  192  2  31.39
8  192  2  26.32
9  192  2  26.50
10  192  2  45.12
1  193  2  21.23
2  193  2  21.88
3  193  2  29.93
4  193  2  4.38
5  193  2  20.17
6  193  2  24.70
7  193  2  9.89
8  193  2  15.86
9  193  2  60.37
10  193  2  3.91
1  194  2  4.19
2  194  2  18.63
3  194  2  37.81
4  194  2  35.58
5  194  2  15.25
6  194  2  35.80
7  194  2  14.66
8  194  2  7.41
9  194  2  15.51
10  194  2  49.67
1  195  2  19.76
2  195  2  33.76
3  195  2  20.00
4  195  2  11.38
5  195  2  13.76
6  195  2  32.01
7  195  2  8.87
8  195  2  19.89
9  195  2  5.89
10  195  2  29.86
1  196  2  16.88
2  196  2  14.94
3  196  2  23.37
4  196  2  5.07
5  196  2  20.11
6  196  2  21.25
7  196  2  28.34
8  196  2  60.19
9  196  2  32.84
10  196  2  49.63
1  197  2  28.91
2  197  2  39.12
3  197  2  41.07
4  197  2  5.61
5  197  2  29.57
6  197  2  22.76
7  197  2  6.50
8  197  2  14.66
9  197  2  19.99
10  197  2  20.79
1  198  2  14.48
2  198  2  17.06
3  198  2  20.59
4  198  2  30.58
5  198  2  14.68
6  198  2  14.35
7  198  2  50.34
8  198  2  14.42
9  198  2  6.53
10  198  2  11.41
1  199  2  23.26
2  199  2  20.64
3  199  2  15.95
4  199  2  20.18
5  199  2  35.31
6  199  2  18.37
7  199  2  11.29
8  199  2  15.64
9  199  2  23.74
10  199  2  11.75
1  200  2  10.79
2  200  2  54.13
3  200  2  13.41
4  200  2  17.99
5  200  2  3.14
6  200  2  17.32
7  200  2  27.03
8  200  2  39.08
9  200  2  17.59
10  200  2  23.75
1  201  2  15.28
2  201  2  47.48
3  201  2  12.45
4  201  2  26.78
5  201  2  3.52
6  201  2  45.47
7  201  2  22.77
8  201  2  8.32
9  201  2  8.53
10  201  2  17.40
1  202  2  6.89
2  202  2  57.74
3  202  2  47.12
4  202  2  15.07
5  202  2  21.70
6  202  2  12.74
7  202  2  40.28
8  202  2  15.50
9  202  2  24.43
10  202  2  25.77
1  203  2  11.25
2  203  2  11.65
3  203  2  3.93
4  203  2  36.78
5  203  2  57.65
6  203  2  21.88
7  203  2  13.51
8  203  2  32.46
9  203  2  13.46
10  203  2  27.12
1  204  2  6.86
2  204  2  47.93
3  204  2  20.05
4  204  2  29.29
5  204  2  54.23
6  204  2  36.39
7  204  2  49.15
8  204  2  17.14
9  204  2  25.79
10  204  2  17.71
1  205  2  14.09
2  205  2  35.36
3  205  2  29.57
4  205  2  27.32
5  205  2  18.30
6  205  2  27.04
7  205  2  8.11
8  205  2  30.03
9  205  2  9.26
10  205  2  37.94
1  206  2  24.07
2  206  2  8.40
3  206  2  40.63
4  206  2  14.35
5  206  2  57.49
6  206  2  18.86
7  206  2  39.89
8  206  2  5.48
9  206  2  9.09
10  206  2  31.11
1  207  2  42.31
2  207  2  43.34
3  207  2  57.80
4  207  2  22.96
5  207  2  10.28
6  207  2  49.57
7  207  2  44.18
8  207  2  20.20
9  207  2  47.40
10  207  2  21.59
1  208  2  32.80
2  208  2  15.25
3  208  2  11.60
4  208  2  69.81
5  208  2  46.59
6  208  2  43.96
7  208  2  36.09
8  208  2  11.96
9  208  2  18.26
10  208  2  16.67
1  209  2  30.24
2  209  2  22.53
3  209  2  20.46
4  209  2  14.51
5  209  2  37.22
6  209  2  21.93
7  209  2  40.01
8  209  2  24.68
9  209  2  25.98
10  209  2  22.25
1  210  2  31.29
2  210  2  12.01
3  210  2  31.34
4  210  2  5.70
5  210  2  25.13
6  210  2  13.72
7  210  2  4.53
8  210  2  58.30
9  210  2  31.62
10  210  2  8.40
1  211  2  5.99
2  211  2  53.49
3  211  2  55.25
4  211  2  7.42
5  211  2  2.51
6  211  2  34.48
7  211  2  52.44
8  211  2  23.63
9  211  2  16.59
10  211  2  22.95
1  212  2  18.31
2  212  2  3.66
3  212  2  17.20
4  212  2  10.28
5  212  2  4.87
6  212  2  4.44
7  212  2  10.80
8  212  2  20.44
9  212  2  29.42
10  212  2  47.13
1  213  2  25.61
2  213  2  35.72
3  213  2  34.65
4  213  2  15.69
5  213  2  29.77
6  213  2  7.27
7  213  2  24.08
8  213  2  53.15
9  213  2  6.56
10  213  2  15.78
1  214  2  4.67
2  214  2  31.45
3  214  2  26.94
4  214  2  25.90
5  214  2  19.51
6  214  2  22.04
7  214  2  39.25
8  214  2  13.40
9  214  2  9.62
10  214  2  9.72
1  215  2  7.08
2  215  2  20.88
3  215  2  21.50
4  215  2  13.70
5  215  2  12.42
6  215  2  18.74
7  215  2  25.69
8  215  2  26.34
9  215  2  14.47
10  215  2  41.90
1  216  2  11.92
2  216  2  13.15
3  216  2  3.45
4  216  2  12.01
5  216  2  4.52
6  216  2  47.98
7  216  2  8.30
8  216  2  48.46
9  216  2  37.95
10  216  2  6.73
1  217  2  22.66
2  217  2  7.62
3  217  2  64.49
4  217  2  14.80
5  217  2  14.56
6  217  2  25.03
7  217  2  57.41
8  217  2  6.73
9  217  2  6.71
10  217  2  15.26
1  218  2  30.56
2  218  2  24.58
3  218  2  13.18
4  218  2  18.92
5  218  2  11.36
6  218  2  21.34
7  218  2  15.34
8  218  2  6.83
9  218  2  46.88
10  218  2  57.15
1  219  2  10.47
2  219  2  31.68
3  219  2  13.16
4  219  2  48.82
5  219  2  16.42
6  219  2  43.39
7  219  2  21.77
8  219  2  16.58
9  219  2  59.72
10  219  2  52.77
1  220  2  21.38
2  220  2  35.17
3  220  2  7.88
4  220  2  7.77
5  220  2  10.67
6  220  2  43.53
7  220  2  10.01
8  220  2  10.82
9  220  2  19.66
10  220  2  30.27
1  221  2  7.52
2  221  2  16.57
3  221  2  18.82
4  221  2  15.17
5  221  2  7.22
6  221  2  57.21
7  221  2  35.52
8  221  2  12.10
9  221  2  42.14
10  221  2  32.31
1  222  2  18.63
2  222  2  5.67
3  222  2  9.32
4  222  2  41.88
5  222  2  49.22
6  222  2  7.71
7  222  2  41.60
8  222  2  30.08
9  222  2  27.75
10  222  2  2.87
1  223  2  19.62
2  223  2  31.35
3  223  2  31.74
4  223  2  3.87
5  223  2  4.39
6  223  2  11.55
7  223  2  10.20
8  223  2  3.00
9  223  2  11.14
10  223  2  47.23
1  224  2  23.82
2  224  2  14.73
3  224  2  34.42
4  224  2  7.24
5  224  2  45.43
6  224  2  3.70
7  224  2  25.32
8  224  2  24.81
9  224  2  35.55
10  224  2  16.32
1  225  2  26.38
2  225  2  6.28
3  225  2  37.60
4  225  2  49.42
5  225  2  34.72
6  225  2  23.03
7  225  2  30.97
8  225  2  8.49
9  225  2  35.49
10  225  2  18.18
1  226  2  19.68
2  226  2  19.43
3  226  2  40.58
4  226  2  21.55
5  226  2  25.60
6  226  2  3.08
7  226  2  32.46
8  226  2  11.24
9  226  2  17.15
10  226  2  34.58
1  227  2  14.73
2  227  2  31.55
3  227  2  20.16
4  227  2  22.49
5  227  2  42.61
6  227  2  23.33
7  227  2  31.96
8  227  2  11.78
9  227  2  18.02
10  227  2  51.83
1  228  2  18.45
2  228  2  27.11
3  228  2  45.44
4  228  2  24.32
5  228  2  17.92
6  228  2  7.65
7  228  2  10.60
8  228  2  25.40
9  228  2  16.07
10  228  2  13.89
1  229  2  40.60
2  229  2  22.94
3  229  2  25.86
4  229  2  19.39
5  229  2  6.07
6  229  2  11.32
7  229  2  16.64
8  229  2  30.76
9  229  2  42.11
10  229  2  17.46
1  230  2  10.17
2  230  2  37.44
3  230  2  10.08
4  230  2  22.29
5  230  2  21.78
6  230  2  24.80
7  230  2  54.80
8  230  2  7.03
9  230  2  40.27
10  230  2  34.17
1  231  2  4.98
2  231  2  5.49
3  231  2  5.52
4  231  2  30.10
5  231  2  18.05
6  231  2  37.45
7  231  2  34.84
8  231  2  12.92
9  231  2  29.76
10  231  2  11.35
1  232  2  25.15
2  232  2  13.24
3  232  2  36.04
4  232  2  21.07
5  232  2  15.30
6  232  2  7.18
7  232  2  33.80
8  232  2  24.55
9  232  2  27.78
10  232  2  39.02
1  233  2  27.57
2  233  2  21.00
3  233  2  39.95
4  233  2  9.41
5  233  2  56.30
6  233  2  34.85
7  233  2  22.63
8  233  2  24.12
9  233  2  63.15
10  233  2  27.19
1  234  2  25.12
2  234  2  2.11
3  234  2  22.57
4  234  2  33.35
5  234  2  7.70
6  234  2  6.99
7  234  2  18.37
8  234  2  35.43
9  234  2  18.12
10  234  2  31.66
1  235  2  57.02
2  235  2  46.96
3  235  2  38.75
4  235  2  36.11
5  235  2  65.72
6  235  2  28.00
7  235  2  13.70
8  235  2  9.80
9  235  2  31.25
10  235  2  10.97
1  236  2  33.80
2  236  2  13.60
3  236  2  21.21
4  236  2  5.28
5  236  2  13.08
6  236  2  18.46
7  236  2  33.65
8  236  2  9.56
9  236  2  31.50
10  236  2  12.80
1  237  2  56.97
2  237  2  31.74
3  237  2  9.59
4  237  2  10.26
5  237  2  38.73
6  237  2  11.65
7  237  2  29.55
8  237  2  15.85
9  237  2  20.46
10  237  2  45.17
1  238  2  69.14
2  238  2  63.80
3  238  2  64.53
4  238  2  44.42
5  238  2  16.40
6  238  2  17.83
7  238  2  24.26
8  238  2  44.85
9  238  2  7.06
10  238  2  10.30
1  239  2  13.92
2  239  2  29.66
3  239  2  47.10
4  239  2  39.19
5  239  2  20.38
6  239  2  15.58
7  239  2  20.81
8  239  2  5.39
9  239  2  57.94
10  239  2  2.52
1  240  2  14.61
2  240  2  38.79
3  240  2  30.19
4  240  2  11.48
5  240  2  30.93
6  240  2  6.47
7  240  2  36.23
8  240  2  33.58
9  240  2  15.98
10  240  2  18.26
1  241  2  20.89
2  241  2  33.75
3  241  2  8.61
4  241  2  29.95
5  241  2  25.37
6  241  2  22.48
7  241  2  38.33
8  241  2  42.51
9  241  2  41.37
10  241  2  21.88
1  242  2  10.83
2  242  2  11.29
3  242  2  64.26
4  242  2  41.50
5  242  2  17.24
6  242  2  49.99
7  242  2  47.11
8  242  2  23.27
9  242  2  14.74
10  242  2  20.07
1  243  2  7.83
2  243  2  26.88
3  243  2  19.93
4  243  2  14.35
5  243  2  23.93
6  243  2  24.20
7  243  2  59.84
8  243  2  53.90
9  243  2  5.06
10  243  2  35.85
1  244  2  6.57
2  244  2  4.87
3  244  2  16.23
4  244  2  33.96
5  244  2  8.05
6  244  2  26.23
7  244  2  16.81
8  244  2  10.03
9  244  2  24.49
10  244  2  20.52
1  245  2  26.69
2  245  2  2.77
3  245  2  3.58
4  245  2  5.69
5  245  2  9.68
6  245  2  10.17
7  245  2  63.05
8  245  2  7.94
9  245  2  12.77
10  245  2  63.86
1  246  2  43.80
2  246  2  9.06
3  246  2  27.09
4  246  2  23.54
5  246  2  8.63
6  246  2  13.23
7  246  2  16.67
8  246  2  4.46
9  246  2  35.04
10  246  2  27.99
1  247  2  8.87
2  247  2  18.93
3  247  2  47.30
4  247  2  36.24
5  247  2  10.36
6  247  2  27.00
7  247  2  18.95
8  247  2  15.26
9  247  2  10.15
10  247  2  54.07
1  248  2  3.16
2  248  2  21.96
3  248  2  47.62
4  248  2  20.62
5  248  2  36.42
6  248  2  33.84
7  248  2  13.47
8  248  2  25.38
9  248  2  38.56
10  248  2  20.77
1  249  2  11.28
2  249  2  19.89
3  249  2  14.59
4  249  2  32.43
5  249  2  40.66
6  249  2  28.03
7  249  2  2.50
8  249  2  12.92
9  249  2  34.71
10  249  2  40.29
1  250  2  13.90
2  250  2  8.50
3  250  2  22.98
4  250  2  51.68
5  250  2  8.13
6  250  2  5.65
7  250  2  44.22
8  250  2  54.87
9  250  2  11.53
10  250  2  30.37
;

