param com_measure1 := 0.61188;

param com_measure2 := 0.96646;

param kappa_max := 1248.8479;

param U_tau := 802.8639;

param nT := 2;

param nS := 100;

param nL := 30;

param B := 2218.48;

param w :=
1  1
2  2
3  3
4  1
5  2
6  2
7  1
8  1
9  2
10  3
11  3
12  1
13  1
14  2
15  2
16  2
17  1
18  2
19  2
20  3
21  3
22  2
23  2
24  2
25  2
26  2
27  2
28  3
29  3
30  3
;

param h :=
1  1  0
1  2  0
1  3  0
1  4  0
1  5  0
1  6  0
1  7  0
1  8  0
1  9  0
1  10  0
1  11  0
1  12  0
1  13  0
1  14  0
1  15  0
1  16  0
1  17  0
1  18  0
1  19  0
1  20  0
1  21  0
1  22  0
1  23  0
1  24  0
1  25  0
1  26  0
1  27  0
1  28  0
1  29  0
1  30  0
2  1  159.69
2  2  151.35
2  3  144.88
2  4  154.45
2  5  140.31
2  6  135.04
2  7  147.34
2  8  158.29
2  9  149.90
2  10  155.15
2  11  142.64
2  12  151.77
2  13  125.24
2  14  150.09
2  15  148.41
2  16  142.69
2  17  154.47
2  18  158.27
2  19  134.02
2  20  154.81
2  21  138.98
2  22  141.56
2  23  141.86
2  24  163.14
2  25  146.95
2  26  145.50
2  27  152.37
2  28  157.30
2  29  151.71
2  30  138.79
;

param xi :=
1  1  1  22
2  1  1  79
3  1  1  89
4  1  1  51
5  1  1  86
6  1  1  31
7  1  1  73
8  1  1  54
9  1  1  66
10  1  1  46
11  1  1  12
12  1  1  79
13  1  1  45
14  1  1  87
15  1  1  46
16  1  1  81
17  1  1  50
18  1  1  53
19  1  1  14
20  1  1  80
21  1  1  50
22  1  1  27
23  1  1  28
24  1  1  63
25  1  1  39
26  1  1  17
27  1  1  85
28  1  1  32
29  1  1  89
30  1  1  14
1  2  1  75
2  2  1  82
3  2  1  46
4  2  1  89
5  2  1  24
6  2  1  52
7  2  1  18
8  2  1  58
9  2  1  29
10  2  1  41
11  2  1  34
12  2  1  42
13  2  1  12
14  2  1  46
15  2  1  61
16  2  1  70
17  2  1  72
18  2  1  43
19  2  1  83
20  2  1  67
21  2  1  39
22  2  1  54
23  2  1  79
24  2  1  85
25  2  1  35
26  2  1  69
27  2  1  33
28  2  1  40
29  2  1  53
30  2  1  83
1  3  1  23
2  3  1  33
3  3  1  88
4  3  1  90
5  3  1  62
6  3  1  23
7  3  1  83
8  3  1  47
9  3  1  54
10  3  1  59
11  3  1  71
12  3  1  24
13  3  1  33
14  3  1  79
15  3  1  26
16  3  1  85
17  3  1  60
18  3  1  62
19  3  1  29
20  3  1  54
21  3  1  38
22  3  1  87
23  3  1  34
24  3  1  82
25  3  1  37
26  3  1  50
27  3  1  35
28  3  1  55
29  3  1  46
30  3  1  27
1  4  1  17
2  4  1  58
3  4  1  25
4  4  1  67
5  4  1  76
6  4  1  90
7  4  1  27
8  4  1  38
9  4  1  66
10  4  1  63
11  4  1  72
12  4  1  21
13  4  1  72
14  4  1  36
15  4  1  86
16  4  1  32
17  4  1  33
18  4  1  67
19  4  1  54
20  4  1  86
21  4  1  61
22  4  1  47
23  4  1  80
24  4  1  89
25  4  1  86
26  4  1  46
27  4  1  64
28  4  1  85
29  4  1  25
30  4  1  88
1  5  1  60
2  5  1  29
3  5  1  74
4  5  1  26
5  5  1  33
6  5  1  71
7  5  1  18
8  5  1  19
9  5  1  45
10  5  1  74
11  5  1  89
12  5  1  62
13  5  1  79
14  5  1  81
15  5  1  16
16  5  1  20
17  5  1  49
18  5  1  81
19  5  1  40
20  5  1  27
21  5  1  22
22  5  1  64
23  5  1  78
24  5  1  26
25  5  1  74
26  5  1  87
27  5  1  28
28  5  1  31
29  5  1  64
30  5  1  35
1  6  1  52
2  6  1  20
3  6  1  85
4  6  1  52
5  6  1  89
6  6  1  77
7  6  1  41
8  6  1  62
9  6  1  81
10  6  1  63
11  6  1  37
12  6  1  74
13  6  1  50
14  6  1  48
15  6  1  82
16  6  1  14
17  6  1  43
18  6  1  61
19  6  1  73
20  6  1  59
21  6  1  54
22  6  1  50
23  6  1  56
24  6  1  58
25  6  1  45
26  6  1  65
27  6  1  62
28  6  1  70
29  6  1  32
30  6  1  58
1  7  1  17
2  7  1  60
3  7  1  15
4  7  1  32
5  7  1  51
6  7  1  45
7  7  1  19
8  7  1  84
9  7  1  27
10  7  1  14
11  7  1  21
12  7  1  74
13  7  1  85
14  7  1  16
15  7  1  15
16  7  1  85
17  7  1  35
18  7  1  22
19  7  1  35
20  7  1  73
21  7  1  55
22  7  1  72
23  7  1  88
24  7  1  67
25  7  1  37
26  7  1  40
27  7  1  72
28  7  1  32
29  7  1  54
30  7  1  69
1  8  1  21
2  8  1  79
3  8  1  85
4  8  1  53
5  8  1  55
6  8  1  25
7  8  1  82
8  8  1  14
9  8  1  85
10  8  1  10
11  8  1  29
12  8  1  45
13  8  1  88
14  8  1  15
15  8  1  27
16  8  1  21
17  8  1  47
18  8  1  21
19  8  1  45
20  8  1  61
21  8  1  72
22  8  1  76
23  8  1  47
24  8  1  52
25  8  1  72
26  8  1  16
27  8  1  66
28  8  1  26
29  8  1  18
30  8  1  63
1  9  1  13
2  9  1  17
3  9  1  50
4  9  1  65
5  9  1  47
6  9  1  59
7  9  1  19
8  9  1  17
9  9  1  72
10  9  1  43
11  9  1  23
12  9  1  53
13  9  1  34
14  9  1  81
15  9  1  54
16  9  1  90
17  9  1  90
18  9  1  79
19  9  1  34
20  9  1  75
21  9  1  65
22  9  1  45
23  9  1  17
24  9  1  42
25  9  1  62
26  9  1  66
27  9  1  57
28  9  1  73
29  9  1  78
30  9  1  30
1  10  1  37
2  10  1  42
3  10  1  88
4  10  1  50
5  10  1  23
6  10  1  70
7  10  1  48
8  10  1  23
9  10  1  82
10  10  1  61
11  10  1  56
12  10  1  10
13  10  1  12
14  10  1  13
15  10  1  41
16  10  1  15
17  10  1  14
18  10  1  44
19  10  1  68
20  10  1  50
21  10  1  85
22  10  1  25
23  10  1  78
24  10  1  64
25  10  1  49
26  10  1  74
27  10  1  21
28  10  1  40
29  10  1  68
30  10  1  51
1  11  1  25
2  11  1  83
3  11  1  76
4  11  1  14
5  11  1  47
6  11  1  19
7  11  1  13
8  11  1  14
9  11  1  11
10  11  1  19
11  11  1  88
12  11  1  19
13  11  1  28
14  11  1  58
15  11  1  67
16  11  1  72
17  11  1  53
18  11  1  69
19  11  1  53
20  11  1  77
21  11  1  15
22  11  1  40
23  11  1  16
24  11  1  17
25  11  1  17
26  11  1  70
27  11  1  43
28  11  1  32
29  11  1  11
30  11  1  10
1  12  1  10
2  12  1  13
3  12  1  14
4  12  1  52
5  12  1  87
6  12  1  13
7  12  1  87
8  12  1  87
9  12  1  58
10  12  1  47
11  12  1  26
12  12  1  34
13  12  1  30
14  12  1  18
15  12  1  52
16  12  1  67
17  12  1  84
18  12  1  49
19  12  1  52
20  12  1  17
21  12  1  55
22  12  1  14
23  12  1  83
24  12  1  61
25  12  1  81
26  12  1  17
27  12  1  57
28  12  1  90
29  12  1  16
30  12  1  31
1  13  1  84
2  13  1  10
3  13  1  84
4  13  1  47
5  13  1  88
6  13  1  28
7  13  1  28
8  13  1  49
9  13  1  68
10  13  1  84
11  13  1  61
12  13  1  59
13  13  1  74
14  13  1  59
15  13  1  83
16  13  1  27
17  13  1  76
18  13  1  51
19  13  1  13
20  13  1  34
21  13  1  42
22  13  1  13
23  13  1  25
24  13  1  67
25  13  1  43
26  13  1  11
27  13  1  40
28  13  1  68
29  13  1  45
30  13  1  74
1  14  1  45
2  14  1  87
3  14  1  29
4  14  1  46
5  14  1  42
6  14  1  38
7  14  1  64
8  14  1  18
9  14  1  51
10  14  1  19
11  14  1  14
12  14  1  67
13  14  1  32
14  14  1  16
15  14  1  41
16  14  1  68
17  14  1  61
18  14  1  51
19  14  1  45
20  14  1  34
21  14  1  66
22  14  1  56
23  14  1  53
24  14  1  75
25  14  1  44
26  14  1  90
27  14  1  72
28  14  1  44
29  14  1  70
30  14  1  82
1  15  1  16
2  15  1  76
3  15  1  77
4  15  1  66
5  15  1  36
6  15  1  32
7  15  1  32
8  15  1  48
9  15  1  39
10  15  1  23
11  15  1  50
12  15  1  32
13  15  1  20
14  15  1  69
15  15  1  58
16  15  1  19
17  15  1  78
18  15  1  87
19  15  1  18
20  15  1  49
21  15  1  33
22  15  1  44
23  15  1  49
24  15  1  48
25  15  1  20
26  15  1  59
27  15  1  81
28  15  1  79
29  15  1  66
30  15  1  13
1  16  1  69
2  16  1  54
3  16  1  19
4  16  1  10
5  16  1  52
6  16  1  73
7  16  1  22
8  16  1  90
9  16  1  87
10  16  1  79
11  16  1  23
12  16  1  44
13  16  1  79
14  16  1  55
15  16  1  40
16  16  1  19
17  16  1  82
18  16  1  81
19  16  1  27
20  16  1  12
21  16  1  55
22  16  1  65
23  16  1  68
24  16  1  33
25  16  1  74
26  16  1  24
27  16  1  60
28  16  1  59
29  16  1  29
30  16  1  45
1  17  1  49
2  17  1  73
3  17  1  63
4  17  1  31
5  17  1  39
6  17  1  57
7  17  1  23
8  17  1  32
9  17  1  17
10  17  1  19
11  17  1  33
12  17  1  38
13  17  1  12
14  17  1  75
15  17  1  16
16  17  1  81
17  17  1  47
18  17  1  85
19  17  1  26
20  17  1  35
21  17  1  40
22  17  1  20
23  17  1  31
24  17  1  68
25  17  1  35
26  17  1  68
27  17  1  55
28  17  1  53
29  17  1  51
30  17  1  76
1  18  1  17
2  18  1  78
3  18  1  80
4  18  1  90
5  18  1  37
6  18  1  33
7  18  1  39
8  18  1  87
9  18  1  17
10  18  1  24
11  18  1  22
12  18  1  49
13  18  1  39
14  18  1  73
15  18  1  55
16  18  1  22
17  18  1  65
18  18  1  68
19  18  1  84
20  18  1  29
21  18  1  36
22  18  1  70
23  18  1  20
24  18  1  73
25  18  1  85
26  18  1  83
27  18  1  53
28  18  1  56
29  18  1  71
30  18  1  68
1  19  1  77
2  19  1  55
3  19  1  28
4  19  1  28
5  19  1  31
6  19  1  81
7  19  1  71
8  19  1  50
9  19  1  58
10  19  1  44
11  19  1  15
12  19  1  16
13  19  1  90
14  19  1  13
15  19  1  26
16  19  1  38
17  19  1  69
18  19  1  65
19  19  1  84
20  19  1  71
21  19  1  81
22  19  1  38
23  19  1  26
24  19  1  60
25  19  1  12
26  19  1  15
27  19  1  45
28  19  1  67
29  19  1  14
30  19  1  77
1  20  1  86
2  20  1  44
3  20  1  50
4  20  1  46
5  20  1  10
6  20  1  62
7  20  1  86
8  20  1  85
9  20  1  85
10  20  1  14
11  20  1  83
12  20  1  37
13  20  1  14
14  20  1  45
15  20  1  52
16  20  1  74
17  20  1  14
18  20  1  81
19  20  1  32
20  20  1  41
21  20  1  59
22  20  1  40
23  20  1  38
24  20  1  54
25  20  1  61
26  20  1  77
27  20  1  37
28  20  1  69
29  20  1  12
30  20  1  47
1  21  1  23
2  21  1  48
3  21  1  33
4  21  1  71
5  21  1  50
6  21  1  33
7  21  1  38
8  21  1  43
9  21  1  76
10  21  1  20
11  21  1  68
12  21  1  18
13  21  1  17
14  21  1  52
15  21  1  38
16  21  1  55
17  21  1  67
18  21  1  84
19  21  1  29
20  21  1  64
21  21  1  30
22  21  1  73
23  21  1  71
24  21  1  37
25  21  1  35
26  21  1  42
27  21  1  77
28  21  1  79
29  21  1  82
30  21  1  48
1  22  1  35
2  22  1  11
3  22  1  12
4  22  1  50
5  22  1  45
6  22  1  72
7  22  1  46
8  22  1  64
9  22  1  66
10  22  1  86
11  22  1  25
12  22  1  29
13  22  1  35
14  22  1  66
15  22  1  52
16  22  1  28
17  22  1  54
18  22  1  47
19  22  1  79
20  22  1  79
21  22  1  26
22  22  1  49
23  22  1  62
24  22  1  61
25  22  1  39
26  22  1  70
27  22  1  32
28  22  1  19
29  22  1  76
30  22  1  45
1  23  1  21
2  23  1  40
3  23  1  83
4  23  1  77
5  23  1  54
6  23  1  22
7  23  1  31
8  23  1  44
9  23  1  65
10  23  1  29
11  23  1  48
12  23  1  59
13  23  1  74
14  23  1  16
15  23  1  56
16  23  1  68
17  23  1  82
18  23  1  42
19  23  1  14
20  23  1  31
21  23  1  34
22  23  1  38
23  23  1  22
24  23  1  28
25  23  1  36
26  23  1  37
27  23  1  53
28  23  1  74
29  23  1  23
30  23  1  46
1  24  1  73
2  24  1  43
3  24  1  16
4  24  1  86
5  24  1  15
6  24  1  26
7  24  1  36
8  24  1  68
9  24  1  13
10  24  1  61
11  24  1  36
12  24  1  83
13  24  1  48
14  24  1  61
15  24  1  40
16  24  1  51
17  24  1  28
18  24  1  19
19  24  1  78
20  24  1  78
21  24  1  21
22  24  1  39
23  24  1  12
24  24  1  65
25  24  1  41
26  24  1  80
27  24  1  29
28  24  1  25
29  24  1  72
30  24  1  19
1  25  1  88
2  25  1  27
3  25  1  76
4  25  1  50
5  25  1  40
6  25  1  67
7  25  1  49
8  25  1  22
9  25  1  62
10  25  1  74
11  25  1  15
12  25  1  73
13  25  1  22
14  25  1  15
15  25  1  89
16  25  1  66
17  25  1  12
18  25  1  25
19  25  1  27
20  25  1  77
21  25  1  41
22  25  1  68
23  25  1  79
24  25  1  42
25  25  1  68
26  25  1  11
27  25  1  90
28  25  1  38
29  25  1  46
30  25  1  41
1  26  1  75
2  26  1  18
3  26  1  47
4  26  1  70
5  26  1  31
6  26  1  33
7  26  1  76
8  26  1  83
9  26  1  76
10  26  1  76
11  26  1  54
12  26  1  55
13  26  1  12
14  26  1  35
15  26  1  22
16  26  1  34
17  26  1  23
18  26  1  68
19  26  1  86
20  26  1  14
21  26  1  53
22  26  1  90
23  26  1  79
24  26  1  36
25  26  1  46
26  26  1  60
27  26  1  68
28  26  1  77
29  26  1  86
30  26  1  42
1  27  1  72
2  27  1  30
3  27  1  42
4  27  1  22
5  27  1  82
6  27  1  47
7  27  1  17
8  27  1  14
9  27  1  72
10  27  1  88
11  27  1  17
12  27  1  44
13  27  1  27
14  27  1  12
15  27  1  75
16  27  1  22
17  27  1  49
18  27  1  22
19  27  1  53
20  27  1  69
21  27  1  43
22  27  1  14
23  27  1  18
24  27  1  50
25  27  1  48
26  27  1  51
27  27  1  76
28  27  1  44
29  27  1  49
30  27  1  50
1  28  1  69
2  28  1  81
3  28  1  11
4  28  1  11
5  28  1  22
6  28  1  54
7  28  1  16
8  28  1  61
9  28  1  31
10  28  1  83
11  28  1  83
12  28  1  76
13  28  1  19
14  28  1  39
15  28  1  32
16  28  1  17
17  28  1  79
18  28  1  13
19  28  1  85
20  28  1  38
21  28  1  84
22  28  1  38
23  28  1  71
24  28  1  36
25  28  1  63
26  28  1  82
27  28  1  68
28  28  1  79
29  28  1  65
30  28  1  58
1  29  1  61
2  29  1  10
3  29  1  58
4  29  1  47
5  29  1  78
6  29  1  78
7  29  1  11
8  29  1  27
9  29  1  58
10  29  1  46
11  29  1  25
12  29  1  33
13  29  1  58
14  29  1  70
15  29  1  71
16  29  1  12
17  29  1  82
18  29  1  83
19  29  1  77
20  29  1  82
21  29  1  57
22  29  1  57
23  29  1  85
24  29  1  56
25  29  1  19
26  29  1  64
27  29  1  66
28  29  1  23
29  29  1  41
30  29  1  21
1  30  1  83
2  30  1  27
3  30  1  55
4  30  1  38
5  30  1  41
6  30  1  89
7  30  1  60
8  30  1  83
9  30  1  12
10  30  1  76
11  30  1  31
12  30  1  26
13  30  1  37
14  30  1  65
15  30  1  48
16  30  1  78
17  30  1  10
18  30  1  72
19  30  1  24
20  30  1  39
21  30  1  65
22  30  1  65
23  30  1  73
24  30  1  62
25  30  1  42
26  30  1  36
27  30  1  62
28  30  1  35
29  30  1  41
30  30  1  30
1  31  1  69
2  31  1  67
3  31  1  42
4  31  1  88
5  31  1  53
6  31  1  42
7  31  1  21
8  31  1  11
9  31  1  35
10  31  1  83
11  31  1  54
12  31  1  44
13  31  1  38
14  31  1  49
15  31  1  13
16  31  1  65
17  31  1  12
18  31  1  53
19  31  1  85
20  31  1  68
21  31  1  29
22  31  1  57
23  31  1  22
24  31  1  65
25  31  1  57
26  31  1  33
27  31  1  20
28  31  1  26
29  31  1  79
30  31  1  70
1  32  1  36
2  32  1  59
3  32  1  73
4  32  1  78
5  32  1  14
6  32  1  35
7  32  1  11
8  32  1  85
9  32  1  22
10  32  1  19
11  32  1  30
12  32  1  15
13  32  1  22
14  32  1  51
15  32  1  23
16  32  1  74
17  32  1  41
18  32  1  38
19  32  1  63
20  32  1  57
21  32  1  24
22  32  1  30
23  32  1  26
24  32  1  61
25  32  1  79
26  32  1  60
27  32  1  39
28  32  1  64
29  32  1  33
30  32  1  80
1  33  1  17
2  33  1  26
3  33  1  83
4  33  1  18
5  33  1  72
6  33  1  61
7  33  1  80
8  33  1  13
9  33  1  77
10  33  1  57
11  33  1  43
12  33  1  24
13  33  1  79
14  33  1  69
15  33  1  13
16  33  1  80
17  33  1  36
18  33  1  64
19  33  1  56
20  33  1  85
21  33  1  44
22  33  1  30
23  33  1  50
24  33  1  14
25  33  1  90
26  33  1  23
27  33  1  60
28  33  1  21
29  33  1  23
30  33  1  59
1  34  1  53
2  34  1  80
3  34  1  20
4  34  1  38
5  34  1  31
6  34  1  42
7  34  1  13
8  34  1  14
9  34  1  41
10  34  1  21
11  34  1  59
12  34  1  27
13  34  1  28
14  34  1  78
15  34  1  67
16  34  1  10
17  34  1  61
18  34  1  39
19  34  1  62
20  34  1  71
21  34  1  28
22  34  1  47
23  34  1  60
24  34  1  25
25  34  1  53
26  34  1  26
27  34  1  56
28  34  1  48
29  34  1  59
30  34  1  17
1  35  1  57
2  35  1  90
3  35  1  31
4  35  1  27
5  35  1  77
6  35  1  34
7  35  1  78
8  35  1  65
9  35  1  34
10  35  1  58
11  35  1  68
12  35  1  32
13  35  1  47
14  35  1  63
15  35  1  19
16  35  1  38
17  35  1  25
18  35  1  23
19  35  1  52
20  35  1  30
21  35  1  30
22  35  1  31
23  35  1  68
24  35  1  48
25  35  1  30
26  35  1  65
27  35  1  90
28  35  1  18
29  35  1  63
30  35  1  75
1  36  1  59
2  36  1  83
3  36  1  59
4  36  1  23
5  36  1  16
6  36  1  85
7  36  1  22
8  36  1  36
9  36  1  79
10  36  1  81
11  36  1  72
12  36  1  79
13  36  1  57
14  36  1  89
15  36  1  22
16  36  1  44
17  36  1  33
18  36  1  12
19  36  1  24
20  36  1  65
21  36  1  84
22  36  1  65
23  36  1  61
24  36  1  21
25  36  1  11
26  36  1  34
27  36  1  89
28  36  1  85
29  36  1  22
30  36  1  11
1  37  1  63
2  37  1  64
3  37  1  26
4  37  1  71
5  37  1  48
6  37  1  53
7  37  1  68
8  37  1  69
9  37  1  12
10  37  1  80
11  37  1  37
12  37  1  74
13  37  1  61
14  37  1  21
15  37  1  28
16  37  1  81
17  37  1  73
18  37  1  83
19  37  1  39
20  37  1  83
21  37  1  29
22  37  1  23
23  37  1  39
24  37  1  65
25  37  1  48
26  37  1  20
27  37  1  76
28  37  1  64
29  37  1  18
30  37  1  34
1  38  1  81
2  38  1  46
3  38  1  66
4  38  1  52
5  38  1  57
6  38  1  35
7  38  1  31
8  38  1  42
9  38  1  26
10  38  1  16
11  38  1  19
12  38  1  53
13  38  1  64
14  38  1  72
15  38  1  24
16  38  1  71
17  38  1  89
18  38  1  63
19  38  1  58
20  38  1  16
21  38  1  27
22  38  1  30
23  38  1  52
24  38  1  64
25  38  1  53
26  38  1  37
27  38  1  84
28  38  1  28
29  38  1  43
30  38  1  39
1  39  1  54
2  39  1  42
3  39  1  58
4  39  1  82
5  39  1  64
6  39  1  42
7  39  1  16
8  39  1  47
9  39  1  45
10  39  1  60
11  39  1  39
12  39  1  24
13  39  1  55
14  39  1  82
15  39  1  43
16  39  1  39
17  39  1  52
18  39  1  29
19  39  1  83
20  39  1  11
21  39  1  12
22  39  1  67
23  39  1  90
24  39  1  82
25  39  1  24
26  39  1  12
27  39  1  60
28  39  1  85
29  39  1  79
30  39  1  62
1  40  1  27
2  40  1  54
3  40  1  63
4  40  1  20
5  40  1  78
6  40  1  20
7  40  1  13
8  40  1  38
9  40  1  57
10  40  1  44
11  40  1  43
12  40  1  11
13  40  1  59
14  40  1  67
15  40  1  80
16  40  1  72
17  40  1  79
18  40  1  10
19  40  1  75
20  40  1  12
21  40  1  58
22  40  1  59
23  40  1  68
24  40  1  23
25  40  1  32
26  40  1  79
27  40  1  85
28  40  1  87
29  40  1  44
30  40  1  25
1  41  1  33
2  41  1  54
3  41  1  23
4  41  1  77
5  41  1  22
6  41  1  63
7  41  1  24
8  41  1  83
9  41  1  17
10  41  1  60
11  41  1  42
12  41  1  50
13  41  1  41
14  41  1  82
15  41  1  79
16  41  1  71
17  41  1  30
18  41  1  55
19  41  1  15
20  41  1  80
21  41  1  80
22  41  1  24
23  41  1  70
24  41  1  14
25  41  1  37
26  41  1  50
27  41  1  50
28  41  1  22
29  41  1  31
30  41  1  12
1  42  1  66
2  42  1  15
3  42  1  50
4  42  1  72
5  42  1  76
6  42  1  42
7  42  1  37
8  42  1  49
9  42  1  59
10  42  1  28
11  42  1  67
12  42  1  85
13  42  1  43
14  42  1  68
15  42  1  71
16  42  1  31
17  42  1  52
18  42  1  15
19  42  1  80
20  42  1  25
21  42  1  31
22  42  1  77
23  42  1  80
24  42  1  73
25  42  1  22
26  42  1  35
27  42  1  86
28  42  1  24
29  42  1  48
30  42  1  49
1  43  1  67
2  43  1  53
3  43  1  89
4  43  1  35
5  43  1  59
6  43  1  28
7  43  1  25
8  43  1  24
9  43  1  56
10  43  1  80
11  43  1  25
12  43  1  63
13  43  1  66
14  43  1  85
15  43  1  38
16  43  1  10
17  43  1  18
18  43  1  72
19  43  1  51
20  43  1  87
21  43  1  52
22  43  1  78
23  43  1  29
24  43  1  69
25  43  1  40
26  43  1  80
27  43  1  85
28  43  1  71
29  43  1  71
30  43  1  18
1  44  1  10
2  44  1  13
3  44  1  20
4  44  1  27
5  44  1  61
6  44  1  68
7  44  1  42
8  44  1  48
9  44  1  35
10  44  1  38
11  44  1  15
12  44  1  60
13  44  1  51
14  44  1  10
15  44  1  64
16  44  1  74
17  44  1  44
18  44  1  57
19  44  1  16
20  44  1  63
21  44  1  59
22  44  1  65
23  44  1  76
24  44  1  72
25  44  1  47
26  44  1  31
27  44  1  70
28  44  1  83
29  44  1  49
30  44  1  75
1  45  1  75
2  45  1  69
3  45  1  50
4  45  1  21
5  45  1  16
6  45  1  52
7  45  1  10
8  45  1  15
9  45  1  23
10  45  1  78
11  45  1  13
12  45  1  52
13  45  1  27
14  45  1  48
15  45  1  70
16  45  1  78
17  45  1  21
18  45  1  89
19  45  1  89
20  45  1  82
21  45  1  60
22  45  1  52
23  45  1  50
24  45  1  23
25  45  1  61
26  45  1  30
27  45  1  38
28  45  1  50
29  45  1  46
30  45  1  31
1  46  1  75
2  46  1  28
3  46  1  88
4  46  1  39
5  46  1  53
6  46  1  72
7  46  1  31
8  46  1  72
9  46  1  56
10  46  1  56
11  46  1  86
12  46  1  16
13  46  1  39
14  46  1  76
15  46  1  81
16  46  1  75
17  46  1  42
18  46  1  75
19  46  1  19
20  46  1  32
21  46  1  13
22  46  1  67
23  46  1  60
24  46  1  71
25  46  1  39
26  46  1  12
27  46  1  47
28  46  1  30
29  46  1  83
30  46  1  88
1  47  1  66
2  47  1  38
3  47  1  14
4  47  1  54
5  47  1  41
6  47  1  10
7  47  1  67
8  47  1  30
9  47  1  53
10  47  1  63
11  47  1  34
12  47  1  24
13  47  1  20
14  47  1  13
15  47  1  72
16  47  1  67
17  47  1  78
18  47  1  47
19  47  1  51
20  47  1  39
21  47  1  88
22  47  1  13
23  47  1  48
24  47  1  52
25  47  1  71
26  47  1  28
27  47  1  21
28  47  1  18
29  47  1  20
30  47  1  13
1  48  1  15
2  48  1  19
3  48  1  33
4  48  1  40
5  48  1  45
6  48  1  26
7  48  1  19
8  48  1  28
9  48  1  54
10  48  1  33
11  48  1  21
12  48  1  70
13  48  1  81
14  48  1  38
15  48  1  80
16  48  1  15
17  48  1  18
18  48  1  59
19  48  1  76
20  48  1  68
21  48  1  51
22  48  1  77
23  48  1  47
24  48  1  86
25  48  1  16
26  48  1  74
27  48  1  68
28  48  1  80
29  48  1  38
30  48  1  65
1  49  1  18
2  49  1  26
3  49  1  47
4  49  1  16
5  49  1  63
6  49  1  28
7  49  1  46
8  49  1  77
9  49  1  52
10  49  1  69
11  49  1  81
12  49  1  54
13  49  1  52
14  49  1  39
15  49  1  19
16  49  1  67
17  49  1  67
18  49  1  43
19  49  1  54
20  49  1  85
21  49  1  34
22  49  1  10
23  49  1  33
24  49  1  49
25  49  1  30
26  49  1  64
27  49  1  61
28  49  1  51
29  49  1  52
30  49  1  53
1  50  1  78
2  50  1  71
3  50  1  69
4  50  1  83
5  50  1  84
6  50  1  83
7  50  1  52
8  50  1  51
9  50  1  14
10  50  1  54
11  50  1  57
12  50  1  81
13  50  1  87
14  50  1  68
15  50  1  35
16  50  1  19
17  50  1  56
18  50  1  54
19  50  1  19
20  50  1  37
21  50  1  58
22  50  1  17
23  50  1  40
24  50  1  57
25  50  1  62
26  50  1  66
27  50  1  68
28  50  1  67
29  50  1  34
30  50  1  36
1  51  1  16
2  51  1  42
3  51  1  42
4  51  1  50
5  51  1  16
6  51  1  25
7  51  1  39
8  51  1  55
9  51  1  87
10  51  1  13
11  51  1  29
12  51  1  66
13  51  1  58
14  51  1  10
15  51  1  70
16  51  1  58
17  51  1  62
18  51  1  58
19  51  1  81
20  51  1  18
21  51  1  14
22  51  1  27
23  51  1  36
24  51  1  54
25  51  1  62
26  51  1  62
27  51  1  15
28  51  1  31
29  51  1  41
30  51  1  15
1  52  1  27
2  52  1  61
3  52  1  59
4  52  1  31
5  52  1  30
6  52  1  30
7  52  1  32
8  52  1  52
9  52  1  48
10  52  1  56
11  52  1  80
12  52  1  85
13  52  1  19
14  52  1  72
15  52  1  11
16  52  1  44
17  52  1  75
18  52  1  56
19  52  1  12
20  52  1  75
21  52  1  67
22  52  1  24
23  52  1  16
24  52  1  64
25  52  1  87
26  52  1  56
27  52  1  11
28  52  1  20
29  52  1  79
30  52  1  68
1  53  1  82
2  53  1  86
3  53  1  29
4  53  1  87
5  53  1  20
6  53  1  18
7  53  1  50
8  53  1  47
9  53  1  74
10  53  1  46
11  53  1  10
12  53  1  58
13  53  1  46
14  53  1  56
15  53  1  16
16  53  1  13
17  53  1  35
18  53  1  69
19  53  1  25
20  53  1  50
21  53  1  24
22  53  1  31
23  53  1  47
24  53  1  40
25  53  1  61
26  53  1  43
27  53  1  85
28  53  1  11
29  53  1  62
30  53  1  68
1  54  1  10
2  54  1  76
3  54  1  13
4  54  1  63
5  54  1  84
6  54  1  59
7  54  1  79
8  54  1  35
9  54  1  37
10  54  1  10
11  54  1  40
12  54  1  31
13  54  1  45
14  54  1  50
15  54  1  25
16  54  1  66
17  54  1  19
18  54  1  57
19  54  1  49
20  54  1  43
21  54  1  60
22  54  1  77
23  54  1  80
24  54  1  36
25  54  1  22
26  54  1  35
27  54  1  53
28  54  1  80
29  54  1  62
30  54  1  37
1  55  1  36
2  55  1  22
3  55  1  43
4  55  1  89
5  55  1  53
6  55  1  71
7  55  1  57
8  55  1  66
9  55  1  52
10  55  1  14
11  55  1  45
12  55  1  64
13  55  1  32
14  55  1  47
15  55  1  57
16  55  1  71
17  55  1  17
18  55  1  90
19  55  1  38
20  55  1  30
21  55  1  85
22  55  1  13
23  55  1  48
24  55  1  50
25  55  1  74
26  55  1  48
27  55  1  10
28  55  1  33
29  55  1  83
30  55  1  53
1  56  1  71
2  56  1  88
3  56  1  64
4  56  1  65
5  56  1  77
6  56  1  51
7  56  1  74
8  56  1  59
9  56  1  35
10  56  1  66
11  56  1  57
12  56  1  36
13  56  1  21
14  56  1  53
15  56  1  39
16  56  1  75
17  56  1  85
18  56  1  29
19  56  1  51
20  56  1  40
21  56  1  20
22  56  1  72
23  56  1  53
24  56  1  42
25  56  1  38
26  56  1  55
27  56  1  58
28  56  1  80
29  56  1  11
30  56  1  53
1  57  1  81
2  57  1  69
3  57  1  26
4  57  1  38
5  57  1  42
6  57  1  54
7  57  1  20
8  57  1  33
9  57  1  39
10  57  1  24
11  57  1  52
12  57  1  88
13  57  1  26
14  57  1  19
15  57  1  62
16  57  1  88
17  57  1  56
18  57  1  69
19  57  1  34
20  57  1  58
21  57  1  64
22  57  1  34
23  57  1  82
24  57  1  74
25  57  1  57
26  57  1  21
27  57  1  24
28  57  1  38
29  57  1  40
30  57  1  28
1  58  1  23
2  58  1  21
3  58  1  22
4  58  1  46
5  58  1  82
6  58  1  37
7  58  1  82
8  58  1  71
9  58  1  84
10  58  1  41
11  58  1  83
12  58  1  22
13  58  1  84
14  58  1  75
15  58  1  13
16  58  1  26
17  58  1  78
18  58  1  75
19  58  1  66
20  58  1  40
21  58  1  68
22  58  1  50
23  58  1  79
24  58  1  80
25  58  1  44
26  58  1  89
27  58  1  19
28  58  1  72
29  58  1  10
30  58  1  30
1  59  1  42
2  59  1  70
3  59  1  66
4  59  1  58
5  59  1  53
6  59  1  67
7  59  1  82
8  59  1  71
9  59  1  78
10  59  1  27
11  59  1  16
12  59  1  67
13  59  1  14
14  59  1  15
15  59  1  52
16  59  1  26
17  59  1  58
18  59  1  82
19  59  1  57
20  59  1  63
21  59  1  23
22  59  1  69
23  59  1  56
24  59  1  72
25  59  1  48
26  59  1  74
27  59  1  39
28  59  1  74
29  59  1  78
30  59  1  89
1  60  1  24
2  60  1  56
3  60  1  67
4  60  1  23
5  60  1  19
6  60  1  58
7  60  1  32
8  60  1  33
9  60  1  83
10  60  1  75
11  60  1  73
12  60  1  54
13  60  1  32
14  60  1  38
15  60  1  73
16  60  1  82
17  60  1  40
18  60  1  51
19  60  1  72
20  60  1  86
21  60  1  34
22  60  1  67
23  60  1  57
24  60  1  59
25  60  1  66
26  60  1  59
27  60  1  86
28  60  1  66
29  60  1  68
30  60  1  44
1  61  1  80
2  61  1  58
3  61  1  10
4  61  1  47
5  61  1  69
6  61  1  54
7  61  1  16
8  61  1  87
9  61  1  26
10  61  1  50
11  61  1  31
12  61  1  80
13  61  1  35
14  61  1  16
15  61  1  90
16  61  1  29
17  61  1  82
18  61  1  28
19  61  1  74
20  61  1  76
21  61  1  27
22  61  1  33
23  61  1  68
24  61  1  22
25  61  1  46
26  61  1  90
27  61  1  67
28  61  1  61
29  61  1  64
30  61  1  69
1  62  1  71
2  62  1  22
3  62  1  89
4  62  1  42
5  62  1  85
6  62  1  55
7  62  1  75
8  62  1  76
9  62  1  80
10  62  1  31
11  62  1  17
12  62  1  69
13  62  1  31
14  62  1  72
15  62  1  46
16  62  1  74
17  62  1  47
18  62  1  79
19  62  1  74
20  62  1  14
21  62  1  34
22  62  1  53
23  62  1  65
24  62  1  43
25  62  1  85
26  62  1  90
27  62  1  46
28  62  1  73
29  62  1  21
30  62  1  39
1  63  1  72
2  63  1  20
3  63  1  10
4  63  1  33
5  63  1  46
6  63  1  53
7  63  1  45
8  63  1  43
9  63  1  90
10  63  1  71
11  63  1  43
12  63  1  24
13  63  1  59
14  63  1  90
15  63  1  10
16  63  1  38
17  63  1  59
18  63  1  19
19  63  1  39
20  63  1  63
21  63  1  50
22  63  1  50
23  63  1  30
24  63  1  10
25  63  1  57
26  63  1  87
27  63  1  17
28  63  1  17
29  63  1  72
30  63  1  12
1  64  1  58
2  64  1  68
3  64  1  55
4  64  1  85
5  64  1  41
6  64  1  42
7  64  1  49
8  64  1  24
9  64  1  17
10  64  1  72
11  64  1  55
12  64  1  82
13  64  1  19
14  64  1  19
15  64  1  73
16  64  1  48
17  64  1  84
18  64  1  45
19  64  1  14
20  64  1  35
21  64  1  52
22  64  1  75
23  64  1  61
24  64  1  69
25  64  1  65
26  64  1  60
27  64  1  83
28  64  1  35
29  64  1  59
30  64  1  26
1  65  1  83
2  65  1  53
3  65  1  64
4  65  1  51
5  65  1  62
6  65  1  37
7  65  1  87
8  65  1  43
9  65  1  12
10  65  1  30
11  65  1  29
12  65  1  82
13  65  1  49
14  65  1  52
15  65  1  35
16  65  1  75
17  65  1  72
18  65  1  16
19  65  1  29
20  65  1  50
21  65  1  22
22  65  1  53
23  65  1  43
24  65  1  74
25  65  1  39
26  65  1  55
27  65  1  13
28  65  1  60
29  65  1  42
30  65  1  90
1  66  1  57
2  66  1  13
3  66  1  82
4  66  1  82
5  66  1  50
6  66  1  55
7  66  1  21
8  66  1  69
9  66  1  26
10  66  1  81
11  66  1  11
12  66  1  52
13  66  1  32
14  66  1  88
15  66  1  28
16  66  1  66
17  66  1  61
18  66  1  69
19  66  1  40
20  66  1  51
21  66  1  46
22  66  1  61
23  66  1  78
24  66  1  80
25  66  1  23
26  66  1  50
27  66  1  25
28  66  1  18
29  66  1  88
30  66  1  42
1  67  1  83
2  67  1  41
3  67  1  84
4  67  1  40
5  67  1  35
6  67  1  11
7  67  1  79
8  67  1  78
9  67  1  48
10  67  1  37
11  67  1  22
12  67  1  26
13  67  1  30
14  67  1  56
15  67  1  90
16  67  1  26
17  67  1  26
18  67  1  89
19  67  1  11
20  67  1  50
21  67  1  19
22  67  1  85
23  67  1  48
24  67  1  48
25  67  1  27
26  67  1  25
27  67  1  79
28  67  1  53
29  67  1  50
30  67  1  39
1  68  1  88
2  68  1  79
3  68  1  84
4  68  1  78
5  68  1  49
6  68  1  34
7  68  1  10
8  68  1  41
9  68  1  63
10  68  1  21
11  68  1  47
12  68  1  67
13  68  1  24
14  68  1  43
15  68  1  15
16  68  1  87
17  68  1  71
18  68  1  35
19  68  1  61
20  68  1  64
21  68  1  29
22  68  1  37
23  68  1  48
24  68  1  32
25  68  1  24
26  68  1  62
27  68  1  44
28  68  1  17
29  68  1  15
30  68  1  16
1  69  1  51
2  69  1  81
3  69  1  26
4  69  1  88
5  69  1  17
6  69  1  20
7  69  1  76
8  69  1  52
9  69  1  62
10  69  1  11
11  69  1  62
12  69  1  36
13  69  1  10
14  69  1  26
15  69  1  12
16  69  1  10
17  69  1  10
18  69  1  58
19  69  1  19
20  69  1  42
21  69  1  30
22  69  1  25
23  69  1  11
24  69  1  38
25  69  1  42
26  69  1  60
27  69  1  35
28  69  1  80
29  69  1  21
30  69  1  19
1  70  1  38
2  70  1  27
3  70  1  45
4  70  1  19
5  70  1  35
6  70  1  60
7  70  1  81
8  70  1  72
9  70  1  63
10  70  1  71
11  70  1  47
12  70  1  22
13  70  1  41
14  70  1  82
15  70  1  10
16  70  1  56
17  70  1  74
18  70  1  39
19  70  1  69
20  70  1  82
21  70  1  44
22  70  1  41
23  70  1  24
24  70  1  45
25  70  1  58
26  70  1  13
27  70  1  15
28  70  1  56
29  70  1  50
30  70  1  53
1  71  1  53
2  71  1  56
3  71  1  65
4  71  1  34
5  71  1  22
6  71  1  66
7  71  1  47
8  71  1  49
9  71  1  31
10  71  1  73
11  71  1  69
12  71  1  84
13  71  1  24
14  71  1  44
15  71  1  30
16  71  1  13
17  71  1  67
18  71  1  54
19  71  1  10
20  71  1  29
21  71  1  85
22  71  1  54
23  71  1  10
24  71  1  68
25  71  1  27
26  71  1  42
27  71  1  10
28  71  1  70
29  71  1  36
30  71  1  84
1  72  1  25
2  72  1  26
3  72  1  14
4  72  1  53
5  72  1  14
6  72  1  10
7  72  1  64
8  72  1  13
9  72  1  25
10  72  1  16
11  72  1  70
12  72  1  20
13  72  1  18
14  72  1  43
15  72  1  61
16  72  1  32
17  72  1  57
18  72  1  64
19  72  1  81
20  72  1  85
21  72  1  37
22  72  1  31
23  72  1  36
24  72  1  68
25  72  1  39
26  72  1  59
27  72  1  15
28  72  1  38
29  72  1  61
30  72  1  31
1  73  1  81
2  73  1  85
3  73  1  85
4  73  1  44
5  73  1  26
6  73  1  15
7  73  1  23
8  73  1  44
9  73  1  62
10  73  1  55
11  73  1  13
12  73  1  69
13  73  1  52
14  73  1  62
15  73  1  28
16  73  1  64
17  73  1  45
18  73  1  56
19  73  1  28
20  73  1  47
21  73  1  89
22  73  1  38
23  73  1  24
24  73  1  52
25  73  1  81
26  73  1  53
27  73  1  61
28  73  1  66
29  73  1  21
30  73  1  86
1  74  1  40
2  74  1  77
3  74  1  33
4  74  1  17
5  74  1  42
6  74  1  36
7  74  1  79
8  74  1  49
9  74  1  56
10  74  1  40
11  74  1  31
12  74  1  87
13  74  1  33
14  74  1  70
15  74  1  30
16  74  1  44
17  74  1  10
18  74  1  47
19  74  1  80
20  74  1  55
21  74  1  37
22  74  1  14
23  74  1  74
24  74  1  89
25  74  1  15
26  74  1  48
27  74  1  22
28  74  1  15
29  74  1  69
30  74  1  57
1  75  1  84
2  75  1  77
3  75  1  15
4  75  1  41
5  75  1  17
6  75  1  36
7  75  1  68
8  75  1  51
9  75  1  90
10  75  1  63
11  75  1  36
12  75  1  49
13  75  1  15
14  75  1  32
15  75  1  78
16  75  1  88
17  75  1  69
18  75  1  73
19  75  1  49
20  75  1  31
21  75  1  18
22  75  1  86
23  75  1  78
24  75  1  51
25  75  1  13
26  75  1  24
27  75  1  44
28  75  1  73
29  75  1  86
30  75  1  53
1  76  1  76
2  76  1  59
3  76  1  11
4  76  1  18
5  76  1  90
6  76  1  87
7  76  1  40
8  76  1  74
9  76  1  57
10  76  1  52
11  76  1  81
12  76  1  59
13  76  1  34
14  76  1  30
15  76  1  82
16  76  1  31
17  76  1  38
18  76  1  69
19  76  1  34
20  76  1  32
21  76  1  48
22  76  1  28
23  76  1  24
24  76  1  51
25  76  1  44
26  76  1  66
27  76  1  48
28  76  1  16
29  76  1  15
30  76  1  59
1  77  1  51
2  77  1  28
3  77  1  41
4  77  1  22
5  77  1  47
6  77  1  42
7  77  1  84
8  77  1  82
9  77  1  16
10  77  1  83
11  77  1  66
12  77  1  70
13  77  1  79
14  77  1  74
15  77  1  76
16  77  1  30
17  77  1  71
18  77  1  15
19  77  1  26
20  77  1  78
21  77  1  40
22  77  1  67
23  77  1  62
24  77  1  83
25  77  1  10
26  77  1  57
27  77  1  64
28  77  1  89
29  77  1  35
30  77  1  73
1  78  1  81
2  78  1  11
3  78  1  10
4  78  1  20
5  78  1  34
6  78  1  55
7  78  1  80
8  78  1  16
9  78  1  25
10  78  1  55
11  78  1  35
12  78  1  72
13  78  1  33
14  78  1  29
15  78  1  84
16  78  1  11
17  78  1  62
18  78  1  28
19  78  1  53
20  78  1  16
21  78  1  47
22  78  1  71
23  78  1  18
24  78  1  14
25  78  1  75
26  78  1  62
27  78  1  29
28  78  1  23
29  78  1  69
30  78  1  28
1  79  1  45
2  79  1  53
3  79  1  16
4  79  1  76
5  79  1  37
6  79  1  67
7  79  1  70
8  79  1  46
9  79  1  21
10  79  1  90
11  79  1  54
12  79  1  53
13  79  1  21
14  79  1  68
15  79  1  23
16  79  1  60
17  79  1  66
18  79  1  64
19  79  1  63
20  79  1  55
21  79  1  73
22  79  1  22
23  79  1  57
24  79  1  19
25  79  1  34
26  79  1  19
27  79  1  63
28  79  1  70
29  79  1  35
30  79  1  11
1  80  1  11
2  80  1  42
3  80  1  13
4  80  1  57
5  80  1  78
6  80  1  40
7  80  1  13
8  80  1  62
9  80  1  34
10  80  1  42
11  80  1  78
12  80  1  86
13  80  1  57
14  80  1  90
15  80  1  65
16  80  1  49
17  80  1  68
18  80  1  11
19  80  1  43
20  80  1  49
21  80  1  19
22  80  1  57
23  80  1  10
24  80  1  86
25  80  1  54
26  80  1  60
27  80  1  39
28  80  1  82
29  80  1  52
30  80  1  75
1  81  1  26
2  81  1  76
3  81  1  58
4  81  1  17
5  81  1  41
6  81  1  84
7  81  1  24
8  81  1  83
9  81  1  34
10  81  1  44
11  81  1  89
12  81  1  32
13  81  1  55
14  81  1  74
15  81  1  54
16  81  1  48
17  81  1  71
18  81  1  63
19  81  1  34
20  81  1  14
21  81  1  33
22  81  1  17
23  81  1  69
24  81  1  83
25  81  1  84
26  81  1  71
27  81  1  14
28  81  1  64
29  81  1  45
30  81  1  16
1  82  1  72
2  82  1  73
3  82  1  79
4  82  1  16
5  82  1  20
6  82  1  52
7  82  1  90
8  82  1  16
9  82  1  75
10  82  1  44
11  82  1  39
12  82  1  84
13  82  1  31
14  82  1  12
15  82  1  61
16  82  1  85
17  82  1  24
18  82  1  36
19  82  1  40
20  82  1  88
21  82  1  44
22  82  1  69
23  82  1  37
24  82  1  86
25  82  1  55
26  82  1  28
27  82  1  41
28  82  1  46
29  82  1  14
30  82  1  66
1  83  1  79
2  83  1  80
3  83  1  71
4  83  1  85
5  83  1  58
6  83  1  17
7  83  1  59
8  83  1  72
9  83  1  71
10  83  1  65
11  83  1  51
12  83  1  28
13  83  1  70
14  83  1  42
15  83  1  75
16  83  1  43
17  83  1  78
18  83  1  88
19  83  1  52
20  83  1  46
21  83  1  62
22  83  1  47
23  83  1  59
24  83  1  35
25  83  1  88
26  83  1  57
27  83  1  30
28  83  1  78
29  83  1  34
30  83  1  42
1  84  1  37
2  84  1  47
3  84  1  42
4  84  1  34
5  84  1  30
6  84  1  35
7  84  1  44
8  84  1  13
9  84  1  37
10  84  1  54
11  84  1  17
12  84  1  21
13  84  1  41
14  84  1  49
15  84  1  59
16  84  1  43
17  84  1  46
18  84  1  67
19  84  1  71
20  84  1  70
21  84  1  50
22  84  1  52
23  84  1  16
24  84  1  34
25  84  1  65
26  84  1  71
27  84  1  83
28  84  1  77
29  84  1  68
30  84  1  37
1  85  1  84
2  85  1  55
3  85  1  41
4  85  1  61
5  85  1  41
6  85  1  26
7  85  1  72
8  85  1  50
9  85  1  60
10  85  1  89
11  85  1  44
12  85  1  25
13  85  1  37
14  85  1  74
15  85  1  22
16  85  1  39
17  85  1  25
18  85  1  72
19  85  1  51
20  85  1  36
21  85  1  38
22  85  1  44
23  85  1  64
24  85  1  14
25  85  1  36
26  85  1  78
27  85  1  13
28  85  1  43
29  85  1  36
30  85  1  52
1  86  1  78
2  86  1  72
3  86  1  19
4  86  1  10
5  86  1  16
6  86  1  26
7  86  1  88
8  86  1  90
9  86  1  76
10  86  1  46
11  86  1  13
12  86  1  34
13  86  1  45
14  86  1  83
15  86  1  72
16  86  1  29
17  86  1  13
18  86  1  54
19  86  1  90
20  86  1  61
21  86  1  16
22  86  1  36
23  86  1  28
24  86  1  78
25  86  1  73
26  86  1  16
27  86  1  12
28  86  1  74
29  86  1  86
30  86  1  63
1  87  1  61
2  87  1  58
3  87  1  18
4  87  1  23
5  87  1  25
6  87  1  82
7  87  1  64
8  87  1  35
9  87  1  59
10  87  1  79
11  87  1  62
12  87  1  60
13  87  1  66
14  87  1  42
15  87  1  81
16  87  1  85
17  87  1  81
18  87  1  68
19  87  1  10
20  87  1  37
21  87  1  62
22  87  1  88
23  87  1  61
24  87  1  41
25  87  1  43
26  87  1  38
27  87  1  90
28  87  1  90
29  87  1  61
30  87  1  73
1  88  1  80
2  88  1  15
3  88  1  56
4  88  1  35
5  88  1  15
6  88  1  16
7  88  1  69
8  88  1  82
9  88  1  33
10  88  1  51
11  88  1  33
12  88  1  57
13  88  1  25
14  88  1  53
15  88  1  14
16  88  1  26
17  88  1  89
18  88  1  60
19  88  1  28
20  88  1  12
21  88  1  84
22  88  1  80
23  88  1  51
24  88  1  67
25  88  1  83
26  88  1  19
27  88  1  79
28  88  1  29
29  88  1  70
30  88  1  43
1  89  1  14
2  89  1  54
3  89  1  40
4  89  1  12
5  89  1  85
6  89  1  46
7  89  1  10
8  89  1  64
9  89  1  20
10  89  1  51
11  89  1  67
12  89  1  39
13  89  1  41
14  89  1  56
15  89  1  21
16  89  1  74
17  89  1  86
18  89  1  38
19  89  1  37
20  89  1  16
21  89  1  40
22  89  1  73
23  89  1  58
24  89  1  89
25  89  1  13
26  89  1  16
27  89  1  48
28  89  1  52
29  89  1  85
30  89  1  56
1  90  1  45
2  90  1  64
3  90  1  77
4  90  1  81
5  90  1  67
6  90  1  50
7  90  1  61
8  90  1  86
9  90  1  13
10  90  1  41
11  90  1  31
12  90  1  12
13  90  1  66
14  90  1  31
15  90  1  50
16  90  1  68
17  90  1  68
18  90  1  87
19  90  1  47
20  90  1  24
21  90  1  43
22  90  1  59
23  90  1  84
24  90  1  79
25  90  1  29
26  90  1  23
27  90  1  67
28  90  1  71
29  90  1  60
30  90  1  87
1  91  1  56
2  91  1  70
3  91  1  63
4  91  1  83
5  91  1  66
6  91  1  39
7  91  1  50
8  91  1  36
9  91  1  42
10  91  1  63
11  91  1  52
12  91  1  22
13  91  1  21
14  91  1  80
15  91  1  32
16  91  1  25
17  91  1  14
18  91  1  89
19  91  1  50
20  91  1  88
21  91  1  86
22  91  1  29
23  91  1  49
24  91  1  50
25  91  1  45
26  91  1  19
27  91  1  79
28  91  1  33
29  91  1  80
30  91  1  63
1  92  1  62
2  92  1  25
3  92  1  69
4  92  1  51
5  92  1  16
6  92  1  16
7  92  1  57
8  92  1  58
9  92  1  43
10  92  1  85
11  92  1  15
12  92  1  42
13  92  1  43
14  92  1  35
15  92  1  46
16  92  1  77
17  92  1  48
18  92  1  32
19  92  1  82
20  92  1  21
21  92  1  71
22  92  1  52
23  92  1  12
24  92  1  46
25  92  1  25
26  92  1  27
27  92  1  26
28  92  1  54
29  92  1  41
30  92  1  55
1  93  1  89
2  93  1  29
3  93  1  70
4  93  1  37
5  93  1  77
6  93  1  28
7  93  1  78
8  93  1  79
9  93  1  73
10  93  1  58
11  93  1  18
12  93  1  13
13  93  1  15
14  93  1  77
15  93  1  37
16  93  1  12
17  93  1  26
18  93  1  10
19  93  1  17
20  93  1  82
21  93  1  78
22  93  1  48
23  93  1  16
24  93  1  50
25  93  1  82
26  93  1  63
27  93  1  38
28  93  1  11
29  93  1  80
30  93  1  59
1  94  1  62
2  94  1  63
3  94  1  85
4  94  1  85
5  94  1  77
6  94  1  77
7  94  1  49
8  94  1  54
9  94  1  48
10  94  1  18
11  94  1  56
12  94  1  77
13  94  1  31
14  94  1  68
15  94  1  78
16  94  1  11
17  94  1  84
18  94  1  30
19  94  1  53
20  94  1  28
21  94  1  87
22  94  1  27
23  94  1  59
24  94  1  35
25  94  1  85
26  94  1  32
27  94  1  25
28  94  1  87
29  94  1  12
30  94  1  29
1  95  1  21
2  95  1  89
3  95  1  76
4  95  1  16
5  95  1  62
6  95  1  31
7  95  1  63
8  95  1  19
9  95  1  63
10  95  1  16
11  95  1  70
12  95  1  62
13  95  1  80
14  95  1  72
15  95  1  15
16  95  1  54
17  95  1  16
18  95  1  59
19  95  1  51
20  95  1  63
21  95  1  57
22  95  1  52
23  95  1  55
24  95  1  14
25  95  1  81
26  95  1  56
27  95  1  60
28  95  1  39
29  95  1  64
30  95  1  44
1  96  1  73
2  96  1  39
3  96  1  41
4  96  1  54
5  96  1  14
6  96  1  71
7  96  1  86
8  96  1  88
9  96  1  53
10  96  1  57
11  96  1  67
12  96  1  77
13  96  1  51
14  96  1  18
15  96  1  58
16  96  1  22
17  96  1  84
18  96  1  75
19  96  1  24
20  96  1  19
21  96  1  21
22  96  1  29
23  96  1  23
24  96  1  71
25  96  1  21
26  96  1  26
27  96  1  57
28  96  1  55
29  96  1  75
30  96  1  22
1  97  1  53
2  97  1  56
3  97  1  65
4  97  1  56
5  97  1  83
6  97  1  73
7  97  1  28
8  97  1  89
9  97  1  25
10  97  1  74
11  97  1  72
12  97  1  47
13  97  1  28
14  97  1  22
15  97  1  21
16  97  1  40
17  97  1  71
18  97  1  64
19  97  1  52
20  97  1  67
21  97  1  36
22  97  1  87
23  97  1  75
24  97  1  59
25  97  1  30
26  97  1  72
27  97  1  10
28  97  1  90
29  97  1  19
30  97  1  39
1  98  1  45
2  98  1  46
3  98  1  79
4  98  1  36
5  98  1  36
6  98  1  44
7  98  1  33
8  98  1  73
9  98  1  50
10  98  1  33
11  98  1  38
12  98  1  55
13  98  1  19
14  98  1  16
15  98  1  34
16  98  1  73
17  98  1  69
18  98  1  74
19  98  1  35
20  98  1  29
21  98  1  46
22  98  1  12
23  98  1  73
24  98  1  46
25  98  1  85
26  98  1  34
27  98  1  41
28  98  1  61
29  98  1  72
30  98  1  84
1  99  1  13
2  99  1  32
3  99  1  67
4  99  1  81
5  99  1  42
6  99  1  86
7  99  1  65
8  99  1  32
9  99  1  41
10  99  1  51
11  99  1  63
12  99  1  69
13  99  1  89
14  99  1  13
15  99  1  76
16  99  1  72
17  99  1  44
18  99  1  13
19  99  1  17
20  99  1  50
21  99  1  62
22  99  1  32
23  99  1  63
24  99  1  46
25  99  1  47
26  99  1  34
27  99  1  83
28  99  1  64
29  99  1  64
30  99  1  41
1  100  1  26
2  100  1  21
3  100  1  90
4  100  1  55
5  100  1  78
6  100  1  55
7  100  1  79
8  100  1  37
9  100  1  58
10  100  1  48
11  100  1  57
12  100  1  86
13  100  1  77
14  100  1  28
15  100  1  85
16  100  1  86
17  100  1  62
18  100  1  13
19  100  1  52
20  100  1  37
21  100  1  43
22  100  1  20
23  100  1  62
24  100  1  37
25  100  1  87
26  100  1  30
27  100  1  40
28  100  1  78
29  100  1  17
30  100  1  22
1  1  2  17.28
2  1  2  36.29
3  1  2  24.46
4  1  2  22.28
5  1  2  52.14
6  1  2  11.27
7  1  2  50.34
8  1  2  42.68
9  1  2  38.91
10  1  2  34.08
11  1  2  6.45
12  1  2  57.06
13  1  2  30.89
14  1  2  17.91
15  1  2  24.31
16  1  2  50.82
17  1  2  22.43
18  1  2  16.55
19  1  2  3.43
20  1  2  16.51
21  1  2  31.29
22  1  2  14.48
23  1  2  11.04
24  1  2  29.43
25  1  2  18.34
26  1  2  10.87
27  1  2  29.56
28  1  2  12.62
29  1  2  56.81
30  1  2  10.16
1  2  2  50.62
2  2  2  31.32
3  2  2  14.72
4  2  2  28.84
5  2  2  7.05
6  2  2  10.59
7  2  2  9.17
8  2  2  27.30
9  2  2  17.49
10  2  2  22.52
11  2  2  25.49
12  2  2  17.55
13  2  2  2.71
14  2  2  36.69
15  2  2  30.53
16  2  2  50.18
17  2  2  40.29
18  2  2  9.50
19  2  2  34.28
20  2  2  51.30
21  2  2  20.25
22  2  2  22.19
23  2  2  37.81
24  2  2  19.48
25  2  2  14.25
26  2  2  25.92
27  2  2  19.40
28  2  2  20.27
29  2  2  26.17
30  2  2  18.51
1  3  2  14.71
2  3  2  24.25
3  3  2  30.27
4  3  2  29.22
5  3  2  22.01
6  3  2  18.21
7  3  2  65.81
8  3  2  31.52
9  3  2  18.21
10  3  2  34.62
11  3  2  36.06
12  3  2  9.06
13  3  2  10.96
14  3  2  58.85
15  3  2  7.68
16  3  2  21.82
17  3  2  45.66
18  3  2  21.13
19  3  2  15.13
20  3  2  13.75
21  3  2  20.08
22  3  2  30.40
23  3  2  22.02
24  3  2  57.14
25  3  2  29.26
26  3  2  26.04
27  3  2  21.75
28  3  2  38.25
29  3  2  35.31
30  3  2  20.63
1  4  2  4.89
2  4  2  29.13
3  4  2  13.46
4  4  2  22.51
5  4  2  42.60
6  4  2  51.87
7  4  2  6.51
8  4  2  11.02
9  4  2  32.50
10  4  2  42.99
11  4  2  21.00
12  4  2  12.25
13  4  2  24.02
14  4  2  13.24
15  4  2  52.54
16  4  2  12.81
17  4  2  23.84
18  4  2  35.61
19  4  2  42.60
20  4  2  25.32
21  4  2  25.20
22  4  2  19.32
23  4  2  62.11
24  4  2  65.95
25  4  2  26.56
26  4  2  14.01
27  4  2  22.56
28  4  2  32.53
29  4  2  18.20
30  4  2  62.34
1  5  2  39.73
2  5  2  7.77
3  5  2  51.98
4  5  2  10.78
5  5  2  17.52
6  5  2  52.86
7  5  2  13.07
8  5  2  13.41
9  5  2  32.32
10  5  2  44.17
11  5  2  26.89
12  5  2  28.81
13  5  2  24.49
14  5  2  62.60
15  5  2  8.74
16  5  2  15.13
17  5  2  21.00
18  5  2  63.47
19  5  2  21.13
20  5  2  10.07
21  5  2  14.12
22  5  2  26.28
23  5  2  25.60
24  5  2  18.57
25  5  2  58.44
26  5  2  31.92
27  5  2  11.64
28  5  2  23.71
29  5  2  29.51
30  5  2  22.94
1  6  2  16.68
2  6  2  9.23
3  6  2  31.13
4  6  2  17.60
5  6  2  38.21
6  6  2  19.97
7  6  2  20.40
8  6  2  13.84
9  6  2  47.76
10  6  2  32.02
11  6  2  9.47
12  6  2  39.96
13  6  2  38.67
14  6  2  26.89
15  6  2  31.31
16  6  2  8.33
17  6  2  24.34
18  6  2  45.92
19  6  2  48.16
20  6  2  32.40
21  6  2  27.37
22  6  2  13.00
23  6  2  17.89
24  6  2  24.20
25  6  2  31.42
26  6  2  33.45
27  6  2  15.29
28  6  2  38.28
29  6  2  15.47
30  6  2  16.49
1  7  2  7.10
2  7  2  46.00
3  7  2  10.30
4  7  2  25.00
5  7  2  26.45
6  7  2  20.54
7  7  2  7.69
8  7  2  42.27
9  7  2  16.38
10  7  2  5.75
11  7  2  8.37
12  7  2  27.04
13  7  2  66.13
14  7  2  8.81
15  7  2  7.81
16  7  2  36.31
17  7  2  21.96
18  7  2  4.58
19  7  2  18.80
20  7  2  52.95
21  7  2  21.11
22  7  2  21.77
23  7  2  35.71
24  7  2  15.57
25  7  2  22.07
26  7  2  24.34
27  7  2  53.63
28  7  2  23.28
29  7  2  18.45
30  7  2  21.27
1  8  2  7.73
2  8  2  49.91
3  8  2  56.72
4  8  2  36.57
5  8  2  28.72
6  8  2  18.33
7  8  2  63.82
8  8  2  7.87
9  8  2  38.47
10  8  2  5.13
11  8  2  12.72
12  8  2  23.81
13  8  2  23.66
14  8  2  9.92
15  8  2  13.90
16  8  2  16.07
17  8  2  34.40
18  8  2  9.58
19  8  2  16.63
20  8  2  41.91
21  8  2  51.11
22  8  2  56.31
23  8  2  21.97
24  8  2  32.03
25  8  2  37.07
26  8  2  3.75
27  8  2  30.06
28  8  2  12.53
29  8  2  9.69
30  8  2  47.24
1  9  2  5.53
2  9  2  7.06
3  9  2  25.60
4  9  2  22.01
5  9  2  10.42
6  9  2  40.17
7  9  2  5.74
8  9  2  5.66
9  9  2  48.84
10  9  2  12.08
11  9  2  13.94
12  9  2  40.49
13  9  2  14.87
14  9  2  43.78
15  9  2  39.15
16  9  2  58.19
17  9  2  51.41
18  9  2  55.73
19  9  2  13.02
20  9  2  22.62
21  9  2  50.67
22  9  2  23.50
23  9  2  8.55
24  9  2  27.71
25  9  2  20.47
26  9  2  47.30
27  9  2  26.95
28  9  2  57.41
29  9  2  53.33
30  9  2  21.25
1  10  2  9.33
2  10  2  23.31
3  10  2  38.62
4  10  2  36.99
5  10  2  16.04
6  10  2  14.23
7  10  2  11.58
8  10  2  12.29
9  10  2  56.16
10  10  2  38.45
11  10  2  21.20
12  10  2  6.29
13  10  2  2.56
14  10  2  7.39
15  10  2  19.51
16  10  2  4.84
17  10  2  6.53
18  10  2  28.75
19  10  2  31.10
20  10  2  24.38
21  10  2  17.99
22  10  2  16.67
23  10  2  35.76
24  10  2  26.42
25  10  2  25.76
26  10  2  34.24
27  10  2  12.64
28  10  2  14.52
29  10  2  34.04
30  10  2  17.10
1  11  2  5.73
2  11  2  59.60
3  11  2  59.72
4  11  2  10.04
5  11  2  16.23
6  11  2  5.65
7  11  2  9.37
8  11  2  4.78
9  11  2  4.96
10  11  2  4.09
11  11  2  43.55
12  11  2  15.02
13  11  2  20.72
14  11  2  30.09
15  11  2  42.86
16  11  2  21.68
17  11  2  26.41
18  11  2  28.82
19  11  2  24.42
20  11  2  28.44
21  11  2  8.29
22  11  2  11.62
23  11  2  10.66
24  11  2  5.76
25  11  2  8.17
26  11  2  49.79
27  11  2  30.65
28  11  2  13.41
29  11  2  7.28
30  11  2  5.34
1  12  2  5.12
2  12  2  10.19
3  12  2  3.26
4  12  2  23.44
5  12  2  32.46
6  12  2  2.97
7  12  2  26.32
8  12  2  38.44
9  12  2  15.97
10  12  2  10.72
11  12  2  17.62
12  12  2  24.44
13  12  2  18.19
14  12  2  9.51
15  12  2  35.60
16  12  2  48.32
17  12  2  43.20
18  12  2  35.68
19  12  2  34.49
20  12  2  4.13
21  12  2  11.62
22  12  2  9.80
23  12  2  60.76
24  12  2  37.11
25  12  2  51.45
26  12  2  11.52
27  12  2  13.44
28  12  2  50.94
29  12  2  11.54
30  12  2  18.03
1  13  2  30.44
2  13  2  6.23
3  13  2  30.12
4  13  2  33.49
5  13  2  67.20
6  13  2  20.63
7  13  2  16.78
8  13  2  30.49
9  13  2  18.97
10  13  2  66.40
11  13  2  21.49
12  13  2  29.13
13  13  2  37.92
14  13  2  24.96
15  13  2  20.21
16  13  2  17.22
17  13  2  59.66
18  13  2  28.91
19  13  2  7.06
20  13  2  20.68
21  13  2  22.73
22  13  2  3.34
23  13  2  15.56
24  13  2  42.72
25  13  2  20.56
26  13  2  8.44
27  13  2  24.15
28  13  2  30.65
29  13  2  35.63
30  13  2  21.34
1  14  2  24.93
2  14  2  59.71
3  14  2  20.70
4  14  2  14.67
5  14  2  19.82
6  14  2  8.56
7  14  2  37.12
8  14  2  11.58
9  14  2  37.19
10  14  2  9.93
11  14  2  7.98
12  14  2  26.71
13  14  2  21.21
14  14  2  7.12
15  14  2  24.55
16  14  2  26.60
17  14  2  48.14
18  14  2  16.11
19  14  2  24.79
20  14  2  15.98
21  14  2  42.76
22  14  2  17.73
23  14  2  22.98
24  14  2  22.16
25  14  2  35.03
26  14  2  70.89
27  14  2  21.40
28  14  2  24.49
29  14  2  32.93
30  14  2  62.72
1  15  2  3.50
2  15  2  42.86
3  15  2  41.53
4  15  2  49.14
5  15  2  18.82
6  15  2  12.45
7  15  2  9.41
8  15  2  10.24
9  15  2  13.43
10  15  2  9.02
11  15  2  19.58
12  15  2  7.49
13  15  2  6.05
14  15  2  49.00
15  15  2  23.66
16  15  2  5.61
17  15  2  46.01
18  15  2  67.36
19  15  2  13.83
20  15  2  12.90
21  15  2  24.29
22  15  2  24.25
23  15  2  22.09
24  15  2  18.91
25  15  2  4.19
26  15  2  38.81
27  15  2  64.30
28  15  2  57.58
29  15  2  38.29
30  15  2  4.71
1  16  2  42.03
2  16  2  17.06
3  16  2  12.58
4  16  2  4.29
5  16  2  30.24
6  16  2  38.67
7  16  2  5.44
8  16  2  44.88
9  16  2  43.18
10  16  2  57.80
11  16  2  13.38
12  16  2  19.93
13  16  2  19.60
14  16  2  11.84
15  16  2  21.36
16  16  2  14.14
17  16  2  30.92
18  16  2  54.96
19  16  2  19.34
20  16  2  9.33
21  16  2  15.03
22  16  2  18.89
23  16  2  27.96
24  16  2  8.91
25  16  2  49.61
26  16  2  9.91
27  16  2  42.99
28  16  2  24.25
29  16  2  16.39
30  16  2  24.05
1  17  2  29.43
2  17  2  27.54
3  17  2  13.59
4  17  2  19.69
5  17  2  16.83
6  17  2  38.75
7  17  2  6.70
8  17  2  12.51
9  17  2  10.13
10  17  2  14.17
11  17  2  15.29
12  17  2  8.43
13  17  2  6.80
14  17  2  31.30
15  17  2  11.37
16  17  2  38.19
17  17  2  23.58
18  17  2  19.52
19  17  2  7.31
20  17  2  19.79
21  17  2  13.76
22  17  2  5.68
23  17  2  17.60
24  17  2  37.56
25  17  2  22.96
26  17  2  21.44
27  17  2  12.18
28  17  2  30.05
29  17  2  22.17
30  17  2  54.78
1  18  2  9.58
2  18  2  37.86
3  18  2  61.08
4  18  2  31.82
5  18  2  19.72
6  18  2  16.56
7  18  2  29.40
8  18  2  27.98
9  18  2  4.52
10  18  2  5.05
11  18  2  6.56
12  18  2  12.99
13  18  2  16.49
14  18  2  58.22
15  18  2  40.02
16  18  2  7.74
17  18  2  36.26
18  18  2  26.52
19  18  2  57.93
20  18  2  9.59
21  18  2  9.16
22  18  2  21.42
23  18  2  12.11
24  18  2  29.78
25  18  2  42.46
26  18  2  53.41
27  18  2  31.90
28  18  2  16.21
29  18  2  28.12
30  18  2  49.75
1  19  2  22.33
2  19  2  25.31
3  19  2  11.34
4  19  2  7.34
5  19  2  13.14
6  19  2  46.78
7  19  2  25.45
8  19  2  36.89
9  19  2  38.26
10  19  2  15.46
11  19  2  10.01
12  19  2  6.91
13  19  2  57.56
14  19  2  4.46
15  19  2  15.71
16  19  2  18.19
17  19  2  36.85
18  19  2  49.80
19  19  2  30.53
20  19  2  24.25
21  19  2  26.56
22  19  2  26.08
23  19  2  10.54
24  19  2  24.34
25  19  2  2.43
26  19  2  3.27
27  19  2  16.75
28  19  2  35.16
29  19  2  5.16
30  19  2  42.50
1  20  2  36.54
2  20  2  30.86
3  20  2  19.21
4  20  2  25.00
5  20  2  2.66
6  20  2  44.88
7  20  2  57.12
8  20  2  25.30
9  20  2  53.88
10  20  2  8.92
11  20  2  27.56
12  20  2  9.61
13  20  2  6.06
14  20  2  11.65
15  20  2  40.33
16  20  2  49.73
17  20  2  9.03
18  20  2  54.59
19  20  2  16.37
20  20  2  31.10
21  20  2  25.89
22  20  2  20.81
23  20  2  8.49
24  20  2  26.12
25  20  2  34.70
26  20  2  50.72
27  20  2  18.56
28  20  2  37.71
29  20  2  8.53
30  20  2  31.10
1  21  2  5.40
2  21  2  24.33
3  21  2  12.70
4  21  2  24.79
5  21  2  26.07
6  21  2  8.00
7  21  2  24.11
8  21  2  17.60
9  21  2  30.20
10  21  2  14.38
11  21  2  37.32
12  21  2  5.66
13  21  2  5.32
14  21  2  21.71
15  21  2  26.38
16  21  2  28.07
17  21  2  35.18
18  21  2  45.14
19  21  2  11.23
20  21  2  19.52
21  21  2  9.73
22  21  2  22.22
23  21  2  53.12
24  21  2  17.68
25  21  2  7.66
26  21  2  10.72
27  21  2  36.10
28  21  2  55.90
29  21  2  22.05
30  21  2  29.42
1  22  2  8.94
2  22  2  3.11
3  22  2  8.19
4  22  2  28.14
5  22  2  10.22
6  22  2  36.22
7  22  2  19.30
8  22  2  22.00
9  22  2  30.79
10  22  2  36.32
11  22  2  14.00
12  22  2  16.06
13  22  2  23.09
14  22  2  19.80
15  22  2  11.63
16  22  2  13.14
17  22  2  24.05
18  22  2  17.57
19  22  2  48.03
20  22  2  39.12
21  22  2  15.11
22  22  2  30.16
23  22  2  20.67
24  22  2  47.60
25  22  2  22.54
26  22  2  34.31
27  22  2  7.90
28  22  2  14.14
29  22  2  21.41
30  22  2  20.74
1  23  2  16.48
2  23  2  30.83
3  23  2  29.61
4  23  2  35.42
5  23  2  32.69
6  23  2  5.43
7  23  2  14.69
8  23  2  18.08
9  23  2  46.03
10  23  2  21.29
11  23  2  29.10
12  23  2  25.12
13  23  2  58.97
14  23  2  11.59
15  23  2  30.35
16  23  2  50.97
17  23  2  32.89
18  23  2  20.59
19  23  2  10.76
20  23  2  13.73
21  23  2  11.09
22  23  2  11.38
23  23  2  8.07
24  23  2  21.16
25  23  2  27.41
26  23  2  18.33
27  23  2  38.43
28  23  2  31.60
29  23  2  14.41
30  23  2  29.66
1  24  2  41.85
2  24  2  20.79
3  24  2  7.73
4  24  2  27.70
5  24  2  7.45
6  24  2  16.87
7  24  2  8.00
8  24  2  37.55
9  24  2  5.20
10  24  2  34.77
11  24  2  9.22
12  24  2  30.87
13  24  2  16.10
14  24  2  32.99
15  24  2  28.84
16  24  2  28.12
17  24  2  9.07
18  24  2  4.51
19  24  2  51.87
20  24  2  49.75
21  24  2  14.41
22  24  2  26.26
23  24  2  6.23
24  24  2  47.27
25  24  2  31.74
26  24  2  19.35
27  24  2  6.83
28  24  2  5.87
29  24  2  51.21
30  24  2  5.41
1  25  2  63.69
2  25  2  18.67
3  25  2  50.38
4  25  2  35.99
5  25  2  16.59
6  25  2  24.71
7  25  2  23.75
8  25  2  6.05
9  25  2  25.28
10  25  2  31.27
11  25  2  5.89
12  25  2  57.41
13  25  2  8.56
14  25  2  10.66
15  25  2  25.43
16  25  2  41.81
17  25  2  5.19
18  25  2  6.28
19  25  2  14.41
20  25  2  52.31
21  25  2  25.67
22  25  2  50.78
23  25  2  45.11
24  25  2  14.81
25  25  2  13.85
26  25  2  8.51
27  25  2  71.79
28  25  2  25.70
29  25  2  23.34
30  25  2  24.61
1  26  2  20.62
2  26  2  12.69
3  26  2  36.04
4  26  2  22.00
5  26  2  7.56
6  26  2  6.85
7  26  2  41.31
8  26  2  60.71
9  26  2  32.33
10  26  2  28.45
11  26  2  16.53
12  26  2  22.33
13  26  2  5.25
14  26  2  19.57
15  26  2  16.33
16  26  2  12.42
17  26  2  11.69
18  26  2  31.05
19  26  2  27.00
20  26  2  8.38
21  26  2  35.20
22  26  2  28.30
23  26  2  57.39
24  26  2  23.18
25  26  2  12.48
26  26  2  44.09
27  26  2  37.98
28  26  2  45.13
29  26  2  39.91
30  26  2  23.69
1  27  2  23.22
2  27  2  8.30
3  27  2  15.24
4  27  2  9.19
5  27  2  42.19
6  27  2  24.92
7  27  2  7.04
8  27  2  9.15
9  27  2  27.10
10  27  2  33.16
11  27  2  5.93
12  27  2  29.71
13  27  2  13.04
14  27  2  3.03
15  27  2  42.11
16  27  2  12.55
17  27  2  15.78
18  27  2  13.27
19  27  2  36.99
20  27  2  25.73
21  27  2  13.77
22  27  2  5.32
23  27  2  5.67
24  27  2  25.32
25  27  2  26.16
26  27  2  20.27
27  27  2  56.49
28  27  2  32.37
29  27  2  36.24
30  27  2  17.81
1  28  2  24.05
2  28  2  16.89
3  28  2  3.69
4  28  2  3.13
5  28  2  9.39
6  28  2  36.65
7  28  2  11.99
8  28  2  21.14
9  28  2  20.07
10  28  2  40.08
11  28  2  18.19
12  28  2  33.19
13  28  2  13.53
14  28  2  22.41
15  28  2  24.19
16  28  2  10.58
17  28  2  48.13
18  28  2  10.20
19  28  2  42.53
20  28  2  19.45
21  28  2  55.93
22  28  2  19.19
23  28  2  43.55
24  28  2  9.79
25  28  2  32.27
26  28  2  60.07
27  28  2  30.91
28  28  2  57.29
29  28  2  27.60
30  28  2  37.00
1  29  2  23.94
2  29  2  4.59
3  29  2  35.75
4  29  2  33.15
5  29  2  51.78
6  29  2  54.13
7  29  2  6.81
8  29  2  17.78
9  29  2  44.72
10  29  2  12.49
11  29  2  5.35
12  29  2  19.16
13  29  2  23.00
14  29  2  23.01
15  29  2  23.70
16  29  2  4.28
17  29  2  21.04
18  29  2  25.22
19  29  2  59.96
20  29  2  47.14
21  29  2  36.52
22  29  2  14.26
23  29  2  24.34
24  29  2  20.82
25  29  2  11.38
26  29  2  16.01
27  29  2  30.89
28  29  2  17.25
29  29  2  25.51
30  29  2  8.85
1  30  2  23.90
2  30  2  12.81
3  30  2  31.50
4  30  2  22.55
5  30  2  25.07
6  30  2  40.07
7  30  2  20.13
8  30  2  17.46
9  30  2  8.92
10  30  2  25.93
11  30  2  11.36
12  30  2  12.56
13  30  2  11.69
14  30  2  47.53
15  30  2  33.89
16  30  2  30.28
17  30  2  6.24
18  30  2  23.51
19  30  2  6.71
20  30  2  27.78
21  30  2  25.42
22  30  2  43.39
23  30  2  58.08
24  30  2  23.53
25  30  2  14.15
26  30  2  19.15
27  30  2  41.95
28  30  2  14.26
29  30  2  13.72
30  30  2  16.76
1  31  2  28.14
2  31  2  28.89
3  31  2  13.87
4  31  2  23.62
5  31  2  23.23
6  31  2  20.63
7  31  2  8.50
8  31  2  6.15
9  31  2  20.65
10  31  2  43.63
11  31  2  41.17
12  31  2  33.00
13  31  2  19.19
14  31  2  35.51
15  31  2  9.45
16  31  2  29.65
17  31  2  9.10
18  31  2  25.66
19  31  2  51.14
20  31  2  33.44
21  31  2  16.97
22  31  2  28.52
23  31  2  7.30
24  31  2  39.10
25  31  2  13.00
26  31  2  24.91
27  31  2  5.73
28  31  2  7.47
29  31  2  23.19
30  31  2  34.95
1  32  2  15.66
2  32  2  25.76
3  32  2  43.18
4  32  2  57.28
5  32  2  6.77
6  32  2  27.54
7  32  2  6.69
8  32  2  21.79
9  32  2  10.52
10  32  2  7.72
11  32  2  17.80
12  32  2  6.49
13  32  2  7.39
14  32  2  32.34
15  32  2  15.38
16  32  2  31.77
17  32  2  31.48
18  32  2  11.39
19  32  2  15.59
20  32  2  31.84
21  32  2  12.53
22  32  2  20.46
23  32  2  11.52
24  32  2  36.06
25  32  2  35.08
26  32  2  22.70
27  32  2  23.26
28  32  2  39.77
29  32  2  7.31
30  32  2  28.85
1  33  2  9.65
2  33  2  5.79
3  33  2  48.99
4  33  2  10.09
5  33  2  28.67
6  33  2  40.39
7  33  2  22.27
8  33  2  5.19
9  33  2  24.12
10  33  2  13.22
11  33  2  17.00
12  33  2  15.63
13  33  2  44.91
14  33  2  52.13
15  33  2  4.75
16  33  2  29.19
17  33  2  20.37
18  33  2  34.90
19  33  2  15.65
20  33  2  33.39
21  33  2  31.44
22  33  2  13.76
23  33  2  34.57
24  33  2  6.26
25  33  2  60.86
26  33  2  14.45
27  33  2  39.50
28  33  2  15.76
29  33  2  14.93
30  33  2  43.69
1  34  2  16.43
2  34  2  54.39
3  34  2  6.91
4  34  2  11.65
5  34  2  10.98
6  34  2  17.19
7  34  2  5.95
8  34  2  5.78
9  34  2  28.13
10  34  2  15.10
11  34  2  46.96
12  34  2  10.99
13  34  2  10.49
14  34  2  44.25
15  34  2  23.19
16  34  2  5.57
17  34  2  46.39
18  34  2  16.83
19  34  2  23.56
20  34  2  20.13
21  34  2  10.88
22  34  2  25.92
23  34  2  42.87
24  34  2  10.02
25  34  2  13.33
26  34  2  13.79
27  34  2  29.87
28  34  2  17.60
29  34  2  32.63
30  34  2  12.28
1  35  2  41.81
2  35  2  36.35
3  35  2  16.84
4  35  2  15.01
5  35  2  60.39
6  35  2  22.83
7  35  2  20.22
8  35  2  16.44
9  35  2  13.70
10  35  2  20.62
11  35  2  38.67
12  35  2  17.81
13  35  2  11.02
14  35  2  39.08
15  35  2  4.90
16  35  2  23.76
17  35  2  11.24
18  35  2  15.92
19  35  2  11.03
20  35  2  16.09
21  35  2  16.97
22  35  2  14.16
23  35  2  17.49
24  35  2  32.37
25  35  2  14.01
26  35  2  21.03
27  35  2  39.82
28  35  2  11.90
29  35  2  38.06
30  35  2  49.42
1  36  2  22.51
2  36  2  25.86
3  36  2  26.99
4  36  2  12.79
5  36  2  5.47
6  36  2  46.23
7  36  2  13.98
8  36  2  14.78
9  36  2  19.53
10  36  2  55.30
11  36  2  55.34
12  36  2  19.65
13  36  2  24.29
14  36  2  66.42
15  36  2  12.86
16  36  2  17.15
17  36  2  11.74
18  36  2  7.35
19  36  2  6.44
20  36  2  27.92
21  36  2  28.83
22  36  2  48.54
23  36  2  22.25
24  36  2  9.60
25  36  2  8.31
26  36  2  22.14
27  36  2  36.60
28  36  2  52.75
29  36  2  4.90
30  36  2  8.11
1  37  2  50.25
2  37  2  18.34
3  37  2  9.59
4  37  2  21.73
5  37  2  37.26
6  37  2  37.34
7  37  2  44.10
8  37  2  46.77
9  37  2  7.83
10  37  2  18.28
11  37  2  10.83
12  37  2  49.58
13  37  2  34.37
14  37  2  5.94
15  37  2  10.78
16  37  2  45.70
17  37  2  16.67
18  37  2  60.54
19  37  2  28.85
20  37  2  52.05
21  37  2  20.78
22  37  2  18.29
23  37  2  20.72
24  37  2  42.77
25  37  2  16.11
26  37  2  5.31
27  37  2  58.70
28  37  2  32.03
29  37  2  9.23
30  37  2  26.39
1  38  2  43.89
2  38  2  35.23
3  38  2  20.39
4  38  2  41.28
5  38  2  30.46
6  38  2  9.98
7  38  2  14.68
8  38  2  18.55
9  38  2  18.84
10  38  2  8.76
11  38  2  4.38
12  38  2  29.05
13  38  2  20.66
14  38  2  32.99
15  38  2  10.68
16  38  2  32.32
17  38  2  27.36
18  38  2  15.04
19  38  2  34.40
20  38  2  4.68
21  38  2  15.24
22  38  2  8.87
23  38  2  18.27
24  38  2  38.71
25  38  2  39.19
26  38  2  8.69
27  38  2  36.23
28  38  2  11.55
29  38  2  26.66
30  38  2  14.20
1  39  2  28.18
2  39  2  21.03
3  39  2  30.28
4  39  2  46.89
5  39  2  38.40
6  39  2  25.95
7  39  2  6.52
8  39  2  19.21
9  39  2  12.92
10  39  2  20.99
11  39  2  12.92
12  39  2  18.49
13  39  2  13.53
14  39  2  42.44
15  39  2  14.79
16  39  2  24.15
17  39  2  27.11
18  39  2  20.75
19  39  2  48.40
20  39  2  2.61
21  39  2  7.70
22  39  2  50.53
23  39  2  52.54
24  39  2  53.54
25  39  2  6.85
26  39  2  4.31
27  39  2  12.65
28  39  2  40.34
29  39  2  42.90
30  39  2  40.25
1  40  2  20.81
2  40  2  18.76
3  40  2  49.32
4  40  2  13.81
5  40  2  33.36
6  40  2  4.84
7  40  2  8.62
8  40  2  25.88
9  40  2  31.83
10  40  2  33.44
11  40  2  30.62
12  40  2  7.67
13  40  2  18.42
14  40  2  31.88
15  40  2  23.16
16  40  2  54.99
17  40  2  57.94
18  40  2  5.36
19  40  2  48.26
20  40  2  8.01
21  40  2  34.81
22  40  2  35.10
23  40  2  37.13
24  40  2  4.75
25  40  2  8.75
26  40  2  43.10
27  40  2  43.19
28  40  2  19.62
29  40  2  18.30
30  40  2  14.50
1  41  2  23.45
2  41  2  19.96
3  41  2  18.24
4  41  2  17.08
5  41  2  8.22
6  41  2  45.41
7  41  2  11.68
8  41  2  25.30
9  41  2  3.60
10  41  2  29.18
11  41  2  27.09
12  41  2  34.87
13  41  2  9.20
14  41  2  23.84
15  41  2  29.19
16  41  2  24.54
17  41  2  22.57
18  41  2  34.65
19  41  2  6.54
20  41  2  44.26
21  41  2  27.11
22  41  2  7.28
23  41  2  29.98
24  41  2  3.35
25  41  2  28.15
26  41  2  38.80
27  41  2  25.11
28  41  2  12.80
29  41  2  12.35
30  41  2  5.64
1  42  2  15.35
2  42  2  3.27
3  42  2  18.86
4  42  2  33.53
5  42  2  27.83
6  42  2  28.75
7  42  2  7.94
8  42  2  36.63
9  42  2  21.68
10  42  2  14.25
11  42  2  45.18
12  42  2  29.17
13  42  2  11.61
14  42  2  27.62
15  42  2  14.40
16  42  2  12.75
17  42  2  28.60
18  42  2  7.84
19  42  2  56.80
20  42  2  12.82
21  42  2  10.23
22  42  2  57.32
23  42  2  40.46
24  42  2  15.51
25  42  2  14.21
26  42  2  14.20
27  42  2  32.21
28  42  2  6.56
29  42  2  28.10
30  42  2  18.68
1  43  2  33.31
2  43  2  34.65
3  43  2  53.07
4  43  2  26.56
5  43  2  27.60
6  43  2  21.19
7  43  2  16.12
8  43  2  14.31
9  43  2  17.73
10  43  2  32.37
11  43  2  11.21
12  43  2  13.59
13  43  2  28.08
14  43  2  42.60
15  43  2  18.10
16  43  2  4.23
17  43  2  7.77
18  43  2  30.97
19  43  2  24.65
20  43  2  60.93
21  43  2  21.91
22  43  2  51.09
23  43  2  21.48
24  43  2  49.05
25  43  2  13.07
26  43  2  38.71
27  43  2  33.05
28  43  2  39.06
29  43  2  45.79
30  43  2  7.84
1  44  2  5.81
2  44  2  3.80
3  44  2  10.91
4  44  2  16.43
5  44  2  27.85
6  44  2  34.34
7  44  2  16.33
8  44  2  32.08
9  44  2  20.52
10  44  2  9.50
11  44  2  7.73
12  44  2  20.70
13  44  2  18.72
14  44  2  3.97
15  44  2  39.38
16  44  2  50.44
17  44  2  15.54
18  44  2  32.08
19  44  2  3.96
20  44  2  18.62
21  44  2  14.05
22  44  2  15.26
23  44  2  46.51
24  44  2  33.57
25  44  2  19.39
26  44  2  18.77
27  44  2  50.95
28  44  2  16.80
29  44  2  15.31
30  44  2  25.62
1  45  2  33.38
2  45  2  18.32
3  45  2  31.81
4  45  2  6.18
5  45  2  8.92
6  45  2  14.20
7  45  2  4.08
8  45  2  11.89
9  45  2  14.57
10  45  2  33.51
11  45  2  2.80
12  45  2  28.56
13  45  2  14.06
14  45  2  31.46
15  45  2  55.18
16  45  2  44.56
17  45  2  11.07
18  45  2  18.08
19  45  2  68.79
20  45  2  34.19
21  45  2  26.20
22  45  2  39.81
23  45  2  32.68
24  45  2  17.10
25  45  2  31.97
26  45  2  10.39
27  45  2  23.47
28  45  2  10.58
29  45  2  18.64
30  45  2  14.70
1  46  2  49.02
2  46  2  21.47
3  46  2  38.42
4  46  2  23.00
5  46  2  33.69
6  46  2  54.87
7  46  2  7.16
8  46  2  23.58
9  46  2  12.13
10  46  2  39.52
11  46  2  32.32
12  46  2  5.19
13  46  2  29.47
14  46  2  53.52
15  46  2  33.24
16  46  2  25.14
17  46  2  24.91
18  46  2  28.52
19  46  2  5.78
20  46  2  22.61
21  46  2  3.98
22  46  2  31.28
23  46  2  38.89
24  46  2  19.48
25  46  2  28.75
26  46  2  5.81
27  46  2  18.55
28  46  2  12.88
29  46  2  51.71
30  46  2  19.84
1  47  2  42.09
2  47  2  11.52
3  47  2  7.68
4  47  2  19.57
5  47  2  11.73
6  47  2  5.69
7  47  2  35.62
8  47  2  14.22
9  47  2  30.82
10  47  2  46.57
11  47  2  25.07
12  47  2  13.08
13  47  2  14.98
14  47  2  10.20
15  47  2  14.44
16  47  2  43.58
17  47  2  17.16
18  47  2  10.89
19  47  2  30.24
20  47  2  23.52
21  47  2  62.02
22  47  2  9.90
23  47  2  23.47
24  47  2  31.20
25  47  2  24.27
26  47  2  13.93
27  47  2  9.12
28  47  2  9.34
29  47  2  9.57
30  47  2  8.92
1  48  2  6.69
2  48  2  3.97
3  48  2  16.05
4  48  2  28.17
5  48  2  35.17
6  48  2  19.72
7  48  2  13.33
8  48  2  19.65
9  48  2  35.58
10  48  2  9.09
11  48  2  6.51
12  48  2  27.47
13  48  2  61.36
14  48  2  11.88
15  48  2  17.14
16  48  2  9.75
17  48  2  9.37
18  48  2  19.79
19  48  2  52.02
20  48  2  42.27
21  48  2  39.89
22  48  2  48.11
23  48  2  22.98
24  48  2  37.65
25  48  2  7.56
26  48  2  15.99
27  48  2  19.05
28  48  2  20.30
29  48  2  24.37
30  48  2  33.03
1  49  2  5.81
2  49  2  20.51
3  49  2  27.07
4  49  2  4.80
5  49  2  14.02
6  49  2  15.63
7  49  2  25.51
8  49  2  17.13
9  49  2  15.17
10  49  2  33.24
11  49  2  29.31
12  49  2  16.84
13  49  2  25.41
14  49  2  7.93
15  49  2  9.38
16  49  2  33.92
17  49  2  36.24
18  49  2  28.70
19  49  2  34.84
20  49  2  42.16
21  49  2  14.53
22  49  2  2.28
23  49  2  24.23
24  49  2  23.23
25  49  2  10.41
26  49  2  22.59
27  49  2  15.73
28  49  2  32.72
29  49  2  12.55
30  49  2  41.67
1  50  2  21.31
2  50  2  48.85
3  50  2  14.70
4  50  2  47.99
5  50  2  61.71
6  50  2  51.23
7  50  2  14.57
8  50  2  12.07
9  50  2  7.08
10  50  2  13.59
11  50  2  35.03
12  50  2  35.50
13  50  2  40.74
14  50  2  53.35
15  50  2  20.30
16  50  2  10.42
17  50  2  27.54
18  50  2  30.19
19  50  2  5.69
20  50  2  8.29
21  50  2  29.93
22  50  2  11.80
23  50  2  26.86
24  50  2  40.77
25  50  2  43.68
26  50  2  48.37
27  50  2  31.97
28  50  2  33.64
29  50  2  18.44
30  50  2  19.11
1  51  2  9.24
2  51  2  26.96
3  51  2  14.08
4  51  2  17.40
5  51  2  4.94
6  51  2  11.70
7  51  2  17.18
8  51  2  40.73
9  51  2  59.02
10  51  2  5.85
11  51  2  19.61
12  51  2  34.25
13  51  2  42.69
14  51  2  6.46
15  51  2  39.57
16  51  2  23.25
17  51  2  43.14
18  51  2  21.51
19  51  2  42.94
20  51  2  8.89
21  51  2  6.65
22  51  2  8.19
23  51  2  25.95
24  51  2  39.89
25  51  2  22.97
26  51  2  47.30
27  51  2  4.45
28  51  2  22.28
29  51  2  29.64
30  51  2  7.15
1  52  2  9.06
2  52  2  31.38
3  52  2  33.24
4  52  2  7.61
5  52  2  20.60
6  52  2  20.00
7  52  2  19.91
8  52  2  37.93
9  52  2  25.09
10  52  2  12.36
11  52  2  39.13
12  52  2  57.29
13  52  2  10.10
14  52  2  41.87
15  52  2  7.98
16  52  2  13.11
17  52  2  49.60
18  52  2  36.01
19  52  2  7.58
20  52  2  36.47
21  52  2  52.97
22  52  2  15.69
23  52  2  11.86
24  52  2  19.12
25  52  2  48.17
26  52  2  22.11
27  52  2  4.84
28  52  2  6.52
29  52  2  49.44
30  52  2  41.55
1  53  2  53.75
2  53  2  66.10
3  53  2  17.39
4  53  2  23.76
5  53  2  11.36
6  53  2  13.92
7  53  2  14.03
8  53  2  16.30
9  53  2  30.82
10  53  2  20.31
11  53  2  3.60
12  53  2  32.52
13  53  2  27.21
14  53  2  35.29
15  53  2  10.42
16  53  2  6.03
17  53  2  20.75
18  53  2  47.79
19  53  2  11.99
20  53  2  22.22
21  53  2  18.38
22  53  2  14.06
23  53  2  25.57
24  53  2  20.73
25  53  2  32.74
26  53  2  8.81
27  53  2  44.25
28  53  2  3.08
29  53  2  27.00
30  53  2  28.57
1  54  2  2.48
2  54  2  28.04
3  54  2  4.67
4  54  2  36.95
5  54  2  30.67
6  54  2  33.70
7  54  2  25.09
8  54  2  26.60
9  54  2  13.86
10  54  2  3.00
11  54  2  12.91
12  54  2  6.20
13  54  2  14.89
14  54  2  36.09
15  54  2  6.67
16  54  2  51.21
17  54  2  14.81
18  54  2  32.18
19  54  2  12.31
20  54  2  14.57
21  54  2  20.44
22  54  2  36.42
23  54  2  60.16
24  54  2  9.10
25  54  2  10.77
26  54  2  11.13
27  54  2  14.47
28  54  2  57.79
29  54  2  48.53
30  54  2  15.14
1  55  2  27.67
2  55  2  13.76
3  55  2  28.34
4  55  2  56.96
5  55  2  20.42
6  55  2  50.53
7  55  2  21.31
8  55  2  21.72
9  55  2  33.89
10  55  2  10.45
11  55  2  32.90
12  55  2  42.87
13  55  2  15.92
14  55  2  10.37
15  55  2  33.96
16  55  2  52.68
17  55  2  6.73
18  55  2  37.67
19  55  2  18.67
20  55  2  14.51
21  55  2  44.81
22  55  2  6.77
23  55  2  34.16
24  55  2  13.89
25  55  2  55.80
26  55  2  23.27
27  55  2  7.50
28  55  2  19.27
29  55  2  49.28
30  55  2  23.88
1  56  2  38.45
2  56  2  57.94
3  56  2  16.14
4  56  2  34.37
5  56  2  40.49
6  56  2  33.17
7  56  2  39.11
8  56  2  35.34
9  56  2  19.58
10  56  2  40.91
11  56  2  25.42
12  56  2  13.34
13  56  2  10.20
14  56  2  15.93
15  56  2  9.26
16  56  2  17.09
17  56  2  53.33
18  56  2  19.25
19  56  2  20.17
20  56  2  8.22
21  56  2  4.06
22  56  2  45.64
23  56  2  39.06
24  56  2  9.63
25  56  2  25.50
26  56  2  18.46
27  56  2  32.41
28  56  2  48.21
29  56  2  3.81
30  56  2  28.84
1  57  2  27.78
2  57  2  44.39
3  57  2  16.33
4  57  2  9.91
5  57  2  30.74
6  57  2  32.63
7  57  2  14.99
8  57  2  24.44
9  57  2  20.98
10  57  2  10.53
11  57  2  24.60
12  57  2  19.17
13  57  2  19.60
14  57  2  8.06
15  57  2  32.67
16  57  2  42.05
17  57  2  31.40
18  57  2  27.43
19  57  2  26.53
20  57  2  28.80
21  57  2  24.92
22  57  2  21.06
23  57  2  51.01
24  57  2  31.94
25  57  2  14.15
26  57  2  10.48
27  57  2  14.17
28  57  2  11.21
29  57  2  29.00
30  57  2  19.16
1  58  2  6.24
2  58  2  15.89
3  58  2  6.45
4  58  2  35.32
5  58  2  31.58
6  58  2  22.86
7  58  2  57.75
8  58  2  34.99
9  58  2  59.74
10  58  2  32.07
11  58  2  20.99
12  58  2  11.83
13  58  2  47.28
14  58  2  54.39
15  58  2  6.31
16  58  2  14.35
17  58  2  57.58
18  58  2  38.94
19  58  2  37.04
20  58  2  28.84
21  58  2  50.99
22  58  2  35.84
23  58  2  36.42
24  58  2  18.64
25  58  2  20.79
26  58  2  37.80
27  58  2  15.14
28  58  2  27.83
29  58  2  5.43
30  58  2  19.66
1  59  2  31.21
2  59  2  41.73
3  59  2  43.23
4  59  2  23.65
5  59  2  26.19
6  59  2  21.73
7  59  2  36.77
8  59  2  52.38
9  59  2  61.64
10  59  2  14.82
11  59  2  5.48
12  59  2  13.88
13  59  2  6.02
14  59  2  9.10
15  59  2  22.50
16  59  2  19.43
17  59  2  33.76
18  59  2  43.74
19  59  2  30.48
20  59  2  26.14
21  59  2  9.03
22  59  2  31.83
23  59  2  30.63
24  59  2  43.80
25  59  2  17.49
26  59  2  38.39
27  59  2  16.66
28  59  2  53.73
29  59  2  47.84
30  59  2  18.06
1  60  2  18.77
2  60  2  21.96
3  60  2  41.87
4  60  2  15.95
5  60  2  14.88
6  60  2  12.67
7  60  2  18.33
8  60  2  14.86
9  60  2  42.93
10  60  2  47.80
11  60  2  36.11
12  60  2  25.34
13  60  2  7.49
14  60  2  12.30
15  60  2  20.70
16  60  2  54.64
17  60  2  28.66
18  60  2  13.23
19  60  2  49.72
20  60  2  62.92
21  60  2  8.89
22  60  2  39.82
23  60  2  37.73
24  60  2  27.75
25  60  2  39.53
26  60  2  39.16
27  60  2  17.44
28  60  2  31.25
29  60  2  40.76
30  60  2  21.40
1  61  2  26.75
2  61  2  24.60
3  61  2  2.75
4  61  2  27.01
5  61  2  45.14
6  61  2  32.76
7  61  2  3.53
8  61  2  35.87
9  61  2  19.14
10  61  2  21.58
11  61  2  10.19
12  61  2  35.95
13  61  2  19.32
14  61  2  10.20
15  61  2  38.21
16  61  2  8.82
17  61  2  23.47
18  61  2  15.99
19  61  2  35.07
20  61  2  52.67
21  61  2  20.66
22  61  2  8.18
23  61  2  37.69
24  61  2  6.27
25  61  2  26.69
26  61  2  58.71
27  61  2  25.02
28  61  2  35.87
29  61  2  35.24
30  61  2  33.23
1  62  2  27.75
2  62  2  8.81
3  62  2  64.94
4  62  2  13.02
5  62  2  27.10
6  62  2  39.35
7  62  2  47.87
8  62  2  54.63
9  62  2  29.14
10  62  2  22.33
11  62  2  7.70
12  62  2  14.41
13  62  2  16.79
14  62  2  50.00
15  62  2  13.35
16  62  2  22.73
17  62  2  9.77
18  62  2  17.86
19  62  2  56.94
20  62  2  10.32
21  62  2  25.47
22  62  2  39.14
23  62  2  33.13
24  62  2  25.78
25  62  2  22.00
26  62  2  31.86
27  62  2  30.74
28  62  2  40.12
29  62  2  15.86
30  62  2  28.95
1  63  2  17.57
2  63  2  10.62
3  63  2  3.07
4  63  2  7.33
5  63  2  36.57
6  63  2  35.94
7  63  2  18.80
8  63  2  19.12
9  63  2  44.61
10  63  2  18.76
11  63  2  27.07
12  63  2  18.77
13  63  2  38.76
14  63  2  65.92
15  63  2  3.66
16  63  2  29.49
17  63  2  20.86
18  63  2  4.29
19  63  2  27.29
20  63  2  38.99
21  63  2  23.02
22  63  2  31.47
23  63  2  14.72
24  63  2  6.51
25  63  2  24.93
26  63  2  41.29
27  63  2  8.93
28  63  2  13.08
29  63  2  21.95
30  63  2  4.50
1  64  2  12.26
2  64  2  51.34
3  64  2  38.13
4  64  2  45.41
5  64  2  23.04
6  64  2  19.00
7  64  2  22.87
8  64  2  14.20
9  64  2  11.37
10  64  2  31.77
11  64  2  12.31
12  64  2  60.28
13  64  2  7.81
14  64  2  7.94
15  64  2  42.72
16  64  2  29.87
17  64  2  42.04
18  64  2  27.53
19  64  2  8.90
20  64  2  10.85
21  64  2  18.32
22  64  2  55.32
23  64  2  44.93
24  64  2  38.26
25  64  2  19.27
26  64  2  29.65
27  64  2  63.73
28  64  2  10.26
29  64  2  29.94
30  64  2  13.96
1  65  2  51.95
2  65  2  16.84
3  65  2  41.32
4  65  2  14.20
5  65  2  20.05
6  65  2  18.65
7  65  2  60.94
8  65  2  30.48
9  65  2  2.74
10  65  2  10.93
11  65  2  22.70
12  65  2  38.57
13  65  2  28.02
14  65  2  19.03
15  65  2  22.66
16  65  2  50.96
17  65  2  43.00
18  65  2  6.91
19  65  2  19.40
20  65  2  16.51
21  65  2  8.97
22  65  2  27.59
23  65  2  10.59
24  65  2  35.27
25  65  2  30.52
26  65  2  30.42
27  65  2  7.57
28  65  2  32.64
29  65  2  19.06
30  65  2  70.71
1  66  2  44.44
2  66  2  3.27
3  66  2  32.67
4  66  2  36.34
5  66  2  21.69
6  66  2  43.30
7  66  2  5.01
8  66  2  17.19
9  66  2  17.63
10  66  2  17.68
11  66  2  5.67
12  66  2  37.56
13  66  2  18.33
14  66  2  25.02
15  66  2  11.44
16  66  2  19.36
17  66  2  33.41
18  66  2  52.73
19  66  2  25.99
20  66  2  23.02
21  66  2  20.19
22  66  2  43.92
23  66  2  32.69
24  66  2  23.26
25  66  2  17.82
26  66  2  30.17
27  66  2  7.56
28  66  2  9.83
29  66  2  55.04
30  66  2  31.23
1  67  2  52.21
2  67  2  25.74
3  67  2  46.96
4  67  2  31.35
5  67  2  25.43
6  67  2  5.30
7  67  2  52.39
8  67  2  49.46
9  67  2  32.05
10  67  2  25.96
11  67  2  14.79
12  67  2  18.49
13  67  2  12.34
14  67  2  29.75
15  67  2  59.54
16  67  2  10.89
17  67  2  6.84
18  67  2  32.40
19  67  2  4.76
20  67  2  31.01
21  67  2  9.38
22  67  2  20.92
23  67  2  34.69
24  67  2  20.33
25  67  2  11.75
26  67  2  18.98
27  67  2  33.98
28  67  2  31.30
29  67  2  15.80
30  67  2  24.14
1  68  2  68.46
2  68  2  52.66
3  68  2  47.58
4  68  2  26.73
5  68  2  35.42
6  68  2  11.08
7  68  2  3.97
8  68  2  17.54
9  68  2  23.76
10  68  2  15.97
11  68  2  14.14
12  68  2  49.26
13  68  2  10.24
14  68  2  15.42
15  68  2  4.33
16  68  2  42.09
17  68  2  42.35
18  68  2  27.91
19  68  2  39.22
20  68  2  26.61
21  68  2  21.33
22  68  2  9.49
23  68  2  33.47
24  68  2  24.46
25  68  2  10.88
26  68  2  20.63
27  68  2  31.53
28  68  2  7.53
29  68  2  5.88
30  68  2  8.14
1  69  2  27.70
2  69  2  57.37
3  69  2  18.02
4  69  2  26.85
5  69  2  11.66
6  69  2  13.15
7  69  2  51.73
8  69  2  17.30
9  69  2  48.73
10  69  2  4.22
11  69  2  42.68
12  69  2  18.40
13  69  2  6.48
14  69  2  6.36
15  69  2  7.50
16  69  2  5.37
17  69  2  2.92
18  69  2  20.92
19  69  2  8.03
20  69  2  27.01
21  69  2  19.07
22  69  2  6.12
23  69  2  8.75
24  69  2  15.65
25  69  2  30.00
26  69  2  39.33
27  69  2  24.37
28  69  2  59.79
29  69  2  5.07
30  69  2  11.58
1  70  2  11.29
2  70  2  17.84
3  70  2  12.76
4  70  2  9.79
5  70  2  23.20
6  70  2  19.23
7  70  2  16.54
8  70  2  17.58
9  70  2  36.04
10  70  2  18.51
11  70  2  36.73
12  70  2  6.11
13  70  2  12.19
14  70  2  55.27
15  70  2  5.50
16  70  2  42.00
17  70  2  15.60
18  70  2  18.95
19  70  2  31.49
20  70  2  58.25
21  70  2  32.55
22  70  2  25.73
23  70  2  12.96
24  70  2  30.67
25  70  2  15.04
26  70  2  2.96
27  70  2  11.28
28  70  2  43.81
29  70  2  23.47
30  70  2  25.40
1  71  2  42.22
2  71  2  14.65
3  71  2  39.85
4  71  2  25.40
5  71  2  6.99
6  71  2  48.78
7  71  2  27.95
8  71  2  18.20
9  71  2  15.27
10  71  2  57.05
11  71  2  22.78
12  71  2  60.65
13  71  2  11.04
14  71  2  23.47
15  71  2  23.11
16  71  2  9.28
17  71  2  25.78
18  71  2  38.40
19  71  2  7.15
20  71  2  16.05
21  71  2  25.01
22  71  2  39.38
23  71  2  5.21
24  71  2  37.31
25  71  2  8.28
26  71  2  21.39
27  71  2  6.74
28  71  2  19.08
29  71  2  26.32
30  71  2  26.49
1  72  2  14.78
2  72  2  5.57
3  72  2  5.50
4  72  2  12.83
5  72  2  10.11
6  72  2  7.27
7  72  2  44.57
8  72  2  9.37
9  72  2  16.72
10  72  2  3.24
11  72  2  44.82
12  72  2  7.42
13  72  2  10.36
14  72  2  9.10
15  72  2  17.31
16  72  2  16.51
17  72  2  33.61
18  72  2  30.62
19  72  2  49.72
20  72  2  37.85
21  72  2  20.27
22  72  2  7.48
23  72  2  19.46
24  72  2  36.07
25  72  2  18.24
26  72  2  12.64
27  72  2  6.84
28  72  2  17.12
29  72  2  16.93
30  72  2  16.83
1  73  2  18.33
2  73  2  54.00
3  73  2  18.03
4  73  2  23.01
5  73  2  13.74
6  73  2  5.29
7  73  2  11.65
8  73  2  30.09
9  73  2  27.23
10  73  2  11.91
11  73  2  7.46
12  73  2  42.75
13  73  2  40.62
14  73  2  28.22
15  73  2  6.44
16  73  2  20.60
17  73  2  15.41
18  73  2  44.43
19  73  2  20.79
20  73  2  18.28
21  73  2  51.38
22  73  2  28.90
23  73  2  8.16
24  73  2  37.45
25  73  2  36.26
26  73  2  31.87
27  73  2  29.82
28  73  2  21.55
29  73  2  4.87
30  73  2  46.61
1  74  2  29.87
2  74  2  48.65
3  74  2  20.36
4  74  2  4.23
5  74  2  25.80
6  74  2  7.40
7  74  2  25.60
8  74  2  19.23
9  74  2  15.94
10  74  2  15.29
11  74  2  17.04
12  74  2  63.14
13  74  2  22.41
14  74  2  19.27
15  74  2  21.61
16  74  2  17.18
17  74  2  3.67
18  74  2  26.55
19  74  2  54.32
20  74  2  17.58
21  74  2  24.54
22  74  2  7.55
23  74  2  53.27
24  74  2  58.23
25  74  2  8.02
26  74  2  22.70
27  74  2  15.47
28  74  2  10.24
29  74  2  46.21
30  74  2  24.22
1  75  2  38.35
2  75  2  26.93
3  75  2  7.00
4  75  2  9.65
5  75  2  6.00
6  75  2  9.87
7  75  2  16.29
8  75  2  20.55
9  75  2  69.46
10  75  2  37.02
11  75  2  26.27
12  75  2  32.78
13  75  2  9.70
14  75  2  15.10
15  75  2  44.66
16  75  2  44.46
17  75  2  22.36
18  75  2  20.55
19  75  2  38.19
20  75  2  21.73
21  75  2  6.77
22  75  2  61.07
23  75  2  55.26
24  75  2  29.15
25  75  2  4.82
26  75  2  6.44
27  75  2  13.44
28  75  2  24.23
29  75  2  19.48
30  75  2  14.24
1  76  2  42.27
2  76  2  27.89
3  76  2  7.46
4  76  2  7.05
5  76  2  54.25
6  76  2  35.30
7  76  2  10.60
8  76  2  52.47
9  76  2  24.10
10  76  2  20.80
11  76  2  63.22
12  76  2  32.83
13  76  2  24.37
14  76  2  10.42
15  76  2  61.26
16  76  2  21.55
17  76  2  21.80
18  76  2  43.87
19  76  2  14.08
20  76  2  10.51
21  76  2  37.17
22  76  2  21.12
23  76  2  5.47
24  76  2  11.38
25  76  2  20.49
26  76  2  33.31
27  76  2  12.48
28  76  2  7.41
29  76  2  11.33
30  76  2  45.80
1  77  2  14.96
2  77  2  11.23
3  77  2  31.79
4  77  2  6.54
5  77  2  34.76
6  77  2  10.03
7  77  2  53.52
8  77  2  55.92
9  77  2  4.25
10  77  2  58.93
11  77  2  34.81
12  77  2  22.81
13  77  2  47.98
14  77  2  25.67
15  77  2  24.72
16  77  2  14.72
17  77  2  22.61
18  77  2  9.84
19  77  2  20.68
20  77  2  20.62
21  77  2  20.25
22  77  2  19.00
23  77  2  39.79
24  77  2  36.80
25  77  2  6.50
26  77  2  16.47
27  77  2  19.68
28  77  2  67.47
29  77  2  24.70
30  77  2  51.54
1  78  2  23.87
2  78  2  5.22
3  78  2  4.24
4  78  2  6.74
5  78  2  17.17
6  78  2  29.00
7  78  2  32.21
8  78  2  9.00
9  78  2  9.01
10  78  2  33.60
11  78  2  10.19
12  78  2  38.45
13  78  2  7.65
14  78  2  19.70
15  78  2  37.70
16  78  2  6.50
17  78  2  21.61
18  78  2  16.67
19  78  2  25.34
20  78  2  11.54
21  78  2  15.82
22  78  2  37.75
23  78  2  12.50
24  78  2  4.66
25  78  2  43.79
26  78  2  40.42
27  78  2  11.68
28  78  2  6.36
29  78  2  31.22
30  78  2  18.14
1  79  2  9.02
2  79  2  11.58
3  79  2  6.11
4  79  2  23.40
5  79  2  29.36
6  79  2  51.53
7  79  2  33.07
8  79  2  29.41
9  79  2  7.11
10  79  2  31.47
11  79  2  31.31
12  79  2  37.51
13  79  2  12.72
14  79  2  41.45
15  79  2  9.16
16  79  2  33.98
17  79  2  38.89
18  79  2  24.86
19  79  2  43.22
20  79  2  30.36
21  79  2  33.38
22  79  2  8.21
23  79  2  28.37
24  79  2  9.16
25  79  2  24.00
26  79  2  6.93
27  79  2  45.65
28  79  2  24.24
29  79  2  19.76
30  79  2  3.52
1  80  2  6.44
2  80  2  27.99
3  80  2  3.43
4  80  2  41.31
5  80  2  35.61
6  80  2  31.33
7  80  2  3.42
8  80  2  40.55
9  80  2  11.02
10  80  2  19.75
11  80  2  50.15
12  80  2  33.10
13  80  2  38.35
14  80  2  42.47
15  80  2  33.12
16  80  2  10.09
17  80  2  34.63
18  80  2  6.10
19  80  2  12.61
20  80  2  10.93
21  80  2  10.45
22  80  2  38.06
23  80  2  6.76
24  80  2  57.02
25  80  2  42.53
26  80  2  19.98
27  80  2  26.91
28  80  2  25.71
29  80  2  31.85
30  80  2  53.04
1  81  2  16.34
2  81  2  51.18
3  81  2  33.80
4  81  2  13.37
5  81  2  14.18
6  81  2  35.09
7  81  2  12.01
8  81  2  62.01
9  81  2  25.11
10  81  2  35.12
11  81  2  30.21
12  81  2  6.58
13  81  2  24.63
14  81  2  15.90
15  81  2  37.79
16  81  2  26.55
17  81  2  29.13
18  81  2  43.30
19  81  2  24.14
20  81  2  2.85
21  81  2  8.31
22  81  2  4.91
23  81  2  46.49
24  81  2  62.10
25  81  2  58.63
26  81  2  48.31
27  81  2  5.35
28  81  2  37.45
29  81  2  19.56
30  81  2  3.43
1  82  2  34.31
2  82  2  19.61
3  82  2  58.65
4  82  2  3.55
5  82  2  14.16
6  82  2  17.40
7  82  2  30.54
8  82  2  11.61
9  82  2  25.63
10  82  2  30.33
11  82  2  20.70
12  82  2  54.19
13  82  2  22.73
14  82  2  5.33
15  82  2  48.73
16  82  2  57.72
17  82  2  13.15
18  82  2  23.27
19  82  2  23.94
20  82  2  52.84
21  82  2  29.88
22  82  2  29.20
23  82  2  13.12
24  82  2  38.54
25  82  2  35.55
26  82  2  6.61
27  82  2  8.68
28  82  2  29.73
29  82  2  9.18
30  82  2  35.31
1  83  2  51.99
2  83  2  52.17
3  83  2  25.81
4  83  2  57.60
5  83  2  25.76
6  83  2  9.22
7  83  2  16.73
8  83  2  18.47
9  83  2  14.49
10  83  2  31.88
11  83  2  15.71
12  83  2  18.10
13  83  2  39.45
14  83  2  22.28
15  83  2  27.14
16  83  2  25.16
17  83  2  59.34
18  83  2  54.95
19  83  2  13.35
20  83  2  22.30
21  83  2  48.56
22  83  2  11.95
23  83  2  15.41
24  83  2  25.56
25  83  2  21.87
26  83  2  32.80
27  83  2  20.07
28  83  2  35.54
29  83  2  13.63
30  83  2  28.04
1  84  2  8.97
2  84  2  12.24
3  84  2  27.45
4  84  2  23.94
5  84  2  14.99
6  84  2  18.48
7  84  2  24.67
8  84  2  6.44
9  84  2  12.44
10  84  2  30.74
11  84  2  3.86
12  84  2  13.74
13  84  2  13.01
14  84  2  11.32
15  84  2  25.13
16  84  2  23.17
17  84  2  22.88
18  84  2  43.49
19  84  2  27.17
20  84  2  30.28
21  84  2  36.18
22  84  2  18.11
23  84  2  7.36
24  84  2  23.72
25  84  2  18.05
26  84  2  22.66
27  84  2  55.07
28  84  2  32.18
29  84  2  33.41
30  84  2  29.41
1  85  2  32.41
2  85  2  11.39
3  85  2  15.49
4  85  2  29.25
5  85  2  24.64
6  85  2  13.30
7  85  2  21.20
8  85  2  37.82
9  85  2  42.02
10  85  2  37.01
11  85  2  32.37
12  85  2  13.31
13  85  2  14.43
14  85  2  20.35
15  85  2  17.19
16  85  2  24.16
17  85  2  8.17
18  85  2  47.78
19  85  2  23.96
20  85  2  23.05
21  85  2  12.09
22  85  2  24.21
23  85  2  13.59
24  85  2  5.43
25  85  2  25.28
26  85  2  60.46
27  85  2  9.79
28  85  2  24.42
29  85  2  13.88
30  85  2  11.62
1  86  2  34.32
2  86  2  41.28
3  86  2  8.89
4  86  2  6.76
5  86  2  9.35
6  86  2  10.71
7  86  2  49.06
8  86  2  24.37
9  86  2  21.58
10  86  2  11.92
11  86  2  4.11
12  86  2  14.95
13  86  2  9.99
14  86  2  45.15
15  86  2  35.45
16  86  2  16.76
17  86  2  5.51
18  86  2  36.54
19  86  2  46.87
20  86  2  28.81
21  86  2  3.67
22  86  2  13.64
23  86  2  16.01
24  86  2  29.84
25  86  2  22.86
26  86  2  3.59
27  86  2  3.01
28  86  2  43.51
29  86  2  24.23
30  86  2  25.15
1  87  2  28.94
2  87  2  45.34
3  87  2  11.51
4  87  2  17.11
5  87  2  17.14
6  87  2  28.13
7  87  2  49.44
8  87  2  8.12
9  87  2  18.32
10  87  2  57.34
11  87  2  33.96
12  87  2  38.61
13  87  2  50.74
14  87  2  15.62
15  87  2  39.33
16  87  2  62.05
17  87  2  43.04
18  87  2  25.02
19  87  2  3.10
20  87  2  9.37
21  87  2  37.20
22  87  2  46.85
23  87  2  16.59
24  87  2  13.72
25  87  2  22.13
26  87  2  12.74
27  87  2  25.21
28  87  2  21.18
29  87  2  21.03
30  87  2  34.14
1  88  2  59.71
2  88  2  5.94
3  88  2  23.98
4  88  2  11.94
5  88  2  8.60
6  88  2  8.21
7  88  2  45.21
8  88  2  59.32
9  88  2  19.87
10  88  2  22.15
11  88  2  16.21
12  88  2  33.06
13  88  2  13.01
14  88  2  28.61
15  88  2  7.83
16  88  2  9.61
17  88  2  19.24
18  88  2  23.52
19  88  2  5.60
20  88  2  8.06
21  88  2  40.58
22  88  2  49.09
23  88  2  28.63
24  88  2  19.31
25  88  2  63.13
26  88  2  10.36
27  88  2  47.70
28  88  2  7.87
29  88  2  55.14
30  88  2  18.56
1  89  2  3.73
2  89  2  27.17
3  89  2  19.90
4  89  2  7.62
5  89  2  65.85
6  89  2  33.87
7  89  2  7.70
8  89  2  40.06
9  89  2  9.80
10  89  2  16.07
11  89  2  13.86
12  89  2  11.86
13  89  2  20.65
14  89  2  16.29
15  89  2  12.48
16  89  2  48.14
17  89  2  28.28
18  89  2  28.89
19  89  2  15.86
20  89  2  5.23
21  89  2  25.23
22  89  2  30.14
23  89  2  14.25
24  89  2  59.16
25  89  2  4.60
26  89  2  10.24
27  89  2  24.66
28  89  2  39.69
29  89  2  24.74
30  89  2  32.94
1  90  2  22.03
2  90  2  17.05
3  90  2  44.00
4  90  2  62.75
5  90  2  33.24
6  90  2  11.51
7  90  2  25.15
8  90  2  24.63
9  90  2  9.86
10  90  2  18.39
11  90  2  18.90
12  90  2  7.73
13  90  2  28.51
14  90  2  14.09
15  90  2  27.44
16  90  2  48.18
17  90  2  39.01
18  90  2  26.68
19  90  2  22.59
20  90  2  8.14
21  90  2  9.97
22  90  2  28.24
23  90  2  45.50
24  90  2  25.79
25  90  2  21.58
26  90  2  17.31
27  90  2  49.48
28  90  2  17.54
29  90  2  20.86
30  90  2  20.46
1  91  2  41.39
2  91  2  54.13
3  91  2  47.24
4  91  2  32.99
5  91  2  52.18
6  91  2  14.70
7  91  2  25.99
8  91  2  19.60
9  91  2  21.90
10  91  2  13.62
11  91  2  11.13
12  91  2  4.41
13  91  2  5.89
14  91  2  45.85
15  91  2  24.38
16  91  2  7.06
17  91  2  11.12
18  91  2  33.23
19  91  2  30.00
20  91  2  54.69
21  91  2  55.37
22  91  2  11.96
23  91  2  25.83
24  91  2  27.26
25  91  2  32.60
26  91  2  7.48
27  91  2  47.14
28  91  2  18.15
29  91  2  32.04
30  91  2  30.38
1  92  2  20.36
2  92  2  10.45
3  92  2  16.20
4  92  2  15.99
5  92  2  4.68
6  92  2  11.18
7  92  2  28.88
8  92  2  19.63
9  92  2  22.87
10  92  2  48.36
11  92  2  4.60
12  92  2  21.94
13  92  2  30.93
14  92  2  10.47
15  92  2  12.20
16  92  2  39.56
17  92  2  19.40
18  92  2  16.11
19  92  2  20.41
20  92  2  11.49
21  92  2  14.82
22  92  2  16.28
23  92  2  7.22
24  92  2  17.21
25  92  2  9.42
26  92  2  11.89
27  92  2  9.53
28  92  2  28.71
29  92  2  21.50
30  92  2  25.68
1  93  2  26.07
2  93  2  10.37
3  93  2  34.98
4  93  2  11.03
5  93  2  50.52
6  93  2  7.81
7  93  2  24.51
8  93  2  31.66
9  93  2  48.09
10  93  2  30.12
11  93  2  4.84
12  93  2  6.42
13  93  2  11.78
14  93  2  50.78
15  93  2  18.80
16  93  2  7.57
17  93  2  16.64
18  93  2  6.42
19  93  2  8.88
20  93  2  43.29
21  93  2  43.69
22  93  2  15.97
23  93  2  7.24
24  93  2  20.47
25  93  2  30.03
26  93  2  49.72
27  93  2  20.74
28  93  2  4.59
29  93  2  36.10
30  93  2  30.82
1  94  2  25.17
2  94  2  12.94
3  94  2  47.45
4  94  2  36.22
5  94  2  19.95
6  94  2  55.71
7  94  2  32.65
8  94  2  28.14
9  94  2  20.56
10  94  2  12.37
11  94  2  39.69
12  94  2  25.40
13  94  2  9.53
14  94  2  15.49
15  94  2  32.38
16  94  2  7.82
17  94  2  48.80
18  94  2  17.80
19  94  2  24.86
20  94  2  15.30
21  94  2  31.47
22  94  2  18.54
23  94  2  43.20
24  94  2  9.90
25  94  2  41.34
26  94  2  24.31
27  94  2  8.38
28  94  2  20.01
29  94  2  3.39
30  94  2  17.13
1  95  2  9.17
2  95  2  27.19
3  95  2  52.47
4  95  2  10.46
5  95  2  27.45
6  95  2  12.21
7  95  2  41.57
8  95  2  14.44
9  95  2  13.44
10  95  2  11.74
11  95  2  31.47
12  95  2  45.87
13  95  2  54.04
14  95  2  42.84
15  95  2  7.51
16  95  2  42.44
17  95  2  5.02
18  95  2  34.50
19  95  2  18.69
20  95  2  37.63
21  95  2  32.61
22  95  2  40.10
23  95  2  42.43
24  95  2  3.99
25  95  2  33.65
26  95  2  32.99
27  95  2  34.26
28  95  2  13.64
29  95  2  18.92
30  95  2  33.36
1  96  2  49.51
2  96  2  20.53
3  96  2  32.45
4  96  2  39.88
5  96  2  9.43
6  96  2  35.86
7  96  2  64.33
8  96  2  23.19
9  96  2  12.26
10  96  2  43.83
11  96  2  20.36
12  96  2  21.78
13  96  2  28.80
14  96  2  13.78
15  96  2  14.35
16  96  2  10.50
17  96  2  52.52
18  96  2  39.01
19  96  2  8.99
20  96  2  10.61
21  96  2  5.20
22  96  2  20.89
23  96  2  6.60
24  96  2  51.83
25  96  2  13.68
26  96  2  6.89
27  96  2  28.46
28  96  2  33.50
29  96  2  27.43
30  96  2  13.62
1  97  2  31.18
2  97  2  14.22
3  97  2  30.51
4  97  2  12.50
5  97  2  39.16
6  97  2  40.40
7  97  2  10.28
8  97  2  48.64
9  97  2  9.22
10  97  2  33.04
11  97  2  16.32
12  97  2  33.49
13  97  2  22.16
14  97  2  8.99
15  97  2  5.30
16  97  2  21.02
17  97  2  49.56
18  97  2  21.89
19  97  2  33.58
20  97  2  37.27
21  97  2  22.16
22  97  2  47.96
23  97  2  36.12
24  97  2  15.14
25  97  2  11.56
26  97  2  48.26
27  97  2  5.40
28  97  2  62.21
29  97  2  6.59
30  97  2  10.03
1  98  2  24.07
2  98  2  15.42
3  98  2  52.37
4  98  2  25.17
5  98  2  7.60
6  98  2  28.67
7  98  2  9.88
8  98  2  48.28
9  98  2  18.11
10  98  2  22.58
11  98  2  27.66
12  98  2  25.84
13  98  2  15.17
14  98  2  8.53
15  98  2  15.67
16  98  2  15.66
17  98  2  51.72
18  98  2  55.23
19  98  2  17.63
20  98  2  10.99
21  98  2  32.34
22  98  2  8.97
23  98  2  32.70
24  98  2  22.29
25  98  2  52.64
26  98  2  7.05
27  98  2  30.63
28  98  2  34.14
29  98  2  30.17
30  98  2  21.76
1  99  2  6.84
2  99  2  11.68
3  99  2  51.84
4  99  2  43.86
5  99  2  29.87
6  99  2  21.53
7  99  2  29.16
8  99  2  21.40
9  99  2  19.19
10  99  2  15.17
11  99  2  17.72
12  99  2  34.41
13  99  2  59.00
14  99  2  9.98
15  99  2  38.67
16  99  2  49.71
17  99  2  31.78
18  99  2  4.54
19  99  2  12.91
20  99  2  21.93
21  99  2  39.39
22  99  2  6.60
23  99  2  41.38
24  99  2  17.43
25  99  2  23.56
26  99  2  20.24
27  99  2  26.06
28  99  2  35.92
29  99  2  30.91
30  99  2  21.14
1  100  2  8.10
2  100  2  9.97
3  100  2  63.15
4  100  2  26.61
5  100  2  22.72
6  100  2  37.18
7  100  2  32.16
8  100  2  15.79
9  100  2  29.87
10  100  2  14.15
11  100  2  22.78
12  100  2  19.50
13  100  2  53.29
14  100  2  9.40
15  100  2  29.08
16  100  2  24.99
17  100  2  27.41
18  100  2  10.07
19  100  2  23.70
20  100  2  26.31
21  100  2  33.58
22  100  2  7.26
23  100  2  15.92
24  100  2  13.08
25  100  2  28.08
26  100  2  9.11
27  100  2  27.31
28  100  2  41.82
29  100  2  10.61
30  100  2  7.31
;

