param com_measure1 := 0.61955;

param com_measure2 := 0.96757;

param kappa_max := 838.4586;

param U_tau := 593.9213;

param nT := 2;

param nS := 100;

param nL := 20;

param B := 991.45;

param w :=
1  3
2  3
3  2
4  3
5  2
6  1
7  3
8  1
9  2
10  1
11  2
12  2
13  1
14  3
15  3
16  1
17  1
18  3
19  2
20  2
;

param h :=
1  1  0
1  2  0
1  3  0
1  4  0
1  5  0
1  6  0
1  7  0
1  8  0
1  9  0
1  10  0
1  11  0
1  12  0
1  13  0
1  14  0
1  15  0
1  16  0
1  17  0
1  18  0
1  19  0
1  20  0
2  1  108.01
2  2  89.61
2  3  88.69
2  4  105.30
2  5  92.08
2  6  106.88
2  7  96.08
2  8  105.66
2  9  102.83
2  10  92.26
2  11  101.32
2  12  93.18
2  13  93.50
2  14  101.19
2  15  99.82
2  16  98.77
2  17  98.15
2  18  107.82
2  19  110.99
2  20  90.78
;

param xi :=
1  1  1  36
2  1  1  59
3  1  1  44
4  1  1  15
5  1  1  10
6  1  1  90
7  1  1  26
8  1  1  64
9  1  1  57
10  1  1  23
11  1  1  68
12  1  1  65
13  1  1  85
14  1  1  28
15  1  1  57
16  1  1  53
17  1  1  87
18  1  1  73
19  1  1  61
20  1  1  28
1  2  1  43
2  2  1  85
3  2  1  49
4  2  1  56
5  2  1  16
6  2  1  68
7  2  1  61
8  2  1  28
9  2  1  53
10  2  1  21
11  2  1  31
12  2  1  24
13  2  1  49
14  2  1  13
15  2  1  73
16  2  1  11
17  2  1  50
18  2  1  78
19  2  1  40
20  2  1  28
1  3  1  88
2  3  1  18
3  3  1  30
4  3  1  22
5  3  1  89
6  3  1  88
7  3  1  74
8  3  1  66
9  3  1  80
10  3  1  29
11  3  1  46
12  3  1  16
13  3  1  75
14  3  1  90
15  3  1  65
16  3  1  36
17  3  1  90
18  3  1  78
19  3  1  35
20  3  1  30
1  4  1  16
2  4  1  23
3  4  1  57
4  4  1  28
5  4  1  73
6  4  1  83
7  4  1  67
8  4  1  74
9  4  1  51
10  4  1  69
11  4  1  72
12  4  1  27
13  4  1  66
14  4  1  70
15  4  1  57
16  4  1  30
17  4  1  69
18  4  1  43
19  4  1  89
20  4  1  55
1  5  1  72
2  5  1  54
3  5  1  31
4  5  1  72
5  5  1  44
6  5  1  65
7  5  1  15
8  5  1  83
9  5  1  53
10  5  1  79
11  5  1  33
12  5  1  14
13  5  1  76
14  5  1  27
15  5  1  40
16  5  1  10
17  5  1  49
18  5  1  19
19  5  1  64
20  5  1  85
1  6  1  69
2  6  1  23
3  6  1  68
4  6  1  74
5  6  1  38
6  6  1  18
7  6  1  76
8  6  1  83
9  6  1  53
10  6  1  45
11  6  1  83
12  6  1  22
13  6  1  60
14  6  1  34
15  6  1  31
16  6  1  27
17  6  1  64
18  6  1  80
19  6  1  23
20  6  1  43
1  7  1  13
2  7  1  40
3  7  1  46
4  7  1  43
5  7  1  36
6  7  1  67
7  7  1  29
8  7  1  67
9  7  1  14
10  7  1  53
11  7  1  74
12  7  1  55
13  7  1  48
14  7  1  76
15  7  1  10
16  7  1  30
17  7  1  55
18  7  1  56
19  7  1  28
20  7  1  40
1  8  1  86
2  8  1  14
3  8  1  40
4  8  1  71
5  8  1  26
6  8  1  27
7  8  1  36
8  8  1  11
9  8  1  40
10  8  1  35
11  8  1  32
12  8  1  18
13  8  1  63
14  8  1  17
15  8  1  89
16  8  1  23
17  8  1  29
18  8  1  73
19  8  1  49
20  8  1  70
1  9  1  74
2  9  1  81
3  9  1  43
4  9  1  80
5  9  1  28
6  9  1  88
7  9  1  10
8  9  1  81
9  9  1  51
10  9  1  24
11  9  1  44
12  9  1  36
13  9  1  40
14  9  1  35
15  9  1  43
16  9  1  61
17  9  1  44
18  9  1  44
19  9  1  64
20  9  1  75
1  10  1  66
2  10  1  66
3  10  1  23
4  10  1  74
5  10  1  10
6  10  1  34
7  10  1  13
8  10  1  77
9  10  1  89
10  10  1  58
11  10  1  54
12  10  1  34
13  10  1  89
14  10  1  29
15  10  1  29
16  10  1  90
17  10  1  59
18  10  1  49
19  10  1  45
20  10  1  73
1  11  1  43
2  11  1  10
3  11  1  50
4  11  1  47
5  11  1  49
6  11  1  58
7  11  1  48
8  11  1  37
9  11  1  50
10  11  1  24
11  11  1  17
12  11  1  22
13  11  1  34
14  11  1  64
15  11  1  15
16  11  1  17
17  11  1  76
18  11  1  79
19  11  1  29
20  11  1  16
1  12  1  45
2  12  1  70
3  12  1  68
4  12  1  14
5  12  1  11
6  12  1  62
7  12  1  44
8  12  1  75
9  12  1  54
10  12  1  71
11  12  1  63
12  12  1  22
13  12  1  13
14  12  1  81
15  12  1  53
16  12  1  29
17  12  1  59
18  12  1  10
19  12  1  77
20  12  1  78
1  13  1  10
2  13  1  51
3  13  1  27
4  13  1  53
5  13  1  37
6  13  1  79
7  13  1  65
8  13  1  32
9  13  1  27
10  13  1  12
11  13  1  75
12  13  1  33
13  13  1  58
14  13  1  35
15  13  1  15
16  13  1  54
17  13  1  11
18  13  1  17
19  13  1  82
20  13  1  64
1  14  1  79
2  14  1  61
3  14  1  15
4  14  1  80
5  14  1  69
6  14  1  59
7  14  1  86
8  14  1  79
9  14  1  76
10  14  1  38
11  14  1  80
12  14  1  21
13  14  1  10
14  14  1  85
15  14  1  23
16  14  1  19
17  14  1  61
18  14  1  84
19  14  1  60
20  14  1  39
1  15  1  25
2  15  1  56
3  15  1  15
4  15  1  79
5  15  1  19
6  15  1  70
7  15  1  54
8  15  1  56
9  15  1  67
10  15  1  16
11  15  1  21
12  15  1  18
13  15  1  70
14  15  1  56
15  15  1  79
16  15  1  82
17  15  1  82
18  15  1  75
19  15  1  76
20  15  1  90
1  16  1  30
2  16  1  14
3  16  1  17
4  16  1  53
5  16  1  86
6  16  1  82
7  16  1  78
8  16  1  25
9  16  1  77
10  16  1  49
11  16  1  80
12  16  1  60
13  16  1  35
14  16  1  47
15  16  1  84
16  16  1  35
17  16  1  73
18  16  1  36
19  16  1  69
20  16  1  24
1  17  1  81
2  17  1  61
3  17  1  71
4  17  1  53
5  17  1  56
6  17  1  56
7  17  1  68
8  17  1  12
9  17  1  65
10  17  1  30
11  17  1  19
12  17  1  80
13  17  1  87
14  17  1  55
15  17  1  47
16  17  1  15
17  17  1  18
18  17  1  82
19  17  1  48
20  17  1  64
1  18  1  35
2  18  1  45
3  18  1  74
4  18  1  68
5  18  1  20
6  18  1  78
7  18  1  71
8  18  1  43
9  18  1  64
10  18  1  40
11  18  1  52
12  18  1  65
13  18  1  14
14  18  1  37
15  18  1  33
16  18  1  37
17  18  1  28
18  18  1  71
19  18  1  46
20  18  1  52
1  19  1  37
2  19  1  40
3  19  1  59
4  19  1  57
5  19  1  67
6  19  1  22
7  19  1  72
8  19  1  53
9  19  1  80
10  19  1  23
11  19  1  60
12  19  1  16
13  19  1  27
14  19  1  47
15  19  1  54
16  19  1  44
17  19  1  37
18  19  1  67
19  19  1  85
20  19  1  63
1  20  1  61
2  20  1  12
3  20  1  16
4  20  1  57
5  20  1  27
6  20  1  20
7  20  1  10
8  20  1  10
9  20  1  61
10  20  1  11
11  20  1  30
12  20  1  67
13  20  1  76
14  20  1  81
15  20  1  72
16  20  1  26
17  20  1  63
18  20  1  73
19  20  1  76
20  20  1  23
1  21  1  16
2  21  1  44
3  21  1  23
4  21  1  19
5  21  1  28
6  21  1  13
7  21  1  10
8  21  1  76
9  21  1  44
10  21  1  41
11  21  1  15
12  21  1  22
13  21  1  19
14  21  1  58
15  21  1  59
16  21  1  40
17  21  1  81
18  21  1  69
19  21  1  29
20  21  1  63
1  22  1  75
2  22  1  20
3  22  1  50
4  22  1  19
5  22  1  44
6  22  1  37
7  22  1  61
8  22  1  69
9  22  1  54
10  22  1  21
11  22  1  76
12  22  1  17
13  22  1  15
14  22  1  49
15  22  1  47
16  22  1  25
17  22  1  59
18  22  1  48
19  22  1  73
20  22  1  49
1  23  1  23
2  23  1  27
3  23  1  57
4  23  1  59
5  23  1  43
6  23  1  33
7  23  1  28
8  23  1  60
9  23  1  51
10  23  1  37
11  23  1  16
12  23  1  44
13  23  1  24
14  23  1  13
15  23  1  11
16  23  1  74
17  23  1  65
18  23  1  63
19  23  1  61
20  23  1  64
1  24  1  84
2  24  1  31
3  24  1  77
4  24  1  80
5  24  1  31
6  24  1  85
7  24  1  47
8  24  1  90
9  24  1  35
10  24  1  42
11  24  1  13
12  24  1  15
13  24  1  24
14  24  1  51
15  24  1  56
16  24  1  10
17  24  1  51
18  24  1  75
19  24  1  33
20  24  1  66
1  25  1  81
2  25  1  13
3  25  1  53
4  25  1  67
5  25  1  43
6  25  1  90
7  25  1  42
8  25  1  64
9  25  1  84
10  25  1  12
11  25  1  36
12  25  1  18
13  25  1  28
14  25  1  64
15  25  1  50
16  25  1  28
17  25  1  73
18  25  1  40
19  25  1  21
20  25  1  65
1  26  1  46
2  26  1  15
3  26  1  50
4  26  1  88
5  26  1  57
6  26  1  78
7  26  1  78
8  26  1  52
9  26  1  25
10  26  1  80
11  26  1  27
12  26  1  12
13  26  1  41
14  26  1  89
15  26  1  37
16  26  1  42
17  26  1  38
18  26  1  73
19  26  1  77
20  26  1  54
1  27  1  85
2  27  1  14
3  27  1  11
4  27  1  77
5  27  1  30
6  27  1  47
7  27  1  19
8  27  1  77
9  27  1  11
10  27  1  39
11  27  1  37
12  27  1  63
13  27  1  82
14  27  1  69
15  27  1  88
16  27  1  50
17  27  1  67
18  27  1  82
19  27  1  39
20  27  1  31
1  28  1  59
2  28  1  61
3  28  1  51
4  28  1  38
5  28  1  26
6  28  1  83
7  28  1  79
8  28  1  51
9  28  1  56
10  28  1  33
11  28  1  39
12  28  1  87
13  28  1  58
14  28  1  19
15  28  1  14
16  28  1  32
17  28  1  33
18  28  1  34
19  28  1  89
20  28  1  81
1  29  1  50
2  29  1  18
3  29  1  31
4  29  1  34
5  29  1  52
6  29  1  34
7  29  1  73
8  29  1  83
9  29  1  76
10  29  1  11
11  29  1  39
12  29  1  75
13  29  1  87
14  29  1  20
15  29  1  62
16  29  1  84
17  29  1  67
18  29  1  37
19  29  1  15
20  29  1  70
1  30  1  76
2  30  1  10
3  30  1  23
4  30  1  48
5  30  1  55
6  30  1  73
7  30  1  44
8  30  1  89
9  30  1  89
10  30  1  85
11  30  1  90
12  30  1  44
13  30  1  49
14  30  1  48
15  30  1  55
16  30  1  85
17  30  1  90
18  30  1  35
19  30  1  67
20  30  1  78
1  31  1  85
2  31  1  87
3  31  1  41
4  31  1  38
5  31  1  58
6  31  1  88
7  31  1  26
8  31  1  18
9  31  1  76
10  31  1  37
11  31  1  85
12  31  1  51
13  31  1  80
14  31  1  78
15  31  1  42
16  31  1  14
17  31  1  88
18  31  1  37
19  31  1  23
20  31  1  39
1  32  1  69
2  32  1  10
3  32  1  15
4  32  1  29
5  32  1  49
6  32  1  29
7  32  1  25
8  32  1  19
9  32  1  54
10  32  1  23
11  32  1  88
12  32  1  88
13  32  1  22
14  32  1  16
15  32  1  59
16  32  1  23
17  32  1  80
18  32  1  16
19  32  1  75
20  32  1  87
1  33  1  86
2  33  1  25
3  33  1  65
4  33  1  89
5  33  1  10
6  33  1  77
7  33  1  64
8  33  1  50
9  33  1  49
10  33  1  19
11  33  1  36
12  33  1  53
13  33  1  78
14  33  1  83
15  33  1  36
16  33  1  40
17  33  1  82
18  33  1  47
19  33  1  21
20  33  1  16
1  34  1  19
2  34  1  13
3  34  1  56
4  34  1  21
5  34  1  28
6  34  1  63
7  34  1  68
8  34  1  87
9  34  1  12
10  34  1  47
11  34  1  16
12  34  1  87
13  34  1  57
14  34  1  16
15  34  1  31
16  34  1  27
17  34  1  36
18  34  1  57
19  34  1  75
20  34  1  80
1  35  1  35
2  35  1  74
3  35  1  37
4  35  1  16
5  35  1  58
6  35  1  16
7  35  1  71
8  35  1  59
9  35  1  63
10  35  1  11
11  35  1  89
12  35  1  53
13  35  1  41
14  35  1  70
15  35  1  13
16  35  1  62
17  35  1  88
18  35  1  29
19  35  1  10
20  35  1  52
1  36  1  76
2  36  1  42
3  36  1  33
4  36  1  40
5  36  1  23
6  36  1  74
7  36  1  25
8  36  1  36
9  36  1  85
10  36  1  54
11  36  1  54
12  36  1  71
13  36  1  67
14  36  1  81
15  36  1  21
16  36  1  36
17  36  1  80
18  36  1  84
19  36  1  15
20  36  1  17
1  37  1  79
2  37  1  17
3  37  1  54
4  37  1  54
5  37  1  59
6  37  1  86
7  37  1  22
8  37  1  30
9  37  1  80
10  37  1  69
11  37  1  61
12  37  1  57
13  37  1  21
14  37  1  45
15  37  1  75
16  37  1  65
17  37  1  90
18  37  1  27
19  37  1  12
20  37  1  18
1  38  1  63
2  38  1  10
3  38  1  71
4  38  1  77
5  38  1  75
6  38  1  64
7  38  1  76
8  38  1  87
9  38  1  45
10  38  1  56
11  38  1  20
12  38  1  72
13  38  1  28
14  38  1  65
15  38  1  78
16  38  1  86
17  38  1  73
18  38  1  46
19  38  1  75
20  38  1  47
1  39  1  17
2  39  1  26
3  39  1  17
4  39  1  23
5  39  1  20
6  39  1  82
7  39  1  54
8  39  1  30
9  39  1  74
10  39  1  30
11  39  1  33
12  39  1  90
13  39  1  20
14  39  1  85
15  39  1  34
16  39  1  69
17  39  1  11
18  39  1  86
19  39  1  53
20  39  1  24
1  40  1  77
2  40  1  44
3  40  1  64
4  40  1  60
5  40  1  79
6  40  1  85
7  40  1  38
8  40  1  46
9  40  1  77
10  40  1  33
11  40  1  88
12  40  1  42
13  40  1  75
14  40  1  40
15  40  1  52
16  40  1  69
17  40  1  54
18  40  1  68
19  40  1  26
20  40  1  88
1  41  1  90
2  41  1  59
3  41  1  13
4  41  1  34
5  41  1  80
6  41  1  82
7  41  1  65
8  41  1  47
9  41  1  50
10  41  1  84
11  41  1  25
12  41  1  86
13  41  1  44
14  41  1  43
15  41  1  47
16  41  1  13
17  41  1  24
18  41  1  68
19  41  1  75
20  41  1  77
1  42  1  35
2  42  1  66
3  42  1  86
4  42  1  35
5  42  1  54
6  42  1  59
7  42  1  53
8  42  1  11
9  42  1  69
10  42  1  87
11  42  1  14
12  42  1  89
13  42  1  73
14  42  1  66
15  42  1  51
16  42  1  32
17  42  1  14
18  42  1  62
19  42  1  31
20  42  1  24
1  43  1  73
2  43  1  60
3  43  1  13
4  43  1  57
5  43  1  75
6  43  1  21
7  43  1  90
8  43  1  42
9  43  1  12
10  43  1  18
11  43  1  16
12  43  1  31
13  43  1  84
14  43  1  72
15  43  1  42
16  43  1  78
17  43  1  34
18  43  1  77
19  43  1  49
20  43  1  36
1  44  1  41
2  44  1  45
3  44  1  77
4  44  1  64
5  44  1  12
6  44  1  79
7  44  1  18
8  44  1  64
9  44  1  85
10  44  1  80
11  44  1  53
12  44  1  87
13  44  1  73
14  44  1  27
15  44  1  76
16  44  1  40
17  44  1  77
18  44  1  41
19  44  1  29
20  44  1  27
1  45  1  36
2  45  1  54
3  45  1  53
4  45  1  79
5  45  1  73
6  45  1  72
7  45  1  60
8  45  1  48
9  45  1  22
10  45  1  41
11  45  1  45
12  45  1  51
13  45  1  55
14  45  1  63
15  45  1  14
16  45  1  54
17  45  1  64
18  45  1  85
19  45  1  76
20  45  1  80
1  46  1  58
2  46  1  55
3  46  1  37
4  46  1  60
5  46  1  56
6  46  1  73
7  46  1  31
8  46  1  20
9  46  1  77
10  46  1  62
11  46  1  54
12  46  1  32
13  46  1  45
14  46  1  37
15  46  1  45
16  46  1  24
17  46  1  55
18  46  1  90
19  46  1  19
20  46  1  33
1  47  1  40
2  47  1  21
3  47  1  59
4  47  1  29
5  47  1  47
6  47  1  33
7  47  1  70
8  47  1  22
9  47  1  88
10  47  1  41
11  47  1  75
12  47  1  10
13  47  1  62
14  47  1  76
15  47  1  33
16  47  1  73
17  47  1  16
18  47  1  21
19  47  1  85
20  47  1  50
1  48  1  16
2  48  1  26
3  48  1  80
4  48  1  54
5  48  1  20
6  48  1  51
7  48  1  62
8  48  1  76
9  48  1  52
10  48  1  89
11  48  1  51
12  48  1  79
13  48  1  47
14  48  1  82
15  48  1  33
16  48  1  62
17  48  1  60
18  48  1  53
19  48  1  84
20  48  1  28
1  49  1  36
2  49  1  64
3  49  1  13
4  49  1  17
5  49  1  32
6  49  1  30
7  49  1  29
8  49  1  85
9  49  1  10
10  49  1  24
11  49  1  83
12  49  1  54
13  49  1  78
14  49  1  16
15  49  1  77
16  49  1  53
17  49  1  80
18  49  1  54
19  49  1  69
20  49  1  50
1  50  1  83
2  50  1  42
3  50  1  27
4  50  1  56
5  50  1  50
6  50  1  15
7  50  1  19
8  50  1  41
9  50  1  23
10  50  1  30
11  50  1  28
12  50  1  89
13  50  1  15
14  50  1  15
15  50  1  86
16  50  1  43
17  50  1  42
18  50  1  57
19  50  1  79
20  50  1  24
1  51  1  59
2  51  1  45
3  51  1  90
4  51  1  53
5  51  1  53
6  51  1  46
7  51  1  28
8  51  1  57
9  51  1  62
10  51  1  74
11  51  1  56
12  51  1  71
13  51  1  20
14  51  1  48
15  51  1  90
16  51  1  39
17  51  1  36
18  51  1  88
19  51  1  42
20  51  1  31
1  52  1  86
2  52  1  79
3  52  1  42
4  52  1  46
5  52  1  45
6  52  1  40
7  52  1  79
8  52  1  25
9  52  1  14
10  52  1  30
11  52  1  88
12  52  1  44
13  52  1  72
14  52  1  70
15  52  1  51
16  52  1  13
17  52  1  10
18  52  1  29
19  52  1  69
20  52  1  62
1  53  1  29
2  53  1  77
3  53  1  30
4  53  1  36
5  53  1  10
6  53  1  64
7  53  1  15
8  53  1  41
9  53  1  40
10  53  1  47
11  53  1  62
12  53  1  31
13  53  1  82
14  53  1  12
15  53  1  39
16  53  1  88
17  53  1  82
18  53  1  25
19  53  1  83
20  53  1  36
1  54  1  77
2  54  1  48
3  54  1  20
4  54  1  79
5  54  1  73
6  54  1  25
7  54  1  47
8  54  1  24
9  54  1  70
10  54  1  28
11  54  1  64
12  54  1  61
13  54  1  70
14  54  1  37
15  54  1  75
16  54  1  35
17  54  1  24
18  54  1  37
19  54  1  11
20  54  1  48
1  55  1  33
2  55  1  29
3  55  1  36
4  55  1  19
5  55  1  45
6  55  1  54
7  55  1  80
8  55  1  88
9  55  1  10
10  55  1  84
11  55  1  45
12  55  1  65
13  55  1  13
14  55  1  74
15  55  1  85
16  55  1  34
17  55  1  82
18  55  1  11
19  55  1  46
20  55  1  68
1  56  1  72
2  56  1  16
3  56  1  22
4  56  1  14
5  56  1  63
6  56  1  69
7  56  1  24
8  56  1  32
9  56  1  69
10  56  1  17
11  56  1  10
12  56  1  71
13  56  1  38
14  56  1  80
15  56  1  74
16  56  1  21
17  56  1  10
18  56  1  28
19  56  1  69
20  56  1  82
1  57  1  20
2  57  1  41
3  57  1  26
4  57  1  59
5  57  1  79
6  57  1  16
7  57  1  29
8  57  1  35
9  57  1  11
10  57  1  15
11  57  1  64
12  57  1  56
13  57  1  47
14  57  1  72
15  57  1  73
16  57  1  65
17  57  1  78
18  57  1  42
19  57  1  55
20  57  1  20
1  58  1  56
2  58  1  88
3  58  1  80
4  58  1  60
5  58  1  30
6  58  1  64
7  58  1  19
8  58  1  56
9  58  1  82
10  58  1  19
11  58  1  57
12  58  1  59
13  58  1  13
14  58  1  31
15  58  1  74
16  58  1  80
17  58  1  74
18  58  1  10
19  58  1  52
20  58  1  63
1  59  1  53
2  59  1  85
3  59  1  72
4  59  1  78
5  59  1  29
6  59  1  77
7  59  1  12
8  59  1  44
9  59  1  54
10  59  1  60
11  59  1  83
12  59  1  25
13  59  1  56
14  59  1  37
15  59  1  75
16  59  1  66
17  59  1  17
18  59  1  86
19  59  1  70
20  59  1  18
1  60  1  56
2  60  1  20
3  60  1  50
4  60  1  29
5  60  1  22
6  60  1  69
7  60  1  27
8  60  1  13
9  60  1  24
10  60  1  73
11  60  1  57
12  60  1  24
13  60  1  24
14  60  1  26
15  60  1  27
16  60  1  25
17  60  1  64
18  60  1  66
19  60  1  86
20  60  1  48
1  61  1  68
2  61  1  29
3  61  1  12
4  61  1  27
5  61  1  64
6  61  1  78
7  61  1  61
8  61  1  16
9  61  1  48
10  61  1  60
11  61  1  87
12  61  1  54
13  61  1  85
14  61  1  86
15  61  1  27
16  61  1  85
17  61  1  74
18  61  1  59
19  61  1  78
20  61  1  63
1  62  1  60
2  62  1  29
3  62  1  47
4  62  1  64
5  62  1  35
6  62  1  11
7  62  1  51
8  62  1  69
9  62  1  56
10  62  1  53
11  62  1  11
12  62  1  53
13  62  1  58
14  62  1  51
15  62  1  84
16  62  1  74
17  62  1  42
18  62  1  23
19  62  1  62
20  62  1  57
1  63  1  55
2  63  1  55
3  63  1  47
4  63  1  54
5  63  1  16
6  63  1  10
7  63  1  15
8  63  1  48
9  63  1  28
10  63  1  84
11  63  1  51
12  63  1  14
13  63  1  32
14  63  1  61
15  63  1  52
16  63  1  37
17  63  1  19
18  63  1  55
19  63  1  54
20  63  1  35
1  64  1  32
2  64  1  57
3  64  1  87
4  64  1  86
5  64  1  11
6  64  1  61
7  64  1  19
8  64  1  46
9  64  1  74
10  64  1  67
11  64  1  28
12  64  1  74
13  64  1  69
14  64  1  58
15  64  1  26
16  64  1  10
17  64  1  18
18  64  1  65
19  64  1  71
20  64  1  27
1  65  1  42
2  65  1  35
3  65  1  22
4  65  1  90
5  65  1  71
6  65  1  26
7  65  1  77
8  65  1  19
9  65  1  49
10  65  1  65
11  65  1  39
12  65  1  19
13  65  1  24
14  65  1  84
15  65  1  70
16  65  1  83
17  65  1  89
18  65  1  66
19  65  1  11
20  65  1  39
1  66  1  29
2  66  1  19
3  66  1  18
4  66  1  63
5  66  1  47
6  66  1  34
7  66  1  79
8  66  1  85
9  66  1  11
10  66  1  88
11  66  1  67
12  66  1  48
13  66  1  31
14  66  1  18
15  66  1  65
16  66  1  16
17  66  1  59
18  66  1  22
19  66  1  86
20  66  1  21
1  67  1  39
2  67  1  28
3  67  1  41
4  67  1  73
5  67  1  24
6  67  1  87
7  67  1  74
8  67  1  89
9  67  1  18
10  67  1  85
11  67  1  29
12  67  1  20
13  67  1  46
14  67  1  66
15  67  1  32
16  67  1  86
17  67  1  32
18  67  1  83
19  67  1  42
20  67  1  33
1  68  1  14
2  68  1  78
3  68  1  42
4  68  1  61
5  68  1  34
6  68  1  26
7  68  1  12
8  68  1  26
9  68  1  64
10  68  1  48
11  68  1  26
12  68  1  48
13  68  1  82
14  68  1  24
15  68  1  37
16  68  1  16
17  68  1  44
18  68  1  51
19  68  1  89
20  68  1  32
1  69  1  19
2  69  1  32
3  69  1  83
4  69  1  68
5  69  1  79
6  69  1  53
7  69  1  89
8  69  1  16
9  69  1  52
10  69  1  48
11  69  1  89
12  69  1  23
13  69  1  63
14  69  1  60
15  69  1  28
16  69  1  11
17  69  1  33
18  69  1  20
19  69  1  50
20  69  1  84
1  70  1  27
2  70  1  22
3  70  1  45
4  70  1  53
5  70  1  47
6  70  1  44
7  70  1  45
8  70  1  10
9  70  1  17
10  70  1  33
11  70  1  62
12  70  1  46
13  70  1  18
14  70  1  18
15  70  1  21
16  70  1  82
17  70  1  36
18  70  1  44
19  70  1  53
20  70  1  46
1  71  1  21
2  71  1  56
3  71  1  51
4  71  1  88
5  71  1  90
6  71  1  48
7  71  1  77
8  71  1  63
9  71  1  30
10  71  1  34
11  71  1  42
12  71  1  52
13  71  1  27
14  71  1  74
15  71  1  19
16  71  1  48
17  71  1  28
18  71  1  44
19  71  1  44
20  71  1  41
1  72  1  28
2  72  1  15
3  72  1  55
4  72  1  67
5  72  1  52
6  72  1  41
7  72  1  12
8  72  1  87
9  72  1  10
10  72  1  80
11  72  1  83
12  72  1  20
13  72  1  40
14  72  1  31
15  72  1  42
16  72  1  57
17  72  1  61
18  72  1  24
19  72  1  72
20  72  1  69
1  73  1  90
2  73  1  88
3  73  1  23
4  73  1  71
5  73  1  31
6  73  1  33
7  73  1  44
8  73  1  63
9  73  1  11
10  73  1  24
11  73  1  26
12  73  1  90
13  73  1  64
14  73  1  43
15  73  1  13
16  73  1  71
17  73  1  30
18  73  1  63
19  73  1  64
20  73  1  74
1  74  1  77
2  74  1  40
3  74  1  19
4  74  1  57
5  74  1  86
6  74  1  57
7  74  1  85
8  74  1  70
9  74  1  83
10  74  1  64
11  74  1  62
12  74  1  90
13  74  1  54
14  74  1  21
15  74  1  10
16  74  1  50
17  74  1  13
18  74  1  48
19  74  1  67
20  74  1  40
1  75  1  29
2  75  1  65
3  75  1  44
4  75  1  28
5  75  1  68
6  75  1  60
7  75  1  23
8  75  1  57
9  75  1  90
10  75  1  72
11  75  1  42
12  75  1  58
13  75  1  29
14  75  1  51
15  75  1  12
16  75  1  45
17  75  1  81
18  75  1  43
19  75  1  21
20  75  1  67
1  76  1  66
2  76  1  84
3  76  1  48
4  76  1  14
5  76  1  23
6  76  1  24
7  76  1  57
8  76  1  14
9  76  1  41
10  76  1  28
11  76  1  56
12  76  1  46
13  76  1  28
14  76  1  13
15  76  1  78
16  76  1  90
17  76  1  65
18  76  1  70
19  76  1  84
20  76  1  33
1  77  1  83
2  77  1  81
3  77  1  41
4  77  1  79
5  77  1  32
6  77  1  74
7  77  1  15
8  77  1  22
9  77  1  26
10  77  1  41
11  77  1  75
12  77  1  85
13  77  1  89
14  77  1  62
15  77  1  70
16  77  1  22
17  77  1  49
18  77  1  62
19  77  1  70
20  77  1  37
1  78  1  68
2  78  1  64
3  78  1  77
4  78  1  27
5  78  1  32
6  78  1  22
7  78  1  50
8  78  1  33
9  78  1  60
10  78  1  12
11  78  1  44
12  78  1  11
13  78  1  22
14  78  1  25
15  78  1  25
16  78  1  22
17  78  1  36
18  78  1  57
19  78  1  18
20  78  1  19
1  79  1  32
2  79  1  59
3  79  1  61
4  79  1  80
5  79  1  48
6  79  1  33
7  79  1  80
8  79  1  85
9  79  1  62
10  79  1  32
11  79  1  26
12  79  1  43
13  79  1  33
14  79  1  34
15  79  1  10
16  79  1  34
17  79  1  63
18  79  1  18
19  79  1  62
20  79  1  65
1  80  1  84
2  80  1  23
3  80  1  42
4  80  1  81
5  80  1  11
6  80  1  65
7  80  1  14
8  80  1  60
9  80  1  71
10  80  1  33
11  80  1  75
12  80  1  43
13  80  1  48
14  80  1  40
15  80  1  56
16  80  1  13
17  80  1  40
18  80  1  38
19  80  1  38
20  80  1  69
1  81  1  58
2  81  1  41
3  81  1  56
4  81  1  81
5  81  1  63
6  81  1  35
7  81  1  33
8  81  1  88
9  81  1  19
10  81  1  36
11  81  1  50
12  81  1  37
13  81  1  15
14  81  1  72
15  81  1  26
16  81  1  77
17  81  1  66
18  81  1  31
19  81  1  56
20  81  1  82
1  82  1  17
2  82  1  44
3  82  1  89
4  82  1  75
5  82  1  90
6  82  1  54
7  82  1  77
8  82  1  75
9  82  1  48
10  82  1  48
11  82  1  26
12  82  1  90
13  82  1  39
14  82  1  41
15  82  1  78
16  82  1  63
17  82  1  75
18  82  1  29
19  82  1  66
20  82  1  64
1  83  1  50
2  83  1  87
3  83  1  29
4  83  1  30
5  83  1  32
6  83  1  81
7  83  1  71
8  83  1  51
9  83  1  42
10  83  1  11
11  83  1  50
12  83  1  77
13  83  1  82
14  83  1  12
15  83  1  58
16  83  1  83
17  83  1  49
18  83  1  86
19  83  1  83
20  83  1  15
1  84  1  88
2  84  1  79
3  84  1  62
4  84  1  70
5  84  1  88
6  84  1  87
7  84  1  38
8  84  1  78
9  84  1  32
10  84  1  39
11  84  1  19
12  84  1  47
13  84  1  27
14  84  1  64
15  84  1  81
16  84  1  48
17  84  1  37
18  84  1  33
19  84  1  36
20  84  1  51
1  85  1  81
2  85  1  21
3  85  1  87
4  85  1  88
5  85  1  35
6  85  1  89
7  85  1  16
8  85  1  57
9  85  1  75
10  85  1  67
11  85  1  37
12  85  1  25
13  85  1  39
14  85  1  20
15  85  1  34
16  85  1  88
17  85  1  21
18  85  1  15
19  85  1  37
20  85  1  61
1  86  1  89
2  86  1  43
3  86  1  79
4  86  1  65
5  86  1  31
6  86  1  68
7  86  1  34
8  86  1  45
9  86  1  15
10  86  1  38
11  86  1  30
12  86  1  67
13  86  1  17
14  86  1  76
15  86  1  29
16  86  1  38
17  86  1  64
18  86  1  24
19  86  1  42
20  86  1  64
1  87  1  44
2  87  1  30
3  87  1  33
4  87  1  84
5  87  1  69
6  87  1  15
7  87  1  34
8  87  1  45
9  87  1  25
10  87  1  89
11  87  1  84
12  87  1  16
13  87  1  63
14  87  1  43
15  87  1  62
16  87  1  80
17  87  1  42
18  87  1  61
19  87  1  30
20  87  1  61
1  88  1  79
2  88  1  12
3  88  1  27
4  88  1  25
5  88  1  79
6  88  1  16
7  88  1  77
8  88  1  21
9  88  1  76
10  88  1  32
11  88  1  57
12  88  1  47
13  88  1  60
14  88  1  42
15  88  1  43
16  88  1  29
17  88  1  51
18  88  1  86
19  88  1  51
20  88  1  24
1  89  1  46
2  89  1  86
3  89  1  29
4  89  1  29
5  89  1  48
6  89  1  56
7  89  1  52
8  89  1  80
9  89  1  31
10  89  1  77
11  89  1  59
12  89  1  46
13  89  1  82
14  89  1  48
15  89  1  13
16  89  1  88
17  89  1  28
18  89  1  85
19  89  1  36
20  89  1  31
1  90  1  11
2  90  1  19
3  90  1  78
4  90  1  39
5  90  1  53
6  90  1  56
7  90  1  70
8  90  1  54
9  90  1  10
10  90  1  66
11  90  1  71
12  90  1  65
13  90  1  38
14  90  1  72
15  90  1  29
16  90  1  21
17  90  1  46
18  90  1  18
19  90  1  62
20  90  1  75
1  91  1  36
2  91  1  43
3  91  1  20
4  91  1  60
5  91  1  25
6  91  1  36
7  91  1  10
8  91  1  88
9  91  1  38
10  91  1  16
11  91  1  43
12  91  1  85
13  91  1  34
14  91  1  70
15  91  1  21
16  91  1  79
17  91  1  80
18  91  1  86
19  91  1  49
20  91  1  52
1  92  1  27
2  92  1  90
3  92  1  10
4  92  1  48
5  92  1  33
6  92  1  10
7  92  1  28
8  92  1  60
9  92  1  77
10  92  1  24
11  92  1  12
12  92  1  24
13  92  1  15
14  92  1  59
15  92  1  38
16  92  1  84
17  92  1  31
18  92  1  31
19  92  1  55
20  92  1  77
1  93  1  79
2  93  1  53
3  93  1  42
4  93  1  85
5  93  1  74
6  93  1  18
7  93  1  33
8  93  1  89
9  93  1  88
10  93  1  69
11  93  1  16
12  93  1  11
13  93  1  42
14  93  1  18
15  93  1  28
16  93  1  56
17  93  1  40
18  93  1  65
19  93  1  35
20  93  1  77
1  94  1  45
2  94  1  68
3  94  1  87
4  94  1  19
5  94  1  56
6  94  1  71
7  94  1  82
8  94  1  54
9  94  1  86
10  94  1  26
11  94  1  69
12  94  1  44
13  94  1  33
14  94  1  38
15  94  1  81
16  94  1  85
17  94  1  75
18  94  1  70
19  94  1  66
20  94  1  27
1  95  1  55
2  95  1  30
3  95  1  31
4  95  1  60
5  95  1  47
6  95  1  41
7  95  1  88
8  95  1  18
9  95  1  49
10  95  1  35
11  95  1  79
12  95  1  10
13  95  1  36
14  95  1  14
15  95  1  25
16  95  1  23
17  95  1  88
18  95  1  78
19  95  1  78
20  95  1  44
1  96  1  51
2  96  1  59
3  96  1  46
4  96  1  16
5  96  1  11
6  96  1  61
7  96  1  43
8  96  1  65
9  96  1  10
10  96  1  45
11  96  1  42
12  96  1  71
13  96  1  43
14  96  1  12
15  96  1  12
16  96  1  18
17  96  1  54
18  96  1  64
19  96  1  77
20  96  1  20
1  97  1  64
2  97  1  69
3  97  1  13
4  97  1  56
5  97  1  82
6  97  1  85
7  97  1  11
8  97  1  87
9  97  1  63
10  97  1  46
11  97  1  81
12  97  1  63
13  97  1  46
14  97  1  61
15  97  1  87
16  97  1  87
17  97  1  53
18  97  1  80
19  97  1  74
20  97  1  69
1  98  1  30
2  98  1  15
3  98  1  88
4  98  1  81
5  98  1  17
6  98  1  25
7  98  1  32
8  98  1  73
9  98  1  75
10  98  1  69
11  98  1  43
12  98  1  17
13  98  1  11
14  98  1  36
15  98  1  34
16  98  1  39
17  98  1  13
18  98  1  26
19  98  1  54
20  98  1  60
1  99  1  55
2  99  1  10
3  99  1  34
4  99  1  43
5  99  1  43
6  99  1  61
7  99  1  16
8  99  1  13
9  99  1  52
10  99  1  42
11  99  1  29
12  99  1  84
13  99  1  10
14  99  1  20
15  99  1  68
16  99  1  65
17  99  1  48
18  99  1  22
19  99  1  89
20  99  1  20
1  100  1  66
2  100  1  43
3  100  1  55
4  100  1  31
5  100  1  85
6  100  1  31
7  100  1  35
8  100  1  56
9  100  1  12
10  100  1  16
11  100  1  56
12  100  1  46
13  100  1  50
14  100  1  49
15  100  1  60
16  100  1  90
17  100  1  82
18  100  1  88
19  100  1  79
20  100  1  66
1  1  2  16.09
2  1  2  21.30
3  1  2  11.07
4  1  2  3.77
5  1  2  5.23
6  1  2  66.98
7  1  2  9.77
8  1  2  39.15
9  1  2  43.27
10  1  2  16.96
11  1  2  43.74
12  1  2  29.28
13  1  2  32.95
14  1  2  7.78
15  1  2  28.61
16  1  2  18.36
17  1  2  42.02
18  1  2  43.20
19  1  2  44.39
20  1  2  21.25
1  2  2  13.72
2  2  2  23.34
3  2  2  37.59
4  2  2  14.42
5  2  2  3.69
6  2  2  40.55
7  2  2  37.54
8  2  2  12.52
9  2  2  34.75
10  2  2  6.10
11  2  2  17.13
12  2  2  17.40
13  2  2  36.21
14  2  2  8.94
15  2  2  14.96
16  2  2  5.81
17  2  2  30.56
18  2  2  18.99
19  2  2  9.30
20  2  2  12.47
1  3  2  55.34
2  3  2  7.69
3  3  2  21.11
4  3  2  12.49
5  3  2  54.98
6  3  2  60.35
7  3  2  44.78
8  3  2  22.57
9  3  2  25.49
10  3  2  22.96
11  3  2  26.64
12  3  2  4.74
13  3  2  32.16
14  3  2  60.09
15  3  2  34.80
16  3  2  7.46
17  3  2  41.35
18  3  2  21.75
19  3  2  12.82
20  3  2  7.50
1  4  2  9.99
2  4  2  9.97
3  4  2  36.00
4  4  2  10.75
5  4  2  48.78
6  4  2  62.11
7  4  2  19.04
8  4  2  40.88
9  4  2  11.58
10  4  2  37.46
11  4  2  25.95
12  4  2  16.70
13  4  2  47.33
14  4  2  33.64
15  4  2  21.67
16  4  2  20.77
17  4  2  37.30
18  4  2  11.05
19  4  2  37.46
20  4  2  28.57
1  5  2  53.02
2  5  2  35.73
3  5  2  16.05
4  5  2  15.80
5  5  2  18.81
6  5  2  48.12
7  5  2  5.96
8  5  2  29.50
9  5  2  12.58
10  5  2  17.07
11  5  2  7.19
12  5  2  6.59
13  5  2  28.11
14  5  2  8.87
15  5  2  24.53
16  5  2  4.33
17  5  2  30.98
18  5  2  14.61
19  5  2  42.49
20  5  2  45.07
1  6  2  19.68
2  6  2  5.48
3  6  2  14.71
4  6  2  53.75
5  6  2  16.19
6  6  2  5.92
7  6  2  44.22
8  6  2  45.52
9  6  2  10.81
10  6  2  14.15
11  6  2  44.81
12  6  2  9.46
13  6  2  21.68
14  6  2  27.03
15  6  2  20.57
16  6  2  20.53
17  6  2  44.87
18  6  2  63.04
19  6  2  11.54
20  6  2  27.68
1  7  2  6.19
2  7  2  28.14
3  7  2  27.86
4  7  2  22.35
5  7  2  9.15
6  7  2  20.05
7  7  2  16.56
8  7  2  28.92
9  7  2  3.75
10  7  2  31.18
11  7  2  48.34
12  7  2  11.32
13  7  2  36.69
14  7  2  23.75
15  7  2  7.12
16  7  2  6.94
17  7  2  43.37
18  7  2  11.38
19  7  2  9.99
20  7  2  16.93
1  8  2  24.96
2  8  2  11.04
3  8  2  24.33
4  8  2  30.72
5  8  2  20.25
6  8  2  12.58
7  8  2  25.67
8  8  2  3.28
9  8  2  12.91
10  8  2  12.50
11  8  2  21.32
12  8  2  5.05
13  8  2  44.74
14  8  2  7.22
15  8  2  60.67
16  8  2  6.69
17  8  2  19.98
18  8  2  40.86
19  8  2  26.79
20  8  2  27.40
1  9  2  56.41
2  9  2  33.28
3  9  2  20.41
4  9  2  45.45
5  9  2  15.33
6  9  2  53.57
7  9  2  5.87
8  9  2  16.64
9  9  2  36.11
10  9  2  14.49
11  9  2  20.52
12  9  2  12.66
13  9  2  17.35
14  9  2  21.20
15  9  2  23.03
16  9  2  36.80
17  9  2  9.69
18  9  2  34.03
19  9  2  12.97
20  9  2  54.51
1  10  2  25.00
2  10  2  23.88
3  10  2  16.06
4  10  2  53.31
5  10  2  4.09
6  10  2  26.09
7  10  2  4.11
8  10  2  44.74
9  10  2  67.13
10  10  2  21.61
11  10  2  20.22
12  10  2  9.48
13  10  2  58.10
14  10  2  10.12
15  10  2  9.06
16  10  2  21.67
17  10  2  24.09
18  10  2  12.05
19  10  2  19.44
20  10  2  53.81
1  11  2  11.72
2  11  2  3.48
3  11  2  37.09
4  11  2  19.65
5  11  2  19.50
6  11  2  36.95
7  11  2  30.15
8  11  2  19.00
9  11  2  29.61
10  11  2  15.31
11  11  2  4.80
12  11  2  5.87
13  11  2  11.02
14  11  2  48.65
15  11  2  3.42
16  11  2  12.58
17  11  2  51.35
18  11  2  16.13
19  11  2  9.10
20  11  2  9.25
1  12  2  26.67
2  12  2  45.79
3  12  2  49.74
4  12  2  10.10
5  12  2  8.03
6  12  2  29.70
7  12  2  11.90
8  12  2  47.90
9  12  2  26.00
10  12  2  46.56
11  12  2  13.10
12  12  2  8.29
13  12  2  5.96
14  12  2  51.19
15  12  2  12.34
16  12  2  9.43
17  12  2  36.87
18  12  2  6.13
19  12  2  29.93
20  12  2  21.46
1  13  2  6.53
2  13  2  33.82
3  13  2  16.32
4  13  2  11.71
5  13  2  20.28
6  13  2  43.53
7  13  2  20.04
8  13  2  18.52
9  13  2  14.27
10  13  2  4.09
11  13  2  52.33
12  13  2  9.37
13  13  2  45.22
14  13  2  13.73
15  13  2  4.90
16  13  2  12.68
17  13  2  6.06
18  13  2  5.04
19  13  2  63.07
20  13  2  48.00
1  14  2  61.18
2  14  2  41.12
3  14  2  6.42
4  14  2  20.88
5  14  2  34.09
6  14  2  20.92
7  14  2  32.85
8  14  2  37.99
9  14  2  23.50
10  14  2  25.97
11  14  2  33.58
12  14  2  10.10
13  14  2  6.88
14  14  2  41.80
15  14  2  7.06
16  14  2  8.88
17  14  2  35.72
18  14  2  55.07
19  14  2  27.34
20  14  2  14.03
1  15  2  19.69
2  15  2  25.78
3  15  2  11.22
4  15  2  52.27
5  15  2  9.79
6  15  2  53.28
7  15  2  17.59
8  15  2  34.62
9  15  2  47.11
10  15  2  9.81
11  15  2  8.62
12  15  2  7.73
13  15  2  43.26
14  15  2  27.53
15  15  2  42.31
16  15  2  62.26
17  15  2  40.05
18  15  2  24.30
19  15  2  44.71
20  15  2  67.99
1  16  2  18.30
2  16  2  7.87
3  16  2  5.37
4  16  2  19.08
5  16  2  36.82
6  16  2  37.42
7  16  2  48.96
8  16  2  17.26
9  16  2  41.62
10  16  2  23.58
11  16  2  22.46
12  16  2  18.08
13  16  2  10.17
14  16  2  19.37
15  16  2  61.46
16  16  2  9.07
17  16  2  24.49
18  16  2  19.37
19  16  2  48.43
20  16  2  8.08
1  17  2  57.30
2  17  2  41.71
3  17  2  46.56
4  17  2  20.16
5  17  2  32.61
6  17  2  44.75
7  17  2  23.34
8  17  2  7.32
9  17  2  42.28
10  17  2  7.29
11  17  2  14.39
12  17  2  32.17
13  17  2  62.59
14  17  2  36.08
15  17  2  36.37
16  17  2  8.13
17  17  2  12.98
18  17  2  52.73
19  17  2  30.55
20  17  2  29.46
1  18  2  10.18
2  18  2  14.22
3  18  2  45.80
4  18  2  25.20
5  18  2  11.77
6  18  2  24.29
7  18  2  22.69
8  18  2  33.92
9  18  2  43.79
10  18  2  22.19
11  18  2  18.27
12  18  2  23.16
13  18  2  8.90
14  18  2  10.26
15  18  2  21.33
16  18  2  26.10
17  18  2  5.66
18  18  2  16.54
19  18  2  21.96
20  18  2  31.94
1  19  2  29.01
2  19  2  21.31
3  19  2  39.48
4  19  2  23.77
5  19  2  43.20
6  19  2  11.37
7  19  2  24.54
8  19  2  25.20
9  19  2  44.34
10  19  2  11.29
11  19  2  42.19
12  19  2  9.28
13  19  2  14.83
14  19  2  22.80
15  19  2  21.21
16  19  2  34.47
17  19  2  29.17
18  19  2  46.74
19  19  2  23.94
20  19  2  49.67
1  20  2  20.69
2  20  2  4.09
3  20  2  10.76
4  20  2  42.34
5  20  2  18.35
6  20  2  10.71
7  20  2  2.88
8  20  2  7.32
9  20  2  18.77
10  20  2  6.34
11  20  2  14.47
12  20  2  41.72
13  20  2  20.81
14  20  2  36.41
15  20  2  46.03
16  20  2  8.25
17  20  2  39.12
18  20  2  43.70
19  20  2  36.98
20  20  2  8.71
1  21  2  7.62
2  21  2  18.28
3  21  2  10.83
4  21  2  5.81
5  21  2  13.40
6  21  2  4.04
7  21  2  6.34
8  21  2  27.34
9  21  2  11.69
10  21  2  19.18
11  21  2  9.16
12  21  2  12.78
13  21  2  11.83
14  21  2  28.85
15  21  2  42.06
16  21  2  11.03
17  21  2  48.33
18  21  2  49.04
19  21  2  7.19
20  21  2  24.03
1  22  2  48.36
2  22  2  13.96
3  22  2  18.19
4  22  2  13.76
5  22  2  34.95
6  22  2  20.63
7  22  2  20.66
8  22  2  32.04
9  22  2  22.62
10  22  2  4.37
11  22  2  25.30
12  22  2  11.40
13  22  2  9.65
14  22  2  18.29
15  22  2  10.26
16  22  2  15.91
17  22  2  39.91
18  22  2  16.06
19  22  2  42.86
20  22  2  12.86
1  23  2  5.28
2  23  2  6.21
3  23  2  42.94
4  23  2  27.55
5  23  2  31.66
6  23  2  12.31
7  23  2  17.89
8  23  2  38.75
9  23  2  16.58
10  23  2  13.73
11  23  2  12.17
12  23  2  25.78
13  23  2  10.11
14  23  2  9.46
15  23  2  3.69
16  23  2  28.18
17  23  2  38.89
18  23  2  33.02
19  23  2  19.83
20  23  2  32.57
1  24  2  28.71
2  24  2  10.04
3  24  2  18.69
4  24  2  55.47
5  24  2  12.75
6  24  2  27.15
7  24  2  18.16
8  24  2  45.68
9  24  2  16.71
10  24  2  25.52
11  24  2  3.25
12  24  2  6.66
13  24  2  11.47
14  24  2  11.37
15  24  2  34.09
16  24  2  4.68
17  24  2  35.90
18  24  2  51.81
19  24  2  8.85
20  24  2  37.45
1  25  2  27.42
2  25  2  7.55
3  25  2  23.02
4  25  2  52.81
5  25  2  25.90
6  25  2  65.26
7  25  2  10.87
8  25  2  48.09
9  25  2  55.26
10  25  2  6.64
11  25  2  14.37
12  25  2  7.32
13  25  2  15.05
14  25  2  49.22
15  25  2  17.21
16  25  2  6.81
17  25  2  29.10
18  25  2  28.85
19  25  2  13.10
20  25  2  40.34
1  26  2  21.61
2  26  2  8.39
3  26  2  14.17
4  26  2  40.80
5  26  2  17.55
6  26  2  53.38
7  26  2  37.74
8  26  2  15.93
9  26  2  6.00
10  26  2  31.96
11  26  2  18.32
12  26  2  5.45
13  26  2  23.77
14  26  2  31.84
15  26  2  17.74
16  26  2  20.95
17  26  2  23.95
18  26  2  51.48
19  26  2  18.72
20  26  2  40.41
1  27  2  64.23
2  27  2  5.93
3  27  2  2.55
4  27  2  46.55
5  27  2  9.12
6  27  2  17.12
7  27  2  5.33
8  27  2  55.37
9  27  2  6.41
10  27  2  15.99
11  27  2  10.51
12  27  2  20.89
13  27  2  30.16
14  27  2  14.61
15  27  2  52.60
16  27  2  18.50
17  27  2  16.02
18  27  2  36.88
19  27  2  17.76
20  27  2  24.36
1  28  2  13.98
2  28  2  43.33
3  28  2  30.13
4  28  2  8.64
5  28  2  19.17
6  28  2  23.31
7  28  2  38.82
8  28  2  21.31
9  28  2  19.41
10  28  2  18.50
11  28  2  29.21
12  28  2  58.20
13  28  2  16.08
14  28  2  11.02
15  28  2  8.13
16  28  2  23.54
17  28  2  11.07
18  28  2  18.69
19  28  2  69.15
20  28  2  61.65
1  29  2  20.31
2  29  2  6.28
3  29  2  11.44
4  29  2  24.45
5  29  2  22.58
6  29  2  8.73
7  29  2  47.53
8  29  2  21.75
9  29  2  57.65
10  29  2  4.00
11  29  2  15.55
12  29  2  48.05
13  29  2  58.04
14  29  2  9.49
15  29  2  42.59
16  29  2  38.66
17  29  2  22.36
18  29  2  16.47
19  29  2  3.62
20  29  2  28.40
1  30  2  54.09
2  30  2  7.32
3  30  2  8.76
4  30  2  19.16
5  30  2  41.96
6  30  2  19.67
7  30  2  14.71
8  30  2  21.71
9  30  2  24.35
10  30  2  54.61
11  30  2  40.90
12  30  2  13.91
13  30  2  38.32
14  30  2  30.06
15  30  2  23.59
16  30  2  21.38
17  30  2  43.62
18  30  2  19.71
19  30  2  38.06
20  30  2  27.45
1  31  2  20.62
2  31  2  53.74
3  31  2  26.18
4  31  2  19.69
5  31  2  22.99
6  31  2  26.22
7  31  2  7.08
8  31  2  4.67
9  31  2  56.27
10  31  2  14.11
11  31  2  37.33
12  31  2  21.29
13  31  2  41.37
14  31  2  16.95
15  31  2  28.86
16  31  2  4.47
17  31  2  23.84
18  31  2  25.77
19  31  2  10.37
20  31  2  27.02
1  32  2  22.59
2  32  2  6.10
3  32  2  11.33
4  32  2  13.18
5  32  2  20.42
6  32  2  9.69
7  32  2  12.15
8  32  2  12.02
9  32  2  28.59
10  32  2  10.91
11  32  2  50.73
12  32  2  36.67
13  32  2  16.25
14  32  2  12.70
15  32  2  39.99
16  32  2  12.46
17  32  2  21.94
18  32  2  3.70
19  32  2  19.12
20  32  2  49.32
1  33  2  19.62
2  33  2  19.88
3  33  2  27.99
4  33  2  18.62
5  33  2  2.65
6  33  2  25.30
7  33  2  44.34
8  33  2  32.69
9  33  2  29.78
10  33  2  7.31
11  33  2  25.15
12  33  2  39.84
13  33  2  50.64
14  33  2  46.53
15  33  2  10.40
16  33  2  15.58
17  33  2  65.09
18  33  2  20.22
19  33  2  5.74
20  33  2  9.48
1  34  2  8.77
2  34  2  3.02
3  34  2  35.67
4  34  2  8.64
5  34  2  21.22
6  34  2  48.43
7  34  2  40.96
8  34  2  26.12
9  34  2  8.04
10  34  2  24.21
11  34  2  4.89
12  34  2  69.03
13  34  2  44.05
14  34  2  11.61
15  34  2  23.25
16  34  2  11.90
17  34  2  22.71
18  34  2  36.23
19  34  2  43.67
20  34  2  60.00
1  35  2  27.51
2  35  2  40.33
3  35  2  15.62
4  35  2  6.59
5  35  2  35.13
6  35  2  10.67
7  35  2  45.01
8  35  2  26.80
9  35  2  40.91
10  35  2  8.17
11  35  2  24.84
12  35  2  32.92
13  35  2  31.73
14  35  2  17.24
15  35  2  6.84
16  35  2  34.34
17  35  2  24.15
18  35  2  14.88
19  35  2  6.00
20  35  2  29.11
1  36  2  15.77
2  36  2  11.80
3  36  2  10.88
4  36  2  24.97
5  36  2  6.31
6  36  2  37.54
7  36  2  9.36
8  36  2  25.55
9  36  2  64.14
10  36  2  35.44
11  36  2  25.50
12  36  2  23.90
13  36  2  49.12
14  36  2  40.23
15  36  2  8.40
16  36  2  16.26
17  36  2  49.19
18  36  2  22.61
19  36  2  11.73
20  36  2  8.96
1  37  2  40.47
2  37  2  5.70
3  37  2  26.76
4  37  2  24.64
5  37  2  37.95
6  37  2  21.20
7  37  2  12.03
8  37  2  12.80
9  37  2  24.14
10  37  2  25.24
11  37  2  29.26
12  37  2  13.55
13  37  2  16.70
14  37  2  12.00
15  37  2  31.51
16  37  2  42.42
17  37  2  61.93
18  37  2  11.89
19  37  2  8.40
20  37  2  13.04
1  38  2  20.57
2  38  2  3.77
3  38  2  54.55
4  38  2  38.29
5  38  2  16.14
6  38  2  31.69
7  38  2  34.33
8  38  2  68.55
9  38  2  16.08
10  38  2  16.25
11  38  2  13.60
12  38  2  35.28
13  38  2  10.55
14  38  2  24.22
15  38  2  38.04
16  38  2  62.28
17  38  2  56.13
18  38  2  24.86
19  38  2  34.43
20  38  2  35.57
1  39  2  5.04
2  39  2  18.19
3  39  2  7.12
4  39  2  16.29
5  39  2  8.85
6  39  2  43.03
7  39  2  10.81
8  39  2  23.55
9  39  2  24.77
10  39  2  8.48
11  39  2  10.54
12  39  2  49.97
13  39  2  7.53
14  39  2  20.78
15  39  2  6.90
16  39  2  23.99
17  39  2  7.35
18  39  2  32.69
19  39  2  38.63
20  39  2  18.24
1  40  2  37.92
2  40  2  10.17
3  40  2  24.86
4  40  2  18.49
5  40  2  30.67
6  40  2  61.53
7  40  2  24.45
8  40  2  11.73
9  40  2  27.28
10  40  2  16.45
11  40  2  30.78
12  40  2  13.76
13  40  2  57.70
14  40  2  8.15
15  40  2  21.61
16  40  2  16.07
17  40  2  26.53
18  40  2  23.42
19  40  2  7.45
20  40  2  62.65
1  41  2  25.50
2  41  2  31.22
3  41  2  4.89
4  41  2  23.49
5  41  2  43.07
6  41  2  30.18
7  41  2  23.41
8  41  2  24.49
9  41  2  14.52
10  41  2  42.19
11  41  2  17.49
12  41  2  58.79
13  41  2  32.06
14  41  2  16.37
15  41  2  30.63
16  41  2  6.05
17  41  2  17.90
18  41  2  49.58
19  41  2  44.20
20  41  2  55.02
1  42  2  18.42
2  42  2  21.14
3  42  2  58.70
4  42  2  24.79
5  42  2  27.17
6  42  2  17.06
7  42  2  26.18
8  42  2  7.55
9  42  2  38.66
10  42  2  33.00
11  42  2  6.57
12  42  2  62.72
13  42  2  27.25
14  42  2  26.79
15  42  2  36.78
16  42  2  7.25
17  42  2  7.47
18  42  2  25.65
19  42  2  14.83
20  42  2  15.43
1  43  2  41.24
2  43  2  45.00
3  43  2  4.79
4  43  2  30.81
5  43  2  21.63
6  43  2  15.57
7  43  2  60.27
8  43  2  31.83
9  43  2  4.65
10  43  2  13.98
11  43  2  6.99
12  43  2  14.44
13  43  2  25.93
14  43  2  45.36
15  43  2  14.76
16  43  2  55.29
17  43  2  24.42
18  43  2  35.35
19  43  2  10.25
20  43  2  19.19
1  44  2  22.57
2  44  2  31.22
3  44  2  36.13
4  44  2  50.29
5  44  2  7.33
6  44  2  38.38
7  44  2  6.69
8  44  2  22.57
9  44  2  40.66
10  44  2  46.81
11  44  2  11.02
12  44  2  67.90
13  44  2  35.84
14  44  2  16.27
15  44  2  31.21
16  44  2  13.09
17  44  2  60.39
18  44  2  11.82
19  44  2  6.78
20  44  2  14.02
1  45  2  8.82
2  45  2  43.13
3  45  2  33.78
4  45  2  49.32
5  45  2  37.47
6  45  2  52.37
7  45  2  17.42
8  45  2  21.06
9  45  2  14.33
10  45  2  18.70
11  45  2  9.71
12  45  2  20.84
13  45  2  33.13
14  45  2  48.14
15  45  2  5.50
16  45  2  33.28
17  45  2  50.21
18  45  2  57.14
19  45  2  20.95
20  45  2  39.26
1  46  2  29.41
2  46  2  21.71
3  46  2  20.37
4  46  2  26.37
5  46  2  30.67
6  46  2  21.65
7  46  2  10.51
8  46  2  9.42
9  46  2  31.74
10  46  2  27.41
11  46  2  35.97
12  46  2  13.36
13  46  2  27.25
14  46  2  12.46
15  46  2  10.51
16  46  2  16.06
17  46  2  28.43
18  46  2  39.55
19  46  2  6.73
20  46  2  7.40
1  47  2  21.88
2  47  2  10.77
3  47  2  38.77
4  47  2  12.76
5  47  2  18.25
6  47  2  7.07
7  47  2  32.95
8  47  2  14.10
9  47  2  50.83
10  47  2  20.14
11  47  2  51.90
12  47  2  8.00
13  47  2  35.81
14  47  2  28.11
15  47  2  18.26
16  47  2  45.03
17  47  2  5.30
18  47  2  16.41
19  47  2  35.85
20  47  2  37.59
1  48  2  10.30
2  48  2  5.65
3  48  2  55.02
4  48  2  27.91
5  48  2  14.39
6  48  2  28.35
7  48  2  36.97
8  48  2  25.61
9  48  2  13.18
10  48  2  32.73
11  48  2  22.05
12  48  2  46.59
13  48  2  20.69
14  48  2  35.48
15  48  2  23.19
16  48  2  39.80
17  48  2  23.83
18  48  2  23.12
19  48  2  38.20
20  48  2  14.65
1  49  2  24.28
2  49  2  37.74
3  49  2  4.20
4  49  2  5.46
5  49  2  16.41
6  49  2  13.71
7  49  2  6.64
8  49  2  57.98
9  49  2  4.14
10  49  2  5.82
11  49  2  54.47
12  49  2  26.81
13  49  2  40.11
14  49  2  9.14
15  49  2  56.17
16  49  2  15.46
17  49  2  51.20
18  49  2  38.31
19  49  2  21.48
20  49  2  23.63
1  50  2  50.92
2  50  2  9.60
3  50  2  15.16
4  50  2  30.77
5  50  2  17.33
6  50  2  11.55
7  50  2  8.00
8  50  2  25.13
9  50  2  10.12
10  50  2  10.98
11  50  2  17.85
12  50  2  37.62
13  50  2  6.09
14  50  2  6.78
15  50  2  17.53
16  50  2  14.45
17  50  2  29.17
18  50  2  18.74
19  50  2  57.00
20  50  2  8.54
1  51  2  42.01
2  51  2  11.84
3  51  2  48.76
4  51  2  32.30
5  51  2  33.97
6  51  2  13.85
7  51  2  22.26
8  51  2  38.01
9  51  2  18.71
10  51  2  35.41
11  51  2  15.33
12  51  2  53.26
13  51  2  14.81
14  51  2  14.87
15  51  2  58.98
16  51  2  14.55
17  51  2  9.91
18  51  2  62.74
19  51  2  16.25
20  51  2  21.65
1  52  2  46.04
2  52  2  18.08
3  52  2  12.21
4  52  2  27.92
5  52  2  14.21
6  52  2  16.20
7  52  2  41.23
8  52  2  14.44
9  52  2  3.91
10  52  2  6.78
11  52  2  47.49
12  52  2  26.33
13  52  2  23.59
14  52  2  32.63
15  52  2  12.16
16  52  2  5.04
17  52  2  5.57
18  52  2  11.67
19  52  2  25.42
20  52  2  46.07
1  53  2  5.96
2  53  2  38.48
3  53  2  19.60
4  53  2  16.14
5  53  2  7.88
6  53  2  25.31
7  53  2  11.11
8  53  2  12.56
9  53  2  30.77
10  53  2  22.53
11  53  2  28.75
12  53  2  9.18
13  53  2  29.91
14  53  2  9.41
15  53  2  11.16
16  53  2  27.95
17  53  2  36.96
18  53  2  6.05
19  53  2  58.13
20  53  2  21.64
1  54  2  50.79
2  54  2  32.17
3  54  2  6.50
4  54  2  35.37
5  54  2  36.57
6  54  2  14.49
7  54  2  17.79
8  54  2  13.37
9  54  2  52.43
10  54  2  16.84
11  54  2  49.42
12  54  2  37.83
13  54  2  16.20
14  54  2  12.03
15  54  2  32.52
16  54  2  10.84
17  54  2  12.51
18  54  2  8.54
19  54  2  4.65
20  54  2  35.58
1  55  2  20.77
2  55  2  12.92
3  55  2  20.30
4  55  2  11.44
5  55  2  34.98
6  55  2  41.37
7  55  2  19.63
8  55  2  20.97
9  55  2  4.42
10  55  2  37.87
11  55  2  30.02
12  55  2  15.81
13  55  2  5.25
14  55  2  43.87
15  55  2  65.95
16  55  2  26.95
17  55  2  49.12
18  55  2  7.34
19  55  2  35.07
20  55  2  48.19
1  56  2  18.79
2  56  2  11.12
3  56  2  11.86
4  56  2  9.07
5  56  2  18.14
6  56  2  21.24
7  56  2  15.33
8  56  2  13.17
9  56  2  34.29
10  56  2  4.79
11  56  2  5.56
12  56  2  40.55
13  56  2  20.71
14  56  2  37.83
15  56  2  42.61
16  56  2  16.62
17  56  2  2.62
18  56  2  16.63
19  56  2  49.45
20  56  2  27.20
1  57  2  8.83
2  57  2  31.62
3  57  2  19.39
4  57  2  23.92
5  57  2  42.65
6  57  2  6.15
7  57  2  15.80
8  57  2  27.87
9  57  2  8.64
10  57  2  3.01
11  57  2  29.44
12  57  2  39.66
13  57  2  15.26
14  57  2  39.87
15  57  2  17.76
16  57  2  15.10
17  57  2  42.31
18  57  2  8.80
19  57  2  27.26
20  57  2  6.29
1  58  2  15.59
2  58  2  19.79
3  58  2  22.05
4  58  2  39.68
5  58  2  15.13
6  58  2  31.09
7  58  2  10.54
8  58  2  37.58
9  58  2  55.53
10  58  2  7.83
11  58  2  32.51
12  58  2  45.27
13  58  2  5.60
14  58  2  23.77
15  58  2  33.46
16  58  2  46.95
17  58  2  44.73
18  58  2  3.00
19  58  2  10.47
20  58  2  35.08
1  59  2  37.83
2  59  2  21.77
3  59  2  38.95
4  59  2  15.89
5  59  2  7.22
6  59  2  33.59
7  59  2  6.49
8  59  2  17.22
9  59  2  25.72
10  59  2  16.92
11  59  2  54.58
12  59  2  11.26
13  59  2  44.48
14  59  2  24.55
15  59  2  22.91
16  59  2  47.26
17  59  2  9.67
18  59  2  59.79
19  59  2  30.03
20  59  2  13.88
1  60  2  28.10
2  60  2  8.53
3  60  2  10.66
4  60  2  8.81
5  60  2  4.57
6  60  2  43.02
7  60  2  11.43
8  60  2  8.48
9  60  2  8.32
10  60  2  52.61
11  60  2  19.89
12  60  2  6.70
13  60  2  12.29
14  60  2  13.17
15  60  2  19.26
16  60  2  18.93
17  60  2  33.24
18  60  2  30.62
19  60  2  38.11
20  60  2  25.21
1  61  2  33.79
2  61  2  8.17
3  61  2  8.26
4  61  2  7.47
5  61  2  27.93
6  61  2  33.63
7  61  2  37.96
8  61  2  11.23
9  61  2  10.82
10  61  2  46.68
11  61  2  65.17
12  61  2  37.50
13  61  2  17.26
14  61  2  23.85
15  61  2  9.59
16  61  2  34.15
17  61  2  31.96
18  61  2  46.17
19  61  2  60.74
20  61  2  30.72
1  62  2  31.36
2  62  2  20.76
3  62  2  18.38
4  62  2  42.43
5  62  2  19.71
6  62  2  6.47
7  62  2  36.61
8  62  2  16.09
9  62  2  28.45
10  62  2  17.18
11  62  2  4.37
12  62  2  15.53
13  62  2  32.89
14  62  2  35.84
15  62  2  22.09
16  62  2  38.95
17  62  2  25.62
18  62  2  8.52
19  62  2  19.09
20  62  2  14.44
1  63  2  12.21
2  63  2  17.97
3  63  2  19.50
4  63  2  23.74
5  63  2  4.41
6  63  2  6.18
7  63  2  6.92
8  63  2  28.44
9  63  2  19.07
10  63  2  36.27
11  63  2  39.93
12  63  2  8.02
13  63  2  23.98
14  63  2  41.54
15  63  2  13.97
16  63  2  23.92
17  63  2  8.82
18  63  2  14.77
19  63  2  39.47
20  63  2  22.11
1  64  2  9.90
2  64  2  41.44
3  64  2  24.10
4  64  2  42.15
5  64  2  2.55
6  64  2  41.73
7  64  2  6.83
8  64  2  11.80
9  64  2  20.81
10  64  2  51.48
11  64  2  13.09
12  64  2  56.31
13  64  2  22.57
14  64  2  16.95
15  64  2  8.44
16  64  2  5.01
17  64  2  7.41
18  64  2  39.49
19  64  2  33.87
20  64  2  15.17
1  65  2  15.76
2  65  2  24.68
3  65  2  17.55
4  65  2  36.06
5  65  2  50.38
6  65  2  8.89
7  65  2  31.49
8  65  2  6.66
9  65  2  28.05
10  65  2  41.21
11  65  2  22.84
12  65  2  5.74
13  65  2  17.73
14  65  2  19.04
15  65  2  18.82
16  65  2  18.12
17  65  2  33.08
18  65  2  42.07
19  65  2  7.02
20  65  2  29.73
1  66  2  15.85
2  66  2  11.93
3  66  2  13.24
4  66  2  30.79
5  66  2  9.74
6  66  2  11.64
7  66  2  30.43
8  66  2  58.59
9  66  2  3.20
10  66  2  63.68
11  66  2  52.23
12  66  2  37.29
13  66  2  20.65
14  66  2  13.50
15  66  2  13.07
16  66  2  6.77
17  66  2  13.49
18  66  2  10.69
19  66  2  37.82
20  66  2  7.44
1  67  2  22.49
2  67  2  13.17
3  67  2  27.50
4  67  2  29.12
5  67  2  18.95
6  67  2  19.15
7  67  2  22.14
8  67  2  39.12
9  67  2  3.98
10  67  2  24.36
11  67  2  12.51
12  67  2  14.32
13  67  2  29.08
14  67  2  37.72
15  67  2  14.20
16  67  2  38.84
17  67  2  22.70
18  67  2  30.10
19  67  2  15.96
20  67  2  16.83
1  68  2  4.87
2  68  2  27.58
3  68  2  19.99
4  68  2  32.42
5  68  2  7.01
6  68  2  7.46
7  68  2  7.13
8  68  2  17.17
9  68  2  12.94
10  68  2  13.51
11  68  2  17.54
12  68  2  16.73
13  68  2  24.04
14  68  2  7.23
15  68  2  12.25
16  68  2  4.64
17  68  2  30.33
18  68  2  27.50
19  68  2  50.82
20  68  2  18.94
1  69  2  6.86
2  69  2  7.74
3  69  2  56.69
4  69  2  52.98
5  69  2  57.15
6  69  2  24.94
7  69  2  66.13
8  69  2  11.42
9  69  2  39.58
10  69  2  24.88
11  69  2  52.72
12  69  2  8.60
13  69  2  32.94
14  69  2  29.04
15  69  2  9.37
16  69  2  3.38
17  69  2  7.39
18  69  2  6.53
19  69  2  22.63
20  69  2  16.91
1  70  2  9.76
2  70  2  5.88
3  70  2  19.52
4  70  2  32.48
5  70  2  16.16
6  70  2  35.14
7  70  2  28.65
8  70  2  2.25
9  70  2  12.61
10  70  2  17.27
11  70  2  38.96
12  70  2  25.91
13  70  2  6.38
14  70  2  10.58
15  70  2  11.72
16  70  2  33.06
17  70  2  27.96
18  70  2  21.99
19  70  2  24.40
20  70  2  18.95
1  71  2  16.70
2  71  2  36.80
3  71  2  16.29
4  71  2  40.22
5  71  2  37.97
6  71  2  36.07
7  71  2  45.68
8  71  2  50.16
9  71  2  18.00
10  71  2  19.58
11  71  2  24.36
12  71  2  35.10
13  71  2  13.02
14  71  2  16.05
15  71  2  13.52
16  71  2  35.80
17  71  2  21.45
18  71  2  28.21
19  71  2  30.54
20  71  2  11.56
1  72  2  6.52
2  72  2  10.98
3  72  2  12.67
4  72  2  17.51
5  72  2  29.28
6  72  2  28.44
7  72  2  8.00
8  72  2  56.67
9  72  2  3.49
10  72  2  38.18
11  72  2  65.55
12  72  2  7.02
13  72  2  20.26
14  72  2  22.83
15  72  2  28.64
16  72  2  42.95
17  72  2  40.38
18  72  2  12.37
19  72  2  31.44
20  72  2  23.11
1  73  2  37.41
2  73  2  62.85
3  73  2  11.04
4  73  2  14.69
5  73  2  16.98
6  73  2  9.29
7  73  2  15.64
8  73  2  32.06
9  73  2  6.94
10  73  2  17.82
11  73  2  7.03
12  73  2  39.50
13  73  2  28.74
14  73  2  33.75
15  73  2  2.73
16  73  2  34.35
17  73  2  20.90
18  73  2  33.67
19  73  2  17.23
20  73  2  50.73
1  74  2  34.72
2  74  2  17.47
3  74  2  4.70
4  74  2  28.71
5  74  2  36.01
6  74  2  30.57
7  74  2  63.71
8  74  2  23.11
9  74  2  31.25
10  74  2  23.82
11  74  2  30.80
12  74  2  40.47
13  74  2  27.16
14  74  2  5.10
15  74  2  8.00
16  74  2  30.37
17  74  2  8.75
18  74  2  15.10
19  74  2  46.27
20  74  2  31.87
1  75  2  8.77
2  75  2  47.71
3  75  2  15.10
4  75  2  12.20
5  75  2  51.47
6  75  2  18.62
7  75  2  15.97
8  75  2  14.72
9  75  2  31.23
10  75  2  41.54
11  75  2  25.09
12  75  2  21.68
13  75  2  9.24
14  75  2  38.97
15  75  2  9.30
16  75  2  16.53
17  75  2  40.04
18  75  2  31.38
19  75  2  4.64
20  75  2  46.71
1  76  2  30.63
2  76  2  40.51
3  76  2  11.02
4  76  2  9.52
5  76  2  6.94
6  76  2  6.15
7  76  2  34.91
8  76  2  9.47
9  76  2  15.22
10  76  2  18.99
11  76  2  12.00
12  76  2  10.49
13  76  2  13.80
14  76  2  8.17
15  76  2  34.70
16  76  2  62.46
17  76  2  20.77
18  76  2  48.18
19  76  2  53.69
20  76  2  6.77
1  77  2  61.11
2  77  2  31.22
3  77  2  28.80
4  77  2  39.95
5  77  2  24.26
6  77  2  15.81
7  77  2  9.27
8  77  2  13.89
9  77  2  19.21
10  77  2  8.61
11  77  2  44.25
12  77  2  52.27
13  77  2  39.42
14  77  2  19.65
15  77  2  19.83
16  77  2  13.92
17  77  2  9.97
18  77  2  19.58
19  77  2  52.20
20  77  2  26.40
1  78  2  25.66
2  78  2  17.85
3  78  2  35.65
4  78  2  12.64
5  78  2  22.65
6  78  2  10.00
7  78  2  33.83
8  78  2  18.37
9  78  2  30.35
10  78  2  9.26
11  78  2  29.73
12  78  2  7.38
13  78  2  11.51
14  78  2  18.45
15  78  2  14.14
16  78  2  16.60
17  78  2  8.91
18  78  2  21.16
19  78  2  13.28
20  78  2  10.30
1  79  2  18.91
2  79  2  30.76
3  79  2  39.28
4  79  2  36.58
5  79  2  19.27
6  79  2  12.57
7  79  2  30.64
8  79  2  43.59
9  79  2  37.41
10  79  2  6.94
11  79  2  9.13
12  79  2  24.08
13  79  2  15.54
14  79  2  13.72
15  79  2  4.00
16  79  2  21.96
17  79  2  33.65
18  79  2  13.00
19  79  2  22.24
20  79  2  37.37
1  80  2  41.54
2  80  2  8.37
3  80  2  26.56
4  80  2  54.73
5  80  2  3.80
6  80  2  46.86
7  80  2  6.02
8  80  2  38.04
9  80  2  49.73
10  80  2  16.40
11  80  2  25.95
12  80  2  27.64
13  80  2  32.26
14  80  2  27.10
15  80  2  18.90
16  80  2  5.28
17  80  2  18.93
18  80  2  24.45
19  80  2  10.74
20  80  2  31.78
1  81  2  41.84
2  81  2  17.28
3  81  2  37.88
4  81  2  42.75
5  81  2  17.54
6  81  2  17.98
7  81  2  21.21
8  81  2  37.34
9  81  2  6.28
10  81  2  20.33
11  81  2  31.05
12  81  2  13.82
13  81  2  5.72
14  81  2  33.41
15  81  2  17.21
16  81  2  18.00
17  81  2  52.17
18  81  2  17.57
19  81  2  31.26
20  81  2  38.77
1  82  2  6.26
2  82  2  10.39
3  82  2  42.74
4  82  2  53.73
5  82  2  64.30
6  82  2  26.14
7  82  2  24.32
8  82  2  56.88
9  82  2  17.77
10  82  2  10.05
11  82  2  19.19
12  82  2  21.88
13  82  2  23.46
14  82  2  15.60
15  82  2  61.92
16  82  2  33.28
17  82  2  57.25
18  82  2  22.80
19  82  2  19.58
20  82  2  51.11
1  83  2  20.30
2  83  2  29.83
3  83  2  11.53
4  83  2  23.98
5  83  2  16.26
6  83  2  49.52
7  83  2  20.67
8  83  2  19.51
9  83  2  18.05
10  83  2  2.46
11  83  2  20.63
12  83  2  55.72
13  83  2  24.61
14  83  2  5.00
15  83  2  28.91
16  83  2  47.10
17  83  2  33.32
18  83  2  43.64
19  83  2  46.49
20  83  2  11.30
1  84  2  39.65
2  84  2  52.11
3  84  2  39.42
4  84  2  50.45
5  84  2  36.66
6  84  2  63.01
7  84  2  17.30
8  84  2  43.16
9  84  2  24.44
10  84  2  20.39
11  84  2  14.44
12  84  2  28.08
13  84  2  10.23
14  84  2  14.88
15  84  2  51.31
16  84  2  25.04
17  84  2  27.27
18  84  2  20.19
19  84  2  20.80
20  84  2  31.40
1  85  2  33.44
2  85  2  15.22
3  85  2  63.76
4  85  2  68.49
5  85  2  19.26
6  85  2  20.16
7  85  2  8.83
8  85  2  32.35
9  85  2  56.35
10  85  2  42.78
11  85  2  23.65
12  85  2  8.95
13  85  2  11.91
14  85  2  7.51
15  85  2  13.94
16  85  2  67.18
17  85  2  8.19
18  85  2  4.38
19  85  2  28.33
20  85  2  25.33
1  86  2  64.26
2  86  2  26.85
3  86  2  23.14
4  86  2  44.36
5  86  2  14.83
6  86  2  33.25
7  86  2  17.72
8  86  2  19.82
9  86  2  10.59
10  86  2  30.38
11  86  2  6.55
12  86  2  49.86
13  86  2  7.23
14  86  2  34.91
15  86  2  19.31
16  86  2  8.50
17  86  2  29.95
18  86  2  9.29
19  86  2  13.19
20  86  2  45.00
1  87  2  8.86
2  87  2  13.10
3  87  2  10.60
4  87  2  40.49
5  87  2  35.63
6  87  2  10.52
7  87  2  26.30
8  87  2  20.19
9  87  2  5.13
10  87  2  56.99
11  87  2  24.26
12  87  2  4.37
13  87  2  17.09
14  87  2  33.00
15  87  2  18.17
16  87  2  23.33
17  87  2  32.24
18  87  2  18.22
19  87  2  23.57
20  87  2  27.99
1  88  2  39.25
2  88  2  2.48
3  88  2  8.06
4  88  2  6.37
5  88  2  22.42
6  88  2  9.58
7  88  2  35.20
8  88  2  9.00
9  88  2  17.99
10  88  2  17.92
11  88  2  28.56
12  88  2  19.45
13  88  2  25.06
14  88  2  16.90
15  88  2  9.71
16  88  2  17.83
17  88  2  28.20
18  88  2  18.49
19  88  2  14.37
20  88  2  17.82
1  89  2  22.34
2  89  2  18.79
3  89  2  16.94
4  89  2  12.31
5  89  2  27.18
6  89  2  42.96
7  89  2  16.46
8  89  2  50.38
9  89  2  21.13
10  89  2  33.61
11  89  2  13.01
12  89  2  17.76
13  89  2  59.61
14  89  2  36.53
15  89  2  2.78
16  89  2  38.82
17  89  2  17.66
18  89  2  22.11
19  89  2  20.19
20  89  2  8.71
1  90  2  4.21
2  90  2  6.19
3  90  2  22.41
4  90  2  21.11
5  90  2  27.97
6  90  2  33.97
7  90  2  51.46
8  90  2  39.22
9  90  2  2.43
10  90  2  28.19
11  90  2  33.11
12  90  2  34.59
13  90  2  20.75
14  90  2  46.11
15  90  2  7.17
16  90  2  7.87
17  90  2  27.47
18  90  2  5.04
19  90  2  20.51
20  90  2  24.25
1  91  2  24.55
2  91  2  23.39
3  91  2  5.07
4  91  2  20.32
5  91  2  17.01
6  91  2  23.36
7  91  2  6.31
8  91  2  19.07
9  91  2  26.10
10  91  2  9.88
11  91  2  12.50
12  91  2  46.45
13  91  2  19.03
14  91  2  39.71
15  91  2  7.27
16  91  2  50.88
17  91  2  22.87
18  91  2  20.79
19  91  2  25.43
20  91  2  33.69
1  92  2  11.56
2  92  2  42.49
3  92  2  6.12
4  92  2  27.63
5  92  2  16.76
6  92  2  5.94
7  92  2  10.04
8  92  2  22.56
9  92  2  26.94
10  92  2  15.08
11  92  2  9.24
12  92  2  14.22
13  92  2  5.47
14  92  2  37.66
15  92  2  24.36
16  92  2  22.07
17  92  2  9.78
18  92  2  16.55
19  92  2  43.14
20  92  2  36.29
1  93  2  55.38
2  93  2  33.71
3  93  2  21.23
4  93  2  52.49
5  93  2  30.94
6  93  2  11.43
7  93  2  23.17
8  93  2  22.29
9  93  2  23.07
10  93  2  50.35
11  93  2  3.50
12  93  2  4.29
13  93  2  29.45
14  93  2  8.59
15  93  2  21.92
16  93  2  35.75
17  93  2  28.03
18  93  2  38.16
19  93  2  8.55
20  93  2  51.60
1  94  2  12.25
2  94  2  40.38
3  94  2  64.92
4  94  2  12.43
5  94  2  20.49
6  94  2  29.32
7  94  2  27.26
8  94  2  14.78
9  94  2  56.66
10  94  2  7.92
11  94  2  24.11
12  94  2  23.51
13  94  2  11.56
14  94  2  17.50
15  94  2  23.51
16  94  2  54.17
17  94  2  29.07
18  94  2  18.69
19  94  2  51.45
20  94  2  5.47
1  95  2  37.90
2  95  2  16.33
3  95  2  24.47
4  95  2  27.95
5  95  2  26.96
6  95  2  16.59
7  95  2  58.54
8  95  2  11.74
9  95  2  30.96
10  95  2  16.13
11  95  2  18.84
12  95  2  6.72
13  95  2  12.03
14  95  2  11.04
15  95  2  18.99
16  95  2  7.16
17  95  2  58.09
18  95  2  51.24
19  95  2  20.14
20  95  2  19.39
1  96  2  37.04
2  96  2  41.91
3  96  2  16.96
4  96  2  10.32
5  96  2  5.91
6  96  2  23.84
7  96  2  16.34
8  96  2  31.62
9  96  2  3.78
10  96  2  16.78
11  96  2  25.14
12  96  2  36.62
13  96  2  11.12
14  96  2  3.81
15  96  2  4.74
16  96  2  4.25
17  96  2  42.97
18  96  2  19.17
19  96  2  31.46
20  96  2  5.75
1  97  2  35.47
2  97  2  51.30
3  97  2  3.99
4  97  2  36.07
5  97  2  55.45
6  97  2  39.22
7  97  2  2.42
8  97  2  67.41
9  97  2  40.20
10  97  2  14.08
11  97  2  20.79
12  97  2  32.95
13  97  2  20.02
14  97  2  33.26
15  97  2  39.75
16  97  2  45.84
17  97  2  20.54
18  97  2  58.15
19  97  2  37.03
20  97  2  31.99
1  98  2  15.39
2  98  2  7.36
3  98  2  44.31
4  98  2  45.34
5  98  2  13.04
6  98  2  19.58
7  98  2  16.84
8  98  2  16.94
9  98  2  20.32
10  98  2  26.88
11  98  2  32.28
12  98  2  3.47
13  98  2  3.99
14  98  2  19.70
15  98  2  7.50
16  98  2  21.84
17  98  2  4.29
18  98  2  15.91
19  98  2  35.17
20  98  2  24.43
1  99  2  43.25
2  99  2  6.63
3  99  2  26.63
4  99  2  13.07
5  99  2  16.97
6  99  2  37.15
7  99  2  8.37
8  99  2  7.50
9  99  2  32.07
10  99  2  17.95
11  99  2  16.19
12  99  2  64.47
13  99  2  3.82
14  99  2  4.26
15  99  2  14.69
16  99  2  39.17
17  99  2  12.21
18  99  2  15.06
19  99  2  47.41
20  99  2  8.65
1  100  2  14.57
2  100  2  22.63
3  100  2  16.98
4  100  2  12.73
5  100  2  27.43
6  100  2  19.63
7  100  2  12.60
8  100  2  40.34
9  100  2  4.80
10  100  2  8.30
11  100  2  13.41
12  100  2  13.71
13  100  2  20.60
14  100  2  10.70
15  100  2  33.46
16  100  2  50.14
17  100  2  61.44
18  100  2  51.31
19  100  2  59.10
20  100  2  46.48
;

