param com_measure1 := 1;

param com_measure2 := 1;

param kappa_max := 596.97;

param U_tau := 437.4695;

param nT := 2;

param nS := 100;

param nL := 15;

param B := 563.71;

param w :=
1  2
2  2
3  2
4  1
5  1
6  1
7  2
8  3
9  2
10  2
11  3
12  1
13  1
14  3
15  2
;

param h :=
1  1  0
1  2  0
1  3  0
1  4  0
1  5  0
1  6  0
1  7  0
1  8  0
1  9  0
1  10  0
1  11  0
1  12  0
1  13  0
1  14  0
1  15  0
2  1  83.39
2  2  90.76
2  3  81.46
2  4  67.77
2  5  71.10
2  6  70.51
2  7  90.18
2  8  58.46
2  9  86.12
2  10  89.63
2  11  61.93
2  12  81.33
2  13  57.02
2  14  67.48
2  15  70.28
;

param xi :=
1  1  1  63
2  1  1  57
3  1  1  68
4  1  1  39
5  1  1  12
6  1  1  23
7  1  1  61
8  1  1  60
9  1  1  72
10  1  1  37
11  1  1  59
12  1  1  78
13  1  1  62
14  1  1  47
15  1  1  13
1  2  1  81
2  2  1  75
3  2  1  61
4  2  1  32
5  2  1  36
6  2  1  30
7  2  1  65
8  2  1  28
9  2  1  13
10  2  1  30
11  2  1  58
12  2  1  89
13  2  1  84
14  2  1  14
15  2  1  19
1  3  1  45
2  3  1  78
3  3  1  16
4  3  1  59
5  3  1  64
6  3  1  37
7  3  1  40
8  3  1  14
9  3  1  83
10  3  1  55
11  3  1  34
12  3  1  60
13  3  1  39
14  3  1  31
15  3  1  53
1  4  1  85
2  4  1  37
3  4  1  77
4  4  1  65
5  4  1  63
6  4  1  20
7  4  1  59
8  4  1  17
9  4  1  49
10  4  1  41
11  4  1  30
12  4  1  65
13  4  1  58
14  4  1  69
15  4  1  14
1  5  1  54
2  5  1  40
3  5  1  21
4  5  1  67
5  5  1  72
6  5  1  26
7  5  1  29
8  5  1  35
9  5  1  75
10  5  1  31
11  5  1  62
12  5  1  60
13  5  1  66
14  5  1  68
15  5  1  15
1  6  1  57
2  6  1  84
3  6  1  28
4  6  1  31
5  6  1  77
6  6  1  73
7  6  1  30
8  6  1  33
9  6  1  49
10  6  1  42
11  6  1  53
12  6  1  25
13  6  1  11
14  6  1  28
15  6  1  75
1  7  1  90
2  7  1  50
3  7  1  65
4  7  1  33
5  7  1  74
6  7  1  59
7  7  1  21
8  7  1  38
9  7  1  51
10  7  1  53
11  7  1  27
12  7  1  36
13  7  1  68
14  7  1  71
15  7  1  77
1  8  1  84
2  8  1  85
3  8  1  28
4  8  1  77
5  8  1  47
6  8  1  88
7  8  1  84
8  8  1  34
9  8  1  71
10  8  1  76
11  8  1  37
12  8  1  41
13  8  1  60
14  8  1  62
15  8  1  56
1  9  1  37
2  9  1  39
3  9  1  58
4  9  1  18
5  9  1  46
6  9  1  21
7  9  1  20
8  9  1  21
9  9  1  29
10  9  1  23
11  9  1  56
12  9  1  34
13  9  1  81
14  9  1  74
15  9  1  67
1  10  1  60
2  10  1  17
3  10  1  47
4  10  1  14
5  10  1  90
6  10  1  80
7  10  1  74
8  10  1  37
9  10  1  71
10  10  1  77
11  10  1  20
12  10  1  71
13  10  1  61
14  10  1  65
15  10  1  76
1  11  1  69
2  11  1  80
3  11  1  19
4  11  1  78
5  11  1  77
6  11  1  27
7  11  1  30
8  11  1  52
9  11  1  81
10  11  1  70
11  11  1  66
12  11  1  24
13  11  1  61
14  11  1  83
15  11  1  87
1  12  1  81
2  12  1  13
3  12  1  34
4  12  1  70
5  12  1  60
6  12  1  27
7  12  1  77
8  12  1  52
9  12  1  19
10  12  1  54
11  12  1  69
12  12  1  13
13  12  1  49
14  12  1  78
15  12  1  53
1  13  1  88
2  13  1  41
3  13  1  58
4  13  1  32
5  13  1  81
6  13  1  51
7  13  1  79
8  13  1  38
9  13  1  75
10  13  1  67
11  13  1  75
12  13  1  39
13  13  1  21
14  13  1  24
15  13  1  51
1  14  1  65
2  14  1  14
3  14  1  24
4  14  1  27
5  14  1  50
6  14  1  85
7  14  1  74
8  14  1  63
9  14  1  23
10  14  1  77
11  14  1  14
12  14  1  41
13  14  1  16
14  14  1  39
15  14  1  32
1  15  1  39
2  15  1  85
3  15  1  80
4  15  1  87
5  15  1  18
6  15  1  35
7  15  1  83
8  15  1  68
9  15  1  60
10  15  1  88
11  15  1  10
12  15  1  88
13  15  1  14
14  15  1  52
15  15  1  90
1  16  1  31
2  16  1  40
3  16  1  19
4  16  1  51
5  16  1  66
6  16  1  27
7  16  1  28
8  16  1  21
9  16  1  44
10  16  1  83
11  16  1  84
12  16  1  22
13  16  1  23
14  16  1  57
15  16  1  60
1  17  1  31
2  17  1  60
3  17  1  48
4  17  1  29
5  17  1  81
6  17  1  50
7  17  1  56
8  17  1  76
9  17  1  33
10  17  1  84
11  17  1  33
12  17  1  37
13  17  1  53
14  17  1  16
15  17  1  49
1  18  1  20
2  18  1  56
3  18  1  12
4  18  1  72
5  18  1  53
6  18  1  36
7  18  1  27
8  18  1  10
9  18  1  25
10  18  1  35
11  18  1  90
12  18  1  90
13  18  1  27
14  18  1  53
15  18  1  83
1  19  1  55
2  19  1  11
3  19  1  84
4  19  1  61
5  19  1  49
6  19  1  38
7  19  1  73
8  19  1  35
9  19  1  23
10  19  1  36
11  19  1  80
12  19  1  90
13  19  1  29
14  19  1  77
15  19  1  42
1  20  1  23
2  20  1  25
3  20  1  80
4  20  1  73
5  20  1  45
6  20  1  81
7  20  1  66
8  20  1  57
9  20  1  82
10  20  1  53
11  20  1  40
12  20  1  24
13  20  1  81
14  20  1  56
15  20  1  28
1  21  1  69
2  21  1  57
3  21  1  79
4  21  1  43
5  21  1  77
6  21  1  25
7  21  1  66
8  21  1  89
9  21  1  16
10  21  1  31
11  21  1  19
12  21  1  74
13  21  1  31
14  21  1  38
15  21  1  76
1  22  1  36
2  22  1  78
3  22  1  15
4  22  1  72
5  22  1  11
6  22  1  85
7  22  1  51
8  22  1  41
9  22  1  39
10  22  1  37
11  22  1  36
12  22  1  31
13  22  1  54
14  22  1  21
15  22  1  18
1  23  1  35
2  23  1  87
3  23  1  15
4  23  1  23
5  23  1  59
6  23  1  56
7  23  1  53
8  23  1  27
9  23  1  59
10  23  1  18
11  23  1  76
12  23  1  55
13  23  1  70
14  23  1  59
15  23  1  32
1  24  1  43
2  24  1  84
3  24  1  33
4  24  1  38
5  24  1  73
6  24  1  68
7  24  1  70
8  24  1  13
9  24  1  80
10  24  1  59
11  24  1  83
12  24  1  14
13  24  1  17
14  24  1  56
15  24  1  29
1  25  1  72
2  25  1  87
3  25  1  46
4  25  1  38
5  25  1  75
6  25  1  78
7  25  1  24
8  25  1  52
9  25  1  25
10  25  1  16
11  25  1  74
12  25  1  62
13  25  1  78
14  25  1  87
15  25  1  47
1  26  1  71
2  26  1  62
3  26  1  50
4  26  1  25
5  26  1  83
6  26  1  87
7  26  1  55
8  26  1  73
9  26  1  75
10  26  1  59
11  26  1  68
12  26  1  46
13  26  1  63
14  26  1  20
15  26  1  42
1  27  1  38
2  27  1  36
3  27  1  57
4  27  1  20
5  27  1  62
6  27  1  48
7  27  1  38
8  27  1  85
9  27  1  89
10  27  1  87
11  27  1  70
12  27  1  85
13  27  1  53
14  27  1  73
15  27  1  14
1  28  1  53
2  28  1  67
3  28  1  14
4  28  1  74
5  28  1  14
6  28  1  44
7  28  1  63
8  28  1  30
9  28  1  10
10  28  1  74
11  28  1  78
12  28  1  89
13  28  1  33
14  28  1  12
15  28  1  31
1  29  1  35
2  29  1  17
3  29  1  11
4  29  1  83
5  29  1  44
6  29  1  88
7  29  1  81
8  29  1  78
9  29  1  74
10  29  1  14
11  29  1  27
12  29  1  56
13  29  1  11
14  29  1  21
15  29  1  55
1  30  1  43
2  30  1  63
3  30  1  56
4  30  1  70
5  30  1  57
6  30  1  89
7  30  1  63
8  30  1  22
9  30  1  19
10  30  1  37
11  30  1  70
12  30  1  33
13  30  1  29
14  30  1  43
15  30  1  29
1  31  1  49
2  31  1  83
3  31  1  86
4  31  1  66
5  31  1  46
6  31  1  16
7  31  1  19
8  31  1  29
9  31  1  87
10  31  1  45
11  31  1  57
12  31  1  17
13  31  1  53
14  31  1  64
15  31  1  67
1  32  1  69
2  32  1  46
3  32  1  12
4  32  1  64
5  32  1  80
6  32  1  78
7  32  1  14
8  32  1  58
9  32  1  74
10  32  1  47
11  32  1  80
12  32  1  85
13  32  1  18
14  32  1  11
15  32  1  77
1  33  1  71
2  33  1  66
3  33  1  20
4  33  1  48
5  33  1  11
6  33  1  34
7  33  1  51
8  33  1  68
9  33  1  27
10  33  1  66
11  33  1  49
12  33  1  16
13  33  1  35
14  33  1  90
15  33  1  45
1  34  1  45
2  34  1  89
3  34  1  50
4  34  1  48
5  34  1  80
6  34  1  86
7  34  1  77
8  34  1  32
9  34  1  16
10  34  1  80
11  34  1  89
12  34  1  73
13  34  1  21
14  34  1  87
15  34  1  74
1  35  1  71
2  35  1  32
3  35  1  56
4  35  1  74
5  35  1  44
6  35  1  48
7  35  1  66
8  35  1  28
9  35  1  78
10  35  1  84
11  35  1  39
12  35  1  16
13  35  1  14
14  35  1  74
15  35  1  58
1  36  1  30
2  36  1  48
3  36  1  59
4  36  1  54
5  36  1  26
6  36  1  14
7  36  1  71
8  36  1  15
9  36  1  52
10  36  1  34
11  36  1  60
12  36  1  84
13  36  1  82
14  36  1  11
15  36  1  48
1  37  1  43
2  37  1  55
3  37  1  77
4  37  1  83
5  37  1  20
6  37  1  24
7  37  1  34
8  37  1  11
9  37  1  15
10  37  1  77
11  37  1  25
12  37  1  32
13  37  1  41
14  37  1  72
15  37  1  79
1  38  1  81
2  38  1  39
3  38  1  55
4  38  1  18
5  38  1  50
6  38  1  74
7  38  1  19
8  38  1  28
9  38  1  34
10  38  1  31
11  38  1  90
12  38  1  60
13  38  1  30
14  38  1  80
15  38  1  66
1  39  1  72
2  39  1  26
3  39  1  89
4  39  1  25
5  39  1  42
6  39  1  86
7  39  1  33
8  39  1  26
9  39  1  83
10  39  1  39
11  39  1  39
12  39  1  31
13  39  1  16
14  39  1  70
15  39  1  32
1  40  1  36
2  40  1  15
3  40  1  15
4  40  1  42
5  40  1  55
6  40  1  15
7  40  1  87
8  40  1  65
9  40  1  28
10  40  1  10
11  40  1  33
12  40  1  66
13  40  1  89
14  40  1  77
15  40  1  70
1  41  1  75
2  41  1  61
3  41  1  68
4  41  1  73
5  41  1  43
6  41  1  23
7  41  1  31
8  41  1  81
9  41  1  58
10  41  1  48
11  41  1  90
12  41  1  14
13  41  1  41
14  41  1  41
15  41  1  59
1  42  1  71
2  42  1  18
3  42  1  71
4  42  1  39
5  42  1  19
6  42  1  53
7  42  1  89
8  42  1  53
9  42  1  65
10  42  1  34
11  42  1  28
12  42  1  85
13  42  1  89
14  42  1  48
15  42  1  69
1  43  1  56
2  43  1  84
3  43  1  33
4  43  1  28
5  43  1  33
6  43  1  64
7  43  1  13
8  43  1  43
9  43  1  75
10  43  1  33
11  43  1  36
12  43  1  11
13  43  1  64
14  43  1  54
15  43  1  75
1  44  1  43
2  44  1  36
3  44  1  24
4  44  1  17
5  44  1  50
6  44  1  51
7  44  1  90
8  44  1  28
9  44  1  58
10  44  1  78
11  44  1  20
12  44  1  83
13  44  1  44
14  44  1  82
15  44  1  41
1  45  1  61
2  45  1  78
3  45  1  88
4  45  1  23
5  45  1  37
6  45  1  31
7  45  1  10
8  45  1  19
9  45  1  35
10  45  1  86
11  45  1  44
12  45  1  72
13  45  1  47
14  45  1  17
15  45  1  73
1  46  1  31
2  46  1  56
3  46  1  35
4  46  1  77
5  46  1  62
6  46  1  54
7  46  1  63
8  46  1  80
9  46  1  55
10  46  1  40
11  46  1  16
12  46  1  20
13  46  1  11
14  46  1  36
15  46  1  67
1  47  1  77
2  47  1  33
3  47  1  14
4  47  1  50
5  47  1  60
6  47  1  45
7  47  1  50
8  47  1  58
9  47  1  32
10  47  1  64
11  47  1  16
12  47  1  86
13  47  1  76
14  47  1  52
15  47  1  86
1  48  1  33
2  48  1  36
3  48  1  80
4  48  1  82
5  48  1  84
6  48  1  52
7  48  1  87
8  48  1  14
9  48  1  48
10  48  1  13
11  48  1  53
12  48  1  25
13  48  1  55
14  48  1  86
15  48  1  36
1  49  1  67
2  49  1  47
3  49  1  86
4  49  1  29
5  49  1  79
6  49  1  21
7  49  1  66
8  49  1  70
9  49  1  20
10  49  1  35
11  49  1  82
12  49  1  27
13  49  1  16
14  49  1  16
15  49  1  82
1  50  1  14
2  50  1  30
3  50  1  88
4  50  1  72
5  50  1  28
6  50  1  57
7  50  1  76
8  50  1  49
9  50  1  44
10  50  1  81
11  50  1  20
12  50  1  51
13  50  1  82
14  50  1  90
15  50  1  81
1  51  1  31
2  51  1  21
3  51  1  76
4  51  1  89
5  51  1  32
6  51  1  35
7  51  1  12
8  51  1  25
9  51  1  80
10  51  1  49
11  51  1  54
12  51  1  34
13  51  1  33
14  51  1  60
15  51  1  40
1  52  1  38
2  52  1  41
3  52  1  81
4  52  1  51
5  52  1  32
6  52  1  14
7  52  1  67
8  52  1  27
9  52  1  73
10  52  1  88
11  52  1  16
12  52  1  70
13  52  1  39
14  52  1  48
15  52  1  40
1  53  1  12
2  53  1  13
3  53  1  19
4  53  1  19
5  53  1  19
6  53  1  48
7  53  1  87
8  53  1  32
9  53  1  43
10  53  1  65
11  53  1  79
12  53  1  82
13  53  1  42
14  53  1  40
15  53  1  32
1  54  1  33
2  54  1  88
3  54  1  52
4  54  1  19
5  54  1  25
6  54  1  34
7  54  1  86
8  54  1  65
9  54  1  30
10  54  1  20
11  54  1  26
12  54  1  37
13  54  1  19
14  54  1  77
15  54  1  82
1  55  1  66
2  55  1  88
3  55  1  90
4  55  1  24
5  55  1  11
6  55  1  61
7  55  1  85
8  55  1  70
9  55  1  45
10  55  1  68
11  55  1  11
12  55  1  10
13  55  1  31
14  55  1  56
15  55  1  12
1  56  1  72
2  56  1  59
3  56  1  34
4  56  1  71
5  56  1  43
6  56  1  35
7  56  1  56
8  56  1  51
9  56  1  62
10  56  1  28
11  56  1  28
12  56  1  69
13  56  1  29
14  56  1  13
15  56  1  54
1  57  1  17
2  57  1  29
3  57  1  80
4  57  1  43
5  57  1  81
6  57  1  30
7  57  1  54
8  57  1  49
9  57  1  89
10  57  1  45
11  57  1  29
12  57  1  49
13  57  1  45
14  57  1  59
15  57  1  86
1  58  1  10
2  58  1  56
3  58  1  26
4  58  1  11
5  58  1  77
6  58  1  46
7  58  1  50
8  58  1  11
9  58  1  78
10  58  1  85
11  58  1  45
12  58  1  42
13  58  1  74
14  58  1  21
15  58  1  83
1  59  1  54
2  59  1  61
3  59  1  89
4  59  1  26
5  59  1  20
6  59  1  67
7  59  1  79
8  59  1  60
9  59  1  76
10  59  1  16
11  59  1  25
12  59  1  68
13  59  1  38
14  59  1  43
15  59  1  41
1  60  1  23
2  60  1  89
3  60  1  74
4  60  1  36
5  60  1  36
6  60  1  41
7  60  1  90
8  60  1  84
9  60  1  60
10  60  1  61
11  60  1  20
12  60  1  75
13  60  1  12
14  60  1  39
15  60  1  21
1  61  1  11
2  61  1  60
3  61  1  88
4  61  1  18
5  61  1  37
6  61  1  62
7  61  1  64
8  61  1  19
9  61  1  21
10  61  1  70
11  61  1  56
12  61  1  10
13  61  1  11
14  61  1  47
15  61  1  60
1  62  1  43
2  62  1  21
3  62  1  39
4  62  1  77
5  62  1  59
6  62  1  14
7  62  1  37
8  62  1  46
9  62  1  23
10  62  1  27
11  62  1  10
12  62  1  79
13  62  1  50
14  62  1  42
15  62  1  38
1  63  1  84
2  63  1  89
3  63  1  61
4  63  1  36
5  63  1  74
6  63  1  48
7  63  1  67
8  63  1  56
9  63  1  39
10  63  1  90
11  63  1  24
12  63  1  18
13  63  1  51
14  63  1  22
15  63  1  87
1  64  1  84
2  64  1  18
3  64  1  77
4  64  1  48
5  64  1  30
6  64  1  86
7  64  1  85
8  64  1  76
9  64  1  75
10  64  1  49
11  64  1  63
12  64  1  40
13  64  1  59
14  64  1  29
15  64  1  13
1  65  1  13
2  65  1  30
3  65  1  50
4  65  1  53
5  65  1  64
6  65  1  38
7  65  1  15
8  65  1  72
9  65  1  72
10  65  1  26
11  65  1  48
12  65  1  28
13  65  1  30
14  65  1  47
15  65  1  79
1  66  1  21
2  66  1  55
3  66  1  32
4  66  1  41
5  66  1  49
6  66  1  83
7  66  1  50
8  66  1  37
9  66  1  59
10  66  1  31
11  66  1  17
12  66  1  14
13  66  1  69
14  66  1  27
15  66  1  54
1  67  1  47
2  67  1  16
3  67  1  28
4  67  1  87
5  67  1  79
6  67  1  22
7  67  1  26
8  67  1  69
9  67  1  89
10  67  1  10
11  67  1  42
12  67  1  12
13  67  1  17
14  67  1  68
15  67  1  56
1  68  1  83
2  68  1  79
3  68  1  75
4  68  1  76
5  68  1  82
6  68  1  90
7  68  1  64
8  68  1  14
9  68  1  19
10  68  1  81
11  68  1  16
12  68  1  76
13  68  1  33
14  68  1  74
15  68  1  16
1  69  1  55
2  69  1  76
3  69  1  54
4  69  1  51
5  69  1  72
6  69  1  68
7  69  1  30
8  69  1  23
9  69  1  40
10  69  1  73
11  69  1  61
12  69  1  41
13  69  1  14
14  69  1  59
15  69  1  35
1  70  1  20
2  70  1  23
3  70  1  65
4  70  1  21
5  70  1  26
6  70  1  76
7  70  1  86
8  70  1  24
9  70  1  82
10  70  1  86
11  70  1  72
12  70  1  56
13  70  1  40
14  70  1  80
15  70  1  49
1  71  1  16
2  71  1  45
3  71  1  50
4  71  1  36
5  71  1  83
6  71  1  33
7  71  1  66
8  71  1  34
9  71  1  68
10  71  1  76
11  71  1  88
12  71  1  36
13  71  1  48
14  71  1  20
15  71  1  83
1  72  1  11
2  72  1  51
3  72  1  12
4  72  1  51
5  72  1  85
6  72  1  68
7  72  1  83
8  72  1  25
9  72  1  34
10  72  1  64
11  72  1  19
12  72  1  50
13  72  1  20
14  72  1  18
15  72  1  52
1  73  1  28
2  73  1  61
3  73  1  87
4  73  1  64
5  73  1  65
6  73  1  36
7  73  1  75
8  73  1  66
9  73  1  29
10  73  1  54
11  73  1  32
12  73  1  17
13  73  1  50
14  73  1  25
15  73  1  29
1  74  1  22
2  74  1  33
3  74  1  86
4  74  1  37
5  74  1  44
6  74  1  90
7  74  1  74
8  74  1  67
9  74  1  30
10  74  1  16
11  74  1  89
12  74  1  83
13  74  1  44
14  74  1  28
15  74  1  46
1  75  1  82
2  75  1  15
3  75  1  33
4  75  1  77
5  75  1  71
6  75  1  35
7  75  1  18
8  75  1  82
9  75  1  10
10  75  1  65
11  75  1  10
12  75  1  23
13  75  1  67
14  75  1  45
15  75  1  73
1  76  1  56
2  76  1  70
3  76  1  51
4  76  1  39
5  76  1  39
6  76  1  60
7  76  1  77
8  76  1  67
9  76  1  68
10  76  1  43
11  76  1  11
12  76  1  18
13  76  1  84
14  76  1  89
15  76  1  18
1  77  1  82
2  77  1  90
3  77  1  16
4  77  1  22
5  77  1  85
6  77  1  56
7  77  1  20
8  77  1  49
9  77  1  41
10  77  1  83
11  77  1  64
12  77  1  34
13  77  1  61
14  77  1  49
15  77  1  58
1  78  1  77
2  78  1  56
3  78  1  78
4  78  1  64
5  78  1  89
6  78  1  42
7  78  1  57
8  78  1  67
9  78  1  20
10  78  1  32
11  78  1  69
12  78  1  34
13  78  1  64
14  78  1  72
15  78  1  33
1  79  1  47
2  79  1  89
3  79  1  89
4  79  1  51
5  79  1  34
6  79  1  24
7  79  1  84
8  79  1  80
9  79  1  43
10  79  1  78
11  79  1  55
12  79  1  86
13  79  1  28
14  79  1  83
15  79  1  64
1  80  1  28
2  80  1  61
3  80  1  73
4  80  1  27
5  80  1  10
6  80  1  66
7  80  1  90
8  80  1  53
9  80  1  64
10  80  1  21
11  80  1  71
12  80  1  80
13  80  1  84
14  80  1  80
15  80  1  31
1  81  1  35
2  81  1  33
3  81  1  56
4  81  1  26
5  81  1  24
6  81  1  84
7  81  1  26
8  81  1  22
9  81  1  83
10  81  1  76
11  81  1  15
12  81  1  32
13  81  1  74
14  81  1  11
15  81  1  49
1  82  1  74
2  82  1  30
3  82  1  76
4  82  1  19
5  82  1  25
6  82  1  11
7  82  1  13
8  82  1  21
9  82  1  26
10  82  1  61
11  82  1  23
12  82  1  90
13  82  1  46
14  82  1  50
15  82  1  55
1  83  1  50
2  83  1  56
3  83  1  73
4  83  1  18
5  83  1  55
6  83  1  53
7  83  1  35
8  83  1  58
9  83  1  89
10  83  1  74
11  83  1  39
12  83  1  60
13  83  1  50
14  83  1  26
15  83  1  29
1  84  1  82
2  84  1  78
3  84  1  22
4  84  1  72
5  84  1  71
6  84  1  50
7  84  1  29
8  84  1  25
9  84  1  35
10  84  1  10
11  84  1  32
12  84  1  20
13  84  1  23
14  84  1  69
15  84  1  82
1  85  1  64
2  85  1  45
3  85  1  36
4  85  1  68
5  85  1  63
6  85  1  74
7  85  1  45
8  85  1  23
9  85  1  10
10  85  1  14
11  85  1  46
12  85  1  14
13  85  1  32
14  85  1  60
15  85  1  38
1  86  1  67
2  86  1  53
3  86  1  41
4  86  1  76
5  86  1  39
6  86  1  40
7  86  1  31
8  86  1  86
9  86  1  52
10  86  1  49
11  86  1  87
12  86  1  81
13  86  1  34
14  86  1  39
15  86  1  80
1  87  1  12
2  87  1  82
3  87  1  37
4  87  1  48
5  87  1  63
6  87  1  46
7  87  1  13
8  87  1  54
9  87  1  44
10  87  1  31
11  87  1  74
12  87  1  88
13  87  1  44
14  87  1  50
15  87  1  71
1  88  1  72
2  88  1  44
3  88  1  58
4  88  1  77
5  88  1  76
6  88  1  33
7  88  1  18
8  88  1  74
9  88  1  20
10  88  1  26
11  88  1  16
12  88  1  38
13  88  1  64
14  88  1  63
15  88  1  60
1  89  1  68
2  89  1  45
3  89  1  73
4  89  1  62
5  89  1  73
6  89  1  54
7  89  1  54
8  89  1  28
9  89  1  73
10  89  1  52
11  89  1  40
12  89  1  10
13  89  1  19
14  89  1  29
15  89  1  64
1  90  1  14
2  90  1  72
3  90  1  41
4  90  1  82
5  90  1  57
6  90  1  66
7  90  1  67
8  90  1  40
9  90  1  82
10  90  1  79
11  90  1  78
12  90  1  83
13  90  1  45
14  90  1  40
15  90  1  31
1  91  1  35
2  91  1  33
3  91  1  34
4  91  1  51
5  91  1  70
6  91  1  57
7  91  1  45
8  91  1  73
9  91  1  83
10  91  1  63
11  91  1  27
12  91  1  81
13  91  1  89
14  91  1  41
15  91  1  89
1  92  1  71
2  92  1  82
3  92  1  76
4  92  1  42
5  92  1  31
6  92  1  45
7  92  1  75
8  92  1  14
9  92  1  36
10  92  1  54
11  92  1  22
12  92  1  44
13  92  1  34
14  92  1  11
15  92  1  31
1  93  1  39
2  93  1  27
3  93  1  37
4  93  1  30
5  93  1  22
6  93  1  10
7  93  1  49
8  93  1  54
9  93  1  32
10  93  1  61
11  93  1  21
12  93  1  11
13  93  1  43
14  93  1  36
15  93  1  55
1  94  1  83
2  94  1  86
3  94  1  33
4  94  1  47
5  94  1  33
6  94  1  88
7  94  1  85
8  94  1  77
9  94  1  55
10  94  1  63
11  94  1  59
12  94  1  26
13  94  1  72
14  94  1  11
15  94  1  21
1  95  1  23
2  95  1  82
3  95  1  28
4  95  1  66
5  95  1  50
6  95  1  90
7  95  1  31
8  95  1  49
9  95  1  19
10  95  1  90
11  95  1  88
12  95  1  32
13  95  1  21
14  95  1  44
15  95  1  58
1  96  1  36
2  96  1  76
3  96  1  36
4  96  1  14
5  96  1  30
6  96  1  18
7  96  1  65
8  96  1  18
9  96  1  28
10  96  1  55
11  96  1  61
12  96  1  30
13  96  1  21
14  96  1  18
15  96  1  32
1  97  1  62
2  97  1  38
3  97  1  80
4  97  1  47
5  97  1  87
6  97  1  34
7  97  1  76
8  97  1  44
9  97  1  79
10  97  1  16
11  97  1  27
12  97  1  46
13  97  1  62
14  97  1  42
15  97  1  65
1  98  1  45
2  98  1  33
3  98  1  67
4  98  1  78
5  98  1  73
6  98  1  49
7  98  1  14
8  98  1  77
9  98  1  86
10  98  1  30
11  98  1  25
12  98  1  32
13  98  1  46
14  98  1  18
15  98  1  36
1  99  1  24
2  99  1  20
3  99  1  10
4  99  1  69
5  99  1  87
6  99  1  55
7  99  1  10
8  99  1  27
9  99  1  58
10  99  1  31
11  99  1  61
12  99  1  85
13  99  1  52
14  99  1  82
15  99  1  83
1  100  1  84
2  100  1  15
3  100  1  35
4  100  1  41
5  100  1  20
6  100  1  28
7  100  1  67
8  100  1  14
9  100  1  76
10  100  1  47
11  100  1  37
12  100  1  41
13  100  1  41
14  100  1  38
15  100  1  14
1  1  2  28.35
2  1  2  23.94
3  1  2  31.96
4  1  2  21.06
5  1  2  6.6
6  1  2  12.19
7  1  2  26.84
8  1  2  34.2
9  1  2  31.68
10  1  2  15.54
11  1  2  33.04
12  1  2  34.32
13  1  2  35.96
14  1  2  25.38
15  1  2  7.15
1  2  2  36.45
2  2  2  31.5
3  2  2  28.67
4  2  2  17.28
5  2  2  19.8
6  2  2  15.9
7  2  2  28.6
8  2  2  15.96
9  2  2  5.72
10  2  2  12.6
11  2  2  32.48
12  2  2  39.16
13  2  2  48.72
14  2  2  7.56
15  2  2  10.45
1  3  2  20.25
2  3  2  32.76
3  3  2  7.52
4  3  2  31.86
5  3  2  35.2
6  3  2  19.61
7  3  2  17.6
8  3  2  7.98
9  3  2  36.52
10  3  2  23.1
11  3  2  19.04
12  3  2  26.4
13  3  2  22.62
14  3  2  16.74
15  3  2  29.15
1  4  2  38.25
2  4  2  15.54
3  4  2  36.19
4  4  2  35.1
5  4  2  34.65
6  4  2  10.6
7  4  2  25.96
8  4  2  9.69
9  4  2  21.56
10  4  2  17.22
11  4  2  16.8
12  4  2  28.6
13  4  2  33.64
14  4  2  37.26
15  4  2  7.7
1  5  2  24.3
2  5  2  16.8
3  5  2  9.87
4  5  2  36.18
5  5  2  39.6
6  5  2  13.78
7  5  2  12.76
8  5  2  19.95
9  5  2  33
10  5  2  13.02
11  5  2  34.72
12  5  2  26.4
13  5  2  38.28
14  5  2  36.72
15  5  2  8.25
1  6  2  25.65
2  6  2  35.28
3  6  2  13.16
4  6  2  16.74
5  6  2  42.35
6  6  2  38.69
7  6  2  13.2
8  6  2  18.81
9  6  2  21.56
10  6  2  17.64
11  6  2  29.68
12  6  2  11
13  6  2  6.38
14  6  2  15.12
15  6  2  41.25
1  7  2  40.5
2  7  2  21
3  7  2  30.55
4  7  2  17.82
5  7  2  40.7
6  7  2  31.27
7  7  2  9.24
8  7  2  21.66
9  7  2  22.44
10  7  2  22.26
11  7  2  15.12
12  7  2  15.84
13  7  2  39.44
14  7  2  38.34
15  7  2  42.35
1  8  2  37.8
2  8  2  35.7
3  8  2  13.16
4  8  2  41.58
5  8  2  25.85
6  8  2  46.64
7  8  2  36.96
8  8  2  19.38
9  8  2  31.24
10  8  2  31.92
11  8  2  20.72
12  8  2  18.04
13  8  2  34.8
14  8  2  33.48
15  8  2  30.8
1  9  2  16.65
2  9  2  16.38
3  9  2  27.26
4  9  2  9.72
5  9  2  25.3
6  9  2  11.13
7  9  2  8.8
8  9  2  11.97
9  9  2  12.76
10  9  2  9.66
11  9  2  31.36
12  9  2  14.96
13  9  2  46.98
14  9  2  39.96
15  9  2  36.85
1  10  2  27
2  10  2  7.14
3  10  2  22.09
4  10  2  7.56
5  10  2  49.5
6  10  2  42.4
7  10  2  32.56
8  10  2  21.09
9  10  2  31.24
10  10  2  32.34
11  10  2  11.2
12  10  2  31.24
13  10  2  35.38
14  10  2  35.1
15  10  2  41.8
1  11  2  31.05
2  11  2  33.6
3  11  2  8.93
4  11  2  42.12
5  11  2  42.35
6  11  2  14.31
7  11  2  13.2
8  11  2  29.64
9  11  2  35.64
10  11  2  29.4
11  11  2  36.96
12  11  2  10.56
13  11  2  35.38
14  11  2  44.82
15  11  2  47.85
1  12  2  36.45
2  12  2  5.46
3  12  2  15.98
4  12  2  37.8
5  12  2  33
6  12  2  14.31
7  12  2  33.88
8  12  2  29.64
9  12  2  8.36
10  12  2  22.68
11  12  2  38.64
12  12  2  5.72
13  12  2  28.42
14  12  2  42.12
15  12  2  29.15
1  13  2  39.6
2  13  2  17.22
3  13  2  27.26
4  13  2  17.28
5  13  2  44.55
6  13  2  27.03
7  13  2  34.76
8  13  2  21.66
9  13  2  33
10  13  2  28.14
11  13  2  42
12  13  2  17.16
13  13  2  12.18
14  13  2  12.96
15  13  2  28.05
1  14  2  29.25
2  14  2  5.88
3  14  2  11.28
4  14  2  14.58
5  14  2  27.5
6  14  2  45.05
7  14  2  32.56
8  14  2  35.91
9  14  2  10.12
10  14  2  32.34
11  14  2  7.84
12  14  2  18.04
13  14  2  9.28
14  14  2  21.06
15  14  2  17.6
1  15  2  17.55
2  15  2  35.7
3  15  2  37.6
4  15  2  46.98
5  15  2  9.9
6  15  2  18.55
7  15  2  36.52
8  15  2  38.76
9  15  2  26.4
10  15  2  36.96
11  15  2  5.6
12  15  2  38.72
13  15  2  8.12
14  15  2  28.08
15  15  2  49.5
1  16  2  13.95
2  16  2  16.8
3  16  2  8.93
4  16  2  27.54
5  16  2  36.3
6  16  2  14.31
7  16  2  12.32
8  16  2  11.97
9  16  2  19.36
10  16  2  34.86
11  16  2  47.04
12  16  2  9.68
13  16  2  13.34
14  16  2  30.78
15  16  2  33
1  17  2  13.95
2  17  2  25.2
3  17  2  22.56
4  17  2  15.66
5  17  2  44.55
6  17  2  26.5
7  17  2  24.64
8  17  2  43.32
9  17  2  14.52
10  17  2  35.28
11  17  2  18.48
12  17  2  16.28
13  17  2  30.74
14  17  2  8.64
15  17  2  26.95
1  18  2  9
2  18  2  23.52
3  18  2  5.64
4  18  2  38.88
5  18  2  29.15
6  18  2  19.08
7  18  2  11.88
8  18  2  5.7
9  18  2  11
10  18  2  14.7
11  18  2  50.4
12  18  2  39.6
13  18  2  15.66
14  18  2  28.62
15  18  2  45.65
1  19  2  24.75
2  19  2  4.62
3  19  2  39.48
4  19  2  32.94
5  19  2  26.95
6  19  2  20.14
7  19  2  32.12
8  19  2  19.95
9  19  2  10.12
10  19  2  15.12
11  19  2  44.8
12  19  2  39.6
13  19  2  16.82
14  19  2  41.58
15  19  2  23.1
1  20  2  10.35
2  20  2  10.5
3  20  2  37.6
4  20  2  39.42
5  20  2  24.75
6  20  2  42.93
7  20  2  29.04
8  20  2  32.49
9  20  2  36.08
10  20  2  22.26
11  20  2  22.4
12  20  2  10.56
13  20  2  46.98
14  20  2  30.24
15  20  2  15.4
1  21  2  31.05
2  21  2  23.94
3  21  2  37.13
4  21  2  23.22
5  21  2  42.35
6  21  2  13.25
7  21  2  29.04
8  21  2  50.73
9  21  2  7.04
10  21  2  13.02
11  21  2  10.64
12  21  2  32.56
13  21  2  17.98
14  21  2  20.52
15  21  2  41.8
1  22  2  16.2
2  22  2  32.76
3  22  2  7.05
4  22  2  38.88
5  22  2  6.05
6  22  2  45.05
7  22  2  22.44
8  22  2  23.37
9  22  2  17.16
10  22  2  15.54
11  22  2  20.16
12  22  2  13.64
13  22  2  31.32
14  22  2  11.34
15  22  2  9.9
1  23  2  15.75
2  23  2  36.54
3  23  2  7.05
4  23  2  12.42
5  23  2  32.45
6  23  2  29.68
7  23  2  23.32
8  23  2  15.39
9  23  2  25.96
10  23  2  7.56
11  23  2  42.56
12  23  2  24.2
13  23  2  40.6
14  23  2  31.86
15  23  2  17.6
1  24  2  19.35
2  24  2  35.28
3  24  2  15.51
4  24  2  20.52
5  24  2  40.15
6  24  2  36.04
7  24  2  30.8
8  24  2  7.41
9  24  2  35.2
10  24  2  24.78
11  24  2  46.48
12  24  2  6.16
13  24  2  9.86
14  24  2  30.24
15  24  2  15.95
1  25  2  32.4
2  25  2  36.54
3  25  2  21.62
4  25  2  20.52
5  25  2  41.25
6  25  2  41.34
7  25  2  10.56
8  25  2  29.64
9  25  2  11
10  25  2  6.72
11  25  2  41.44
12  25  2  27.28
13  25  2  45.24
14  25  2  46.98
15  25  2  25.85
1  26  2  31.95
2  26  2  26.04
3  26  2  23.5
4  26  2  13.5
5  26  2  45.65
6  26  2  46.11
7  26  2  24.2
8  26  2  41.61
9  26  2  33
10  26  2  24.78
11  26  2  38.08
12  26  2  20.24
13  26  2  36.54
14  26  2  10.8
15  26  2  23.1
1  27  2  17.1
2  27  2  15.12
3  27  2  26.79
4  27  2  10.8
5  27  2  34.1
6  27  2  25.44
7  27  2  16.72
8  27  2  48.45
9  27  2  39.16
10  27  2  36.54
11  27  2  39.2
12  27  2  37.4
13  27  2  30.74
14  27  2  39.42
15  27  2  7.7
1  28  2  23.85
2  28  2  28.14
3  28  2  6.58
4  28  2  39.96
5  28  2  7.7
6  28  2  23.32
7  28  2  27.72
8  28  2  17.1
9  28  2  4.4
10  28  2  31.08
11  28  2  43.68
12  28  2  39.16
13  28  2  19.14
14  28  2  6.48
15  28  2  17.05
1  29  2  15.75
2  29  2  7.14
3  29  2  5.17
4  29  2  44.82
5  29  2  24.2
6  29  2  46.64
7  29  2  35.64
8  29  2  44.46
9  29  2  32.56
10  29  2  5.88
11  29  2  15.12
12  29  2  24.64
13  29  2  6.38
14  29  2  11.34
15  29  2  30.25
1  30  2  19.35
2  30  2  26.46
3  30  2  26.32
4  30  2  37.8
5  30  2  31.35
6  30  2  47.17
7  30  2  27.72
8  30  2  12.54
9  30  2  8.36
10  30  2  15.54
11  30  2  39.2
12  30  2  14.52
13  30  2  16.82
14  30  2  23.22
15  30  2  15.95
1  31  2  22.05
2  31  2  34.86
3  31  2  40.42
4  31  2  35.64
5  31  2  25.3
6  31  2  8.48
7  31  2  8.36
8  31  2  16.53
9  31  2  38.28
10  31  2  18.9
11  31  2  31.92
12  31  2  7.48
13  31  2  30.74
14  31  2  34.56
15  31  2  36.85
1  32  2  31.05
2  32  2  19.32
3  32  2  5.64
4  32  2  34.56
5  32  2  44
6  32  2  41.34
7  32  2  6.16
8  32  2  33.06
9  32  2  32.56
10  32  2  19.74
11  32  2  44.8
12  32  2  37.4
13  32  2  10.44
14  32  2  5.94
15  32  2  42.35
1  33  2  31.95
2  33  2  27.72
3  33  2  9.4
4  33  2  25.92
5  33  2  6.05
6  33  2  18.02
7  33  2  22.44
8  33  2  38.76
9  33  2  11.88
10  33  2  27.72
11  33  2  27.44
12  33  2  7.04
13  33  2  20.3
14  33  2  48.6
15  33  2  24.75
1  34  2  20.25
2  34  2  37.38
3  34  2  23.5
4  34  2  25.92
5  34  2  44
6  34  2  45.58
7  34  2  33.88
8  34  2  18.24
9  34  2  7.04
10  34  2  33.6
11  34  2  49.84
12  34  2  32.12
13  34  2  12.18
14  34  2  46.98
15  34  2  40.7
1  35  2  31.95
2  35  2  13.44
3  35  2  26.32
4  35  2  39.96
5  35  2  24.2
6  35  2  25.44
7  35  2  29.04
8  35  2  15.96
9  35  2  34.32
10  35  2  35.28
11  35  2  21.84
12  35  2  7.04
13  35  2  8.12
14  35  2  39.96
15  35  2  31.9
1  36  2  13.5
2  36  2  20.16
3  36  2  27.73
4  36  2  29.16
5  36  2  14.3
6  36  2  7.42
7  36  2  31.24
8  36  2  8.55
9  36  2  22.88
10  36  2  14.28
11  36  2  33.6
12  36  2  36.96
13  36  2  47.56
14  36  2  5.94
15  36  2  26.4
1  37  2  19.35
2  37  2  23.1
3  37  2  36.19
4  37  2  44.82
5  37  2  11
6  37  2  12.72
7  37  2  14.96
8  37  2  6.27
9  37  2  6.6
10  37  2  32.34
11  37  2  14
12  37  2  14.08
13  37  2  23.78
14  37  2  38.88
15  37  2  43.45
1  38  2  36.45
2  38  2  16.38
3  38  2  25.85
4  38  2  9.72
5  38  2  27.5
6  38  2  39.22
7  38  2  8.36
8  38  2  15.96
9  38  2  14.96
10  38  2  13.02
11  38  2  50.4
12  38  2  26.4
13  38  2  17.4
14  38  2  43.2
15  38  2  36.3
1  39  2  32.4
2  39  2  10.92
3  39  2  41.83
4  39  2  13.5
5  39  2  23.1
6  39  2  45.58
7  39  2  14.52
8  39  2  14.82
9  39  2  36.52
10  39  2  16.38
11  39  2  21.84
12  39  2  13.64
13  39  2  9.28
14  39  2  37.8
15  39  2  17.6
1  40  2  16.2
2  40  2  6.3
3  40  2  7.05
4  40  2  22.68
5  40  2  30.25
6  40  2  7.95
7  40  2  38.28
8  40  2  37.05
9  40  2  12.32
10  40  2  4.2
11  40  2  18.48
12  40  2  29.04
13  40  2  51.62
14  40  2  41.58
15  40  2  38.5
1  41  2  33.75
2  41  2  25.62
3  41  2  31.96
4  41  2  39.42
5  41  2  23.65
6  41  2  12.19
7  41  2  13.64
8  41  2  46.17
9  41  2  25.52
10  41  2  20.16
11  41  2  50.4
12  41  2  6.16
13  41  2  23.78
14  41  2  22.14
15  41  2  32.45
1  42  2  31.95
2  42  2  7.56
3  42  2  33.37
4  42  2  21.06
5  42  2  10.45
6  42  2  28.09
7  42  2  39.16
8  42  2  30.21
9  42  2  28.6
10  42  2  14.28
11  42  2  15.68
12  42  2  37.4
13  42  2  51.62
14  42  2  25.92
15  42  2  37.95
1  43  2  25.2
2  43  2  35.28
3  43  2  15.51
4  43  2  15.12
5  43  2  18.15
6  43  2  33.92
7  43  2  5.72
8  43  2  24.51
9  43  2  33
10  43  2  13.86
11  43  2  20.16
12  43  2  4.84
13  43  2  37.12
14  43  2  29.16
15  43  2  41.25
1  44  2  19.35
2  44  2  15.12
3  44  2  11.28
4  44  2  9.18
5  44  2  27.5
6  44  2  27.03
7  44  2  39.6
8  44  2  15.96
9  44  2  25.52
10  44  2  32.76
11  44  2  11.2
12  44  2  36.52
13  44  2  25.52
14  44  2  44.28
15  44  2  22.55
1  45  2  27.45
2  45  2  32.76
3  45  2  41.36
4  45  2  12.42
5  45  2  20.35
6  45  2  16.43
7  45  2  4.4
8  45  2  10.83
9  45  2  15.4
10  45  2  36.12
11  45  2  24.64
12  45  2  31.68
13  45  2  27.26
14  45  2  9.18
15  45  2  40.15
1  46  2  13.95
2  46  2  23.52
3  46  2  16.45
4  46  2  41.58
5  46  2  34.1
6  46  2  28.62
7  46  2  27.72
8  46  2  45.6
9  46  2  24.2
10  46  2  16.8
11  46  2  8.96
12  46  2  8.8
13  46  2  6.38
14  46  2  19.44
15  46  2  36.85
1  47  2  34.65
2  47  2  13.86
3  47  2  6.58
4  47  2  27
5  47  2  33
6  47  2  23.85
7  47  2  22
8  47  2  33.06
9  47  2  14.08
10  47  2  26.88
11  47  2  8.96
12  47  2  37.84
13  47  2  44.08
14  47  2  28.08
15  47  2  47.3
1  48  2  14.85
2  48  2  15.12
3  48  2  37.6
4  48  2  44.28
5  48  2  46.2
6  48  2  27.56
7  48  2  38.28
8  48  2  7.98
9  48  2  21.12
10  48  2  5.46
11  48  2  29.68
12  48  2  11
13  48  2  31.9
14  48  2  46.44
15  48  2  19.8
1  49  2  30.15
2  49  2  19.74
3  49  2  40.42
4  49  2  15.66
5  49  2  43.45
6  49  2  11.13
7  49  2  29.04
8  49  2  39.9
9  49  2  8.8
10  49  2  14.7
11  49  2  45.92
12  49  2  11.88
13  49  2  9.28
14  49  2  8.64
15  49  2  45.1
1  50  2  6.3
2  50  2  12.6
3  50  2  41.36
4  50  2  38.88
5  50  2  15.4
6  50  2  30.21
7  50  2  33.44
8  50  2  27.93
9  50  2  19.36
10  50  2  34.02
11  50  2  11.2
12  50  2  22.44
13  50  2  47.56
14  50  2  48.6
15  50  2  44.55
1  51  2  13.95
2  51  2  8.82
3  51  2  35.72
4  51  2  48.06
5  51  2  17.6
6  51  2  18.55
7  51  2  5.28
8  51  2  14.25
9  51  2  35.2
10  51  2  20.58
11  51  2  30.24
12  51  2  14.96
13  51  2  19.14
14  51  2  32.4
15  51  2  22
1  52  2  17.1
2  52  2  17.22
3  52  2  38.07
4  52  2  27.54
5  52  2  17.6
6  52  2  7.42
7  52  2  29.48
8  52  2  15.39
9  52  2  32.12
10  52  2  36.96
11  52  2  8.96
12  52  2  30.8
13  52  2  22.62
14  52  2  25.92
15  52  2  22
1  53  2  5.4
2  53  2  5.46
3  53  2  8.93
4  53  2  10.26
5  53  2  10.45
6  53  2  25.44
7  53  2  38.28
8  53  2  18.24
9  53  2  18.92
10  53  2  27.3
11  53  2  44.24
12  53  2  36.08
13  53  2  24.36
14  53  2  21.6
15  53  2  17.6
1  54  2  14.85
2  54  2  36.96
3  54  2  24.44
4  54  2  10.26
5  54  2  13.75
6  54  2  18.02
7  54  2  37.84
8  54  2  37.05
9  54  2  13.2
10  54  2  8.4
11  54  2  14.56
12  54  2  16.28
13  54  2  11.02
14  54  2  41.58
15  54  2  45.1
1  55  2  29.7
2  55  2  36.96
3  55  2  42.3
4  55  2  12.96
5  55  2  6.05
6  55  2  32.33
7  55  2  37.4
8  55  2  39.9
9  55  2  19.8
10  55  2  28.56
11  55  2  6.16
12  55  2  4.4
13  55  2  17.98
14  55  2  30.24
15  55  2  6.6
1  56  2  32.4
2  56  2  24.78
3  56  2  15.98
4  56  2  38.34
5  56  2  23.65
6  56  2  18.55
7  56  2  24.64
8  56  2  29.07
9  56  2  27.28
10  56  2  11.76
11  56  2  15.68
12  56  2  30.36
13  56  2  16.82
14  56  2  7.02
15  56  2  29.7
1  57  2  7.65
2  57  2  12.18
3  57  2  37.6
4  57  2  23.22
5  57  2  44.55
6  57  2  15.9
7  57  2  23.76
8  57  2  27.93
9  57  2  39.16
10  57  2  18.9
11  57  2  16.24
12  57  2  21.56
13  57  2  26.1
14  57  2  31.86
15  57  2  47.3
1  58  2  4.5
2  58  2  23.52
3  58  2  12.22
4  58  2  5.94
5  58  2  42.35
6  58  2  24.38
7  58  2  22
8  58  2  6.27
9  58  2  34.32
10  58  2  35.7
11  58  2  25.2
12  58  2  18.48
13  58  2  42.92
14  58  2  11.34
15  58  2  45.65
1  59  2  24.3
2  59  2  25.62
3  59  2  41.83
4  59  2  14.04
5  59  2  11
6  59  2  35.51
7  59  2  34.76
8  59  2  34.2
9  59  2  33.44
10  59  2  6.72
11  59  2  14
12  59  2  29.92
13  59  2  22.04
14  59  2  23.22
15  59  2  22.55
1  60  2  10.35
2  60  2  37.38
3  60  2  34.78
4  60  2  19.44
5  60  2  19.8
6  60  2  21.73
7  60  2  39.6
8  60  2  47.88
9  60  2  26.4
10  60  2  25.62
11  60  2  11.2
12  60  2  33
13  60  2  6.96
14  60  2  21.06
15  60  2  11.55
1  61  2  4.95
2  61  2  25.2
3  61  2  41.36
4  61  2  9.72
5  61  2  20.35
6  61  2  32.86
7  61  2  28.16
8  61  2  10.83
9  61  2  9.24
10  61  2  29.4
11  61  2  31.36
12  61  2  4.4
13  61  2  6.38
14  61  2  25.38
15  61  2  33
1  62  2  19.35
2  62  2  8.82
3  62  2  18.33
4  62  2  41.58
5  62  2  32.45
6  62  2  7.42
7  62  2  16.28
8  62  2  26.22
9  62  2  10.12
10  62  2  11.34
11  62  2  5.6
12  62  2  34.76
13  62  2  29
14  62  2  22.68
15  62  2  20.9
1  63  2  37.8
2  63  2  37.38
3  63  2  28.67
4  63  2  19.44
5  63  2  40.7
6  63  2  25.44
7  63  2  29.48
8  63  2  31.92
9  63  2  17.16
10  63  2  37.8
11  63  2  13.44
12  63  2  7.92
13  63  2  29.58
14  63  2  11.88
15  63  2  47.85
1  64  2  37.8
2  64  2  7.56
3  64  2  36.19
4  64  2  25.92
5  64  2  16.5
6  64  2  45.58
7  64  2  37.4
8  64  2  43.32
9  64  2  33
10  64  2  20.58
11  64  2  35.28
12  64  2  17.6
13  64  2  34.22
14  64  2  15.66
15  64  2  7.15
1  65  2  5.85
2  65  2  12.6
3  65  2  23.5
4  65  2  28.62
5  65  2  35.2
6  65  2  20.14
7  65  2  6.6
8  65  2  41.04
9  65  2  31.68
10  65  2  10.92
11  65  2  26.88
12  65  2  12.32
13  65  2  17.4
14  65  2  25.38
15  65  2  43.45
1  66  2  9.45
2  66  2  23.1
3  66  2  15.04
4  66  2  22.14
5  66  2  26.95
6  66  2  43.99
7  66  2  22
8  66  2  21.09
9  66  2  25.96
10  66  2  13.02
11  66  2  9.52
12  66  2  6.16
13  66  2  40.02
14  66  2  14.58
15  66  2  29.7
1  67  2  21.15
2  67  2  6.72
3  67  2  13.16
4  67  2  46.98
5  67  2  43.45
6  67  2  11.66
7  67  2  11.44
8  67  2  39.33
9  67  2  39.16
10  67  2  4.2
11  67  2  23.52
12  67  2  5.28
13  67  2  9.86
14  67  2  36.72
15  67  2  30.8
1  68  2  37.35
2  68  2  33.18
3  68  2  35.25
4  68  2  41.04
5  68  2  45.1
6  68  2  47.7
7  68  2  28.16
8  68  2  7.98
9  68  2  8.36
10  68  2  34.02
11  68  2  8.96
12  68  2  33.44
13  68  2  19.14
14  68  2  39.96
15  68  2  8.8
1  69  2  24.75
2  69  2  31.92
3  69  2  25.38
4  69  2  27.54
5  69  2  39.6
6  69  2  36.04
7  69  2  13.2
8  69  2  13.11
9  69  2  17.6
10  69  2  30.66
11  69  2  34.16
12  69  2  18.04
13  69  2  8.12
14  69  2  31.86
15  69  2  19.25
1  70  2  9
2  70  2  9.66
3  70  2  30.55
4  70  2  11.34
5  70  2  14.3
6  70  2  40.28
7  70  2  37.84
8  70  2  13.68
9  70  2  36.08
10  70  2  36.12
11  70  2  40.32
12  70  2  24.64
13  70  2  23.2
14  70  2  43.2
15  70  2  26.95
1  71  2  7.2
2  71  2  18.9
3  71  2  23.5
4  71  2  19.44
5  71  2  45.65
6  71  2  17.49
7  71  2  29.04
8  71  2  19.38
9  71  2  29.92
10  71  2  31.92
11  71  2  49.28
12  71  2  15.84
13  71  2  27.84
14  71  2  10.8
15  71  2  45.65
1  72  2  4.95
2  72  2  21.42
3  72  2  5.64
4  72  2  27.54
5  72  2  46.75
6  72  2  36.04
7  72  2  36.52
8  72  2  14.25
9  72  2  14.96
10  72  2  26.88
11  72  2  10.64
12  72  2  22
13  72  2  11.6
14  72  2  9.72
15  72  2  28.6
1  73  2  12.6
2  73  2  25.62
3  73  2  40.89
4  73  2  34.56
5  73  2  35.75
6  73  2  19.08
7  73  2  33
8  73  2  37.62
9  73  2  12.76
10  73  2  22.68
11  73  2  17.92
12  73  2  7.48
13  73  2  29
14  73  2  13.5
15  73  2  15.95
1  74  2  9.9
2  74  2  13.86
3  74  2  40.42
4  74  2  19.98
5  74  2  24.2
6  74  2  47.7
7  74  2  32.56
8  74  2  38.19
9  74  2  13.2
10  74  2  6.72
11  74  2  49.84
12  74  2  36.52
13  74  2  25.52
14  74  2  15.12
15  74  2  25.3
1  75  2  36.9
2  75  2  6.3
3  75  2  15.51
4  75  2  41.58
5  75  2  39.05
6  75  2  18.55
7  75  2  7.92
8  75  2  46.74
9  75  2  4.4
10  75  2  27.3
11  75  2  5.6
12  75  2  10.12
13  75  2  38.86
14  75  2  24.3
15  75  2  40.15
1  76  2  25.2
2  76  2  29.4
3  76  2  23.97
4  76  2  21.06
5  76  2  21.45
6  76  2  31.8
7  76  2  33.88
8  76  2  38.19
9  76  2  29.92
10  76  2  18.06
11  76  2  6.16
12  76  2  7.92
13  76  2  48.72
14  76  2  48.06
15  76  2  9.9
1  77  2  36.9
2  77  2  37.8
3  77  2  7.52
4  77  2  11.88
5  77  2  46.75
6  77  2  29.68
7  77  2  8.8
8  77  2  27.93
9  77  2  18.04
10  77  2  34.86
11  77  2  35.84
12  77  2  14.96
13  77  2  35.38
14  77  2  26.46
15  77  2  31.9
1  78  2  34.65
2  78  2  23.52
3  78  2  36.66
4  78  2  34.56
5  78  2  48.95
6  78  2  22.26
7  78  2  25.08
8  78  2  38.19
9  78  2  8.8
10  78  2  13.44
11  78  2  38.64
12  78  2  14.96
13  78  2  37.12
14  78  2  38.88
15  78  2  18.15
1  79  2  21.15
2  79  2  37.38
3  79  2  41.83
4  79  2  27.54
5  79  2  18.7
6  79  2  12.72
7  79  2  36.96
8  79  2  45.6
9  79  2  18.92
10  79  2  32.76
11  79  2  30.8
12  79  2  37.84
13  79  2  16.24
14  79  2  44.82
15  79  2  35.2
1  80  2  12.6
2  80  2  25.62
3  80  2  34.31
4  80  2  14.58
5  80  2  5.5
6  80  2  34.98
7  80  2  39.6
8  80  2  30.21
9  80  2  28.16
10  80  2  8.82
11  80  2  39.76
12  80  2  35.2
13  80  2  48.72
14  80  2  43.2
15  80  2  17.05
1  81  2  15.75
2  81  2  13.86
3  81  2  26.32
4  81  2  14.04
5  81  2  13.2
6  81  2  44.52
7  81  2  11.44
8  81  2  12.54
9  81  2  36.52
10  81  2  31.92
11  81  2  8.4
12  81  2  14.08
13  81  2  42.92
14  81  2  5.94
15  81  2  26.95
1  82  2  33.3
2  82  2  12.6
3  82  2  35.72
4  82  2  10.26
5  82  2  13.75
6  82  2  5.83
7  82  2  5.72
8  82  2  11.97
9  82  2  11.44
10  82  2  25.62
11  82  2  12.88
12  82  2  39.6
13  82  2  26.68
14  82  2  27
15  82  2  30.25
1  83  2  22.5
2  83  2  23.52
3  83  2  34.31
4  83  2  9.72
5  83  2  30.25
6  83  2  28.09
7  83  2  15.4
8  83  2  33.06
9  83  2  39.16
10  83  2  31.08
11  83  2  21.84
12  83  2  26.4
13  83  2  29
14  83  2  14.04
15  83  2  15.95
1  84  2  36.9
2  84  2  32.76
3  84  2  10.34
4  84  2  38.88
5  84  2  39.05
6  84  2  26.5
7  84  2  12.76
8  84  2  14.25
9  84  2  15.4
10  84  2  4.2
11  84  2  17.92
12  84  2  8.8
13  84  2  13.34
14  84  2  37.26
15  84  2  45.1
1  85  2  28.8
2  85  2  18.9
3  85  2  16.92
4  85  2  36.72
5  85  2  34.65
6  85  2  39.22
7  85  2  19.8
8  85  2  13.11
9  85  2  4.4
10  85  2  5.88
11  85  2  25.76
12  85  2  6.16
13  85  2  18.56
14  85  2  32.4
15  85  2  20.9
1  86  2  30.15
2  86  2  22.26
3  86  2  19.27
4  86  2  41.04
5  86  2  21.45
6  86  2  21.2
7  86  2  13.64
8  86  2  49.02
9  86  2  22.88
10  86  2  20.58
11  86  2  48.72
12  86  2  35.64
13  86  2  19.72
14  86  2  21.06
15  86  2  44
1  87  2  5.4
2  87  2  34.44
3  87  2  17.39
4  87  2  25.92
5  87  2  34.65
6  87  2  24.38
7  87  2  5.72
8  87  2  30.78
9  87  2  19.36
10  87  2  13.02
11  87  2  41.44
12  87  2  38.72
13  87  2  25.52
14  87  2  27
15  87  2  39.05
1  88  2  32.4
2  88  2  18.48
3  88  2  27.26
4  88  2  41.58
5  88  2  41.8
6  88  2  17.49
7  88  2  7.92
8  88  2  42.18
9  88  2  8.8
10  88  2  10.92
11  88  2  8.96
12  88  2  16.72
13  88  2  37.12
14  88  2  34.02
15  88  2  33
1  89  2  30.6
2  89  2  18.9
3  89  2  34.31
4  89  2  33.48
5  89  2  40.15
6  89  2  28.62
7  89  2  23.76
8  89  2  15.96
9  89  2  32.12
10  89  2  21.84
11  89  2  22.4
12  89  2  4.4
13  89  2  11.02
14  89  2  15.66
15  89  2  35.2
1  90  2  6.3
2  90  2  30.24
3  90  2  19.27
4  90  2  44.28
5  90  2  31.35
6  90  2  34.98
7  90  2  29.48
8  90  2  22.8
9  90  2  36.08
10  90  2  33.18
11  90  2  43.68
12  90  2  36.52
13  90  2  26.1
14  90  2  21.6
15  90  2  17.05
1  91  2  15.75
2  91  2  13.86
3  91  2  15.98
4  91  2  27.54
5  91  2  38.5
6  91  2  30.21
7  91  2  19.8
8  91  2  41.61
9  91  2  36.52
10  91  2  26.46
11  91  2  15.12
12  91  2  35.64
13  91  2  51.62
14  91  2  22.14
15  91  2  48.95
1  92  2  31.95
2  92  2  34.44
3  92  2  35.72
4  92  2  22.68
5  92  2  17.05
6  92  2  23.85
7  92  2  33
8  92  2  7.98
9  92  2  15.84
10  92  2  22.68
11  92  2  12.32
12  92  2  19.36
13  92  2  19.72
14  92  2  5.94
15  92  2  17.05
1  93  2  17.55
2  93  2  11.34
3  93  2  17.39
4  93  2  16.2
5  93  2  12.1
6  93  2  5.3
7  93  2  21.56
8  93  2  30.78
9  93  2  14.08
10  93  2  25.62
11  93  2  11.76
12  93  2  4.84
13  93  2  24.94
14  93  2  19.44
15  93  2  30.25
1  94  2  37.35
2  94  2  36.12
3  94  2  15.51
4  94  2  25.38
5  94  2  18.15
6  94  2  46.64
7  94  2  37.4
8  94  2  43.89
9  94  2  24.2
10  94  2  26.46
11  94  2  33.04
12  94  2  11.44
13  94  2  41.76
14  94  2  5.94
15  94  2  11.55
1  95  2  10.35
2  95  2  34.44
3  95  2  13.16
4  95  2  35.64
5  95  2  27.5
6  95  2  47.7
7  95  2  13.64
8  95  2  27.93
9  95  2  8.36
10  95  2  37.8
11  95  2  49.28
12  95  2  14.08
13  95  2  12.18
14  95  2  23.76
15  95  2  31.9
1  96  2  16.2
2  96  2  31.92
3  96  2  16.92
4  96  2  7.56
5  96  2  16.5
6  96  2  9.54
7  96  2  28.6
8  96  2  10.26
9  96  2  12.32
10  96  2  23.1
11  96  2  34.16
12  96  2  13.2
13  96  2  12.18
14  96  2  9.72
15  96  2  17.6
1  97  2  27.9
2  97  2  15.96
3  97  2  37.6
4  97  2  25.38
5  97  2  47.85
6  97  2  18.02
7  97  2  33.44
8  97  2  25.08
9  97  2  34.76
10  97  2  6.72
11  97  2  15.12
12  97  2  20.24
13  97  2  35.96
14  97  2  22.68
15  97  2  35.75
1  98  2  20.25
2  98  2  13.86
3  98  2  31.49
4  98  2  42.12
5  98  2  40.15
6  98  2  25.97
7  98  2  6.16
8  98  2  43.89
9  98  2  37.84
10  98  2  12.6
11  98  2  14
12  98  2  14.08
13  98  2  26.68
14  98  2  9.72
15  98  2  19.8
1  99  2  10.8
2  99  2  8.4
3  99  2  4.7
4  99  2  37.26
5  99  2  47.85
6  99  2  29.15
7  99  2  4.4
8  99  2  15.39
9  99  2  25.52
10  99  2  13.02
11  99  2  34.16
12  99  2  37.4
13  99  2  30.16
14  99  2  44.28
15  99  2  45.65
1  100  2  37.8
2  100  2  6.3
3  100  2  16.45
4  100  2  22.14
5  100  2  11
6  100  2  14.84
7  100  2  29.48
8  100  2  7.98
9  100  2  33.44
10  100  2  19.74
11  100  2  20.72
12  100  2  18.04
13  100  2  23.78
14  100  2  20.52
15  100  2  7.7
;

param xi_base :=
1  1  63
2  1  57
3  1  68
4  1  39
5  1  12
6  1  23
7  1  61
8  1  60
9  1  72
10  1  37
11  1  59
12  1  78
13  1  62
14  1  47
15  1  13
1  2  81
2  2  75
3  2  61
4  2  32
5  2  36
6  2  30
7  2  65
8  2  28
9  2  13
10  2  30
11  2  58
12  2  89
13  2  84
14  2  14
15  2  19
1  3  45
2  3  78
3  3  16
4  3  59
5  3  64
6  3  37
7  3  40
8  3  14
9  3  83
10  3  55
11  3  34
12  3  60
13  3  39
14  3  31
15  3  53
1  4  85
2  4  37
3  4  77
4  4  65
5  4  63
6  4  20
7  4  59
8  4  17
9  4  49
10  4  41
11  4  30
12  4  65
13  4  58
14  4  69
15  4  14
1  5  54
2  5  40
3  5  21
4  5  67
5  5  72
6  5  26
7  5  29
8  5  35
9  5  75
10  5  31
11  5  62
12  5  60
13  5  66
14  5  68
15  5  15
1  6  57
2  6  84
3  6  28
4  6  31
5  6  77
6  6  73
7  6  30
8  6  33
9  6  49
10  6  42
11  6  53
12  6  25
13  6  11
14  6  28
15  6  75
1  7  90
2  7  50
3  7  65
4  7  33
5  7  74
6  7  59
7  7  21
8  7  38
9  7  51
10  7  53
11  7  27
12  7  36
13  7  68
14  7  71
15  7  77
1  8  84
2  8  85
3  8  28
4  8  77
5  8  47
6  8  88
7  8  84
8  8  34
9  8  71
10  8  76
11  8  37
12  8  41
13  8  60
14  8  62
15  8  56
1  9  37
2  9  39
3  9  58
4  9  18
5  9  46
6  9  21
7  9  20
8  9  21
9  9  29
10  9  23
11  9  56
12  9  34
13  9  81
14  9  74
15  9  67
1  10  60
2  10  17
3  10  47
4  10  14
5  10  90
6  10  80
7  10  74
8  10  37
9  10  71
10  10  77
11  10  20
12  10  71
13  10  61
14  10  65
15  10  76
1  11  69
2  11  80
3  11  19
4  11  78
5  11  77
6  11  27
7  11  30
8  11  52
9  11  81
10  11  70
11  11  66
12  11  24
13  11  61
14  11  83
15  11  87
1  12  81
2  12  13
3  12  34
4  12  70
5  12  60
6  12  27
7  12  77
8  12  52
9  12  19
10  12  54
11  12  69
12  12  13
13  12  49
14  12  78
15  12  53
1  13  88
2  13  41
3  13  58
4  13  32
5  13  81
6  13  51
7  13  79
8  13  38
9  13  75
10  13  67
11  13  75
12  13  39
13  13  21
14  13  24
15  13  51
1  14  65
2  14  14
3  14  24
4  14  27
5  14  50
6  14  85
7  14  74
8  14  63
9  14  23
10  14  77
11  14  14
12  14  41
13  14  16
14  14  39
15  14  32
1  15  39
2  15  85
3  15  80
4  15  87
5  15  18
6  15  35
7  15  83
8  15  68
9  15  60
10  15  88
11  15  10
12  15  88
13  15  14
14  15  52
15  15  90
1  16  31
2  16  40
3  16  19
4  16  51
5  16  66
6  16  27
7  16  28
8  16  21
9  16  44
10  16  83
11  16  84
12  16  22
13  16  23
14  16  57
15  16  60
1  17  31
2  17  60
3  17  48
4  17  29
5  17  81
6  17  50
7  17  56
8  17  76
9  17  33
10  17  84
11  17  33
12  17  37
13  17  53
14  17  16
15  17  49
1  18  20
2  18  56
3  18  12
4  18  72
5  18  53
6  18  36
7  18  27
8  18  10
9  18  25
10  18  35
11  18  90
12  18  90
13  18  27
14  18  53
15  18  83
1  19  55
2  19  11
3  19  84
4  19  61
5  19  49
6  19  38
7  19  73
8  19  35
9  19  23
10  19  36
11  19  80
12  19  90
13  19  29
14  19  77
15  19  42
1  20  23
2  20  25
3  20  80
4  20  73
5  20  45
6  20  81
7  20  66
8  20  57
9  20  82
10  20  53
11  20  40
12  20  24
13  20  81
14  20  56
15  20  28
1  21  69
2  21  57
3  21  79
4  21  43
5  21  77
6  21  25
7  21  66
8  21  89
9  21  16
10  21  31
11  21  19
12  21  74
13  21  31
14  21  38
15  21  76
1  22  36
2  22  78
3  22  15
4  22  72
5  22  11
6  22  85
7  22  51
8  22  41
9  22  39
10  22  37
11  22  36
12  22  31
13  22  54
14  22  21
15  22  18
1  23  35
2  23  87
3  23  15
4  23  23
5  23  59
6  23  56
7  23  53
8  23  27
9  23  59
10  23  18
11  23  76
12  23  55
13  23  70
14  23  59
15  23  32
1  24  43
2  24  84
3  24  33
4  24  38
5  24  73
6  24  68
7  24  70
8  24  13
9  24  80
10  24  59
11  24  83
12  24  14
13  24  17
14  24  56
15  24  29
1  25  72
2  25  87
3  25  46
4  25  38
5  25  75
6  25  78
7  25  24
8  25  52
9  25  25
10  25  16
11  25  74
12  25  62
13  25  78
14  25  87
15  25  47
1  26  71
2  26  62
3  26  50
4  26  25
5  26  83
6  26  87
7  26  55
8  26  73
9  26  75
10  26  59
11  26  68
12  26  46
13  26  63
14  26  20
15  26  42
1  27  38
2  27  36
3  27  57
4  27  20
5  27  62
6  27  48
7  27  38
8  27  85
9  27  89
10  27  87
11  27  70
12  27  85
13  27  53
14  27  73
15  27  14
1  28  53
2  28  67
3  28  14
4  28  74
5  28  14
6  28  44
7  28  63
8  28  30
9  28  10
10  28  74
11  28  78
12  28  89
13  28  33
14  28  12
15  28  31
1  29  35
2  29  17
3  29  11
4  29  83
5  29  44
6  29  88
7  29  81
8  29  78
9  29  74
10  29  14
11  29  27
12  29  56
13  29  11
14  29  21
15  29  55
1  30  43
2  30  63
3  30  56
4  30  70
5  30  57
6  30  89
7  30  63
8  30  22
9  30  19
10  30  37
11  30  70
12  30  33
13  30  29
14  30  43
15  30  29
1  31  49
2  31  83
3  31  86
4  31  66
5  31  46
6  31  16
7  31  19
8  31  29
9  31  87
10  31  45
11  31  57
12  31  17
13  31  53
14  31  64
15  31  67
1  32  69
2  32  46
3  32  12
4  32  64
5  32  80
6  32  78
7  32  14
8  32  58
9  32  74
10  32  47
11  32  80
12  32  85
13  32  18
14  32  11
15  32  77
1  33  71
2  33  66
3  33  20
4  33  48
5  33  11
6  33  34
7  33  51
8  33  68
9  33  27
10  33  66
11  33  49
12  33  16
13  33  35
14  33  90
15  33  45
1  34  45
2  34  89
3  34  50
4  34  48
5  34  80
6  34  86
7  34  77
8  34  32
9  34  16
10  34  80
11  34  89
12  34  73
13  34  21
14  34  87
15  34  74
1  35  71
2  35  32
3  35  56
4  35  74
5  35  44
6  35  48
7  35  66
8  35  28
9  35  78
10  35  84
11  35  39
12  35  16
13  35  14
14  35  74
15  35  58
1  36  30
2  36  48
3  36  59
4  36  54
5  36  26
6  36  14
7  36  71
8  36  15
9  36  52
10  36  34
11  36  60
12  36  84
13  36  82
14  36  11
15  36  48
1  37  43
2  37  55
3  37  77
4  37  83
5  37  20
6  37  24
7  37  34
8  37  11
9  37  15
10  37  77
11  37  25
12  37  32
13  37  41
14  37  72
15  37  79
1  38  81
2  38  39
3  38  55
4  38  18
5  38  50
6  38  74
7  38  19
8  38  28
9  38  34
10  38  31
11  38  90
12  38  60
13  38  30
14  38  80
15  38  66
1  39  72
2  39  26
3  39  89
4  39  25
5  39  42
6  39  86
7  39  33
8  39  26
9  39  83
10  39  39
11  39  39
12  39  31
13  39  16
14  39  70
15  39  32
1  40  36
2  40  15
3  40  15
4  40  42
5  40  55
6  40  15
7  40  87
8  40  65
9  40  28
10  40  10
11  40  33
12  40  66
13  40  89
14  40  77
15  40  70
1  41  75
2  41  61
3  41  68
4  41  73
5  41  43
6  41  23
7  41  31
8  41  81
9  41  58
10  41  48
11  41  90
12  41  14
13  41  41
14  41  41
15  41  59
1  42  71
2  42  18
3  42  71
4  42  39
5  42  19
6  42  53
7  42  89
8  42  53
9  42  65
10  42  34
11  42  28
12  42  85
13  42  89
14  42  48
15  42  69
1  43  56
2  43  84
3  43  33
4  43  28
5  43  33
6  43  64
7  43  13
8  43  43
9  43  75
10  43  33
11  43  36
12  43  11
13  43  64
14  43  54
15  43  75
1  44  43
2  44  36
3  44  24
4  44  17
5  44  50
6  44  51
7  44  90
8  44  28
9  44  58
10  44  78
11  44  20
12  44  83
13  44  44
14  44  82
15  44  41
1  45  61
2  45  78
3  45  88
4  45  23
5  45  37
6  45  31
7  45  10
8  45  19
9  45  35
10  45  86
11  45  44
12  45  72
13  45  47
14  45  17
15  45  73
1  46  31
2  46  56
3  46  35
4  46  77
5  46  62
6  46  54
7  46  63
8  46  80
9  46  55
10  46  40
11  46  16
12  46  20
13  46  11
14  46  36
15  46  67
1  47  77
2  47  33
3  47  14
4  47  50
5  47  60
6  47  45
7  47  50
8  47  58
9  47  32
10  47  64
11  47  16
12  47  86
13  47  76
14  47  52
15  47  86
1  48  33
2  48  36
3  48  80
4  48  82
5  48  84
6  48  52
7  48  87
8  48  14
9  48  48
10  48  13
11  48  53
12  48  25
13  48  55
14  48  86
15  48  36
1  49  67
2  49  47
3  49  86
4  49  29
5  49  79
6  49  21
7  49  66
8  49  70
9  49  20
10  49  35
11  49  82
12  49  27
13  49  16
14  49  16
15  49  82
1  50  14
2  50  30
3  50  88
4  50  72
5  50  28
6  50  57
7  50  76
8  50  49
9  50  44
10  50  81
11  50  20
12  50  51
13  50  82
14  50  90
15  50  81
1  51  31
2  51  21
3  51  76
4  51  89
5  51  32
6  51  35
7  51  12
8  51  25
9  51  80
10  51  49
11  51  54
12  51  34
13  51  33
14  51  60
15  51  40
1  52  38
2  52  41
3  52  81
4  52  51
5  52  32
6  52  14
7  52  67
8  52  27
9  52  73
10  52  88
11  52  16
12  52  70
13  52  39
14  52  48
15  52  40
1  53  12
2  53  13
3  53  19
4  53  19
5  53  19
6  53  48
7  53  87
8  53  32
9  53  43
10  53  65
11  53  79
12  53  82
13  53  42
14  53  40
15  53  32
1  54  33
2  54  88
3  54  52
4  54  19
5  54  25
6  54  34
7  54  86
8  54  65
9  54  30
10  54  20
11  54  26
12  54  37
13  54  19
14  54  77
15  54  82
1  55  66
2  55  88
3  55  90
4  55  24
5  55  11
6  55  61
7  55  85
8  55  70
9  55  45
10  55  68
11  55  11
12  55  10
13  55  31
14  55  56
15  55  12
1  56  72
2  56  59
3  56  34
4  56  71
5  56  43
6  56  35
7  56  56
8  56  51
9  56  62
10  56  28
11  56  28
12  56  69
13  56  29
14  56  13
15  56  54
1  57  17
2  57  29
3  57  80
4  57  43
5  57  81
6  57  30
7  57  54
8  57  49
9  57  89
10  57  45
11  57  29
12  57  49
13  57  45
14  57  59
15  57  86
1  58  10
2  58  56
3  58  26
4  58  11
5  58  77
6  58  46
7  58  50
8  58  11
9  58  78
10  58  85
11  58  45
12  58  42
13  58  74
14  58  21
15  58  83
1  59  54
2  59  61
3  59  89
4  59  26
5  59  20
6  59  67
7  59  79
8  59  60
9  59  76
10  59  16
11  59  25
12  59  68
13  59  38
14  59  43
15  59  41
1  60  23
2  60  89
3  60  74
4  60  36
5  60  36
6  60  41
7  60  90
8  60  84
9  60  60
10  60  61
11  60  20
12  60  75
13  60  12
14  60  39
15  60  21
1  61  11
2  61  60
3  61  88
4  61  18
5  61  37
6  61  62
7  61  64
8  61  19
9  61  21
10  61  70
11  61  56
12  61  10
13  61  11
14  61  47
15  61  60
1  62  43
2  62  21
3  62  39
4  62  77
5  62  59
6  62  14
7  62  37
8  62  46
9  62  23
10  62  27
11  62  10
12  62  79
13  62  50
14  62  42
15  62  38
1  63  84
2  63  89
3  63  61
4  63  36
5  63  74
6  63  48
7  63  67
8  63  56
9  63  39
10  63  90
11  63  24
12  63  18
13  63  51
14  63  22
15  63  87
1  64  84
2  64  18
3  64  77
4  64  48
5  64  30
6  64  86
7  64  85
8  64  76
9  64  75
10  64  49
11  64  63
12  64  40
13  64  59
14  64  29
15  64  13
1  65  13
2  65  30
3  65  50
4  65  53
5  65  64
6  65  38
7  65  15
8  65  72
9  65  72
10  65  26
11  65  48
12  65  28
13  65  30
14  65  47
15  65  79
1  66  21
2  66  55
3  66  32
4  66  41
5  66  49
6  66  83
7  66  50
8  66  37
9  66  59
10  66  31
11  66  17
12  66  14
13  66  69
14  66  27
15  66  54
1  67  47
2  67  16
3  67  28
4  67  87
5  67  79
6  67  22
7  67  26
8  67  69
9  67  89
10  67  10
11  67  42
12  67  12
13  67  17
14  67  68
15  67  56
1  68  83
2  68  79
3  68  75
4  68  76
5  68  82
6  68  90
7  68  64
8  68  14
9  68  19
10  68  81
11  68  16
12  68  76
13  68  33
14  68  74
15  68  16
1  69  55
2  69  76
3  69  54
4  69  51
5  69  72
6  69  68
7  69  30
8  69  23
9  69  40
10  69  73
11  69  61
12  69  41
13  69  14
14  69  59
15  69  35
1  70  20
2  70  23
3  70  65
4  70  21
5  70  26
6  70  76
7  70  86
8  70  24
9  70  82
10  70  86
11  70  72
12  70  56
13  70  40
14  70  80
15  70  49
1  71  16
2  71  45
3  71  50
4  71  36
5  71  83
6  71  33
7  71  66
8  71  34
9  71  68
10  71  76
11  71  88
12  71  36
13  71  48
14  71  20
15  71  83
1  72  11
2  72  51
3  72  12
4  72  51
5  72  85
6  72  68
7  72  83
8  72  25
9  72  34
10  72  64
11  72  19
12  72  50
13  72  20
14  72  18
15  72  52
1  73  28
2  73  61
3  73  87
4  73  64
5  73  65
6  73  36
7  73  75
8  73  66
9  73  29
10  73  54
11  73  32
12  73  17
13  73  50
14  73  25
15  73  29
1  74  22
2  74  33
3  74  86
4  74  37
5  74  44
6  74  90
7  74  74
8  74  67
9  74  30
10  74  16
11  74  89
12  74  83
13  74  44
14  74  28
15  74  46
1  75  82
2  75  15
3  75  33
4  75  77
5  75  71
6  75  35
7  75  18
8  75  82
9  75  10
10  75  65
11  75  10
12  75  23
13  75  67
14  75  45
15  75  73
1  76  56
2  76  70
3  76  51
4  76  39
5  76  39
6  76  60
7  76  77
8  76  67
9  76  68
10  76  43
11  76  11
12  76  18
13  76  84
14  76  89
15  76  18
1  77  82
2  77  90
3  77  16
4  77  22
5  77  85
6  77  56
7  77  20
8  77  49
9  77  41
10  77  83
11  77  64
12  77  34
13  77  61
14  77  49
15  77  58
1  78  77
2  78  56
3  78  78
4  78  64
5  78  89
6  78  42
7  78  57
8  78  67
9  78  20
10  78  32
11  78  69
12  78  34
13  78  64
14  78  72
15  78  33
1  79  47
2  79  89
3  79  89
4  79  51
5  79  34
6  79  24
7  79  84
8  79  80
9  79  43
10  79  78
11  79  55
12  79  86
13  79  28
14  79  83
15  79  64
1  80  28
2  80  61
3  80  73
4  80  27
5  80  10
6  80  66
7  80  90
8  80  53
9  80  64
10  80  21
11  80  71
12  80  80
13  80  84
14  80  80
15  80  31
1  81  35
2  81  33
3  81  56
4  81  26
5  81  24
6  81  84
7  81  26
8  81  22
9  81  83
10  81  76
11  81  15
12  81  32
13  81  74
14  81  11
15  81  49
1  82  74
2  82  30
3  82  76
4  82  19
5  82  25
6  82  11
7  82  13
8  82  21
9  82  26
10  82  61
11  82  23
12  82  90
13  82  46
14  82  50
15  82  55
1  83  50
2  83  56
3  83  73
4  83  18
5  83  55
6  83  53
7  83  35
8  83  58
9  83  89
10  83  74
11  83  39
12  83  60
13  83  50
14  83  26
15  83  29
1  84  82
2  84  78
3  84  22
4  84  72
5  84  71
6  84  50
7  84  29
8  84  25
9  84  35
10  84  10
11  84  32
12  84  20
13  84  23
14  84  69
15  84  82
1  85  64
2  85  45
3  85  36
4  85  68
5  85  63
6  85  74
7  85  45
8  85  23
9  85  10
10  85  14
11  85  46
12  85  14
13  85  32
14  85  60
15  85  38
1  86  67
2  86  53
3  86  41
4  86  76
5  86  39
6  86  40
7  86  31
8  86  86
9  86  52
10  86  49
11  86  87
12  86  81
13  86  34
14  86  39
15  86  80
1  87  12
2  87  82
3  87  37
4  87  48
5  87  63
6  87  46
7  87  13
8  87  54
9  87  44
10  87  31
11  87  74
12  87  88
13  87  44
14  87  50
15  87  71
1  88  72
2  88  44
3  88  58
4  88  77
5  88  76
6  88  33
7  88  18
8  88  74
9  88  20
10  88  26
11  88  16
12  88  38
13  88  64
14  88  63
15  88  60
1  89  68
2  89  45
3  89  73
4  89  62
5  89  73
6  89  54
7  89  54
8  89  28
9  89  73
10  89  52
11  89  40
12  89  10
13  89  19
14  89  29
15  89  64
1  90  14
2  90  72
3  90  41
4  90  82
5  90  57
6  90  66
7  90  67
8  90  40
9  90  82
10  90  79
11  90  78
12  90  83
13  90  45
14  90  40
15  90  31
1  91  35
2  91  33
3  91  34
4  91  51
5  91  70
6  91  57
7  91  45
8  91  73
9  91  83
10  91  63
11  91  27
12  91  81
13  91  89
14  91  41
15  91  89
1  92  71
2  92  82
3  92  76
4  92  42
5  92  31
6  92  45
7  92  75
8  92  14
9  92  36
10  92  54
11  92  22
12  92  44
13  92  34
14  92  11
15  92  31
1  93  39
2  93  27
3  93  37
4  93  30
5  93  22
6  93  10
7  93  49
8  93  54
9  93  32
10  93  61
11  93  21
12  93  11
13  93  43
14  93  36
15  93  55
1  94  83
2  94  86
3  94  33
4  94  47
5  94  33
6  94  88
7  94  85
8  94  77
9  94  55
10  94  63
11  94  59
12  94  26
13  94  72
14  94  11
15  94  21
1  95  23
2  95  82
3  95  28
4  95  66
5  95  50
6  95  90
7  95  31
8  95  49
9  95  19
10  95  90
11  95  88
12  95  32
13  95  21
14  95  44
15  95  58
1  96  36
2  96  76
3  96  36
4  96  14
5  96  30
6  96  18
7  96  65
8  96  18
9  96  28
10  96  55
11  96  61
12  96  30
13  96  21
14  96  18
15  96  32
1  97  62
2  97  38
3  97  80
4  97  47
5  97  87
6  97  34
7  97  76
8  97  44
9  97  79
10  97  16
11  97  27
12  97  46
13  97  62
14  97  42
15  97  65
1  98  45
2  98  33
3  98  67
4  98  78
5  98  73
6  98  49
7  98  14
8  98  77
9  98  86
10  98  30
11  98  25
12  98  32
13  98  46
14  98  18
15  98  36
1  99  24
2  99  20
3  99  10
4  99  69
5  99  87
6  99  55
7  99  10
8  99  27
9  99  58
10  99  31
11  99  61
12  99  85
13  99  52
14  99  82
15  99  83
1  100  84
2  100  15
3  100  35
4  100  41
5  100  20
6  100  28
7  100  67
8  100  14
9  100  76
10  100  47
11  100  37
12  100  41
13  100  41
14  100  38
15  100  14
;

param a :=
1  1  1
2  1  0.45
1  2  1
2  2  0.42
1  3  1
2  3  0.47
1  4  1
2  4  0.54
1  5  1
2  5  0.55
1  6  1
2  6  0.53
1  7  1
2  7  0.44
1  8  1
2  8  0.57
1  9  1
2  9  0.44
1  10  1
2  10  0.42
1  11  1
2  11  0.56
1  12  1
2  12  0.44
1  13  1
2  13  0.58
1  14  1
2  14  0.54
1  15  1
2  15  0.55
;

