param com_measure1 := 1;

param com_measure2 := 1;

param kappa_max := 398.255;

param U_tau := 498.5213;

param nT := 2;

param nS := 200;

param nL := 10;

param B := 255.27;

param w :=
1  2
2  3
3  2
4  3
5  3
6  3
7  3
8  2
9  1
10  2
;

param h :=
1  1  0
1  2  0
1  3  0
1  4  0
1  5  0
1  6  0
1  7  0
1  8  0
1  9  0
1  10  0
2  1  53.55
2  2  51.38
2  3  52.94
2  4  50.61
2  5  51.00
2  6  48.84
2  7  57.73
2  8  42.12
2  9  41.32
2  10  61.05
;

param xi :=
1  1  1  55
2  1  1  79
3  1  1  32
4  1  1  18
5  1  1  24
6  1  1  19
7  1  1  75
8  1  1  79
9  1  1  90
10  1  1  58
1  2  1  69
2  2  1  58
3  2  1  30
4  2  1  50
5  2  1  79
6  2  1  21
7  2  1  14
8  2  1  85
9  2  1  49
10  2  1  74
1  3  1  84
2  3  1  67
3  3  1  62
4  3  1  37
5  3  1  84
6  3  1  46
7  3  1  81
8  3  1  71
9  3  1  79
10  3  1  86
1  4  1  59
2  4  1  71
3  4  1  58
4  4  1  57
5  4  1  59
6  4  1  26
7  4  1  45
8  4  1  64
9  4  1  20
10  4  1  21
1  5  1  86
2  5  1  82
3  5  1  72
4  5  1  51
5  5  1  46
6  5  1  60
7  5  1  79
8  5  1  32
9  5  1  32
10  5  1  12
1  6  1  59
2  6  1  47
3  6  1  48
4  6  1  51
5  6  1  84
6  6  1  13
7  6  1  77
8  6  1  69
9  6  1  21
10  6  1  11
1  7  1  17
2  7  1  58
3  7  1  68
4  7  1  78
5  7  1  16
6  7  1  58
7  7  1  67
8  7  1  56
9  7  1  17
10  7  1  66
1  8  1  58
2  8  1  51
3  8  1  46
4  8  1  48
5  8  1  87
6  8  1  19
7  8  1  36
8  8  1  34
9  8  1  48
10  8  1  73
1  9  1  84
2  9  1  75
3  9  1  51
4  9  1  45
5  9  1  16
6  9  1  45
7  9  1  54
8  9  1  30
9  9  1  44
10  9  1  23
1  10  1  80
2  10  1  83
3  10  1  54
4  10  1  22
5  10  1  56
6  10  1  88
7  10  1  40
8  10  1  25
9  10  1  71
10  10  1  75
1  11  1  30
2  11  1  70
3  11  1  16
4  11  1  28
5  11  1  25
6  11  1  42
7  11  1  62
8  11  1  32
9  11  1  17
10  11  1  83
1  12  1  67
2  12  1  58
3  12  1  89
4  12  1  90
5  12  1  21
6  12  1  75
7  12  1  70
8  12  1  53
9  12  1  55
10  12  1  18
1  13  1  21
2  13  1  10
3  13  1  79
4  13  1  86
5  13  1  71
6  13  1  10
7  13  1  87
8  13  1  70
9  13  1  34
10  13  1  53
1  14  1  10
2  14  1  57
3  14  1  54
4  14  1  49
5  14  1  38
6  14  1  33
7  14  1  83
8  14  1  33
9  14  1  26
10  14  1  30
1  15  1  57
2  15  1  41
3  15  1  86
4  15  1  50
5  15  1  33
6  15  1  41
7  15  1  48
8  15  1  12
9  15  1  43
10  15  1  14
1  16  1  31
2  16  1  54
3  16  1  14
4  16  1  85
5  16  1  15
6  16  1  10
7  16  1  46
8  16  1  40
9  16  1  12
10  16  1  51
1  17  1  66
2  17  1  84
3  17  1  41
4  17  1  90
5  17  1  38
6  17  1  14
7  17  1  25
8  17  1  11
9  17  1  59
10  17  1  69
1  18  1  83
2  18  1  16
3  18  1  76
4  18  1  50
5  18  1  18
6  18  1  10
7  18  1  61
8  18  1  19
9  18  1  50
10  18  1  45
1  19  1  31
2  19  1  64
3  19  1  45
4  19  1  75
5  19  1  16
6  19  1  21
7  19  1  79
8  19  1  83
9  19  1  61
10  19  1  63
1  20  1  58
2  20  1  21
3  20  1  24
4  20  1  56
5  20  1  76
6  20  1  89
7  20  1  17
8  20  1  34
9  20  1  49
10  20  1  57
1  21  1  58
2  21  1  44
3  21  1  83
4  21  1  35
5  21  1  25
6  21  1  66
7  21  1  86
8  21  1  42
9  21  1  33
10  21  1  31
1  22  1  76
2  22  1  24
3  22  1  75
4  22  1  67
5  22  1  15
6  22  1  14
7  22  1  31
8  22  1  50
9  22  1  35
10  22  1  22
1  23  1  30
2  23  1  38
3  23  1  52
4  23  1  25
5  23  1  34
6  23  1  63
7  23  1  86
8  23  1  64
9  23  1  23
10  23  1  51
1  24  1  53
2  24  1  47
3  24  1  45
4  24  1  84
5  24  1  66
6  24  1  40
7  24  1  68
8  24  1  17
9  24  1  40
10  24  1  13
1  25  1  49
2  25  1  87
3  25  1  38
4  25  1  16
5  25  1  80
6  25  1  57
7  25  1  49
8  25  1  87
9  25  1  11
10  25  1  39
1  26  1  43
2  26  1  11
3  26  1  74
4  26  1  35
5  26  1  21
6  26  1  66
7  26  1  57
8  26  1  24
9  26  1  36
10  26  1  26
1  27  1  61
2  27  1  88
3  27  1  12
4  27  1  13
5  27  1  17
6  27  1  11
7  27  1  57
8  27  1  44
9  27  1  18
10  27  1  25
1  28  1  87
2  28  1  90
3  28  1  17
4  28  1  63
5  28  1  47
6  28  1  43
7  28  1  47
8  28  1  81
9  28  1  11
10  28  1  33
1  29  1  57
2  29  1  80
3  29  1  88
4  29  1  82
5  29  1  88
6  29  1  43
7  29  1  22
8  29  1  85
9  29  1  58
10  29  1  66
1  30  1  67
2  30  1  20
3  30  1  68
4  30  1  85
5  30  1  85
6  30  1  43
7  30  1  12
8  30  1  19
9  30  1  89
10  30  1  54
1  31  1  79
2  31  1  49
3  31  1  39
4  31  1  90
5  31  1  52
6  31  1  47
7  31  1  28
8  31  1  29
9  31  1  57
10  31  1  89
1  32  1  90
2  32  1  79
3  32  1  59
4  32  1  87
5  32  1  51
6  32  1  33
7  32  1  52
8  32  1  24
9  32  1  66
10  32  1  33
1  33  1  73
2  33  1  51
3  33  1  87
4  33  1  10
5  33  1  71
6  33  1  29
7  33  1  37
8  33  1  37
9  33  1  13
10  33  1  80
1  34  1  21
2  34  1  37
3  34  1  32
4  34  1  35
5  34  1  60
6  34  1  75
7  34  1  66
8  34  1  86
9  34  1  75
10  34  1  84
1  35  1  17
2  35  1  40
3  35  1  34
4  35  1  88
5  35  1  82
6  35  1  15
7  35  1  22
8  35  1  89
9  35  1  74
10  35  1  31
1  36  1  46
2  36  1  52
3  36  1  18
4  36  1  56
5  36  1  55
6  36  1  69
7  36  1  25
8  36  1  67
9  36  1  12
10  36  1  74
1  37  1  78
2  37  1  55
3  37  1  45
4  37  1  35
5  37  1  31
6  37  1  21
7  37  1  75
8  37  1  51
9  37  1  39
10  37  1  50
1  38  1  59
2  38  1  34
3  38  1  38
4  38  1  12
5  38  1  74
6  38  1  37
7  38  1  19
8  38  1  47
9  38  1  76
10  38  1  12
1  39  1  81
2  39  1  10
3  39  1  60
4  39  1  34
5  39  1  41
6  39  1  54
7  39  1  39
8  39  1  84
9  39  1  65
10  39  1  80
1  40  1  63
2  40  1  35
3  40  1  43
4  40  1  85
5  40  1  85
6  40  1  43
7  40  1  15
8  40  1  42
9  40  1  42
10  40  1  90
1  41  1  30
2  41  1  20
3  41  1  39
4  41  1  74
5  41  1  69
6  41  1  54
7  41  1  21
8  41  1  44
9  41  1  25
10  41  1  29
1  42  1  23
2  42  1  43
3  42  1  64
4  42  1  47
5  42  1  52
6  42  1  71
7  42  1  19
8  42  1  49
9  42  1  89
10  42  1  79
1  43  1  19
2  43  1  84
3  43  1  87
4  43  1  19
5  43  1  36
6  43  1  54
7  43  1  82
8  43  1  51
9  43  1  25
10  43  1  22
1  44  1  73
2  44  1  45
3  44  1  63
4  44  1  40
5  44  1  49
6  44  1  46
7  44  1  82
8  44  1  60
9  44  1  81
10  44  1  25
1  45  1  67
2  45  1  63
3  45  1  74
4  45  1  40
5  45  1  51
6  45  1  53
7  45  1  63
8  45  1  45
9  45  1  78
10  45  1  50
1  46  1  89
2  46  1  49
3  46  1  36
4  46  1  46
5  46  1  88
6  46  1  11
7  46  1  45
8  46  1  58
9  46  1  67
10  46  1  16
1  47  1  32
2  47  1  38
3  47  1  15
4  47  1  68
5  47  1  77
6  47  1  58
7  47  1  13
8  47  1  44
9  47  1  89
10  47  1  67
1  48  1  48
2  48  1  83
3  48  1  57
4  48  1  86
5  48  1  90
6  48  1  83
7  48  1  81
8  48  1  84
9  48  1  31
10  48  1  69
1  49  1  90
2  49  1  19
3  49  1  75
4  49  1  45
5  49  1  82
6  49  1  38
7  49  1  17
8  49  1  36
9  49  1  69
10  49  1  62
1  50  1  15
2  50  1  74
3  50  1  47
4  50  1  13
5  50  1  82
6  50  1  78
7  50  1  24
8  50  1  82
9  50  1  65
10  50  1  19
1  51  1  58
2  51  1  80
3  51  1  67
4  51  1  49
5  51  1  46
6  51  1  23
7  51  1  35
8  51  1  62
9  51  1  68
10  51  1  47
1  52  1  26
2  52  1  54
3  52  1  71
4  52  1  62
5  52  1  28
6  52  1  89
7  52  1  60
8  52  1  79
9  52  1  31
10  52  1  63
1  53  1  17
2  53  1  51
3  53  1  50
4  53  1  46
5  53  1  50
6  53  1  33
7  53  1  11
8  53  1  10
9  53  1  78
10  53  1  51
1  54  1  83
2  54  1  66
3  54  1  80
4  54  1  82
5  54  1  27
6  54  1  45
7  54  1  61
8  54  1  62
9  54  1  88
10  54  1  80
1  55  1  83
2  55  1  52
3  55  1  22
4  55  1  36
5  55  1  13
6  55  1  46
7  55  1  81
8  55  1  70
9  55  1  24
10  55  1  34
1  56  1  89
2  56  1  41
3  56  1  75
4  56  1  16
5  56  1  28
6  56  1  83
7  56  1  16
8  56  1  81
9  56  1  53
10  56  1  32
1  57  1  30
2  57  1  51
3  57  1  57
4  57  1  21
5  57  1  71
6  57  1  72
7  57  1  89
8  57  1  62
9  57  1  36
10  57  1  16
1  58  1  46
2  58  1  47
3  58  1  59
4  58  1  66
5  58  1  45
6  58  1  37
7  58  1  17
8  58  1  54
9  58  1  25
10  58  1  63
1  59  1  46
2  59  1  89
3  59  1  73
4  59  1  62
5  59  1  68
6  59  1  45
7  59  1  52
8  59  1  19
9  59  1  28
10  59  1  10
1  60  1  79
2  60  1  62
3  60  1  63
4  60  1  14
5  60  1  90
6  60  1  45
7  60  1  46
8  60  1  77
9  60  1  67
10  60  1  68
1  61  1  26
2  61  1  27
3  61  1  70
4  61  1  65
5  61  1  62
6  61  1  41
7  61  1  84
8  61  1  62
9  61  1  62
10  61  1  34
1  62  1  39
2  62  1  78
3  62  1  51
4  62  1  90
5  62  1  63
6  62  1  42
7  62  1  15
8  62  1  82
9  62  1  13
10  62  1  79
1  63  1  55
2  63  1  57
3  63  1  24
4  63  1  84
5  63  1  82
6  63  1  66
7  63  1  51
8  63  1  54
9  63  1  33
10  63  1  59
1  64  1  69
2  64  1  26
3  64  1  37
4  64  1  62
5  64  1  12
6  64  1  42
7  64  1  16
8  64  1  88
9  64  1  19
10  64  1  34
1  65  1  79
2  65  1  83
3  65  1  76
4  65  1  59
5  65  1  54
6  65  1  88
7  65  1  41
8  65  1  21
9  65  1  49
10  65  1  20
1  66  1  50
2  66  1  10
3  66  1  73
4  66  1  33
5  66  1  52
6  66  1  45
7  66  1  29
8  66  1  74
9  66  1  46
10  66  1  29
1  67  1  39
2  67  1  63
3  67  1  85
4  67  1  26
5  67  1  48
6  67  1  42
7  67  1  55
8  67  1  34
9  67  1  56
10  67  1  70
1  68  1  42
2  68  1  29
3  68  1  51
4  68  1  61
5  68  1  40
6  68  1  19
7  68  1  68
8  68  1  60
9  68  1  31
10  68  1  24
1  69  1  28
2  69  1  24
3  69  1  88
4  69  1  82
5  69  1  42
6  69  1  84
7  69  1  18
8  69  1  18
9  69  1  44
10  69  1  10
1  70  1  49
2  70  1  64
3  70  1  60
4  70  1  65
5  70  1  74
6  70  1  53
7  70  1  69
8  70  1  67
9  70  1  25
10  70  1  18
1  71  1  45
2  71  1  72
3  71  1  25
4  71  1  49
5  71  1  12
6  71  1  49
7  71  1  15
8  71  1  58
9  71  1  15
10  71  1  64
1  72  1  78
2  72  1  39
3  72  1  84
4  72  1  23
5  72  1  39
6  72  1  34
7  72  1  37
8  72  1  44
9  72  1  65
10  72  1  88
1  73  1  36
2  73  1  67
3  73  1  46
4  73  1  83
5  73  1  56
6  73  1  59
7  73  1  57
8  73  1  74
9  73  1  56
10  73  1  54
1  74  1  86
2  74  1  38
3  74  1  56
4  74  1  19
5  74  1  16
6  74  1  31
7  74  1  52
8  74  1  77
9  74  1  15
10  74  1  44
1  75  1  15
2  75  1  48
3  75  1  70
4  75  1  76
5  75  1  43
6  75  1  40
7  75  1  82
8  75  1  52
9  75  1  80
10  75  1  78
1  76  1  13
2  76  1  35
3  76  1  17
4  76  1  46
5  76  1  90
6  76  1  16
7  76  1  66
8  76  1  53
9  76  1  64
10  76  1  90
1  77  1  57
2  77  1  23
3  77  1  54
4  77  1  48
5  77  1  68
6  77  1  76
7  77  1  44
8  77  1  89
9  77  1  85
10  77  1  22
1  78  1  50
2  78  1  73
3  78  1  31
4  78  1  21
5  78  1  48
6  78  1  83
7  78  1  43
8  78  1  22
9  78  1  47
10  78  1  33
1  79  1  36
2  79  1  59
3  79  1  80
4  79  1  38
5  79  1  62
6  79  1  53
7  79  1  41
8  79  1  83
9  79  1  57
10  79  1  66
1  80  1  45
2  80  1  70
3  80  1  81
4  80  1  27
5  80  1  12
6  80  1  82
7  80  1  56
8  80  1  59
9  80  1  71
10  80  1  54
1  81  1  22
2  81  1  63
3  81  1  63
4  81  1  85
5  81  1  48
6  81  1  60
7  81  1  88
8  81  1  48
9  81  1  17
10  81  1  48
1  82  1  89
2  82  1  46
3  82  1  23
4  82  1  15
5  82  1  79
6  82  1  80
7  82  1  85
8  82  1  75
9  82  1  25
10  82  1  73
1  83  1  67
2  83  1  65
3  83  1  47
4  83  1  60
5  83  1  73
6  83  1  57
7  83  1  48
8  83  1  52
9  83  1  60
10  83  1  71
1  84  1  31
2  84  1  82
3  84  1  47
4  84  1  26
5  84  1  53
6  84  1  87
7  84  1  84
8  84  1  31
9  84  1  27
10  84  1  85
1  85  1  31
2  85  1  54
3  85  1  22
4  85  1  34
5  85  1  48
6  85  1  18
7  85  1  14
8  85  1  20
9  85  1  31
10  85  1  51
1  86  1  77
2  86  1  22
3  86  1  10
4  86  1  82
5  86  1  67
6  86  1  44
7  86  1  55
8  86  1  88
9  86  1  75
10  86  1  85
1  87  1  46
2  87  1  87
3  87  1  36
4  87  1  48
5  87  1  14
6  87  1  81
7  87  1  75
8  87  1  41
9  87  1  24
10  87  1  45
1  88  1  35
2  88  1  50
3  88  1  42
4  88  1  60
5  88  1  30
6  88  1  78
7  88  1  87
8  88  1  64
9  88  1  41
10  88  1  86
1  89  1  29
2  89  1  68
3  89  1  68
4  89  1  81
5  89  1  89
6  89  1  45
7  89  1  75
8  89  1  31
9  89  1  89
10  89  1  51
1  90  1  39
2  90  1  40
3  90  1  44
4  90  1  43
5  90  1  79
6  90  1  21
7  90  1  25
8  90  1  79
9  90  1  59
10  90  1  24
1  91  1  43
2  91  1  35
3  91  1  31
4  91  1  82
5  91  1  64
6  91  1  68
7  91  1  90
8  91  1  55
9  91  1  86
10  91  1  87
1  92  1  58
2  92  1  28
3  92  1  17
4  92  1  36
5  92  1  15
6  92  1  80
7  92  1  83
8  92  1  30
9  92  1  39
10  92  1  89
1  93  1  28
2  93  1  42
3  93  1  57
4  93  1  31
5  93  1  40
6  93  1  85
7  93  1  50
8  93  1  32
9  93  1  13
10  93  1  79
1  94  1  12
2  94  1  56
3  94  1  19
4  94  1  18
5  94  1  70
6  94  1  24
7  94  1  14
8  94  1  83
9  94  1  89
10  94  1  87
1  95  1  79
2  95  1  22
3  95  1  66
4  95  1  77
5  95  1  13
6  95  1  31
7  95  1  73
8  95  1  58
9  95  1  52
10  95  1  40
1  96  1  25
2  96  1  55
3  96  1  85
4  96  1  63
5  96  1  72
6  96  1  41
7  96  1  35
8  96  1  77
9  96  1  34
10  96  1  67
1  97  1  78
2  97  1  63
3  97  1  38
4  97  1  55
5  97  1  25
6  97  1  18
7  97  1  54
8  97  1  86
9  97  1  30
10  97  1  54
1  98  1  17
2  98  1  62
3  98  1  60
4  98  1  56
5  98  1  28
6  98  1  67
7  98  1  44
8  98  1  79
9  98  1  38
10  98  1  86
1  99  1  86
2  99  1  87
3  99  1  29
4  99  1  22
5  99  1  20
6  99  1  38
7  99  1  11
8  99  1  55
9  99  1  69
10  99  1  70
1  100  1  39
2  100  1  73
3  100  1  56
4  100  1  43
5  100  1  27
6  100  1  48
7  100  1  60
8  100  1  55
9  100  1  54
10  100  1  19
1  101  1  47
2  101  1  68
3  101  1  62
4  101  1  22
5  101  1  75
6  101  1  30
7  101  1  45
8  101  1  43
9  101  1  83
10  101  1  12
1  102  1  43
2  102  1  11
3  102  1  31
4  102  1  50
5  102  1  52
6  102  1  51
7  102  1  37
8  102  1  34
9  102  1  42
10  102  1  46
1  103  1  13
2  103  1  12
3  103  1  85
4  103  1  44
5  103  1  80
6  103  1  53
7  103  1  73
8  103  1  21
9  103  1  47
10  103  1  16
1  104  1  30
2  104  1  38
3  104  1  33
4  104  1  54
5  104  1  66
6  104  1  31
7  104  1  21
8  104  1  88
9  104  1  37
10  104  1  72
1  105  1  61
2  105  1  13
3  105  1  39
4  105  1  54
5  105  1  19
6  105  1  36
7  105  1  11
8  105  1  25
9  105  1  55
10  105  1  20
1  106  1  75
2  106  1  37
3  106  1  48
4  106  1  87
5  106  1  45
6  106  1  47
7  106  1  32
8  106  1  36
9  106  1  90
10  106  1  62
1  107  1  90
2  107  1  59
3  107  1  33
4  107  1  44
5  107  1  48
6  107  1  12
7  107  1  60
8  107  1  32
9  107  1  48
10  107  1  79
1  108  1  10
2  108  1  70
3  108  1  66
4  108  1  74
5  108  1  37
6  108  1  88
7  108  1  71
8  108  1  21
9  108  1  39
10  108  1  79
1  109  1  24
2  109  1  58
3  109  1  18
4  109  1  72
5  109  1  10
6  109  1  55
7  109  1  68
8  109  1  87
9  109  1  40
10  109  1  23
1  110  1  89
2  110  1  68
3  110  1  33
4  110  1  81
5  110  1  33
6  110  1  61
7  110  1  80
8  110  1  10
9  110  1  14
10  110  1  85
1  111  1  26
2  111  1  37
3  111  1  38
4  111  1  25
5  111  1  61
6  111  1  10
7  111  1  70
8  111  1  55
9  111  1  73
10  111  1  84
1  112  1  23
2  112  1  77
3  112  1  50
4  112  1  15
5  112  1  72
6  112  1  88
7  112  1  43
8  112  1  62
9  112  1  78
10  112  1  40
1  113  1  10
2  113  1  10
3  113  1  67
4  113  1  13
5  113  1  78
6  113  1  89
7  113  1  87
8  113  1  67
9  113  1  41
10  113  1  21
1  114  1  53
2  114  1  19
3  114  1  22
4  114  1  25
5  114  1  14
6  114  1  82
7  114  1  76
8  114  1  62
9  114  1  61
10  114  1  43
1  115  1  15
2  115  1  65
3  115  1  71
4  115  1  26
5  115  1  42
6  115  1  90
7  115  1  34
8  115  1  69
9  115  1  63
10  115  1  62
1  116  1  59
2  116  1  20
3  116  1  36
4  116  1  51
5  116  1  80
6  116  1  14
7  116  1  13
8  116  1  14
9  116  1  71
10  116  1  16
1  117  1  19
2  117  1  17
3  117  1  13
4  117  1  56
5  117  1  35
6  117  1  26
7  117  1  32
8  117  1  42
9  117  1  57
10  117  1  52
1  118  1  42
2  118  1  72
3  118  1  64
4  118  1  56
5  118  1  20
6  118  1  82
7  118  1  22
8  118  1  48
9  118  1  38
10  118  1  77
1  119  1  20
2  119  1  37
3  119  1  16
4  119  1  78
5  119  1  81
6  119  1  54
7  119  1  26
8  119  1  53
9  119  1  61
10  119  1  49
1  120  1  79
2  120  1  78
3  120  1  71
4  120  1  87
5  120  1  53
6  120  1  66
7  120  1  59
8  120  1  85
9  120  1  40
10  120  1  43
1  121  1  36
2  121  1  51
3  121  1  10
4  121  1  28
5  121  1  73
6  121  1  76
7  121  1  33
8  121  1  47
9  121  1  28
10  121  1  18
1  122  1  47
2  122  1  30
3  122  1  80
4  122  1  68
5  122  1  46
6  122  1  21
7  122  1  22
8  122  1  52
9  122  1  34
10  122  1  46
1  123  1  82
2  123  1  36
3  123  1  53
4  123  1  23
5  123  1  74
6  123  1  75
7  123  1  53
8  123  1  48
9  123  1  26
10  123  1  79
1  124  1  87
2  124  1  18
3  124  1  12
4  124  1  77
5  124  1  23
6  124  1  30
7  124  1  50
8  124  1  11
9  124  1  41
10  124  1  29
1  125  1  63
2  125  1  71
3  125  1  51
4  125  1  89
5  125  1  79
6  125  1  38
7  125  1  33
8  125  1  39
9  125  1  14
10  125  1  87
1  126  1  57
2  126  1  63
3  126  1  46
4  126  1  20
5  126  1  40
6  126  1  66
7  126  1  48
8  126  1  45
9  126  1  67
10  126  1  76
1  127  1  52
2  127  1  71
3  127  1  37
4  127  1  17
5  127  1  10
6  127  1  88
7  127  1  79
8  127  1  70
9  127  1  50
10  127  1  33
1  128  1  70
2  128  1  67
3  128  1  12
4  128  1  61
5  128  1  29
6  128  1  13
7  128  1  17
8  128  1  46
9  128  1  13
10  128  1  20
1  129  1  38
2  129  1  25
3  129  1  33
4  129  1  54
5  129  1  52
6  129  1  12
7  129  1  38
8  129  1  39
9  129  1  76
10  129  1  53
1  130  1  80
2  130  1  72
3  130  1  83
4  130  1  29
5  130  1  30
6  130  1  70
7  130  1  43
8  130  1  45
9  130  1  27
10  130  1  65
1  131  1  52
2  131  1  31
3  131  1  71
4  131  1  55
5  131  1  17
6  131  1  18
7  131  1  48
8  131  1  34
9  131  1  21
10  131  1  44
1  132  1  10
2  132  1  49
3  132  1  55
4  132  1  20
5  132  1  72
6  132  1  45
7  132  1  20
8  132  1  28
9  132  1  85
10  132  1  40
1  133  1  17
2  133  1  46
3  133  1  32
4  133  1  50
5  133  1  83
6  133  1  15
7  133  1  35
8  133  1  27
9  133  1  77
10  133  1  51
1  134  1  25
2  134  1  54
3  134  1  58
4  134  1  44
5  134  1  25
6  134  1  70
7  134  1  78
8  134  1  21
9  134  1  75
10  134  1  83
1  135  1  47
2  135  1  13
3  135  1  24
4  135  1  29
5  135  1  57
6  135  1  57
7  135  1  50
8  135  1  32
9  135  1  82
10  135  1  16
1  136  1  83
2  136  1  65
3  136  1  40
4  136  1  54
5  136  1  62
6  136  1  66
7  136  1  46
8  136  1  82
9  136  1  33
10  136  1  45
1  137  1  79
2  137  1  82
3  137  1  31
4  137  1  78
5  137  1  68
6  137  1  67
7  137  1  17
8  137  1  37
9  137  1  39
10  137  1  81
1  138  1  18
2  138  1  57
3  138  1  33
4  138  1  50
5  138  1  52
6  138  1  83
7  138  1  50
8  138  1  64
9  138  1  44
10  138  1  37
1  139  1  10
2  139  1  43
3  139  1  12
4  139  1  29
5  139  1  61
6  139  1  74
7  139  1  28
8  139  1  81
9  139  1  26
10  139  1  68
1  140  1  30
2  140  1  88
3  140  1  42
4  140  1  78
5  140  1  60
6  140  1  90
7  140  1  74
8  140  1  37
9  140  1  61
10  140  1  84
1  141  1  46
2  141  1  26
3  141  1  33
4  141  1  46
5  141  1  19
6  141  1  32
7  141  1  37
8  141  1  77
9  141  1  11
10  141  1  80
1  142  1  67
2  142  1  88
3  142  1  82
4  142  1  11
5  142  1  20
6  142  1  22
7  142  1  77
8  142  1  73
9  142  1  57
10  142  1  55
1  143  1  27
2  143  1  39
3  143  1  61
4  143  1  21
5  143  1  29
6  143  1  27
7  143  1  87
8  143  1  70
9  143  1  64
10  143  1  40
1  144  1  40
2  144  1  72
3  144  1  67
4  144  1  60
5  144  1  50
6  144  1  51
7  144  1  29
8  144  1  68
9  144  1  86
10  144  1  62
1  145  1  37
2  145  1  41
3  145  1  64
4  145  1  51
5  145  1  83
6  145  1  37
7  145  1  12
8  145  1  26
9  145  1  19
10  145  1  78
1  146  1  23
2  146  1  17
3  146  1  39
4  146  1  23
5  146  1  71
6  146  1  50
7  146  1  68
8  146  1  33
9  146  1  53
10  146  1  63
1  147  1  83
2  147  1  88
3  147  1  22
4  147  1  89
5  147  1  72
6  147  1  90
7  147  1  16
8  147  1  11
9  147  1  62
10  147  1  26
1  148  1  42
2  148  1  77
3  148  1  12
4  148  1  32
5  148  1  64
6  148  1  38
7  148  1  19
8  148  1  28
9  148  1  73
10  148  1  39
1  149  1  10
2  149  1  40
3  149  1  22
4  149  1  68
5  149  1  31
6  149  1  67
7  149  1  48
8  149  1  80
9  149  1  18
10  149  1  52
1  150  1  12
2  150  1  79
3  150  1  13
4  150  1  18
5  150  1  83
6  150  1  56
7  150  1  79
8  150  1  86
9  150  1  39
10  150  1  90
1  151  1  19
2  151  1  70
3  151  1  12
4  151  1  87
5  151  1  43
6  151  1  47
7  151  1  57
8  151  1  25
9  151  1  71
10  151  1  52
1  152  1  19
2  152  1  10
3  152  1  25
4  152  1  17
5  152  1  31
6  152  1  25
7  152  1  16
8  152  1  48
9  152  1  27
10  152  1  89
1  153  1  18
2  153  1  29
3  153  1  22
4  153  1  75
5  153  1  45
6  153  1  62
7  153  1  77
8  153  1  58
9  153  1  87
10  153  1  49
1  154  1  88
2  154  1  34
3  154  1  31
4  154  1  54
5  154  1  60
6  154  1  45
7  154  1  55
8  154  1  83
9  154  1  55
10  154  1  86
1  155  1  31
2  155  1  55
3  155  1  14
4  155  1  80
5  155  1  80
6  155  1  81
7  155  1  43
8  155  1  23
9  155  1  28
10  155  1  56
1  156  1  41
2  156  1  68
3  156  1  18
4  156  1  39
5  156  1  16
6  156  1  83
7  156  1  15
8  156  1  75
9  156  1  81
10  156  1  30
1  157  1  62
2  157  1  32
3  157  1  47
4  157  1  18
5  157  1  15
6  157  1  23
7  157  1  52
8  157  1  35
9  157  1  73
10  157  1  38
1  158  1  17
2  158  1  76
3  158  1  72
4  158  1  39
5  158  1  71
6  158  1  50
7  158  1  68
8  158  1  35
9  158  1  55
10  158  1  35
1  159  1  84
2  159  1  53
3  159  1  17
4  159  1  27
5  159  1  23
6  159  1  65
7  159  1  84
8  159  1  42
9  159  1  83
10  159  1  19
1  160  1  48
2  160  1  77
3  160  1  80
4  160  1  16
5  160  1  86
6  160  1  84
7  160  1  78
8  160  1  78
9  160  1  79
10  160  1  45
1  161  1  76
2  161  1  56
3  161  1  22
4  161  1  28
5  161  1  47
6  161  1  31
7  161  1  73
8  161  1  16
9  161  1  63
10  161  1  49
1  162  1  70
2  162  1  52
3  162  1  80
4  162  1  21
5  162  1  29
6  162  1  64
7  162  1  40
8  162  1  16
9  162  1  77
10  162  1  89
1  163  1  60
2  163  1  60
3  163  1  90
4  163  1  60
5  163  1  27
6  163  1  41
7  163  1  77
8  163  1  12
9  163  1  48
10  163  1  52
1  164  1  82
2  164  1  71
3  164  1  73
4  164  1  68
5  164  1  17
6  164  1  21
7  164  1  59
8  164  1  43
9  164  1  77
10  164  1  81
1  165  1  78
2  165  1  28
3  165  1  34
4  165  1  35
5  165  1  84
6  165  1  29
7  165  1  27
8  165  1  89
9  165  1  41
10  165  1  49
1  166  1  64
2  166  1  54
3  166  1  52
4  166  1  74
5  166  1  88
6  166  1  19
7  166  1  76
8  166  1  36
9  166  1  68
10  166  1  47
1  167  1  42
2  167  1  57
3  167  1  36
4  167  1  21
5  167  1  25
6  167  1  19
7  167  1  74
8  167  1  40
9  167  1  21
10  167  1  85
1  168  1  65
2  168  1  38
3  168  1  28
4  168  1  11
5  168  1  50
6  168  1  52
7  168  1  69
8  168  1  31
9  168  1  66
10  168  1  15
1  169  1  52
2  169  1  80
3  169  1  68
4  169  1  58
5  169  1  82
6  169  1  10
7  169  1  15
8  169  1  11
9  169  1  38
10  169  1  35
1  170  1  71
2  170  1  60
3  170  1  30
4  170  1  53
5  170  1  81
6  170  1  10
7  170  1  70
8  170  1  77
9  170  1  62
10  170  1  41
1  171  1  23
2  171  1  66
3  171  1  52
4  171  1  46
5  171  1  62
6  171  1  86
7  171  1  77
8  171  1  77
9  171  1  72
10  171  1  26
1  172  1  46
2  172  1  35
3  172  1  72
4  172  1  13
5  172  1  76
6  172  1  11
7  172  1  46
8  172  1  18
9  172  1  38
10  172  1  34
1  173  1  61
2  173  1  61
3  173  1  28
4  173  1  23
5  173  1  64
6  173  1  63
7  173  1  49
8  173  1  18
9  173  1  83
10  173  1  14
1  174  1  82
2  174  1  65
3  174  1  61
4  174  1  81
5  174  1  43
6  174  1  24
7  174  1  14
8  174  1  22
9  174  1  60
10  174  1  86
1  175  1  73
2  175  1  40
3  175  1  55
4  175  1  54
5  175  1  50
6  175  1  68
7  175  1  84
8  175  1  13
9  175  1  50
10  175  1  14
1  176  1  34
2  176  1  26
3  176  1  57
4  176  1  73
5  176  1  15
6  176  1  44
7  176  1  18
8  176  1  29
9  176  1  63
10  176  1  11
1  177  1  19
2  177  1  81
3  177  1  17
4  177  1  13
5  177  1  74
6  177  1  28
7  177  1  30
8  177  1  61
9  177  1  70
10  177  1  76
1  178  1  87
2  178  1  25
3  178  1  52
4  178  1  85
5  178  1  36
6  178  1  83
7  178  1  52
8  178  1  40
9  178  1  18
10  178  1  81
1  179  1  36
2  179  1  39
3  179  1  57
4  179  1  88
5  179  1  55
6  179  1  26
7  179  1  42
8  179  1  11
9  179  1  63
10  179  1  66
1  180  1  66
2  180  1  45
3  180  1  13
4  180  1  67
5  180  1  35
6  180  1  81
7  180  1  57
8  180  1  67
9  180  1  69
10  180  1  25
1  181  1  83
2  181  1  69
3  181  1  45
4  181  1  25
5  181  1  86
6  181  1  20
7  181  1  89
8  181  1  34
9  181  1  16
10  181  1  26
1  182  1  70
2  182  1  17
3  182  1  30
4  182  1  42
5  182  1  38
6  182  1  45
7  182  1  76
8  182  1  88
9  182  1  79
10  182  1  47
1  183  1  90
2  183  1  24
3  183  1  19
4  183  1  62
5  183  1  63
6  183  1  78
7  183  1  10
8  183  1  39
9  183  1  22
10  183  1  26
1  184  1  15
2  184  1  72
3  184  1  11
4  184  1  88
5  184  1  89
6  184  1  71
7  184  1  30
8  184  1  83
9  184  1  73
10  184  1  23
1  185  1  11
2  185  1  71
3  185  1  18
4  185  1  17
5  185  1  13
6  185  1  71
7  185  1  86
8  185  1  63
9  185  1  50
10  185  1  49
1  186  1  60
2  186  1  61
3  186  1  53
4  186  1  64
5  186  1  72
6  186  1  39
7  186  1  44
8  186  1  12
9  186  1  58
10  186  1  30
1  187  1  45
2  187  1  78
3  187  1  82
4  187  1  21
5  187  1  90
6  187  1  66
7  187  1  44
8  187  1  84
9  187  1  48
10  187  1  37
1  188  1  72
2  188  1  84
3  188  1  65
4  188  1  86
5  188  1  81
6  188  1  23
7  188  1  40
8  188  1  33
9  188  1  86
10  188  1  66
1  189  1  47
2  189  1  64
3  189  1  38
4  189  1  48
5  189  1  49
6  189  1  30
7  189  1  55
8  189  1  66
9  189  1  62
10  189  1  38
1  190  1  19
2  190  1  43
3  190  1  17
4  190  1  80
5  190  1  46
6  190  1  32
7  190  1  63
8  190  1  58
9  190  1  17
10  190  1  19
1  191  1  83
2  191  1  81
3  191  1  13
4  191  1  21
5  191  1  58
6  191  1  53
7  191  1  82
8  191  1  71
9  191  1  67
10  191  1  48
1  192  1  89
2  192  1  83
3  192  1  62
4  192  1  37
5  192  1  12
6  192  1  13
7  192  1  31
8  192  1  52
9  192  1  31
10  192  1  24
1  193  1  66
2  193  1  85
3  193  1  55
4  193  1  27
5  193  1  11
6  193  1  41
7  193  1  42
8  193  1  34
9  193  1  75
10  193  1  71
1  194  1  49
2  194  1  63
3  194  1  81
4  194  1  10
5  194  1  59
6  194  1  14
7  194  1  35
8  194  1  75
9  194  1  68
10  194  1  72
1  195  1  12
2  195  1  43
3  195  1  75
4  195  1  47
5  195  1  74
6  195  1  13
7  195  1  20
8  195  1  36
9  195  1  59
10  195  1  67
1  196  1  22
2  196  1  32
3  196  1  12
4  196  1  29
5  196  1  55
6  196  1  19
7  196  1  86
8  196  1  30
9  196  1  87
10  196  1  66
1  197  1  67
2  197  1  38
3  197  1  64
4  197  1  72
5  197  1  62
6  197  1  35
7  197  1  14
8  197  1  25
9  197  1  29
10  197  1  72
1  198  1  47
2  198  1  46
3  198  1  78
4  198  1  90
5  198  1  74
6  198  1  47
7  198  1  65
8  198  1  14
9  198  1  89
10  198  1  22
1  199  1  60
2  199  1  23
3  199  1  60
4  199  1  49
5  199  1  33
6  199  1  63
7  199  1  44
8  199  1  51
9  199  1  28
10  199  1  55
1  200  1  81
2  200  1  88
3  200  1  61
4  200  1  39
5  200  1  36
6  200  1  31
7  200  1  66
8  200  1  20
9  200  1  17
10  200  1  87
1  1  2  25.85
2  1  2  40.29
3  1  2  14.4
4  1  2  8.82
5  1  2  12
6  1  2  9.31
7  1  2  31.5
8  1  2  45.82
9  1  2  53.1
10  1  2  23.2
1  2  2  32.43
2  2  2  29.58
3  2  2  13.5
4  2  2  24.5
5  2  2  39.5
6  2  2  10.29
7  2  2  5.88
8  2  2  49.3
9  2  2  28.91
10  2  2  29.6
1  3  2  39.48
2  3  2  34.17
3  3  2  27.9
4  3  2  18.13
5  3  2  42
6  3  2  22.54
7  3  2  34.02
8  3  2  41.18
9  3  2  46.61
10  3  2  34.4
1  4  2  27.73
2  4  2  36.21
3  4  2  26.1
4  4  2  27.93
5  4  2  29.5
6  4  2  12.74
7  4  2  18.9
8  4  2  37.12
9  4  2  11.8
10  4  2  8.4
1  5  2  40.42
2  5  2  41.82
3  5  2  32.4
4  5  2  24.99
5  5  2  23
6  5  2  29.4
7  5  2  33.18
8  5  2  18.56
9  5  2  18.88
10  5  2  4.8
1  6  2  27.73
2  6  2  23.97
3  6  2  21.6
4  6  2  24.99
5  6  2  42
6  6  2  6.37
7  6  2  32.34
8  6  2  40.02
9  6  2  12.39
10  6  2  4.4
1  7  2  7.99
2  7  2  29.58
3  7  2  30.6
4  7  2  38.22
5  7  2  8
6  7  2  28.42
7  7  2  28.14
8  7  2  32.48
9  7  2  10.03
10  7  2  26.4
1  8  2  27.26
2  8  2  26.01
3  8  2  20.7
4  8  2  23.52
5  8  2  43.5
6  8  2  9.31
7  8  2  15.12
8  8  2  19.72
9  8  2  28.32
10  8  2  29.2
1  9  2  39.48
2  9  2  38.25
3  9  2  22.95
4  9  2  22.05
5  9  2  8
6  9  2  22.05
7  9  2  22.68
8  9  2  17.4
9  9  2  25.96
10  9  2  9.2
1  10  2  37.6
2  10  2  42.33
3  10  2  24.3
4  10  2  10.78
5  10  2  28
6  10  2  43.12
7  10  2  16.8
8  10  2  14.5
9  10  2  41.89
10  10  2  30
1  11  2  14.1
2  11  2  35.7
3  11  2  7.2
4  11  2  13.72
5  11  2  12.5
6  11  2  20.58
7  11  2  26.04
8  11  2  18.56
9  11  2  10.03
10  11  2  33.2
1  12  2  31.49
2  12  2  29.58
3  12  2  40.05
4  12  2  44.1
5  12  2  10.5
6  12  2  36.75
7  12  2  29.4
8  12  2  30.74
9  12  2  32.45
10  12  2  7.2
1  13  2  9.87
2  13  2  5.1
3  13  2  35.55
4  13  2  42.14
5  13  2  35.5
6  13  2  4.9
7  13  2  36.54
8  13  2  40.6
9  13  2  20.06
10  13  2  21.2
1  14  2  4.7
2  14  2  29.07
3  14  2  24.3
4  14  2  24.01
5  14  2  19
6  14  2  16.17
7  14  2  34.86
8  14  2  19.14
9  14  2  15.34
10  14  2  12
1  15  2  26.79
2  15  2  20.91
3  15  2  38.7
4  15  2  24.5
5  15  2  16.5
6  15  2  20.09
7  15  2  20.16
8  15  2  6.96
9  15  2  25.37
10  15  2  5.6
1  16  2  14.57
2  16  2  27.54
3  16  2  6.3
4  16  2  41.65
5  16  2  7.5
6  16  2  4.9
7  16  2  19.32
8  16  2  23.2
9  16  2  7.08
10  16  2  20.4
1  17  2  31.02
2  17  2  42.84
3  17  2  18.45
4  17  2  44.1
5  17  2  19
6  17  2  6.86
7  17  2  10.5
8  17  2  6.38
9  17  2  34.81
10  17  2  27.6
1  18  2  39.01
2  18  2  8.16
3  18  2  34.2
4  18  2  24.5
5  18  2  9
6  18  2  4.9
7  18  2  25.62
8  18  2  11.02
9  18  2  29.5
10  18  2  18
1  19  2  14.57
2  19  2  32.64
3  19  2  20.25
4  19  2  36.75
5  19  2  8
6  19  2  10.29
7  19  2  33.18
8  19  2  48.14
9  19  2  35.99
10  19  2  25.2
1  20  2  27.26
2  20  2  10.71
3  20  2  10.8
4  20  2  27.44
5  20  2  38
6  20  2  43.61
7  20  2  7.14
8  20  2  19.72
9  20  2  28.91
10  20  2  22.8
1  21  2  27.26
2  21  2  22.44
3  21  2  37.35
4  21  2  17.15
5  21  2  12.5
6  21  2  32.34
7  21  2  36.12
8  21  2  24.36
9  21  2  19.47
10  21  2  12.4
1  22  2  35.72
2  22  2  12.24
3  22  2  33.75
4  22  2  32.83
5  22  2  7.5
6  22  2  6.86
7  22  2  13.02
8  22  2  29
9  22  2  20.65
10  22  2  8.8
1  23  2  14.1
2  23  2  19.38
3  23  2  23.4
4  23  2  12.25
5  23  2  17
6  23  2  30.87
7  23  2  36.12
8  23  2  37.12
9  23  2  13.57
10  23  2  20.4
1  24  2  24.91
2  24  2  23.97
3  24  2  20.25
4  24  2  41.16
5  24  2  33
6  24  2  19.6
7  24  2  28.56
8  24  2  9.86
9  24  2  23.6
10  24  2  5.2
1  25  2  23.03
2  25  2  44.37
3  25  2  17.1
4  25  2  7.84
5  25  2  40
6  25  2  27.93
7  25  2  20.58
8  25  2  50.46
9  25  2  6.49
10  25  2  15.6
1  26  2  20.21
2  26  2  5.61
3  26  2  33.3
4  26  2  17.15
5  26  2  10.5
6  26  2  32.34
7  26  2  23.94
8  26  2  13.92
9  26  2  21.24
10  26  2  10.4
1  27  2  28.67
2  27  2  44.88
3  27  2  5.4
4  27  2  6.37
5  27  2  8.5
6  27  2  5.39
7  27  2  23.94
8  27  2  25.52
9  27  2  10.62
10  27  2  10
1  28  2  40.89
2  28  2  45.9
3  28  2  7.65
4  28  2  30.87
5  28  2  23.5
6  28  2  21.07
7  28  2  19.74
8  28  2  46.98
9  28  2  6.49
10  28  2  13.2
1  29  2  26.79
2  29  2  40.8
3  29  2  39.6
4  29  2  40.18
5  29  2  44
6  29  2  21.07
7  29  2  9.24
8  29  2  49.3
9  29  2  34.22
10  29  2  26.4
1  30  2  31.49
2  30  2  10.2
3  30  2  30.6
4  30  2  41.65
5  30  2  42.5
6  30  2  21.07
7  30  2  5.04
8  30  2  11.02
9  30  2  52.51
10  30  2  21.6
1  31  2  37.13
2  31  2  24.99
3  31  2  17.55
4  31  2  44.1
5  31  2  26
6  31  2  23.03
7  31  2  11.76
8  31  2  16.82
9  31  2  33.63
10  31  2  35.6
1  32  2  42.3
2  32  2  40.29
3  32  2  26.55
4  32  2  42.63
5  32  2  25.5
6  32  2  16.17
7  32  2  21.84
8  32  2  13.92
9  32  2  38.94
10  32  2  13.2
1  33  2  34.31
2  33  2  26.01
3  33  2  39.15
4  33  2  4.9
5  33  2  35.5
6  33  2  14.21
7  33  2  15.54
8  33  2  21.46
9  33  2  7.67
10  33  2  32
1  34  2  9.87
2  34  2  18.87
3  34  2  14.4
4  34  2  17.15
5  34  2  30
6  34  2  36.75
7  34  2  27.72
8  34  2  49.88
9  34  2  44.25
10  34  2  33.6
1  35  2  7.99
2  35  2  20.4
3  35  2  15.3
4  35  2  43.12
5  35  2  41
6  35  2  7.35
7  35  2  9.24
8  35  2  51.62
9  35  2  43.66
10  35  2  12.4
1  36  2  21.62
2  36  2  26.52
3  36  2  8.1
4  36  2  27.44
5  36  2  27.5
6  36  2  33.81
7  36  2  10.5
8  36  2  38.86
9  36  2  7.08
10  36  2  29.6
1  37  2  36.66
2  37  2  28.05
3  37  2  20.25
4  37  2  17.15
5  37  2  15.5
6  37  2  10.29
7  37  2  31.5
8  37  2  29.58
9  37  2  23.01
10  37  2  20
1  38  2  27.73
2  38  2  17.34
3  38  2  17.1
4  38  2  5.88
5  38  2  37
6  38  2  18.13
7  38  2  7.98
8  38  2  27.26
9  38  2  44.84
10  38  2  4.8
1  39  2  38.07
2  39  2  5.1
3  39  2  27
4  39  2  16.66
5  39  2  20.5
6  39  2  26.46
7  39  2  16.38
8  39  2  48.72
9  39  2  38.35
10  39  2  32
1  40  2  29.61
2  40  2  17.85
3  40  2  19.35
4  40  2  41.65
5  40  2  42.5
6  40  2  21.07
7  40  2  6.3
8  40  2  24.36
9  40  2  24.78
10  40  2  36
1  41  2  14.1
2  41  2  10.2
3  41  2  17.55
4  41  2  36.26
5  41  2  34.5
6  41  2  26.46
7  41  2  8.82
8  41  2  25.52
9  41  2  14.75
10  41  2  11.6
1  42  2  10.81
2  42  2  21.93
3  42  2  28.8
4  42  2  23.03
5  42  2  26
6  42  2  34.79
7  42  2  7.98
8  42  2  28.42
9  42  2  52.51
10  42  2  31.6
1  43  2  8.93
2  43  2  42.84
3  43  2  39.15
4  43  2  9.31
5  43  2  18
6  43  2  26.46
7  43  2  34.44
8  43  2  29.58
9  43  2  14.75
10  43  2  8.8
1  44  2  34.31
2  44  2  22.95
3  44  2  28.35
4  44  2  19.6
5  44  2  24.5
6  44  2  22.54
7  44  2  34.44
8  44  2  34.8
9  44  2  47.79
10  44  2  10
1  45  2  31.49
2  45  2  32.13
3  45  2  33.3
4  45  2  19.6
5  45  2  25.5
6  45  2  25.97
7  45  2  26.46
8  45  2  26.1
9  45  2  46.02
10  45  2  20
1  46  2  41.83
2  46  2  24.99
3  46  2  16.2
4  46  2  22.54
5  46  2  44
6  46  2  5.39
7  46  2  18.9
8  46  2  33.64
9  46  2  39.53
10  46  2  6.4
1  47  2  15.04
2  47  2  19.38
3  47  2  6.75
4  47  2  33.32
5  47  2  38.5
6  47  2  28.42
7  47  2  5.46
8  47  2  25.52
9  47  2  52.51
10  47  2  26.8
1  48  2  22.56
2  48  2  42.33
3  48  2  25.65
4  48  2  42.14
5  48  2  45
6  48  2  40.67
7  48  2  34.02
8  48  2  48.72
9  48  2  18.29
10  48  2  27.6
1  49  2  42.3
2  49  2  9.69
3  49  2  33.75
4  49  2  22.05
5  49  2  41
6  49  2  18.62
7  49  2  7.14
8  49  2  20.88
9  49  2  40.71
10  49  2  24.8
1  50  2  7.05
2  50  2  37.74
3  50  2  21.15
4  50  2  6.37
5  50  2  41
6  50  2  38.22
7  50  2  10.08
8  50  2  47.56
9  50  2  38.35
10  50  2  7.6
1  51  2  27.26
2  51  2  40.8
3  51  2  30.15
4  51  2  24.01
5  51  2  23
6  51  2  11.27
7  51  2  14.7
8  51  2  35.96
9  51  2  40.12
10  51  2  18.8
1  52  2  12.22
2  52  2  27.54
3  52  2  31.95
4  52  2  30.38
5  52  2  14
6  52  2  43.61
7  52  2  25.2
8  52  2  45.82
9  52  2  18.29
10  52  2  25.2
1  53  2  7.99
2  53  2  26.01
3  53  2  22.5
4  53  2  22.54
5  53  2  25
6  53  2  16.17
7  53  2  4.62
8  53  2  5.8
9  53  2  46.02
10  53  2  20.4
1  54  2  39.01
2  54  2  33.66
3  54  2  36
4  54  2  40.18
5  54  2  13.5
6  54  2  22.05
7  54  2  25.62
8  54  2  35.96
9  54  2  51.92
10  54  2  32
1  55  2  39.01
2  55  2  26.52
3  55  2  9.9
4  55  2  17.64
5  55  2  6.5
6  55  2  22.54
7  55  2  34.02
8  55  2  40.6
9  55  2  14.16
10  55  2  13.6
1  56  2  41.83
2  56  2  20.91
3  56  2  33.75
4  56  2  7.84
5  56  2  14
6  56  2  40.67
7  56  2  6.72
8  56  2  46.98
9  56  2  31.27
10  56  2  12.8
1  57  2  14.1
2  57  2  26.01
3  57  2  25.65
4  57  2  10.29
5  57  2  35.5
6  57  2  35.28
7  57  2  37.38
8  57  2  35.96
9  57  2  21.24
10  57  2  6.4
1  58  2  21.62
2  58  2  23.97
3  58  2  26.55
4  58  2  32.34
5  58  2  22.5
6  58  2  18.13
7  58  2  7.14
8  58  2  31.32
9  58  2  14.75
10  58  2  25.2
1  59  2  21.62
2  59  2  45.39
3  59  2  32.85
4  59  2  30.38
5  59  2  34
6  59  2  22.05
7  59  2  21.84
8  59  2  11.02
9  59  2  16.52
10  59  2  4
1  60  2  37.13
2  60  2  31.62
3  60  2  28.35
4  60  2  6.86
5  60  2  45
6  60  2  22.05
7  60  2  19.32
8  60  2  44.66
9  60  2  39.53
10  60  2  27.2
1  61  2  12.22
2  61  2  13.77
3  61  2  31.5
4  61  2  31.85
5  61  2  31
6  61  2  20.09
7  61  2  35.28
8  61  2  35.96
9  61  2  36.58
10  61  2  13.6
1  62  2  18.33
2  62  2  39.78
3  62  2  22.95
4  62  2  44.1
5  62  2  31.5
6  62  2  20.58
7  62  2  6.3
8  62  2  47.56
9  62  2  7.67
10  62  2  31.6
1  63  2  25.85
2  63  2  29.07
3  63  2  10.8
4  63  2  41.16
5  63  2  41
6  63  2  32.34
7  63  2  21.42
8  63  2  31.32
9  63  2  19.47
10  63  2  23.6
1  64  2  32.43
2  64  2  13.26
3  64  2  16.65
4  64  2  30.38
5  64  2  6
6  64  2  20.58
7  64  2  6.72
8  64  2  51.04
9  64  2  11.21
10  64  2  13.6
1  65  2  37.13
2  65  2  42.33
3  65  2  34.2
4  65  2  28.91
5  65  2  27
6  65  2  43.12
7  65  2  17.22
8  65  2  12.18
9  65  2  28.91
10  65  2  8
1  66  2  23.5
2  66  2  5.1
3  66  2  32.85
4  66  2  16.17
5  66  2  26
6  66  2  22.05
7  66  2  12.18
8  66  2  42.92
9  66  2  27.14
10  66  2  11.6
1  67  2  18.33
2  67  2  32.13
3  67  2  38.25
4  67  2  12.74
5  67  2  24
6  67  2  20.58
7  67  2  23.1
8  67  2  19.72
9  67  2  33.04
10  67  2  28
1  68  2  19.74
2  68  2  14.79
3  68  2  22.95
4  68  2  29.89
5  68  2  20
6  68  2  9.31
7  68  2  28.56
8  68  2  34.8
9  68  2  18.29
10  68  2  9.6
1  69  2  13.16
2  69  2  12.24
3  69  2  39.6
4  69  2  40.18
5  69  2  21
6  69  2  41.16
7  69  2  7.56
8  69  2  10.44
9  69  2  25.96
10  69  2  4
1  70  2  23.03
2  70  2  32.64
3  70  2  27
4  70  2  31.85
5  70  2  37
6  70  2  25.97
7  70  2  28.98
8  70  2  38.86
9  70  2  14.75
10  70  2  7.2
1  71  2  21.15
2  71  2  36.72
3  71  2  11.25
4  71  2  24.01
5  71  2  6
6  71  2  24.01
7  71  2  6.3
8  71  2  33.64
9  71  2  8.85
10  71  2  25.6
1  72  2  36.66
2  72  2  19.89
3  72  2  37.8
4  72  2  11.27
5  72  2  19.5
6  72  2  16.66
7  72  2  15.54
8  72  2  25.52
9  72  2  38.35
10  72  2  35.2
1  73  2  16.92
2  73  2  34.17
3  73  2  20.7
4  73  2  40.67
5  73  2  28
6  73  2  28.91
7  73  2  23.94
8  73  2  42.92
9  73  2  33.04
10  73  2  21.6
1  74  2  40.42
2  74  2  19.38
3  74  2  25.2
4  74  2  9.31
5  74  2  8
6  74  2  15.19
7  74  2  21.84
8  74  2  44.66
9  74  2  8.85
10  74  2  17.6
1  75  2  7.05
2  75  2  24.48
3  75  2  31.5
4  75  2  37.24
5  75  2  21.5
6  75  2  19.6
7  75  2  34.44
8  75  2  30.16
9  75  2  47.2
10  75  2  31.2
1  76  2  6.11
2  76  2  17.85
3  76  2  7.65
4  76  2  22.54
5  76  2  45
6  76  2  7.84
7  76  2  27.72
8  76  2  30.74
9  76  2  37.76
10  76  2  36
1  77  2  26.79
2  77  2  11.73
3  77  2  24.3
4  77  2  23.52
5  77  2  34
6  77  2  37.24
7  77  2  18.48
8  77  2  51.62
9  77  2  50.15
10  77  2  8.8
1  78  2  23.5
2  78  2  37.23
3  78  2  13.95
4  78  2  10.29
5  78  2  24
6  78  2  40.67
7  78  2  18.06
8  78  2  12.76
9  78  2  27.73
10  78  2  13.2
1  79  2  16.92
2  79  2  30.09
3  79  2  36
4  79  2  18.62
5  79  2  31
6  79  2  25.97
7  79  2  17.22
8  79  2  48.14
9  79  2  33.63
10  79  2  26.4
1  80  2  21.15
2  80  2  35.7
3  80  2  36.45
4  80  2  13.23
5  80  2  6
6  80  2  40.18
7  80  2  23.52
8  80  2  34.22
9  80  2  41.89
10  80  2  21.6
1  81  2  10.34
2  81  2  32.13
3  81  2  28.35
4  81  2  41.65
5  81  2  24
6  81  2  29.4
7  81  2  36.96
8  81  2  27.84
9  81  2  10.03
10  81  2  19.2
1  82  2  41.83
2  82  2  23.46
3  82  2  10.35
4  82  2  7.35
5  82  2  39.5
6  82  2  39.2
7  82  2  35.7
8  82  2  43.5
9  82  2  14.75
10  82  2  29.2
1  83  2  31.49
2  83  2  33.15
3  83  2  21.15
4  83  2  29.4
5  83  2  36.5
6  83  2  27.93
7  83  2  20.16
8  83  2  30.16
9  83  2  35.4
10  83  2  28.4
1  84  2  14.57
2  84  2  41.82
3  84  2  21.15
4  84  2  12.74
5  84  2  26.5
6  84  2  42.63
7  84  2  35.28
8  84  2  17.98
9  84  2  15.93
10  84  2  34
1  85  2  14.57
2  85  2  27.54
3  85  2  9.9
4  85  2  16.66
5  85  2  24
6  85  2  8.82
7  85  2  5.88
8  85  2  11.6
9  85  2  18.29
10  85  2  20.4
1  86  2  36.19
2  86  2  11.22
3  86  2  4.5
4  86  2  40.18
5  86  2  33.5
6  86  2  21.56
7  86  2  23.1
8  86  2  51.04
9  86  2  44.25
10  86  2  34
1  87  2  21.62
2  87  2  44.37
3  87  2  16.2
4  87  2  23.52
5  87  2  7
6  87  2  39.69
7  87  2  31.5
8  87  2  23.78
9  87  2  14.16
10  87  2  18
1  88  2  16.45
2  88  2  25.5
3  88  2  18.9
4  88  2  29.4
5  88  2  15
6  88  2  38.22
7  88  2  36.54
8  88  2  37.12
9  88  2  24.19
10  88  2  34.4
1  89  2  13.63
2  89  2  34.68
3  89  2  30.6
4  89  2  39.69
5  89  2  44.5
6  89  2  22.05
7  89  2  31.5
8  89  2  17.98
9  89  2  52.51
10  89  2  20.4
1  90  2  18.33
2  90  2  20.4
3  90  2  19.8
4  90  2  21.07
5  90  2  39.5
6  90  2  10.29
7  90  2  10.5
8  90  2  45.82
9  90  2  34.81
10  90  2  9.6
1  91  2  20.21
2  91  2  17.85
3  91  2  13.95
4  91  2  40.18
5  91  2  32
6  91  2  33.32
7  91  2  37.8
8  91  2  31.9
9  91  2  50.74
10  91  2  34.8
1  92  2  27.26
2  92  2  14.28
3  92  2  7.65
4  92  2  17.64
5  92  2  7.5
6  92  2  39.2
7  92  2  34.86
8  92  2  17.4
9  92  2  23.01
10  92  2  35.6
1  93  2  13.16
2  93  2  21.42
3  93  2  25.65
4  93  2  15.19
5  93  2  20
6  93  2  41.65
7  93  2  21
8  93  2  18.56
9  93  2  7.67
10  93  2  31.6
1  94  2  5.64
2  94  2  28.56
3  94  2  8.55
4  94  2  8.82
5  94  2  35
6  94  2  11.76
7  94  2  5.88
8  94  2  48.14
9  94  2  52.51
10  94  2  34.8
1  95  2  37.13
2  95  2  11.22
3  95  2  29.7
4  95  2  37.73
5  95  2  6.5
6  95  2  15.19
7  95  2  30.66
8  95  2  33.64
9  95  2  30.68
10  95  2  16
1  96  2  11.75
2  96  2  28.05
3  96  2  38.25
4  96  2  30.87
5  96  2  36
6  96  2  20.09
7  96  2  14.7
8  96  2  44.66
9  96  2  20.06
10  96  2  26.8
1  97  2  36.66
2  97  2  32.13
3  97  2  17.1
4  97  2  26.95
5  97  2  12.5
6  97  2  8.82
7  97  2  22.68
8  97  2  49.88
9  97  2  17.7
10  97  2  21.6
1  98  2  7.99
2  98  2  31.62
3  98  2  27
4  98  2  27.44
5  98  2  14
6  98  2  32.83
7  98  2  18.48
8  98  2  45.82
9  98  2  22.42
10  98  2  34.4
1  99  2  40.42
2  99  2  44.37
3  99  2  13.05
4  99  2  10.78
5  99  2  10
6  99  2  18.62
7  99  2  4.62
8  99  2  31.9
9  99  2  40.71
10  99  2  28
1  100  2  18.33
2  100  2  37.23
3  100  2  25.2
4  100  2  21.07
5  100  2  13.5
6  100  2  23.52
7  100  2  25.2
8  100  2  31.9
9  100  2  31.86
10  100  2  7.6
1  101  2  22.09
2  101  2  34.68
3  101  2  27.9
4  101  2  10.78
5  101  2  37.5
6  101  2  14.7
7  101  2  18.9
8  101  2  24.94
9  101  2  48.97
10  101  2  4.8
1  102  2  20.21
2  102  2  5.61
3  102  2  13.95
4  102  2  24.5
5  102  2  26
6  102  2  24.99
7  102  2  15.54
8  102  2  19.72
9  102  2  24.78
10  102  2  18.4
1  103  2  6.11
2  103  2  6.12
3  103  2  38.25
4  103  2  21.56
5  103  2  40
6  103  2  25.97
7  103  2  30.66
8  103  2  12.18
9  103  2  27.73
10  103  2  6.4
1  104  2  14.1
2  104  2  19.38
3  104  2  14.85
4  104  2  26.46
5  104  2  33
6  104  2  15.19
7  104  2  8.82
8  104  2  51.04
9  104  2  21.83
10  104  2  28.8
1  105  2  28.67
2  105  2  6.63
3  105  2  17.55
4  105  2  26.46
5  105  2  9.5
6  105  2  17.64
7  105  2  4.62
8  105  2  14.5
9  105  2  32.45
10  105  2  8
1  106  2  35.25
2  106  2  18.87
3  106  2  21.6
4  106  2  42.63
5  106  2  22.5
6  106  2  23.03
7  106  2  13.44
8  106  2  20.88
9  106  2  53.1
10  106  2  24.8
1  107  2  42.3
2  107  2  30.09
3  107  2  14.85
4  107  2  21.56
5  107  2  24
6  107  2  5.88
7  107  2  25.2
8  107  2  18.56
9  107  2  28.32
10  107  2  31.6
1  108  2  4.7
2  108  2  35.7
3  108  2  29.7
4  108  2  36.26
5  108  2  18.5
6  108  2  43.12
7  108  2  29.82
8  108  2  12.18
9  108  2  23.01
10  108  2  31.6
1  109  2  11.28
2  109  2  29.58
3  109  2  8.1
4  109  2  35.28
5  109  2  5
6  109  2  26.95
7  109  2  28.56
8  109  2  50.46
9  109  2  23.6
10  109  2  9.2
1  110  2  41.83
2  110  2  34.68
3  110  2  14.85
4  110  2  39.69
5  110  2  16.5
6  110  2  29.89
7  110  2  33.6
8  110  2  5.8
9  110  2  8.26
10  110  2  34
1  111  2  12.22
2  111  2  18.87
3  111  2  17.1
4  111  2  12.25
5  111  2  30.5
6  111  2  4.9
7  111  2  29.4
8  111  2  31.9
9  111  2  43.07
10  111  2  33.6
1  112  2  10.81
2  112  2  39.27
3  112  2  22.5
4  112  2  7.35
5  112  2  36
6  112  2  43.12
7  112  2  18.06
8  112  2  35.96
9  112  2  46.02
10  112  2  16
1  113  2  4.7
2  113  2  5.1
3  113  2  30.15
4  113  2  6.37
5  113  2  39
6  113  2  43.61
7  113  2  36.54
8  113  2  38.86
9  113  2  24.19
10  113  2  8.4
1  114  2  24.91
2  114  2  9.69
3  114  2  9.9
4  114  2  12.25
5  114  2  7
6  114  2  40.18
7  114  2  31.92
8  114  2  35.96
9  114  2  35.99
10  114  2  17.2
1  115  2  7.05
2  115  2  33.15
3  115  2  31.95
4  115  2  12.74
5  115  2  21
6  115  2  44.1
7  115  2  14.28
8  115  2  40.02
9  115  2  37.17
10  115  2  24.8
1  116  2  27.73
2  116  2  10.2
3  116  2  16.2
4  116  2  24.99
5  116  2  40
6  116  2  6.86
7  116  2  5.46
8  116  2  8.12
9  116  2  41.89
10  116  2  6.4
1  117  2  8.93
2  117  2  8.67
3  117  2  5.85
4  117  2  27.44
5  117  2  17.5
6  117  2  12.74
7  117  2  13.44
8  117  2  24.36
9  117  2  33.63
10  117  2  20.8
1  118  2  19.74
2  118  2  36.72
3  118  2  28.8
4  118  2  27.44
5  118  2  10
6  118  2  40.18
7  118  2  9.24
8  118  2  27.84
9  118  2  22.42
10  118  2  30.8
1  119  2  9.4
2  119  2  18.87
3  119  2  7.2
4  119  2  38.22
5  119  2  40.5
6  119  2  26.46
7  119  2  10.92
8  119  2  30.74
9  119  2  35.99
10  119  2  19.6
1  120  2  37.13
2  120  2  39.78
3  120  2  31.95
4  120  2  42.63
5  120  2  26.5
6  120  2  32.34
7  120  2  24.78
8  120  2  49.3
9  120  2  23.6
10  120  2  17.2
1  121  2  16.92
2  121  2  26.01
3  121  2  4.5
4  121  2  13.72
5  121  2  36.5
6  121  2  37.24
7  121  2  13.86
8  121  2  27.26
9  121  2  16.52
10  121  2  7.2
1  122  2  22.09
2  122  2  15.3
3  122  2  36
4  122  2  33.32
5  122  2  23
6  122  2  10.29
7  122  2  9.24
8  122  2  30.16
9  122  2  20.06
10  122  2  18.4
1  123  2  38.54
2  123  2  18.36
3  123  2  23.85
4  123  2  11.27
5  123  2  37
6  123  2  36.75
7  123  2  22.26
8  123  2  27.84
9  123  2  15.34
10  123  2  31.6
1  124  2  40.89
2  124  2  9.18
3  124  2  5.4
4  124  2  37.73
5  124  2  11.5
6  124  2  14.7
7  124  2  21
8  124  2  6.38
9  124  2  24.19
10  124  2  11.6
1  125  2  29.61
2  125  2  36.21
3  125  2  22.95
4  125  2  43.61
5  125  2  39.5
6  125  2  18.62
7  125  2  13.86
8  125  2  22.62
9  125  2  8.26
10  125  2  34.8
1  126  2  26.79
2  126  2  32.13
3  126  2  20.7
4  126  2  9.8
5  126  2  20
6  126  2  32.34
7  126  2  20.16
8  126  2  26.1
9  126  2  39.53
10  126  2  30.4
1  127  2  24.44
2  127  2  36.21
3  127  2  16.65
4  127  2  8.33
5  127  2  5
6  127  2  43.12
7  127  2  33.18
8  127  2  40.6
9  127  2  29.5
10  127  2  13.2
1  128  2  32.9
2  128  2  34.17
3  128  2  5.4
4  128  2  29.89
5  128  2  14.5
6  128  2  6.37
7  128  2  7.14
8  128  2  26.68
9  128  2  7.67
10  128  2  8
1  129  2  17.86
2  129  2  12.75
3  129  2  14.85
4  129  2  26.46
5  129  2  26
6  129  2  5.88
7  129  2  15.96
8  129  2  22.62
9  129  2  44.84
10  129  2  21.2
1  130  2  37.6
2  130  2  36.72
3  130  2  37.35
4  130  2  14.21
5  130  2  15
6  130  2  34.3
7  130  2  18.06
8  130  2  26.1
9  130  2  15.93
10  130  2  26
1  131  2  24.44
2  131  2  15.81
3  131  2  31.95
4  131  2  26.95
5  131  2  8.5
6  131  2  8.82
7  131  2  20.16
8  131  2  19.72
9  131  2  12.39
10  131  2  17.6
1  132  2  4.7
2  132  2  24.99
3  132  2  24.75
4  132  2  9.8
5  132  2  36
6  132  2  22.05
7  132  2  8.4
8  132  2  16.24
9  132  2  50.15
10  132  2  16
1  133  2  7.99
2  133  2  23.46
3  133  2  14.4
4  133  2  24.5
5  133  2  41.5
6  133  2  7.35
7  133  2  14.7
8  133  2  15.66
9  133  2  45.43
10  133  2  20.4
1  134  2  11.75
2  134  2  27.54
3  134  2  26.1
4  134  2  21.56
5  134  2  12.5
6  134  2  34.3
7  134  2  32.76
8  134  2  12.18
9  134  2  44.25
10  134  2  33.2
1  135  2  22.09
2  135  2  6.63
3  135  2  10.8
4  135  2  14.21
5  135  2  28.5
6  135  2  27.93
7  135  2  21
8  135  2  18.56
9  135  2  48.38
10  135  2  6.4
1  136  2  39.01
2  136  2  33.15
3  136  2  18
4  136  2  26.46
5  136  2  31
6  136  2  32.34
7  136  2  19.32
8  136  2  47.56
9  136  2  19.47
10  136  2  18
1  137  2  37.13
2  137  2  41.82
3  137  2  13.95
4  137  2  38.22
5  137  2  34
6  137  2  32.83
7  137  2  7.14
8  137  2  21.46
9  137  2  23.01
10  137  2  32.4
1  138  2  8.46
2  138  2  29.07
3  138  2  14.85
4  138  2  24.5
5  138  2  26
6  138  2  40.67
7  138  2  21
8  138  2  37.12
9  138  2  25.96
10  138  2  14.8
1  139  2  4.7
2  139  2  21.93
3  139  2  5.4
4  139  2  14.21
5  139  2  30.5
6  139  2  36.26
7  139  2  11.76
8  139  2  46.98
9  139  2  15.34
10  139  2  27.2
1  140  2  14.1
2  140  2  44.88
3  140  2  18.9
4  140  2  38.22
5  140  2  30
6  140  2  44.1
7  140  2  31.08
8  140  2  21.46
9  140  2  35.99
10  140  2  33.6
1  141  2  21.62
2  141  2  13.26
3  141  2  14.85
4  141  2  22.54
5  141  2  9.5
6  141  2  15.68
7  141  2  15.54
8  141  2  44.66
9  141  2  6.49
10  141  2  32
1  142  2  31.49
2  142  2  44.88
3  142  2  36.9
4  142  2  5.39
5  142  2  10
6  142  2  10.78
7  142  2  32.34
8  142  2  42.34
9  142  2  33.63
10  142  2  22
1  143  2  12.69
2  143  2  19.89
3  143  2  27.45
4  143  2  10.29
5  143  2  14.5
6  143  2  13.23
7  143  2  36.54
8  143  2  40.6
9  143  2  37.76
10  143  2  16
1  144  2  18.8
2  144  2  36.72
3  144  2  30.15
4  144  2  29.4
5  144  2  25
6  144  2  24.99
7  144  2  12.18
8  144  2  39.44
9  144  2  50.74
10  144  2  24.8
1  145  2  17.39
2  145  2  20.91
3  145  2  28.8
4  145  2  24.99
5  145  2  41.5
6  145  2  18.13
7  145  2  5.04
8  145  2  15.08
9  145  2  11.21
10  145  2  31.2
1  146  2  10.81
2  146  2  8.67
3  146  2  17.55
4  146  2  11.27
5  146  2  35.5
6  146  2  24.5
7  146  2  28.56
8  146  2  19.14
9  146  2  31.27
10  146  2  25.2
1  147  2  39.01
2  147  2  44.88
3  147  2  9.9
4  147  2  43.61
5  147  2  36
6  147  2  44.1
7  147  2  6.72
8  147  2  6.38
9  147  2  36.58
10  147  2  10.4
1  148  2  19.74
2  148  2  39.27
3  148  2  5.4
4  148  2  15.68
5  148  2  32
6  148  2  18.62
7  148  2  7.98
8  148  2  16.24
9  148  2  43.07
10  148  2  15.6
1  149  2  4.7
2  149  2  20.4
3  149  2  9.9
4  149  2  33.32
5  149  2  15.5
6  149  2  32.83
7  149  2  20.16
8  149  2  46.4
9  149  2  10.62
10  149  2  20.8
1  150  2  5.64
2  150  2  40.29
3  150  2  5.85
4  150  2  8.82
5  150  2  41.5
6  150  2  27.44
7  150  2  33.18
8  150  2  49.88
9  150  2  23.01
10  150  2  36
1  151  2  8.93
2  151  2  35.7
3  151  2  5.4
4  151  2  42.63
5  151  2  21.5
6  151  2  23.03
7  151  2  23.94
8  151  2  14.5
9  151  2  41.89
10  151  2  20.8
1  152  2  8.93
2  152  2  5.1
3  152  2  11.25
4  152  2  8.33
5  152  2  15.5
6  152  2  12.25
7  152  2  6.72
8  152  2  27.84
9  152  2  15.93
10  152  2  35.6
1  153  2  8.46
2  153  2  14.79
3  153  2  9.9
4  153  2  36.75
5  153  2  22.5
6  153  2  30.38
7  153  2  32.34
8  153  2  33.64
9  153  2  51.33
10  153  2  19.6
1  154  2  41.36
2  154  2  17.34
3  154  2  13.95
4  154  2  26.46
5  154  2  30
6  154  2  22.05
7  154  2  23.1
8  154  2  48.14
9  154  2  32.45
10  154  2  34.4
1  155  2  14.57
2  155  2  28.05
3  155  2  6.3
4  155  2  39.2
5  155  2  40
6  155  2  39.69
7  155  2  18.06
8  155  2  13.34
9  155  2  16.52
10  155  2  22.4
1  156  2  19.27
2  156  2  34.68
3  156  2  8.1
4  156  2  19.11
5  156  2  8
6  156  2  40.67
7  156  2  6.3
8  156  2  43.5
9  156  2  47.79
10  156  2  12
1  157  2  29.14
2  157  2  16.32
3  157  2  21.15
4  157  2  8.82
5  157  2  7.5
6  157  2  11.27
7  157  2  21.84
8  157  2  20.3
9  157  2  43.07
10  157  2  15.2
1  158  2  7.99
2  158  2  38.76
3  158  2  32.4
4  158  2  19.11
5  158  2  35.5
6  158  2  24.5
7  158  2  28.56
8  158  2  20.3
9  158  2  32.45
10  158  2  14
1  159  2  39.48
2  159  2  27.03
3  159  2  7.65
4  159  2  13.23
5  159  2  11.5
6  159  2  31.85
7  159  2  35.28
8  159  2  24.36
9  159  2  48.97
10  159  2  7.6
1  160  2  22.56
2  160  2  39.27
3  160  2  36
4  160  2  7.84
5  160  2  43
6  160  2  41.16
7  160  2  32.76
8  160  2  45.24
9  160  2  46.61
10  160  2  18
1  161  2  35.72
2  161  2  28.56
3  161  2  9.9
4  161  2  13.72
5  161  2  23.5
6  161  2  15.19
7  161  2  30.66
8  161  2  9.28
9  161  2  37.17
10  161  2  19.6
1  162  2  32.9
2  162  2  26.52
3  162  2  36
4  162  2  10.29
5  162  2  14.5
6  162  2  31.36
7  162  2  16.8
8  162  2  9.28
9  162  2  45.43
10  162  2  35.6
1  163  2  28.2
2  163  2  30.6
3  163  2  40.5
4  163  2  29.4
5  163  2  13.5
6  163  2  20.09
7  163  2  32.34
8  163  2  6.96
9  163  2  28.32
10  163  2  20.8
1  164  2  38.54
2  164  2  36.21
3  164  2  32.85
4  164  2  33.32
5  164  2  8.5
6  164  2  10.29
7  164  2  24.78
8  164  2  24.94
9  164  2  45.43
10  164  2  32.4
1  165  2  36.66
2  165  2  14.28
3  165  2  15.3
4  165  2  17.15
5  165  2  42
6  165  2  14.21
7  165  2  11.34
8  165  2  51.62
9  165  2  24.19
10  165  2  19.6
1  166  2  30.08
2  166  2  27.54
3  166  2  23.4
4  166  2  36.26
5  166  2  44
6  166  2  9.31
7  166  2  31.92
8  166  2  20.88
9  166  2  40.12
10  166  2  18.8
1  167  2  19.74
2  167  2  29.07
3  167  2  16.2
4  167  2  10.29
5  167  2  12.5
6  167  2  9.31
7  167  2  31.08
8  167  2  23.2
9  167  2  12.39
10  167  2  34
1  168  2  30.55
2  168  2  19.38
3  168  2  12.6
4  168  2  5.39
5  168  2  25
6  168  2  25.48
7  168  2  28.98
8  168  2  17.98
9  168  2  38.94
10  168  2  6
1  169  2  24.44
2  169  2  40.8
3  169  2  30.6
4  169  2  28.42
5  169  2  41
6  169  2  4.9
7  169  2  6.3
8  169  2  6.38
9  169  2  22.42
10  169  2  14
1  170  2  33.37
2  170  2  30.6
3  170  2  13.5
4  170  2  25.97
5  170  2  40.5
6  170  2  4.9
7  170  2  29.4
8  170  2  44.66
9  170  2  36.58
10  170  2  16.4
1  171  2  10.81
2  171  2  33.66
3  171  2  23.4
4  171  2  22.54
5  171  2  31
6  171  2  42.14
7  171  2  32.34
8  171  2  44.66
9  171  2  42.48
10  171  2  10.4
1  172  2  21.62
2  172  2  17.85
3  172  2  32.4
4  172  2  6.37
5  172  2  38
6  172  2  5.39
7  172  2  19.32
8  172  2  10.44
9  172  2  22.42
10  172  2  13.6
1  173  2  28.67
2  173  2  31.11
3  173  2  12.6
4  173  2  11.27
5  173  2  32
6  173  2  30.87
7  173  2  20.58
8  173  2  10.44
9  173  2  48.97
10  173  2  5.6
1  174  2  38.54
2  174  2  33.15
3  174  2  27.45
4  174  2  39.69
5  174  2  21.5
6  174  2  11.76
7  174  2  5.88
8  174  2  12.76
9  174  2  35.4
10  174  2  34.4
1  175  2  34.31
2  175  2  20.4
3  175  2  24.75
4  175  2  26.46
5  175  2  25
6  175  2  33.32
7  175  2  35.28
8  175  2  7.54
9  175  2  29.5
10  175  2  5.6
1  176  2  15.98
2  176  2  13.26
3  176  2  25.65
4  176  2  35.77
5  176  2  7.5
6  176  2  21.56
7  176  2  7.56
8  176  2  16.82
9  176  2  37.17
10  176  2  4.4
1  177  2  8.93
2  177  2  41.31
3  177  2  7.65
4  177  2  6.37
5  177  2  37
6  177  2  13.72
7  177  2  12.6
8  177  2  35.38
9  177  2  41.3
10  177  2  30.4
1  178  2  40.89
2  178  2  12.75
3  178  2  23.4
4  178  2  41.65
5  178  2  18
6  178  2  40.67
7  178  2  21.84
8  178  2  23.2
9  178  2  10.62
10  178  2  32.4
1  179  2  16.92
2  179  2  19.89
3  179  2  25.65
4  179  2  43.12
5  179  2  27.5
6  179  2  12.74
7  179  2  17.64
8  179  2  6.38
9  179  2  37.17
10  179  2  26.4
1  180  2  31.02
2  180  2  22.95
3  180  2  5.85
4  180  2  32.83
5  180  2  17.5
6  180  2  39.69
7  180  2  23.94
8  180  2  38.86
9  180  2  40.71
10  180  2  10
1  181  2  39.01
2  181  2  35.19
3  181  2  20.25
4  181  2  12.25
5  181  2  43
6  181  2  9.8
7  181  2  37.38
8  181  2  19.72
9  181  2  9.44
10  181  2  10.4
1  182  2  32.9
2  182  2  8.67
3  182  2  13.5
4  182  2  20.58
5  182  2  19
6  182  2  22.05
7  182  2  31.92
8  182  2  51.04
9  182  2  46.61
10  182  2  18.8
1  183  2  42.3
2  183  2  12.24
3  183  2  8.55
4  183  2  30.38
5  183  2  31.5
6  183  2  38.22
7  183  2  4.2
8  183  2  22.62
9  183  2  12.98
10  183  2  10.4
1  184  2  7.05
2  184  2  36.72
3  184  2  4.95
4  184  2  43.12
5  184  2  44.5
6  184  2  34.79
7  184  2  12.6
8  184  2  48.14
9  184  2  43.07
10  184  2  9.2
1  185  2  5.17
2  185  2  36.21
3  185  2  8.1
4  185  2  8.33
5  185  2  6.5
6  185  2  34.79
7  185  2  36.12
8  185  2  36.54
9  185  2  29.5
10  185  2  19.6
1  186  2  28.2
2  186  2  31.11
3  186  2  23.85
4  186  2  31.36
5  186  2  36
6  186  2  19.11
7  186  2  18.48
8  186  2  6.96
9  186  2  34.22
10  186  2  12
1  187  2  21.15
2  187  2  39.78
3  187  2  36.9
4  187  2  10.29
5  187  2  45
6  187  2  32.34
7  187  2  18.48
8  187  2  48.72
9  187  2  28.32
10  187  2  14.8
1  188  2  33.84
2  188  2  42.84
3  188  2  29.25
4  188  2  42.14
5  188  2  40.5
6  188  2  11.27
7  188  2  16.8
8  188  2  19.14
9  188  2  50.74
10  188  2  26.4
1  189  2  22.09
2  189  2  32.64
3  189  2  17.1
4  189  2  23.52
5  189  2  24.5
6  189  2  14.7
7  189  2  23.1
8  189  2  38.28
9  189  2  36.58
10  189  2  15.2
1  190  2  8.93
2  190  2  21.93
3  190  2  7.65
4  190  2  39.2
5  190  2  23
6  190  2  15.68
7  190  2  26.46
8  190  2  33.64
9  190  2  10.03
10  190  2  7.6
1  191  2  39.01
2  191  2  41.31
3  191  2  5.85
4  191  2  10.29
5  191  2  29
6  191  2  25.97
7  191  2  34.44
8  191  2  41.18
9  191  2  39.53
10  191  2  19.2
1  192  2  41.83
2  192  2  42.33
3  192  2  27.9
4  192  2  18.13
5  192  2  6
6  192  2  6.37
7  192  2  13.02
8  192  2  30.16
9  192  2  18.29
10  192  2  9.6
1  193  2  31.02
2  193  2  43.35
3  193  2  24.75
4  193  2  13.23
5  193  2  5.5
6  193  2  20.09
7  193  2  17.64
8  193  2  19.72
9  193  2  44.25
10  193  2  28.4
1  194  2  23.03
2  194  2  32.13
3  194  2  36.45
4  194  2  4.9
5  194  2  29.5
6  194  2  6.86
7  194  2  14.7
8  194  2  43.5
9  194  2  40.12
10  194  2  28.8
1  195  2  5.64
2  195  2  21.93
3  195  2  33.75
4  195  2  23.03
5  195  2  37
6  195  2  6.37
7  195  2  8.4
8  195  2  20.88
9  195  2  34.81
10  195  2  26.8
1  196  2  10.34
2  196  2  16.32
3  196  2  5.4
4  196  2  14.21
5  196  2  27.5
6  196  2  9.31
7  196  2  36.12
8  196  2  17.4
9  196  2  51.33
10  196  2  26.4
1  197  2  31.49
2  197  2  19.38
3  197  2  28.8
4  197  2  35.28
5  197  2  31
6  197  2  17.15
7  197  2  5.88
8  197  2  14.5
9  197  2  17.11
10  197  2  28.8
1  198  2  22.09
2  198  2  23.46
3  198  2  35.1
4  198  2  44.1
5  198  2  37
6  198  2  23.03
7  198  2  27.3
8  198  2  8.12
9  198  2  52.51
10  198  2  8.8
1  199  2  28.2
2  199  2  11.73
3  199  2  27
4  199  2  24.01
5  199  2  16.5
6  199  2  30.87
7  199  2  18.48
8  199  2  29.58
9  199  2  16.52
10  199  2  22
1  200  2  38.07
2  200  2  44.88
3  200  2  27.45
4  200  2  19.11
5  200  2  18
6  200  2  15.19
7  200  2  27.72
8  200  2  11.6
9  200  2  10.03
10  200  2  34.8
;

param xi_base :=
1  1  55
2  1  79
3  1  32
4  1  18
5  1  24
6  1  19
7  1  75
8  1  79
9  1  90
10  1  58
1  2  69
2  2  58
3  2  30
4  2  50
5  2  79
6  2  21
7  2  14
8  2  85
9  2  49
10  2  74
1  3  84
2  3  67
3  3  62
4  3  37
5  3  84
6  3  46
7  3  81
8  3  71
9  3  79
10  3  86
1  4  59
2  4  71
3  4  58
4  4  57
5  4  59
6  4  26
7  4  45
8  4  64
9  4  20
10  4  21
1  5  86
2  5  82
3  5  72
4  5  51
5  5  46
6  5  60
7  5  79
8  5  32
9  5  32
10  5  12
1  6  59
2  6  47
3  6  48
4  6  51
5  6  84
6  6  13
7  6  77
8  6  69
9  6  21
10  6  11
1  7  17
2  7  58
3  7  68
4  7  78
5  7  16
6  7  58
7  7  67
8  7  56
9  7  17
10  7  66
1  8  58
2  8  51
3  8  46
4  8  48
5  8  87
6  8  19
7  8  36
8  8  34
9  8  48
10  8  73
1  9  84
2  9  75
3  9  51
4  9  45
5  9  16
6  9  45
7  9  54
8  9  30
9  9  44
10  9  23
1  10  80
2  10  83
3  10  54
4  10  22
5  10  56
6  10  88
7  10  40
8  10  25
9  10  71
10  10  75
1  11  30
2  11  70
3  11  16
4  11  28
5  11  25
6  11  42
7  11  62
8  11  32
9  11  17
10  11  83
1  12  67
2  12  58
3  12  89
4  12  90
5  12  21
6  12  75
7  12  70
8  12  53
9  12  55
10  12  18
1  13  21
2  13  10
3  13  79
4  13  86
5  13  71
6  13  10
7  13  87
8  13  70
9  13  34
10  13  53
1  14  10
2  14  57
3  14  54
4  14  49
5  14  38
6  14  33
7  14  83
8  14  33
9  14  26
10  14  30
1  15  57
2  15  41
3  15  86
4  15  50
5  15  33
6  15  41
7  15  48
8  15  12
9  15  43
10  15  14
1  16  31
2  16  54
3  16  14
4  16  85
5  16  15
6  16  10
7  16  46
8  16  40
9  16  12
10  16  51
1  17  66
2  17  84
3  17  41
4  17  90
5  17  38
6  17  14
7  17  25
8  17  11
9  17  59
10  17  69
1  18  83
2  18  16
3  18  76
4  18  50
5  18  18
6  18  10
7  18  61
8  18  19
9  18  50
10  18  45
1  19  31
2  19  64
3  19  45
4  19  75
5  19  16
6  19  21
7  19  79
8  19  83
9  19  61
10  19  63
1  20  58
2  20  21
3  20  24
4  20  56
5  20  76
6  20  89
7  20  17
8  20  34
9  20  49
10  20  57
1  21  58
2  21  44
3  21  83
4  21  35
5  21  25
6  21  66
7  21  86
8  21  42
9  21  33
10  21  31
1  22  76
2  22  24
3  22  75
4  22  67
5  22  15
6  22  14
7  22  31
8  22  50
9  22  35
10  22  22
1  23  30
2  23  38
3  23  52
4  23  25
5  23  34
6  23  63
7  23  86
8  23  64
9  23  23
10  23  51
1  24  53
2  24  47
3  24  45
4  24  84
5  24  66
6  24  40
7  24  68
8  24  17
9  24  40
10  24  13
1  25  49
2  25  87
3  25  38
4  25  16
5  25  80
6  25  57
7  25  49
8  25  87
9  25  11
10  25  39
1  26  43
2  26  11
3  26  74
4  26  35
5  26  21
6  26  66
7  26  57
8  26  24
9  26  36
10  26  26
1  27  61
2  27  88
3  27  12
4  27  13
5  27  17
6  27  11
7  27  57
8  27  44
9  27  18
10  27  25
1  28  87
2  28  90
3  28  17
4  28  63
5  28  47
6  28  43
7  28  47
8  28  81
9  28  11
10  28  33
1  29  57
2  29  80
3  29  88
4  29  82
5  29  88
6  29  43
7  29  22
8  29  85
9  29  58
10  29  66
1  30  67
2  30  20
3  30  68
4  30  85
5  30  85
6  30  43
7  30  12
8  30  19
9  30  89
10  30  54
1  31  79
2  31  49
3  31  39
4  31  90
5  31  52
6  31  47
7  31  28
8  31  29
9  31  57
10  31  89
1  32  90
2  32  79
3  32  59
4  32  87
5  32  51
6  32  33
7  32  52
8  32  24
9  32  66
10  32  33
1  33  73
2  33  51
3  33  87
4  33  10
5  33  71
6  33  29
7  33  37
8  33  37
9  33  13
10  33  80
1  34  21
2  34  37
3  34  32
4  34  35
5  34  60
6  34  75
7  34  66
8  34  86
9  34  75
10  34  84
1  35  17
2  35  40
3  35  34
4  35  88
5  35  82
6  35  15
7  35  22
8  35  89
9  35  74
10  35  31
1  36  46
2  36  52
3  36  18
4  36  56
5  36  55
6  36  69
7  36  25
8  36  67
9  36  12
10  36  74
1  37  78
2  37  55
3  37  45
4  37  35
5  37  31
6  37  21
7  37  75
8  37  51
9  37  39
10  37  50
1  38  59
2  38  34
3  38  38
4  38  12
5  38  74
6  38  37
7  38  19
8  38  47
9  38  76
10  38  12
1  39  81
2  39  10
3  39  60
4  39  34
5  39  41
6  39  54
7  39  39
8  39  84
9  39  65
10  39  80
1  40  63
2  40  35
3  40  43
4  40  85
5  40  85
6  40  43
7  40  15
8  40  42
9  40  42
10  40  90
1  41  30
2  41  20
3  41  39
4  41  74
5  41  69
6  41  54
7  41  21
8  41  44
9  41  25
10  41  29
1  42  23
2  42  43
3  42  64
4  42  47
5  42  52
6  42  71
7  42  19
8  42  49
9  42  89
10  42  79
1  43  19
2  43  84
3  43  87
4  43  19
5  43  36
6  43  54
7  43  82
8  43  51
9  43  25
10  43  22
1  44  73
2  44  45
3  44  63
4  44  40
5  44  49
6  44  46
7  44  82
8  44  60
9  44  81
10  44  25
1  45  67
2  45  63
3  45  74
4  45  40
5  45  51
6  45  53
7  45  63
8  45  45
9  45  78
10  45  50
1  46  89
2  46  49
3  46  36
4  46  46
5  46  88
6  46  11
7  46  45
8  46  58
9  46  67
10  46  16
1  47  32
2  47  38
3  47  15
4  47  68
5  47  77
6  47  58
7  47  13
8  47  44
9  47  89
10  47  67
1  48  48
2  48  83
3  48  57
4  48  86
5  48  90
6  48  83
7  48  81
8  48  84
9  48  31
10  48  69
1  49  90
2  49  19
3  49  75
4  49  45
5  49  82
6  49  38
7  49  17
8  49  36
9  49  69
10  49  62
1  50  15
2  50  74
3  50  47
4  50  13
5  50  82
6  50  78
7  50  24
8  50  82
9  50  65
10  50  19
1  51  58
2  51  80
3  51  67
4  51  49
5  51  46
6  51  23
7  51  35
8  51  62
9  51  68
10  51  47
1  52  26
2  52  54
3  52  71
4  52  62
5  52  28
6  52  89
7  52  60
8  52  79
9  52  31
10  52  63
1  53  17
2  53  51
3  53  50
4  53  46
5  53  50
6  53  33
7  53  11
8  53  10
9  53  78
10  53  51
1  54  83
2  54  66
3  54  80
4  54  82
5  54  27
6  54  45
7  54  61
8  54  62
9  54  88
10  54  80
1  55  83
2  55  52
3  55  22
4  55  36
5  55  13
6  55  46
7  55  81
8  55  70
9  55  24
10  55  34
1  56  89
2  56  41
3  56  75
4  56  16
5  56  28
6  56  83
7  56  16
8  56  81
9  56  53
10  56  32
1  57  30
2  57  51
3  57  57
4  57  21
5  57  71
6  57  72
7  57  89
8  57  62
9  57  36
10  57  16
1  58  46
2  58  47
3  58  59
4  58  66
5  58  45
6  58  37
7  58  17
8  58  54
9  58  25
10  58  63
1  59  46
2  59  89
3  59  73
4  59  62
5  59  68
6  59  45
7  59  52
8  59  19
9  59  28
10  59  10
1  60  79
2  60  62
3  60  63
4  60  14
5  60  90
6  60  45
7  60  46
8  60  77
9  60  67
10  60  68
1  61  26
2  61  27
3  61  70
4  61  65
5  61  62
6  61  41
7  61  84
8  61  62
9  61  62
10  61  34
1  62  39
2  62  78
3  62  51
4  62  90
5  62  63
6  62  42
7  62  15
8  62  82
9  62  13
10  62  79
1  63  55
2  63  57
3  63  24
4  63  84
5  63  82
6  63  66
7  63  51
8  63  54
9  63  33
10  63  59
1  64  69
2  64  26
3  64  37
4  64  62
5  64  12
6  64  42
7  64  16
8  64  88
9  64  19
10  64  34
1  65  79
2  65  83
3  65  76
4  65  59
5  65  54
6  65  88
7  65  41
8  65  21
9  65  49
10  65  20
1  66  50
2  66  10
3  66  73
4  66  33
5  66  52
6  66  45
7  66  29
8  66  74
9  66  46
10  66  29
1  67  39
2  67  63
3  67  85
4  67  26
5  67  48
6  67  42
7  67  55
8  67  34
9  67  56
10  67  70
1  68  42
2  68  29
3  68  51
4  68  61
5  68  40
6  68  19
7  68  68
8  68  60
9  68  31
10  68  24
1  69  28
2  69  24
3  69  88
4  69  82
5  69  42
6  69  84
7  69  18
8  69  18
9  69  44
10  69  10
1  70  49
2  70  64
3  70  60
4  70  65
5  70  74
6  70  53
7  70  69
8  70  67
9  70  25
10  70  18
1  71  45
2  71  72
3  71  25
4  71  49
5  71  12
6  71  49
7  71  15
8  71  58
9  71  15
10  71  64
1  72  78
2  72  39
3  72  84
4  72  23
5  72  39
6  72  34
7  72  37
8  72  44
9  72  65
10  72  88
1  73  36
2  73  67
3  73  46
4  73  83
5  73  56
6  73  59
7  73  57
8  73  74
9  73  56
10  73  54
1  74  86
2  74  38
3  74  56
4  74  19
5  74  16
6  74  31
7  74  52
8  74  77
9  74  15
10  74  44
1  75  15
2  75  48
3  75  70
4  75  76
5  75  43
6  75  40
7  75  82
8  75  52
9  75  80
10  75  78
1  76  13
2  76  35
3  76  17
4  76  46
5  76  90
6  76  16
7  76  66
8  76  53
9  76  64
10  76  90
1  77  57
2  77  23
3  77  54
4  77  48
5  77  68
6  77  76
7  77  44
8  77  89
9  77  85
10  77  22
1  78  50
2  78  73
3  78  31
4  78  21
5  78  48
6  78  83
7  78  43
8  78  22
9  78  47
10  78  33
1  79  36
2  79  59
3  79  80
4  79  38
5  79  62
6  79  53
7  79  41
8  79  83
9  79  57
10  79  66
1  80  45
2  80  70
3  80  81
4  80  27
5  80  12
6  80  82
7  80  56
8  80  59
9  80  71
10  80  54
1  81  22
2  81  63
3  81  63
4  81  85
5  81  48
6  81  60
7  81  88
8  81  48
9  81  17
10  81  48
1  82  89
2  82  46
3  82  23
4  82  15
5  82  79
6  82  80
7  82  85
8  82  75
9  82  25
10  82  73
1  83  67
2  83  65
3  83  47
4  83  60
5  83  73
6  83  57
7  83  48
8  83  52
9  83  60
10  83  71
1  84  31
2  84  82
3  84  47
4  84  26
5  84  53
6  84  87
7  84  84
8  84  31
9  84  27
10  84  85
1  85  31
2  85  54
3  85  22
4  85  34
5  85  48
6  85  18
7  85  14
8  85  20
9  85  31
10  85  51
1  86  77
2  86  22
3  86  10
4  86  82
5  86  67
6  86  44
7  86  55
8  86  88
9  86  75
10  86  85
1  87  46
2  87  87
3  87  36
4  87  48
5  87  14
6  87  81
7  87  75
8  87  41
9  87  24
10  87  45
1  88  35
2  88  50
3  88  42
4  88  60
5  88  30
6  88  78
7  88  87
8  88  64
9  88  41
10  88  86
1  89  29
2  89  68
3  89  68
4  89  81
5  89  89
6  89  45
7  89  75
8  89  31
9  89  89
10  89  51
1  90  39
2  90  40
3  90  44
4  90  43
5  90  79
6  90  21
7  90  25
8  90  79
9  90  59
10  90  24
1  91  43
2  91  35
3  91  31
4  91  82
5  91  64
6  91  68
7  91  90
8  91  55
9  91  86
10  91  87
1  92  58
2  92  28
3  92  17
4  92  36
5  92  15
6  92  80
7  92  83
8  92  30
9  92  39
10  92  89
1  93  28
2  93  42
3  93  57
4  93  31
5  93  40
6  93  85
7  93  50
8  93  32
9  93  13
10  93  79
1  94  12
2  94  56
3  94  19
4  94  18
5  94  70
6  94  24
7  94  14
8  94  83
9  94  89
10  94  87
1  95  79
2  95  22
3  95  66
4  95  77
5  95  13
6  95  31
7  95  73
8  95  58
9  95  52
10  95  40
1  96  25
2  96  55
3  96  85
4  96  63
5  96  72
6  96  41
7  96  35
8  96  77
9  96  34
10  96  67
1  97  78
2  97  63
3  97  38
4  97  55
5  97  25
6  97  18
7  97  54
8  97  86
9  97  30
10  97  54
1  98  17
2  98  62
3  98  60
4  98  56
5  98  28
6  98  67
7  98  44
8  98  79
9  98  38
10  98  86
1  99  86
2  99  87
3  99  29
4  99  22
5  99  20
6  99  38
7  99  11
8  99  55
9  99  69
10  99  70
1  100  39
2  100  73
3  100  56
4  100  43
5  100  27
6  100  48
7  100  60
8  100  55
9  100  54
10  100  19
1  101  47
2  101  68
3  101  62
4  101  22
5  101  75
6  101  30
7  101  45
8  101  43
9  101  83
10  101  12
1  102  43
2  102  11
3  102  31
4  102  50
5  102  52
6  102  51
7  102  37
8  102  34
9  102  42
10  102  46
1  103  13
2  103  12
3  103  85
4  103  44
5  103  80
6  103  53
7  103  73
8  103  21
9  103  47
10  103  16
1  104  30
2  104  38
3  104  33
4  104  54
5  104  66
6  104  31
7  104  21
8  104  88
9  104  37
10  104  72
1  105  61
2  105  13
3  105  39
4  105  54
5  105  19
6  105  36
7  105  11
8  105  25
9  105  55
10  105  20
1  106  75
2  106  37
3  106  48
4  106  87
5  106  45
6  106  47
7  106  32
8  106  36
9  106  90
10  106  62
1  107  90
2  107  59
3  107  33
4  107  44
5  107  48
6  107  12
7  107  60
8  107  32
9  107  48
10  107  79
1  108  10
2  108  70
3  108  66
4  108  74
5  108  37
6  108  88
7  108  71
8  108  21
9  108  39
10  108  79
1  109  24
2  109  58
3  109  18
4  109  72
5  109  10
6  109  55
7  109  68
8  109  87
9  109  40
10  109  23
1  110  89
2  110  68
3  110  33
4  110  81
5  110  33
6  110  61
7  110  80
8  110  10
9  110  14
10  110  85
1  111  26
2  111  37
3  111  38
4  111  25
5  111  61
6  111  10
7  111  70
8  111  55
9  111  73
10  111  84
1  112  23
2  112  77
3  112  50
4  112  15
5  112  72
6  112  88
7  112  43
8  112  62
9  112  78
10  112  40
1  113  10
2  113  10
3  113  67
4  113  13
5  113  78
6  113  89
7  113  87
8  113  67
9  113  41
10  113  21
1  114  53
2  114  19
3  114  22
4  114  25
5  114  14
6  114  82
7  114  76
8  114  62
9  114  61
10  114  43
1  115  15
2  115  65
3  115  71
4  115  26
5  115  42
6  115  90
7  115  34
8  115  69
9  115  63
10  115  62
1  116  59
2  116  20
3  116  36
4  116  51
5  116  80
6  116  14
7  116  13
8  116  14
9  116  71
10  116  16
1  117  19
2  117  17
3  117  13
4  117  56
5  117  35
6  117  26
7  117  32
8  117  42
9  117  57
10  117  52
1  118  42
2  118  72
3  118  64
4  118  56
5  118  20
6  118  82
7  118  22
8  118  48
9  118  38
10  118  77
1  119  20
2  119  37
3  119  16
4  119  78
5  119  81
6  119  54
7  119  26
8  119  53
9  119  61
10  119  49
1  120  79
2  120  78
3  120  71
4  120  87
5  120  53
6  120  66
7  120  59
8  120  85
9  120  40
10  120  43
1  121  36
2  121  51
3  121  10
4  121  28
5  121  73
6  121  76
7  121  33
8  121  47
9  121  28
10  121  18
1  122  47
2  122  30
3  122  80
4  122  68
5  122  46
6  122  21
7  122  22
8  122  52
9  122  34
10  122  46
1  123  82
2  123  36
3  123  53
4  123  23
5  123  74
6  123  75
7  123  53
8  123  48
9  123  26
10  123  79
1  124  87
2  124  18
3  124  12
4  124  77
5  124  23
6  124  30
7  124  50
8  124  11
9  124  41
10  124  29
1  125  63
2  125  71
3  125  51
4  125  89
5  125  79
6  125  38
7  125  33
8  125  39
9  125  14
10  125  87
1  126  57
2  126  63
3  126  46
4  126  20
5  126  40
6  126  66
7  126  48
8  126  45
9  126  67
10  126  76
1  127  52
2  127  71
3  127  37
4  127  17
5  127  10
6  127  88
7  127  79
8  127  70
9  127  50
10  127  33
1  128  70
2  128  67
3  128  12
4  128  61
5  128  29
6  128  13
7  128  17
8  128  46
9  128  13
10  128  20
1  129  38
2  129  25
3  129  33
4  129  54
5  129  52
6  129  12
7  129  38
8  129  39
9  129  76
10  129  53
1  130  80
2  130  72
3  130  83
4  130  29
5  130  30
6  130  70
7  130  43
8  130  45
9  130  27
10  130  65
1  131  52
2  131  31
3  131  71
4  131  55
5  131  17
6  131  18
7  131  48
8  131  34
9  131  21
10  131  44
1  132  10
2  132  49
3  132  55
4  132  20
5  132  72
6  132  45
7  132  20
8  132  28
9  132  85
10  132  40
1  133  17
2  133  46
3  133  32
4  133  50
5  133  83
6  133  15
7  133  35
8  133  27
9  133  77
10  133  51
1  134  25
2  134  54
3  134  58
4  134  44
5  134  25
6  134  70
7  134  78
8  134  21
9  134  75
10  134  83
1  135  47
2  135  13
3  135  24
4  135  29
5  135  57
6  135  57
7  135  50
8  135  32
9  135  82
10  135  16
1  136  83
2  136  65
3  136  40
4  136  54
5  136  62
6  136  66
7  136  46
8  136  82
9  136  33
10  136  45
1  137  79
2  137  82
3  137  31
4  137  78
5  137  68
6  137  67
7  137  17
8  137  37
9  137  39
10  137  81
1  138  18
2  138  57
3  138  33
4  138  50
5  138  52
6  138  83
7  138  50
8  138  64
9  138  44
10  138  37
1  139  10
2  139  43
3  139  12
4  139  29
5  139  61
6  139  74
7  139  28
8  139  81
9  139  26
10  139  68
1  140  30
2  140  88
3  140  42
4  140  78
5  140  60
6  140  90
7  140  74
8  140  37
9  140  61
10  140  84
1  141  46
2  141  26
3  141  33
4  141  46
5  141  19
6  141  32
7  141  37
8  141  77
9  141  11
10  141  80
1  142  67
2  142  88
3  142  82
4  142  11
5  142  20
6  142  22
7  142  77
8  142  73
9  142  57
10  142  55
1  143  27
2  143  39
3  143  61
4  143  21
5  143  29
6  143  27
7  143  87
8  143  70
9  143  64
10  143  40
1  144  40
2  144  72
3  144  67
4  144  60
5  144  50
6  144  51
7  144  29
8  144  68
9  144  86
10  144  62
1  145  37
2  145  41
3  145  64
4  145  51
5  145  83
6  145  37
7  145  12
8  145  26
9  145  19
10  145  78
1  146  23
2  146  17
3  146  39
4  146  23
5  146  71
6  146  50
7  146  68
8  146  33
9  146  53
10  146  63
1  147  83
2  147  88
3  147  22
4  147  89
5  147  72
6  147  90
7  147  16
8  147  11
9  147  62
10  147  26
1  148  42
2  148  77
3  148  12
4  148  32
5  148  64
6  148  38
7  148  19
8  148  28
9  148  73
10  148  39
1  149  10
2  149  40
3  149  22
4  149  68
5  149  31
6  149  67
7  149  48
8  149  80
9  149  18
10  149  52
1  150  12
2  150  79
3  150  13
4  150  18
5  150  83
6  150  56
7  150  79
8  150  86
9  150  39
10  150  90
1  151  19
2  151  70
3  151  12
4  151  87
5  151  43
6  151  47
7  151  57
8  151  25
9  151  71
10  151  52
1  152  19
2  152  10
3  152  25
4  152  17
5  152  31
6  152  25
7  152  16
8  152  48
9  152  27
10  152  89
1  153  18
2  153  29
3  153  22
4  153  75
5  153  45
6  153  62
7  153  77
8  153  58
9  153  87
10  153  49
1  154  88
2  154  34
3  154  31
4  154  54
5  154  60
6  154  45
7  154  55
8  154  83
9  154  55
10  154  86
1  155  31
2  155  55
3  155  14
4  155  80
5  155  80
6  155  81
7  155  43
8  155  23
9  155  28
10  155  56
1  156  41
2  156  68
3  156  18
4  156  39
5  156  16
6  156  83
7  156  15
8  156  75
9  156  81
10  156  30
1  157  62
2  157  32
3  157  47
4  157  18
5  157  15
6  157  23
7  157  52
8  157  35
9  157  73
10  157  38
1  158  17
2  158  76
3  158  72
4  158  39
5  158  71
6  158  50
7  158  68
8  158  35
9  158  55
10  158  35
1  159  84
2  159  53
3  159  17
4  159  27
5  159  23
6  159  65
7  159  84
8  159  42
9  159  83
10  159  19
1  160  48
2  160  77
3  160  80
4  160  16
5  160  86
6  160  84
7  160  78
8  160  78
9  160  79
10  160  45
1  161  76
2  161  56
3  161  22
4  161  28
5  161  47
6  161  31
7  161  73
8  161  16
9  161  63
10  161  49
1  162  70
2  162  52
3  162  80
4  162  21
5  162  29
6  162  64
7  162  40
8  162  16
9  162  77
10  162  89
1  163  60
2  163  60
3  163  90
4  163  60
5  163  27
6  163  41
7  163  77
8  163  12
9  163  48
10  163  52
1  164  82
2  164  71
3  164  73
4  164  68
5  164  17
6  164  21
7  164  59
8  164  43
9  164  77
10  164  81
1  165  78
2  165  28
3  165  34
4  165  35
5  165  84
6  165  29
7  165  27
8  165  89
9  165  41
10  165  49
1  166  64
2  166  54
3  166  52
4  166  74
5  166  88
6  166  19
7  166  76
8  166  36
9  166  68
10  166  47
1  167  42
2  167  57
3  167  36
4  167  21
5  167  25
6  167  19
7  167  74
8  167  40
9  167  21
10  167  85
1  168  65
2  168  38
3  168  28
4  168  11
5  168  50
6  168  52
7  168  69
8  168  31
9  168  66
10  168  15
1  169  52
2  169  80
3  169  68
4  169  58
5  169  82
6  169  10
7  169  15
8  169  11
9  169  38
10  169  35
1  170  71
2  170  60
3  170  30
4  170  53
5  170  81
6  170  10
7  170  70
8  170  77
9  170  62
10  170  41
1  171  23
2  171  66
3  171  52
4  171  46
5  171  62
6  171  86
7  171  77
8  171  77
9  171  72
10  171  26
1  172  46
2  172  35
3  172  72
4  172  13
5  172  76
6  172  11
7  172  46
8  172  18
9  172  38
10  172  34
1  173  61
2  173  61
3  173  28
4  173  23
5  173  64
6  173  63
7  173  49
8  173  18
9  173  83
10  173  14
1  174  82
2  174  65
3  174  61
4  174  81
5  174  43
6  174  24
7  174  14
8  174  22
9  174  60
10  174  86
1  175  73
2  175  40
3  175  55
4  175  54
5  175  50
6  175  68
7  175  84
8  175  13
9  175  50
10  175  14
1  176  34
2  176  26
3  176  57
4  176  73
5  176  15
6  176  44
7  176  18
8  176  29
9  176  63
10  176  11
1  177  19
2  177  81
3  177  17
4  177  13
5  177  74
6  177  28
7  177  30
8  177  61
9  177  70
10  177  76
1  178  87
2  178  25
3  178  52
4  178  85
5  178  36
6  178  83
7  178  52
8  178  40
9  178  18
10  178  81
1  179  36
2  179  39
3  179  57
4  179  88
5  179  55
6  179  26
7  179  42
8  179  11
9  179  63
10  179  66
1  180  66
2  180  45
3  180  13
4  180  67
5  180  35
6  180  81
7  180  57
8  180  67
9  180  69
10  180  25
1  181  83
2  181  69
3  181  45
4  181  25
5  181  86
6  181  20
7  181  89
8  181  34
9  181  16
10  181  26
1  182  70
2  182  17
3  182  30
4  182  42
5  182  38
6  182  45
7  182  76
8  182  88
9  182  79
10  182  47
1  183  90
2  183  24
3  183  19
4  183  62
5  183  63
6  183  78
7  183  10
8  183  39
9  183  22
10  183  26
1  184  15
2  184  72
3  184  11
4  184  88
5  184  89
6  184  71
7  184  30
8  184  83
9  184  73
10  184  23
1  185  11
2  185  71
3  185  18
4  185  17
5  185  13
6  185  71
7  185  86
8  185  63
9  185  50
10  185  49
1  186  60
2  186  61
3  186  53
4  186  64
5  186  72
6  186  39
7  186  44
8  186  12
9  186  58
10  186  30
1  187  45
2  187  78
3  187  82
4  187  21
5  187  90
6  187  66
7  187  44
8  187  84
9  187  48
10  187  37
1  188  72
2  188  84
3  188  65
4  188  86
5  188  81
6  188  23
7  188  40
8  188  33
9  188  86
10  188  66
1  189  47
2  189  64
3  189  38
4  189  48
5  189  49
6  189  30
7  189  55
8  189  66
9  189  62
10  189  38
1  190  19
2  190  43
3  190  17
4  190  80
5  190  46
6  190  32
7  190  63
8  190  58
9  190  17
10  190  19
1  191  83
2  191  81
3  191  13
4  191  21
5  191  58
6  191  53
7  191  82
8  191  71
9  191  67
10  191  48
1  192  89
2  192  83
3  192  62
4  192  37
5  192  12
6  192  13
7  192  31
8  192  52
9  192  31
10  192  24
1  193  66
2  193  85
3  193  55
4  193  27
5  193  11
6  193  41
7  193  42
8  193  34
9  193  75
10  193  71
1  194  49
2  194  63
3  194  81
4  194  10
5  194  59
6  194  14
7  194  35
8  194  75
9  194  68
10  194  72
1  195  12
2  195  43
3  195  75
4  195  47
5  195  74
6  195  13
7  195  20
8  195  36
9  195  59
10  195  67
1  196  22
2  196  32
3  196  12
4  196  29
5  196  55
6  196  19
7  196  86
8  196  30
9  196  87
10  196  66
1  197  67
2  197  38
3  197  64
4  197  72
5  197  62
6  197  35
7  197  14
8  197  25
9  197  29
10  197  72
1  198  47
2  198  46
3  198  78
4  198  90
5  198  74
6  198  47
7  198  65
8  198  14
9  198  89
10  198  22
1  199  60
2  199  23
3  199  60
4  199  49
5  199  33
6  199  63
7  199  44
8  199  51
9  199  28
10  199  55
1  200  81
2  200  88
3  200  61
4  200  39
5  200  36
6  200  31
7  200  66
8  200  20
9  200  17
10  200  87
;

param a :=
1  1  1
2  1  0.47
1  2  1
2  2  0.51
1  3  1
2  3  0.45
1  4  1
2  4  0.49
1  5  1
2  5  0.5
1  6  1
2  6  0.49
1  7  1
2  7  0.42
1  8  1
2  8  0.58
1  9  1
2  9  0.59
1  10  1
2  10  0.4
;

