param com_measure1 := 0.61091;

param com_measure2 := 0.96547;

param kappa_max := 822.409;

param U_tau := 622.6137;

param nT := 2;

param nS := 100;

param nL := 20;

param B := 1001.76;

param w :=
1  1
2  3
3  1
4  1
5  1
6  3
7  3
8  2
9  3
10  1
11  2
12  3
13  2
14  1
15  1
16  2
17  1
18  3
19  1
20  2
;

param h :=
1  1  0
1  2  0
1  3  0
1  4  0
1  5  0
1  6  0
1  7  0
1  8  0
1  9  0
1  10  0
1  11  0
1  12  0
1  13  0
1  14  0
1  15  0
1  16  0
1  17  0
1  18  0
1  19  0
1  20  0
2  1  84.49
2  2  104.50
2  3  105.02
2  4  104.19
2  5  99.06
2  6  113.69
2  7  104.68
2  8  97.45
2  9  98.67
2  10  103.65
2  11  97.06
2  12  102.55
2  13  108.77
2  14  94.53
2  15  95.76
2  16  102.30
2  17  93.30
2  18  98.21
2  19  101.57
2  20  94.06
;

param xi :=
1  1  1  45
2  1  1  82
3  1  1  23
4  1  1  12
5  1  1  33
6  1  1  70
7  1  1  29
8  1  1  89
9  1  1  84
10  1  1  39
11  1  1  58
12  1  1  25
13  1  1  56
14  1  1  66
15  1  1  53
16  1  1  32
17  1  1  26
18  1  1  52
19  1  1  89
20  1  1  29
1  2  1  57
2  2  1  29
3  2  1  79
4  2  1  82
5  2  1  58
6  2  1  44
7  2  1  84
8  2  1  72
9  2  1  44
10  2  1  54
11  2  1  44
12  2  1  53
13  2  1  64
14  2  1  54
15  2  1  63
16  2  1  38
17  2  1  15
18  2  1  33
19  2  1  55
20  2  1  77
1  3  1  49
2  3  1  32
3  3  1  57
4  3  1  78
5  3  1  69
6  3  1  46
7  3  1  25
8  3  1  23
9  3  1  77
10  3  1  74
11  3  1  25
12  3  1  22
13  3  1  10
14  3  1  24
15  3  1  19
16  3  1  17
17  3  1  20
18  3  1  70
19  3  1  78
20  3  1  25
1  4  1  54
2  4  1  87
3  4  1  40
4  4  1  65
5  4  1  38
6  4  1  63
7  4  1  87
8  4  1  74
9  4  1  54
10  4  1  32
11  4  1  85
12  4  1  11
13  4  1  82
14  4  1  90
15  4  1  84
16  4  1  18
17  4  1  57
18  4  1  15
19  4  1  68
20  4  1  50
1  5  1  80
2  5  1  23
3  5  1  30
4  5  1  12
5  5  1  38
6  5  1  50
7  5  1  72
8  5  1  18
9  5  1  17
10  5  1  41
11  5  1  31
12  5  1  75
13  5  1  47
14  5  1  65
15  5  1  34
16  5  1  75
17  5  1  32
18  5  1  32
19  5  1  29
20  5  1  17
1  6  1  61
2  6  1  82
3  6  1  47
4  6  1  46
5  6  1  38
6  6  1  41
7  6  1  78
8  6  1  65
9  6  1  10
10  6  1  23
11  6  1  48
12  6  1  61
13  6  1  62
14  6  1  47
15  6  1  30
16  6  1  74
17  6  1  37
18  6  1  60
19  6  1  82
20  6  1  35
1  7  1  25
2  7  1  78
3  7  1  18
4  7  1  24
5  7  1  23
6  7  1  87
7  7  1  20
8  7  1  61
9  7  1  29
10  7  1  44
11  7  1  61
12  7  1  30
13  7  1  87
14  7  1  42
15  7  1  18
16  7  1  38
17  7  1  22
18  7  1  65
19  7  1  14
20  7  1  20
1  8  1  62
2  8  1  78
3  8  1  35
4  8  1  62
5  8  1  88
6  8  1  20
7  8  1  30
8  8  1  90
9  8  1  43
10  8  1  61
11  8  1  55
12  8  1  84
13  8  1  85
14  8  1  62
15  8  1  30
16  8  1  58
17  8  1  76
18  8  1  47
19  8  1  62
20  8  1  81
1  9  1  60
2  9  1  47
3  9  1  68
4  9  1  23
5  9  1  69
6  9  1  58
7  9  1  22
8  9  1  18
9  9  1  71
10  9  1  41
11  9  1  25
12  9  1  57
13  9  1  41
14  9  1  29
15  9  1  39
16  9  1  69
17  9  1  28
18  9  1  53
19  9  1  67
20  9  1  62
1  10  1  36
2  10  1  65
3  10  1  82
4  10  1  51
5  10  1  17
6  10  1  86
7  10  1  79
8  10  1  73
9  10  1  11
10  10  1  87
11  10  1  27
12  10  1  56
13  10  1  20
14  10  1  52
15  10  1  73
16  10  1  43
17  10  1  90
18  10  1  59
19  10  1  66
20  10  1  50
1  11  1  57
2  11  1  52
3  11  1  71
4  11  1  85
5  11  1  60
6  11  1  62
7  11  1  22
8  11  1  76
9  11  1  79
10  11  1  16
11  11  1  59
12  11  1  28
13  11  1  27
14  11  1  31
15  11  1  35
16  11  1  22
17  11  1  71
18  11  1  76
19  11  1  70
20  11  1  48
1  12  1  45
2  12  1  73
3  12  1  21
4  12  1  76
5  12  1  46
6  12  1  48
7  12  1  52
8  12  1  37
9  12  1  20
10  12  1  70
11  12  1  41
12  12  1  60
13  12  1  43
14  12  1  11
15  12  1  36
16  12  1  21
17  12  1  12
18  12  1  35
19  12  1  24
20  12  1  28
1  13  1  11
2  13  1  80
3  13  1  52
4  13  1  75
5  13  1  82
6  13  1  63
7  13  1  67
8  13  1  71
9  13  1  65
10  13  1  44
11  13  1  65
12  13  1  35
13  13  1  81
14  13  1  75
15  13  1  85
16  13  1  37
17  13  1  24
18  13  1  57
19  13  1  63
20  13  1  89
1  14  1  12
2  14  1  76
3  14  1  18
4  14  1  52
5  14  1  42
6  14  1  50
7  14  1  33
8  14  1  12
9  14  1  66
10  14  1  55
11  14  1  73
12  14  1  51
13  14  1  53
14  14  1  89
15  14  1  78
16  14  1  76
17  14  1  23
18  14  1  78
19  14  1  85
20  14  1  32
1  15  1  15
2  15  1  51
3  15  1  44
4  15  1  34
5  15  1  81
6  15  1  35
7  15  1  67
8  15  1  79
9  15  1  74
10  15  1  26
11  15  1  75
12  15  1  64
13  15  1  41
14  15  1  22
15  15  1  90
16  15  1  17
17  15  1  70
18  15  1  44
19  15  1  88
20  15  1  13
1  16  1  61
2  16  1  17
3  16  1  60
4  16  1  11
5  16  1  54
6  16  1  58
7  16  1  55
8  16  1  73
9  16  1  83
10  16  1  30
11  16  1  66
12  16  1  77
13  16  1  84
14  16  1  22
15  16  1  10
16  16  1  79
17  16  1  78
18  16  1  89
19  16  1  88
20  16  1  77
1  17  1  15
2  17  1  64
3  17  1  84
4  17  1  17
5  17  1  78
6  17  1  75
7  17  1  29
8  17  1  61
9  17  1  84
10  17  1  72
11  17  1  24
12  17  1  41
13  17  1  29
14  17  1  52
15  17  1  49
16  17  1  69
17  17  1  42
18  17  1  66
19  17  1  44
20  17  1  71
1  18  1  27
2  18  1  78
3  18  1  10
4  18  1  69
5  18  1  36
6  18  1  45
7  18  1  25
8  18  1  49
9  18  1  16
10  18  1  23
11  18  1  76
12  18  1  72
13  18  1  48
14  18  1  13
15  18  1  19
16  18  1  44
17  18  1  30
18  18  1  45
19  18  1  17
20  18  1  65
1  19  1  51
2  19  1  11
3  19  1  90
4  19  1  43
5  19  1  34
6  19  1  49
7  19  1  77
8  19  1  78
9  19  1  43
10  19  1  70
11  19  1  30
12  19  1  31
13  19  1  57
14  19  1  79
15  19  1  39
16  19  1  45
17  19  1  30
18  19  1  47
19  19  1  56
20  19  1  67
1  20  1  90
2  20  1  89
3  20  1  28
4  20  1  47
5  20  1  71
6  20  1  13
7  20  1  65
8  20  1  45
9  20  1  53
10  20  1  47
11  20  1  24
12  20  1  88
13  20  1  36
14  20  1  20
15  20  1  80
16  20  1  14
17  20  1  44
18  20  1  39
19  20  1  58
20  20  1  44
1  21  1  34
2  21  1  54
3  21  1  75
4  21  1  52
5  21  1  13
6  21  1  42
7  21  1  51
8  21  1  36
9  21  1  58
10  21  1  58
11  21  1  30
12  21  1  89
13  21  1  12
14  21  1  10
15  21  1  23
16  21  1  49
17  21  1  84
18  21  1  87
19  21  1  60
20  21  1  17
1  22  1  40
2  22  1  49
3  22  1  32
4  22  1  50
5  22  1  88
6  22  1  60
7  22  1  67
8  22  1  20
9  22  1  68
10  22  1  27
11  22  1  67
12  22  1  34
13  22  1  64
14  22  1  63
15  22  1  48
16  22  1  21
17  22  1  46
18  22  1  36
19  22  1  83
20  22  1  47
1  23  1  32
2  23  1  69
3  23  1  23
4  23  1  85
5  23  1  28
6  23  1  31
7  23  1  63
8  23  1  74
9  23  1  30
10  23  1  48
11  23  1  19
12  23  1  48
13  23  1  69
14  23  1  57
15  23  1  81
16  23  1  44
17  23  1  82
18  23  1  19
19  23  1  75
20  23  1  79
1  24  1  31
2  24  1  90
3  24  1  56
4  24  1  80
5  24  1  44
6  24  1  61
7  24  1  48
8  24  1  36
9  24  1  87
10  24  1  87
11  24  1  79
12  24  1  59
13  24  1  44
14  24  1  14
15  24  1  58
16  24  1  50
17  24  1  26
18  24  1  13
19  24  1  54
20  24  1  21
1  25  1  28
2  25  1  34
3  25  1  69
4  25  1  60
5  25  1  42
6  25  1  23
7  25  1  50
8  25  1  38
9  25  1  55
10  25  1  39
11  25  1  58
12  25  1  30
13  25  1  58
14  25  1  90
15  25  1  48
16  25  1  60
17  25  1  65
18  25  1  85
19  25  1  90
20  25  1  14
1  26  1  73
2  26  1  48
3  26  1  61
4  26  1  44
5  26  1  78
6  26  1  52
7  26  1  59
8  26  1  36
9  26  1  74
10  26  1  26
11  26  1  36
12  26  1  76
13  26  1  66
14  26  1  61
15  26  1  48
16  26  1  38
17  26  1  35
18  26  1  72
19  26  1  30
20  26  1  54
1  27  1  16
2  27  1  49
3  27  1  88
4  27  1  29
5  27  1  17
6  27  1  51
7  27  1  74
8  27  1  59
9  27  1  73
10  27  1  30
11  27  1  50
12  27  1  10
13  27  1  19
14  27  1  44
15  27  1  71
16  27  1  67
17  27  1  11
18  27  1  14
19  27  1  57
20  27  1  26
1  28  1  19
2  28  1  74
3  28  1  79
4  28  1  45
5  28  1  70
6  28  1  25
7  28  1  27
8  28  1  30
9  28  1  23
10  28  1  70
11  28  1  89
12  28  1  84
13  28  1  76
14  28  1  36
15  28  1  86
16  28  1  60
17  28  1  71
18  28  1  62
19  28  1  11
20  28  1  36
1  29  1  85
2  29  1  49
3  29  1  21
4  29  1  76
5  29  1  17
6  29  1  55
7  29  1  75
8  29  1  61
9  29  1  13
10  29  1  41
11  29  1  26
12  29  1  43
13  29  1  80
14  29  1  34
15  29  1  56
16  29  1  21
17  29  1  68
18  29  1  56
19  29  1  68
20  29  1  82
1  30  1  87
2  30  1  65
3  30  1  81
4  30  1  69
5  30  1  54
6  30  1  42
7  30  1  36
8  30  1  34
9  30  1  34
10  30  1  49
11  30  1  88
12  30  1  44
13  30  1  80
14  30  1  73
15  30  1  37
16  30  1  74
17  30  1  57
18  30  1  51
19  30  1  86
20  30  1  42
1  31  1  43
2  31  1  25
3  31  1  57
4  31  1  25
5  31  1  61
6  31  1  58
7  31  1  43
8  31  1  26
9  31  1  39
10  31  1  80
11  31  1  61
12  31  1  15
13  31  1  60
14  31  1  43
15  31  1  40
16  31  1  50
17  31  1  24
18  31  1  75
19  31  1  40
20  31  1  80
1  32  1  30
2  32  1  18
3  32  1  84
4  32  1  87
5  32  1  74
6  32  1  72
7  32  1  14
8  32  1  39
9  32  1  58
10  32  1  89
11  32  1  62
12  32  1  65
13  32  1  85
14  32  1  30
15  32  1  38
16  32  1  73
17  32  1  10
18  32  1  61
19  32  1  43
20  32  1  58
1  33  1  17
2  33  1  80
3  33  1  42
4  33  1  19
5  33  1  52
6  33  1  34
7  33  1  21
8  33  1  51
9  33  1  61
10  33  1  77
11  33  1  29
12  33  1  75
13  33  1  54
14  33  1  56
15  33  1  24
16  33  1  21
17  33  1  52
18  33  1  69
19  33  1  53
20  33  1  12
1  34  1  61
2  34  1  36
3  34  1  39
4  34  1  10
5  34  1  58
6  34  1  55
7  34  1  75
8  34  1  29
9  34  1  41
10  34  1  28
11  34  1  18
12  34  1  35
13  34  1  33
14  34  1  85
15  34  1  74
16  34  1  69
17  34  1  80
18  34  1  60
19  34  1  13
20  34  1  18
1  35  1  44
2  35  1  31
3  35  1  75
4  35  1  41
5  35  1  23
6  35  1  88
7  35  1  57
8  35  1  73
9  35  1  17
10  35  1  13
11  35  1  28
12  35  1  48
13  35  1  17
14  35  1  81
15  35  1  24
16  35  1  32
17  35  1  35
18  35  1  13
19  35  1  83
20  35  1  71
1  36  1  15
2  36  1  57
3  36  1  12
4  36  1  60
5  36  1  69
6  36  1  87
7  36  1  20
8  36  1  66
9  36  1  75
10  36  1  69
11  36  1  79
12  36  1  50
13  36  1  85
14  36  1  64
15  36  1  59
16  36  1  24
17  36  1  55
18  36  1  39
19  36  1  53
20  36  1  31
1  37  1  24
2  37  1  73
3  37  1  43
4  37  1  44
5  37  1  74
6  37  1  44
7  37  1  68
8  37  1  14
9  37  1  13
10  37  1  25
11  37  1  83
12  37  1  39
13  37  1  46
14  37  1  52
15  37  1  61
16  37  1  79
17  37  1  48
18  37  1  41
19  37  1  85
20  37  1  46
1  38  1  85
2  38  1  84
3  38  1  75
4  38  1  63
5  38  1  14
6  38  1  88
7  38  1  59
8  38  1  68
9  38  1  35
10  38  1  52
11  38  1  54
12  38  1  44
13  38  1  52
14  38  1  53
15  38  1  78
16  38  1  28
17  38  1  10
18  38  1  36
19  38  1  20
20  38  1  24
1  39  1  49
2  39  1  73
3  39  1  82
4  39  1  66
5  39  1  24
6  39  1  85
7  39  1  66
8  39  1  14
9  39  1  83
10  39  1  82
11  39  1  50
12  39  1  11
13  39  1  17
14  39  1  51
15  39  1  62
16  39  1  53
17  39  1  66
18  39  1  74
19  39  1  61
20  39  1  67
1  40  1  46
2  40  1  43
3  40  1  38
4  40  1  50
5  40  1  43
6  40  1  31
7  40  1  46
8  40  1  18
9  40  1  90
10  40  1  49
11  40  1  34
12  40  1  82
13  40  1  59
14  40  1  59
15  40  1  68
16  40  1  49
17  40  1  90
18  40  1  36
19  40  1  49
20  40  1  88
1  41  1  63
2  41  1  50
3  41  1  90
4  41  1  31
5  41  1  12
6  41  1  60
7  41  1  80
8  41  1  59
9  41  1  58
10  41  1  29
11  41  1  23
12  41  1  29
13  41  1  62
14  41  1  60
15  41  1  74
16  41  1  58
17  41  1  53
18  41  1  47
19  41  1  80
20  41  1  22
1  42  1  26
2  42  1  72
3  42  1  10
4  42  1  88
5  42  1  78
6  42  1  45
7  42  1  48
8  42  1  79
9  42  1  67
10  42  1  13
11  42  1  76
12  42  1  60
13  42  1  20
14  42  1  55
15  42  1  50
16  42  1  15
17  42  1  61
18  42  1  15
19  42  1  25
20  42  1  11
1  43  1  31
2  43  1  80
3  43  1  24
4  43  1  34
5  43  1  43
6  43  1  47
7  43  1  56
8  43  1  60
9  43  1  53
10  43  1  62
11  43  1  61
12  43  1  13
13  43  1  64
14  43  1  18
15  43  1  80
16  43  1  50
17  43  1  58
18  43  1  69
19  43  1  53
20  43  1  25
1  44  1  16
2  44  1  62
3  44  1  85
4  44  1  20
5  44  1  85
6  44  1  51
7  44  1  57
8  44  1  22
9  44  1  64
10  44  1  24
11  44  1  34
12  44  1  90
13  44  1  42
14  44  1  11
15  44  1  43
16  44  1  38
17  44  1  67
18  44  1  81
19  44  1  18
20  44  1  41
1  45  1  41
2  45  1  77
3  45  1  38
4  45  1  55
5  45  1  57
6  45  1  57
7  45  1  53
8  45  1  18
9  45  1  75
10  45  1  33
11  45  1  14
12  45  1  23
13  45  1  58
14  45  1  72
15  45  1  38
16  45  1  23
17  45  1  46
18  45  1  74
19  45  1  30
20  45  1  57
1  46  1  23
2  46  1  55
3  46  1  52
4  46  1  19
5  46  1  80
6  46  1  58
7  46  1  81
8  46  1  55
9  46  1  34
10  46  1  75
11  46  1  85
12  46  1  34
13  46  1  43
14  46  1  66
15  46  1  13
16  46  1  69
17  46  1  55
18  46  1  68
19  46  1  22
20  46  1  79
1  47  1  51
2  47  1  49
3  47  1  25
4  47  1  24
5  47  1  46
6  47  1  75
7  47  1  81
8  47  1  73
9  47  1  88
10  47  1  81
11  47  1  68
12  47  1  82
13  47  1  62
14  47  1  36
15  47  1  22
16  47  1  70
17  47  1  22
18  47  1  42
19  47  1  74
20  47  1  29
1  48  1  26
2  48  1  35
3  48  1  21
4  48  1  62
5  48  1  87
6  48  1  82
7  48  1  65
8  48  1  36
9  48  1  17
10  48  1  48
11  48  1  41
12  48  1  55
13  48  1  70
14  48  1  52
15  48  1  62
16  48  1  66
17  48  1  74
18  48  1  22
19  48  1  80
20  48  1  48
1  49  1  86
2  49  1  69
3  49  1  53
4  49  1  21
5  49  1  30
6  49  1  79
7  49  1  60
8  49  1  27
9  49  1  55
10  49  1  60
11  49  1  40
12  49  1  20
13  49  1  36
14  49  1  51
15  49  1  72
16  49  1  56
17  49  1  49
18  49  1  90
19  49  1  56
20  49  1  70
1  50  1  43
2  50  1  72
3  50  1  79
4  50  1  79
5  50  1  12
6  50  1  71
7  50  1  41
8  50  1  33
9  50  1  26
10  50  1  84
11  50  1  21
12  50  1  34
13  50  1  75
14  50  1  75
15  50  1  15
16  50  1  19
17  50  1  25
18  50  1  22
19  50  1  45
20  50  1  28
1  51  1  40
2  51  1  62
3  51  1  30
4  51  1  71
5  51  1  72
6  51  1  79
7  51  1  51
8  51  1  58
9  51  1  77
10  51  1  88
11  51  1  35
12  51  1  82
13  51  1  53
14  51  1  12
15  51  1  17
16  51  1  67
17  51  1  83
18  51  1  50
19  51  1  30
20  51  1  78
1  52  1  52
2  52  1  56
3  52  1  69
4  52  1  25
5  52  1  16
6  52  1  89
7  52  1  12
8  52  1  51
9  52  1  16
10  52  1  66
11  52  1  74
12  52  1  35
13  52  1  80
14  52  1  53
15  52  1  29
16  52  1  65
17  52  1  31
18  52  1  49
19  52  1  14
20  52  1  80
1  53  1  88
2  53  1  11
3  53  1  87
4  53  1  59
5  53  1  74
6  53  1  35
7  53  1  12
8  53  1  25
9  53  1  53
10  53  1  48
11  53  1  33
12  53  1  52
13  53  1  25
14  53  1  29
15  53  1  50
16  53  1  35
17  53  1  63
18  53  1  44
19  53  1  72
20  53  1  83
1  54  1  46
2  54  1  80
3  54  1  51
4  54  1  70
5  54  1  63
6  54  1  75
7  54  1  54
8  54  1  51
9  54  1  59
10  54  1  66
11  54  1  66
12  54  1  76
13  54  1  28
14  54  1  37
15  54  1  63
16  54  1  30
17  54  1  24
18  54  1  18
19  54  1  45
20  54  1  53
1  55  1  11
2  55  1  39
3  55  1  29
4  55  1  70
5  55  1  72
6  55  1  56
7  55  1  53
8  55  1  84
9  55  1  26
10  55  1  55
11  55  1  37
12  55  1  23
13  55  1  15
14  55  1  69
15  55  1  14
16  55  1  26
17  55  1  89
18  55  1  38
19  55  1  73
20  55  1  51
1  56  1  23
2  56  1  59
3  56  1  82
4  56  1  61
5  56  1  63
6  56  1  63
7  56  1  21
8  56  1  40
9  56  1  65
10  56  1  82
11  56  1  78
12  56  1  55
13  56  1  27
14  56  1  83
15  56  1  51
16  56  1  40
17  56  1  39
18  56  1  15
19  56  1  35
20  56  1  59
1  57  1  53
2  57  1  60
3  57  1  31
4  57  1  70
5  57  1  87
6  57  1  27
7  57  1  57
8  57  1  19
9  57  1  17
10  57  1  18
11  57  1  37
12  57  1  69
13  57  1  78
14  57  1  84
15  57  1  30
16  57  1  15
17  57  1  86
18  57  1  71
19  57  1  58
20  57  1  16
1  58  1  20
2  58  1  50
3  58  1  12
4  58  1  89
5  58  1  56
6  58  1  26
7  58  1  58
8  58  1  32
9  58  1  12
10  58  1  56
11  58  1  75
12  58  1  89
13  58  1  16
14  58  1  29
15  58  1  21
16  58  1  64
17  58  1  88
18  58  1  59
19  58  1  38
20  58  1  54
1  59  1  78
2  59  1  36
3  59  1  75
4  59  1  74
5  59  1  42
6  59  1  53
7  59  1  40
8  59  1  85
9  59  1  10
10  59  1  85
11  59  1  15
12  59  1  45
13  59  1  45
14  59  1  14
15  59  1  65
16  59  1  89
17  59  1  72
18  59  1  35
19  59  1  64
20  59  1  41
1  60  1  84
2  60  1  39
3  60  1  34
4  60  1  44
5  60  1  42
6  60  1  64
7  60  1  48
8  60  1  29
9  60  1  38
10  60  1  45
11  60  1  20
12  60  1  78
13  60  1  41
14  60  1  32
15  60  1  67
16  60  1  40
17  60  1  33
18  60  1  79
19  60  1  60
20  60  1  35
1  61  1  14
2  61  1  36
3  61  1  74
4  61  1  36
5  61  1  75
6  61  1  56
7  61  1  37
8  61  1  57
9  61  1  44
10  61  1  39
11  61  1  61
12  61  1  27
13  61  1  84
14  61  1  24
15  61  1  34
16  61  1  74
17  61  1  46
18  61  1  66
19  61  1  73
20  61  1  30
1  62  1  65
2  62  1  65
3  62  1  69
4  62  1  12
5  62  1  18
6  62  1  47
7  62  1  24
8  62  1  15
9  62  1  86
10  62  1  43
11  62  1  49
12  62  1  19
13  62  1  25
14  62  1  59
15  62  1  60
16  62  1  80
17  62  1  45
18  62  1  80
19  62  1  20
20  62  1  45
1  63  1  53
2  63  1  35
3  63  1  29
4  63  1  12
5  63  1  22
6  63  1  62
7  63  1  71
8  63  1  38
9  63  1  34
10  63  1  26
11  63  1  42
12  63  1  90
13  63  1  33
14  63  1  49
15  63  1  40
16  63  1  83
17  63  1  65
18  63  1  59
19  63  1  63
20  63  1  33
1  64  1  50
2  64  1  64
3  64  1  72
4  64  1  37
5  64  1  76
6  64  1  40
7  64  1  16
8  64  1  39
9  64  1  43
10  64  1  15
11  64  1  62
12  64  1  35
13  64  1  53
14  64  1  31
15  64  1  78
16  64  1  57
17  64  1  23
18  64  1  60
19  64  1  20
20  64  1  26
1  65  1  87
2  65  1  84
3  65  1  70
4  65  1  47
5  65  1  75
6  65  1  14
7  65  1  81
8  65  1  35
9  65  1  66
10  65  1  11
11  65  1  54
12  65  1  73
13  65  1  59
14  65  1  29
15  65  1  52
16  65  1  12
17  65  1  39
18  65  1  43
19  65  1  74
20  65  1  46
1  66  1  70
2  66  1  66
3  66  1  84
4  66  1  32
5  66  1  68
6  66  1  52
7  66  1  11
8  66  1  44
9  66  1  56
10  66  1  74
11  66  1  46
12  66  1  20
13  66  1  67
14  66  1  15
15  66  1  89
16  66  1  29
17  66  1  17
18  66  1  55
19  66  1  35
20  66  1  64
1  67  1  49
2  67  1  29
3  67  1  45
4  67  1  22
5  67  1  80
6  67  1  80
7  67  1  44
8  67  1  85
9  67  1  67
10  67  1  29
11  67  1  85
12  67  1  88
13  67  1  37
14  67  1  67
15  67  1  30
16  67  1  40
17  67  1  52
18  67  1  55
19  67  1  13
20  67  1  11
1  68  1  41
2  68  1  30
3  68  1  29
4  68  1  85
5  68  1  82
6  68  1  31
7  68  1  32
8  68  1  74
9  68  1  38
10  68  1  62
11  68  1  18
12  68  1  80
13  68  1  50
14  68  1  49
15  68  1  53
16  68  1  82
17  68  1  24
18  68  1  73
19  68  1  75
20  68  1  75
1  69  1  42
2  69  1  60
3  69  1  55
4  69  1  36
5  69  1  52
6  69  1  32
7  69  1  44
8  69  1  36
9  69  1  82
10  69  1  88
11  69  1  59
12  69  1  62
13  69  1  15
14  69  1  20
15  69  1  44
16  69  1  39
17  69  1  50
18  69  1  52
19  69  1  59
20  69  1  84
1  70  1  57
2  70  1  24
3  70  1  38
4  70  1  88
5  70  1  26
6  70  1  88
7  70  1  78
8  70  1  11
9  70  1  34
10  70  1  12
11  70  1  60
12  70  1  76
13  70  1  28
14  70  1  24
15  70  1  18
16  70  1  88
17  70  1  41
18  70  1  16
19  70  1  34
20  70  1  54
1  71  1  10
2  71  1  42
3  71  1  10
4  71  1  74
5  71  1  52
6  71  1  72
7  71  1  89
8  71  1  29
9  71  1  15
10  71  1  23
11  71  1  19
12  71  1  27
13  71  1  77
14  71  1  28
15  71  1  12
16  71  1  33
17  71  1  70
18  71  1  62
19  71  1  45
20  71  1  30
1  72  1  18
2  72  1  68
3  72  1  75
4  72  1  17
5  72  1  46
6  72  1  33
7  72  1  48
8  72  1  61
9  72  1  87
10  72  1  22
11  72  1  84
12  72  1  61
13  72  1  17
14  72  1  86
15  72  1  55
16  72  1  16
17  72  1  45
18  72  1  50
19  72  1  19
20  72  1  42
1  73  1  10
2  73  1  19
3  73  1  84
4  73  1  82
5  73  1  20
6  73  1  34
7  73  1  40
8  73  1  27
9  73  1  77
10  73  1  22
11  73  1  87
12  73  1  34
13  73  1  62
14  73  1  61
15  73  1  35
16  73  1  28
17  73  1  23
18  73  1  87
19  73  1  89
20  73  1  63
1  74  1  31
2  74  1  20
3  74  1  55
4  74  1  65
5  74  1  21
6  74  1  90
7  74  1  47
8  74  1  24
9  74  1  11
10  74  1  84
11  74  1  23
12  74  1  12
13  74  1  76
14  74  1  27
15  74  1  22
16  74  1  38
17  74  1  63
18  74  1  35
19  74  1  59
20  74  1  89
1  75  1  45
2  75  1  63
3  75  1  59
4  75  1  57
5  75  1  27
6  75  1  34
7  75  1  36
8  75  1  45
9  75  1  64
10  75  1  85
11  75  1  46
12  75  1  11
13  75  1  63
14  75  1  39
15  75  1  82
16  75  1  70
17  75  1  80
18  75  1  31
19  75  1  21
20  75  1  43
1  76  1  15
2  76  1  69
3  76  1  28
4  76  1  42
5  76  1  76
6  76  1  71
7  76  1  71
8  76  1  57
9  76  1  43
10  76  1  89
11  76  1  64
12  76  1  90
13  76  1  52
14  76  1  19
15  76  1  89
16  76  1  28
17  76  1  16
18  76  1  77
19  76  1  44
20  76  1  19
1  77  1  10
2  77  1  75
3  77  1  86
4  77  1  72
5  77  1  24
6  77  1  10
7  77  1  86
8  77  1  70
9  77  1  30
10  77  1  44
11  77  1  83
12  77  1  38
13  77  1  66
14  77  1  28
15  77  1  69
16  77  1  24
17  77  1  11
18  77  1  51
19  77  1  79
20  77  1  89
1  78  1  61
2  78  1  52
3  78  1  54
4  78  1  20
5  78  1  27
6  78  1  66
7  78  1  14
8  78  1  79
9  78  1  78
10  78  1  62
11  78  1  76
12  78  1  16
13  78  1  68
14  78  1  44
15  78  1  59
16  78  1  37
17  78  1  20
18  78  1  41
19  78  1  17
20  78  1  15
1  79  1  78
2  79  1  59
3  79  1  48
4  79  1  14
5  79  1  80
6  79  1  32
7  79  1  19
8  79  1  60
9  79  1  55
10  79  1  53
11  79  1  24
12  79  1  15
13  79  1  66
14  79  1  21
15  79  1  51
16  79  1  34
17  79  1  28
18  79  1  30
19  79  1  11
20  79  1  13
1  80  1  23
2  80  1  37
3  80  1  72
4  80  1  88
5  80  1  75
6  80  1  63
7  80  1  51
8  80  1  73
9  80  1  41
10  80  1  85
11  80  1  63
12  80  1  60
13  80  1  39
14  80  1  17
15  80  1  76
16  80  1  57
17  80  1  28
18  80  1  74
19  80  1  29
20  80  1  87
1  81  1  34
2  81  1  66
3  81  1  31
4  81  1  15
5  81  1  56
6  81  1  65
7  81  1  52
8  81  1  14
9  81  1  49
10  81  1  24
11  81  1  22
12  81  1  84
13  81  1  55
14  81  1  85
15  81  1  31
16  81  1  53
17  81  1  61
18  81  1  12
19  81  1  56
20  81  1  60
1  82  1  65
2  82  1  11
3  82  1  70
4  82  1  18
5  82  1  18
6  82  1  13
7  82  1  72
8  82  1  11
9  82  1  63
10  82  1  32
11  82  1  62
12  82  1  80
13  82  1  63
14  82  1  20
15  82  1  10
16  82  1  11
17  82  1  33
18  82  1  47
19  82  1  77
20  82  1  39
1  83  1  15
2  83  1  33
3  83  1  15
4  83  1  38
5  83  1  85
6  83  1  37
7  83  1  15
8  83  1  77
9  83  1  50
10  83  1  55
11  83  1  44
12  83  1  14
13  83  1  65
14  83  1  23
15  83  1  45
16  83  1  70
17  83  1  45
18  83  1  67
19  83  1  85
20  83  1  36
1  84  1  69
2  84  1  72
3  84  1  54
4  84  1  61
5  84  1  12
6  84  1  16
7  84  1  41
8  84  1  48
9  84  1  45
10  84  1  34
11  84  1  80
12  84  1  61
13  84  1  87
14  84  1  59
15  84  1  34
16  84  1  11
17  84  1  61
18  84  1  43
19  84  1  89
20  84  1  71
1  85  1  72
2  85  1  66
3  85  1  63
4  85  1  50
5  85  1  23
6  85  1  10
7  85  1  80
8  85  1  24
9  85  1  41
10  85  1  64
11  85  1  39
12  85  1  58
13  85  1  29
14  85  1  81
15  85  1  63
16  85  1  88
17  85  1  80
18  85  1  29
19  85  1  10
20  85  1  26
1  86  1  18
2  86  1  67
3  86  1  15
4  86  1  49
5  86  1  35
6  86  1  82
7  86  1  89
8  86  1  22
9  86  1  32
10  86  1  19
11  86  1  81
12  86  1  62
13  86  1  23
14  86  1  61
15  86  1  21
16  86  1  36
17  86  1  26
18  86  1  85
19  86  1  36
20  86  1  67
1  87  1  76
2  87  1  83
3  87  1  60
4  87  1  43
5  87  1  65
6  87  1  83
7  87  1  46
8  87  1  28
9  87  1  14
10  87  1  77
11  87  1  27
12  87  1  22
13  87  1  35
14  87  1  73
15  87  1  20
16  87  1  60
17  87  1  80
18  87  1  64
19  87  1  20
20  87  1  58
1  88  1  50
2  88  1  18
3  88  1  73
4  88  1  28
5  88  1  25
6  88  1  78
7  88  1  75
8  88  1  86
9  88  1  51
10  88  1  26
11  88  1  38
12  88  1  39
13  88  1  64
14  88  1  26
15  88  1  32
16  88  1  52
17  88  1  18
18  88  1  83
19  88  1  71
20  88  1  80
1  89  1  16
2  89  1  60
3  89  1  82
4  89  1  84
5  89  1  79
6  89  1  77
7  89  1  15
8  89  1  70
9  89  1  12
10  89  1  86
11  89  1  32
12  89  1  82
13  89  1  29
14  89  1  61
15  89  1  79
16  89  1  83
17  89  1  14
18  89  1  21
19  89  1  39
20  89  1  39
1  90  1  82
2  90  1  62
3  90  1  33
4  90  1  42
5  90  1  15
6  90  1  43
7  90  1  72
8  90  1  21
9  90  1  46
10  90  1  17
11  90  1  24
12  90  1  48
13  90  1  48
14  90  1  48
15  90  1  23
16  90  1  57
17  90  1  26
18  90  1  20
19  90  1  58
20  90  1  54
1  91  1  55
2  91  1  54
3  91  1  18
4  91  1  26
5  91  1  82
6  91  1  39
7  91  1  66
8  91  1  83
9  91  1  90
10  91  1  83
11  91  1  31
12  91  1  23
13  91  1  41
14  91  1  35
15  91  1  41
16  91  1  26
17  91  1  45
18  91  1  18
19  91  1  49
20  91  1  26
1  92  1  57
2  92  1  87
3  92  1  39
4  92  1  67
5  92  1  59
6  92  1  23
7  92  1  20
8  92  1  33
9  92  1  88
10  92  1  28
11  92  1  12
12  92  1  17
13  92  1  68
14  92  1  60
15  92  1  66
16  92  1  67
17  92  1  42
18  92  1  22
19  92  1  16
20  92  1  36
1  93  1  28
2  93  1  59
3  93  1  37
4  93  1  54
5  93  1  49
6  93  1  86
7  93  1  53
8  93  1  47
9  93  1  78
10  93  1  66
11  93  1  58
12  93  1  41
13  93  1  89
14  93  1  45
15  93  1  80
16  93  1  22
17  93  1  30
18  93  1  29
19  93  1  66
20  93  1  11
1  94  1  49
2  94  1  88
3  94  1  62
4  94  1  24
5  94  1  10
6  94  1  11
7  94  1  44
8  94  1  38
9  94  1  10
10  94  1  64
11  94  1  88
12  94  1  31
13  94  1  18
14  94  1  77
15  94  1  82
16  94  1  58
17  94  1  61
18  94  1  65
19  94  1  33
20  94  1  49
1  95  1  10
2  95  1  15
3  95  1  76
4  95  1  40
5  95  1  86
6  95  1  44
7  95  1  23
8  95  1  19
9  95  1  31
10  95  1  39
11  95  1  46
12  95  1  27
13  95  1  21
14  95  1  22
15  95  1  35
16  95  1  83
17  95  1  47
18  95  1  87
19  95  1  43
20  95  1  80
1  96  1  19
2  96  1  25
3  96  1  54
4  96  1  63
5  96  1  22
6  96  1  55
7  96  1  39
8  96  1  60
9  96  1  19
10  96  1  22
11  96  1  81
12  96  1  32
13  96  1  84
14  96  1  41
15  96  1  46
16  96  1  84
17  96  1  64
18  96  1  53
19  96  1  63
20  96  1  57
1  97  1  44
2  97  1  18
3  97  1  69
4  97  1  27
5  97  1  59
6  97  1  29
7  97  1  88
8  97  1  59
9  97  1  73
10  97  1  84
11  97  1  70
12  97  1  11
13  97  1  49
14  97  1  76
15  97  1  83
16  97  1  28
17  97  1  17
18  97  1  60
19  97  1  61
20  97  1  23
1  98  1  42
2  98  1  43
3  98  1  25
4  98  1  13
5  98  1  61
6  98  1  60
7  98  1  23
8  98  1  34
9  98  1  43
10  98  1  79
11  98  1  65
12  98  1  73
13  98  1  50
14  98  1  51
15  98  1  54
16  98  1  36
17  98  1  36
18  98  1  27
19  98  1  72
20  98  1  63
1  99  1  23
2  99  1  30
3  99  1  29
4  99  1  67
5  99  1  81
6  99  1  20
7  99  1  23
8  99  1  69
9  99  1  66
10  99  1  42
11  99  1  88
12  99  1  81
13  99  1  78
14  99  1  20
15  99  1  87
16  99  1  90
17  99  1  83
18  99  1  72
19  99  1  60
20  99  1  46
1  100  1  74
2  100  1  86
3  100  1  64
4  100  1  79
5  100  1  72
6  100  1  47
7  100  1  82
8  100  1  72
9  100  1  27
10  100  1  87
11  100  1  45
12  100  1  55
13  100  1  76
14  100  1  33
15  100  1  23
16  100  1  61
17  100  1  41
18  100  1  14
19  100  1  70
20  100  1  38
1  1  2  34.97
2  1  2  49.56
3  1  2  15.71
4  1  2  8.74
5  1  2  18.77
6  1  2  16.45
7  1  2  23.09
8  1  2  21.80
9  1  2  61.38
10  1  2  25.22
11  1  2  12.05
12  1  2  9.91
13  1  2  15.45
14  1  2  14.82
15  1  2  28.28
16  1  2  20.35
17  1  2  7.46
18  1  2  30.68
19  1  2  42.55
20  1  2  15.04
1  2  2  30.27
2  2  2  20.42
3  2  2  16.24
4  2  2  40.96
5  2  2  38.89
6  2  2  10.11
7  2  2  20.34
8  2  2  55.27
9  2  2  22.43
10  2  2  34.63
11  2  2  15.15
12  2  2  14.41
13  2  2  22.40
14  2  2  17.49
15  2  2  39.16
16  2  2  15.06
17  2  2  5.36
18  2  2  21.17
19  2  2  43.34
20  2  2  26.19
1  3  2  13.46
2  3  2  12.09
3  3  2  15.70
4  3  2  42.78
5  3  2  41.63
6  3  2  18.89
7  3  2  7.12
8  3  2  5.81
9  3  2  52.74
10  3  2  59.10
11  3  2  18.42
12  3  2  11.49
13  3  2  4.36
14  3  2  15.18
15  3  2  13.53
16  3  2  5.26
17  3  2  13.22
18  3  2  53.30
19  3  2  16.51
20  3  2  13.78
1  4  2  21.98
2  4  2  61.58
3  4  2  31.13
4  4  2  14.29
5  4  2  18.76
6  4  2  36.58
7  4  2  33.97
8  4  2  39.44
9  4  2  16.59
10  4  2  17.36
11  4  2  28.34
12  4  2  5.40
13  4  2  45.19
14  4  2  58.69
15  4  2  23.95
16  4  2  8.71
17  4  2  35.45
18  4  2  3.73
19  4  2  22.37
20  4  2  35.20
1  5  2  51.52
2  5  2  8.74
3  5  2  10.72
4  5  2  7.06
5  5  2  9.31
6  5  2  34.82
7  5  2  57.34
8  5  2  6.77
9  5  2  7.67
10  5  2  23.11
11  5  2  10.33
12  5  2  39.78
13  5  2  22.43
14  5  2  39.54
15  5  2  6.95
16  5  2  30.07
17  5  2  11.31
18  5  2  10.56
19  5  2  22.99
20  5  2  10.53
1  6  2  35.58
2  6  2  38.32
3  6  2  23.62
4  6  2  23.31
5  6  2  17.26
6  6  2  26.36
7  6  2  23.72
8  6  2  37.36
9  6  2  4.53
10  6  2  11.36
11  6  2  26.80
12  6  2  24.84
13  6  2  47.90
14  6  2  29.82
15  6  2  10.31
16  6  2  55.60
17  6  2  22.79
18  6  2  33.65
19  6  2  24.80
20  6  2  25.82
1  7  2  18.38
2  7  2  46.92
3  7  2  9.67
4  7  2  16.62
5  7  2  9.28
6  7  2  62.91
7  7  2  14.55
8  7  2  34.26
9  7  2  10.14
10  7  2  26.73
11  7  2  44.81
12  7  2  10.27
13  7  2  61.20
14  7  2  10.70
15  7  2  14.37
16  7  2  16.51
17  7  2  12.22
18  7  2  44.69
19  7  2  4.67
20  7  2  12.34
1  8  2  44.86
2  8  2  37.26
3  8  2  25.57
4  8  2  22.21
5  8  2  46.42
6  8  2  11.82
7  8  2  22.20
8  8  2  22.03
9  8  2  19.70
10  8  2  17.55
11  8  2  40.18
12  8  2  59.16
13  8  2  53.29
14  8  2  18.86
15  8  2  6.33
16  8  2  35.66
17  8  2  49.21
18  8  2  25.67
19  8  2  45.77
20  8  2  18.88
1  9  2  27.45
2  9  2  10.93
3  9  2  28.55
4  9  2  13.70
5  9  2  42.56
6  9  2  28.65
7  9  2  6.48
8  9  2  13.90
9  9  2  18.74
10  9  2  19.27
11  9  2  19.29
12  9  2  34.93
13  9  2  19.98
14  9  2  20.13
15  9  2  17.94
16  9  2  30.18
17  9  2  14.17
18  9  2  25.30
19  9  2  41.86
20  9  2  44.39
1  10  2  13.05
2  10  2  50.05
3  10  2  61.97
4  10  2  28.67
5  10  2  5.03
6  10  2  30.05
7  10  2  26.15
8  10  2  48.91
9  10  2  2.39
10  10  2  30.69
11  10  2  9.14
12  10  2  34.69
13  10  2  9.69
14  10  2  30.07
15  10  2  37.10
16  10  2  18.31
17  10  2  69.02
18  10  2  25.02
19  10  2  44.16
20  10  2  16.00
1  11  2  40.19
2  11  2  23.48
3  11  2  54.51
4  11  2  17.22
5  11  2  36.72
6  11  2  14.88
7  11  2  7.29
8  11  2  55.45
9  11  2  26.90
10  11  2  11.34
11  11  2  12.05
12  11  2  10.80
13  11  2  14.93
14  11  2  14.44
15  11  2  14.73
16  11  2  11.71
17  11  2  28.55
18  11  2  51.82
19  11  2  36.63
20  11  2  13.58
1  12  2  28.56
2  12  2  24.56
3  12  2  16.80
4  12  2  28.52
5  12  2  11.48
6  12  2  15.58
7  12  2  19.72
8  12  2  21.08
9  12  2  4.07
10  12  2  32.33
11  12  2  28.48
12  12  2  45.40
13  12  2  33.88
14  12  2  2.38
15  12  2  16.33
16  12  2  10.05
17  12  2  3.28
18  12  2  20.90
19  12  2  6.84
20  12  2  10.81
1  13  2  2.35
2  13  2  56.50
3  13  2  39.67
4  13  2  16.27
5  13  2  34.21
6  13  2  43.77
7  13  2  41.39
8  13  2  24.81
9  13  2  33.64
10  13  2  9.87
11  13  2  43.47
12  13  2  15.70
13  13  2  17.30
14  13  2  25.02
15  13  2  61.63
16  13  2  19.36
17  13  2  15.14
18  13  2  14.68
19  13  2  33.49
20  13  2  41.83
1  14  2  5.09
2  14  2  41.91
3  14  2  9.78
4  14  2  32.98
5  14  2  28.48
6  14  2  32.85
7  14  2  18.88
8  14  2  5.20
9  14  2  40.54
10  14  2  42.30
11  14  2  44.93
12  14  2  38.26
13  14  2  22.04
14  14  2  62.73
15  14  2  26.73
16  14  2  35.80
17  14  2  10.69
18  14  2  20.96
19  14  2  62.51
20  14  2  18.81
1  15  2  6.05
2  15  2  20.32
3  15  2  32.19
4  15  2  20.61
5  15  2  24.62
6  15  2  11.47
7  15  2  27.79
8  15  2  16.65
9  15  2  49.23
10  15  2  17.45
11  15  2  46.92
12  15  2  47.39
13  15  2  17.14
14  15  2  8.94
15  15  2  22.28
16  15  2  7.99
17  15  2  44.12
18  15  2  24.10
19  15  2  66.27
20  15  2  2.87
1  16  2  44.08
2  16  2  10.85
3  16  2  15.08
4  16  2  5.41
5  16  2  14.38
6  16  2  23.90
7  16  2  27.25
8  16  2  44.41
9  16  2  48.48
10  16  2  13.51
11  16  2  50.85
12  16  2  50.91
13  16  2  47.71
14  16  2  13.54
15  16  2  2.64
16  16  2  50.80
17  16  2  61.89
18  16  2  21.35
19  16  2  37.35
20  16  2  35.44
1  17  2  7.23
2  17  2  35.16
3  17  2  63.59
4  17  2  7.49
5  17  2  37.24
6  17  2  21.85
7  17  2  9.45
8  17  2  46.49
9  17  2  51.19
10  17  2  57.22
11  17  2  9.76
12  17  2  20.08
13  17  2  20.93
14  17  2  28.04
15  17  2  34.92
16  17  2  42.39
17  17  2  23.94
18  17  2  52.44
19  17  2  33.08
20  17  2  40.80
1  18  2  15.66
2  18  2  43.59
3  18  2  5.72
4  18  2  48.75
5  18  2  9.25
6  18  2  9.63
7  18  2  14.02
8  18  2  20.07
9  18  2  5.65
10  18  2  10.84
11  18  2  38.31
12  18  2  24.81
13  18  2  12.93
14  18  2  4.43
15  18  2  13.81
16  18  2  14.23
17  18  2  13.77
18  18  2  33.72
19  18  2  7.18
20  18  2  24.47
1  19  2  16.87
2  19  2  2.37
3  19  2  29.82
4  19  2  9.10
5  19  2  21.43
6  19  2  32.45
7  19  2  29.95
8  19  2  46.56
9  19  2  13.73
10  19  2  35.44
11  19  2  17.71
12  19  2  10.44
13  19  2  21.36
14  19  2  20.26
15  19  2  11.11
16  19  2  25.05
17  19  2  10.96
18  19  2  34.60
19  19  2  15.28
20  19  2  33.70
1  20  2  67.51
2  20  2  49.93
3  20  2  16.16
4  20  2  24.49
5  20  2  14.22
6  20  2  7.11
7  20  2  36.06
8  20  2  34.64
9  20  2  12.53
10  20  2  10.13
11  20  2  17.75
12  20  2  41.78
13  20  2  28.59
14  20  2  4.04
15  20  2  38.98
16  20  2  7.38
17  20  2  27.58
18  20  2  15.24
19  20  2  26.17
20  20  2  28.28
1  21  2  7.40
2  21  2  34.00
3  21  2  51.97
4  21  2  40.43
5  21  2  7.45
6  21  2  16.00
7  21  2  30.84
8  21  2  13.65
9  21  2  13.22
10  21  2  26.15
11  21  2  16.02
12  21  2  55.95
13  21  2  4.23
14  21  2  4.22
15  21  2  14.95
16  21  2  27.93
17  21  2  34.70
18  21  2  54.08
19  21  2  45.16
20  21  2  9.81
1  22  2  28.33
2  22  2  19.55
3  22  2  20.91
4  22  2  17.03
5  22  2  29.09
6  22  2  21.11
7  22  2  44.63
8  22  2  5.64
9  22  2  39.31
10  22  2  9.58
11  22  2  50.93
12  22  2  7.21
13  22  2  29.29
14  22  2  25.74
15  22  2  16.13
16  22  2  13.45
17  22  2  16.43
18  22  2  16.31
19  22  2  16.78
20  22  2  33.81
1  23  2  8.74
2  23  2  45.99
3  23  2  5.10
4  23  2  65.43
5  23  2  8.69
6  23  2  18.32
7  23  2  45.71
8  23  2  57.44
9  23  2  9.09
10  23  2  29.48
11  23  2  12.78
12  23  2  13.79
13  23  2  37.30
14  23  2  27.23
15  23  2  44.95
16  23  2  18.76
17  23  2  19.01
18  23  2  12.66
19  23  2  46.01
20  23  2  27.69
1  24  2  7.44
2  24  2  63.71
3  24  2  20.28
4  24  2  49.10
5  24  2  16.83
6  24  2  37.86
7  24  2  24.35
8  24  2  10.87
9  24  2  60.31
10  24  2  66.09
11  24  2  36.78
12  24  2  39.01
13  24  2  13.06
14  24  2  5.80
15  24  2  42.54
16  24  2  18.15
17  24  2  18.93
18  24  2  8.58
19  24  2  21.33
20  24  2  9.86
1  25  2  22.31
2  25  2  16.50
3  25  2  47.24
4  25  2  12.44
5  25  2  11.52
6  25  2  10.44
7  25  2  14.37
8  25  2  23.79
9  25  2  32.49
10  25  2  18.08
11  25  2  46.27
12  25  2  16.58
13  25  2  21.93
14  25  2  23.84
15  25  2  26.46
16  25  2  18.05
17  25  2  35.63
18  25  2  47.14
19  25  2  68.45
20  25  2  4.69
1  26  2  18.73
2  26  2  28.74
3  26  2  24.32
4  26  2  14.85
5  26  2  37.28
6  26  2  38.65
7  26  2  34.91
8  26  2  21.46
9  26  2  15.56
10  26  2  16.39
11  26  2  8.68
12  26  2  22.88
13  26  2  43.75
14  26  2  31.90
15  26  2  36.32
16  26  2  27.60
17  26  2  9.15
18  26  2  41.91
19  26  2  12.65
20  26  2  41.39
1  27  2  10.06
2  27  2  30.33
3  27  2  54.28
4  27  2  12.69
5  27  2  7.18
6  27  2  10.35
7  27  2  20.96
8  27  2  26.22
9  27  2  31.12
10  27  2  12.81
11  27  2  12.97
12  27  2  5.51
13  27  2  4.38
14  27  2  28.76
15  27  2  27.50
16  27  2  33.97
17  27  2  6.94
18  27  2  9.75
19  27  2  22.79
20  27  2  5.97
1  28  2  14.03
2  28  2  39.96
3  28  2  62.64
4  28  2  19.29
5  28  2  16.54
6  28  2  17.40
7  28  2  5.86
8  28  2  23.05
9  28  2  13.00
10  28  2  24.26
11  28  2  47.81
12  28  2  40.89
13  28  2  30.03
14  28  2  12.63
15  28  2  65.06
16  28  2  29.61
17  28  2  21.13
18  28  2  25.03
19  28  2  5.56
20  28  2  23.38
1  29  2  32.69
2  29  2  27.07
3  29  2  9.52
4  29  2  34.10
5  29  2  3.43
6  29  2  23.11
7  29  2  24.38
8  29  2  46.62
9  29  2  10.39
10  29  2  17.40
11  29  2  15.89
12  29  2  8.82
13  29  2  23.58
14  29  2  12.80
15  29  2  12.06
16  29  2  5.89
17  29  2  20.98
18  29  2  39.95
19  29  2  17.98
20  29  2  29.51
1  30  2  41.84
2  30  2  43.24
3  30  2  25.88
4  30  2  40.78
5  30  2  38.43
6  30  2  14.49
7  30  2  10.04
8  30  2  18.03
9  30  2  12.93
10  30  2  28.25
11  30  2  40.14
12  30  2  12.12
13  30  2  16.37
14  30  2  31.42
15  30  2  12.28
16  30  2  17.69
17  30  2  40.70
18  30  2  12.33
19  30  2  40.14
20  30  2  16.31
1  31  2  9.03
2  31  2  8.53
3  31  2  23.99
4  31  2  11.67
5  31  2  26.35
6  31  2  34.14
7  31  2  34.13
8  31  2  20.08
9  31  2  14.79
10  31  2  50.31
11  31  2  34.13
12  31  2  4.32
13  31  2  17.52
14  31  2  25.64
15  31  2  20.25
16  31  2  16.97
17  31  2  18.47
18  31  2  47.91
19  31  2  27.63
20  31  2  53.72
1  32  2  21.51
2  32  2  6.30
3  32  2  32.41
4  32  2  32.70
5  32  2  57.65
6  32  2  46.42
7  32  2  4.44
8  32  2  18.99
9  32  2  45.87
10  32  2  30.89
11  32  2  21.49
12  32  2  14.89
13  32  2  32.62
14  32  2  19.43
15  32  2  12.75
16  32  2  29.67
17  32  2  3.25
18  32  2  36.29
19  32  2  10.17
20  32  2  38.12
1  33  2  7.52
2  33  2  54.68
3  33  2  16.27
4  33  2  10.98
5  33  2  25.65
6  33  2  25.69
7  33  2  7.60
8  33  2  27.90
9  33  2  36.88
10  33  2  21.14
11  33  2  20.99
12  33  2  48.82
13  33  2  31.41
14  33  2  27.71
15  33  2  11.95
16  33  2  9.47
17  33  2  37.90
18  33  2  42.33
19  33  2  13.72
20  33  2  4.50
1  34  2  39.67
2  34  2  20.62
3  34  2  25.96
4  34  2  5.06
5  34  2  32.25
6  34  2  34.64
7  34  2  21.57
8  34  2  7.18
9  34  2  15.12
10  34  2  16.39
11  34  2  9.29
12  34  2  19.33
13  34  2  15.35
14  34  2  57.04
15  34  2  54.62
16  34  2  17.31
17  34  2  42.08
18  34  2  45.78
19  34  2  8.86
20  34  2  5.53
1  35  2  15.42
2  35  2  12.63
3  35  2  45.10
4  35  2  29.23
5  35  2  15.21
6  35  2  47.27
7  35  2  38.46
8  35  2  24.57
9  35  2  10.58
10  35  2  3.88
11  35  2  20.38
12  35  2  37.71
13  35  2  3.88
14  35  2  44.19
15  35  2  16.23
16  35  2  23.22
17  35  2  9.95
18  35  2  2.75
19  35  2  28.87
20  35  2  18.10
1  36  2  10.13
2  36  2  38.16
3  36  2  9.20
4  36  2  19.42
5  36  2  24.90
6  36  2  18.81
7  36  2  8.93
8  36  2  47.04
9  36  2  54.10
10  36  2  14.49
11  36  2  33.07
12  36  2  12.65
13  36  2  60.49
14  36  2  46.85
15  36  2  19.45
16  36  2  10.37
17  36  2  35.02
18  36  2  21.19
19  36  2  28.81
20  36  2  20.06
1  37  2  13.61
2  37  2  16.43
3  37  2  26.33
4  37  2  28.89
5  37  2  34.11
6  37  2  18.45
7  37  2  38.44
8  37  2  9.77
9  37  2  8.06
10  37  2  9.82
11  37  2  24.00
12  37  2  30.35
13  37  2  33.64
14  37  2  16.29
15  37  2  16.62
16  37  2  25.14
17  37  2  33.93
18  37  2  15.86
19  37  2  26.59
20  37  2  22.27
1  38  2  25.80
2  38  2  41.56
3  38  2  51.09
4  38  2  14.02
5  38  2  6.38
6  38  2  45.03
7  38  2  20.15
8  38  2  16.92
9  38  2  23.83
10  38  2  23.93
11  38  2  15.43
12  38  2  17.21
13  38  2  39.19
14  38  2  19.68
15  38  2  36.96
16  38  2  14.24
17  38  2  5.44
18  38  2  22.41
19  38  2  12.69
20  38  2  14.41
1  39  2  34.09
2  39  2  52.46
3  39  2  51.99
4  39  2  14.27
5  39  2  13.00
6  39  2  35.51
7  39  2  25.49
8  39  2  4.95
9  39  2  18.64
10  39  2  50.60
11  39  2  29.53
12  39  2  7.10
13  39  2  5.83
14  39  2  39.10
15  39  2  17.46
16  39  2  29.10
17  39  2  14.23
18  39  2  59.20
19  39  2  17.27
20  39  2  44.42
1  40  2  18.04
2  40  2  16.35
3  40  2  10.20
4  40  2  24.40
5  40  2  22.86
6  40  2  23.44
7  40  2  10.73
8  40  2  9.63
9  40  2  54.34
10  40  2  13.28
11  40  2  13.77
12  40  2  21.49
13  40  2  31.97
14  40  2  45.02
15  40  2  41.22
16  40  2  20.47
17  40  2  58.39
18  40  2  21.00
19  40  2  15.98
20  40  2  34.44
1  41  2  27.58
2  41  2  29.16
3  41  2  18.60
4  41  2  16.90
5  41  2  4.03
6  41  2  20.33
7  41  2  38.80
8  41  2  35.82
9  41  2  32.17
10  41  2  21.65
11  41  2  16.88
12  41  2  20.85
13  41  2  24.55
14  41  2  30.91
15  41  2  33.96
16  41  2  32.40
17  41  2  41.82
18  41  2  18.57
19  41  2  20.49
20  41  2  10.42
1  42  2  18.43
2  42  2  41.21
3  42  2  6.96
4  42  2  21.56
5  42  2  23.30
6  42  2  20.56
7  42  2  17.23
8  42  2  55.39
9  42  2  13.81
10  42  2  9.90
11  42  2  30.38
12  42  2  26.93
13  42  2  6.19
14  42  2  33.76
15  42  2  12.04
16  42  2  6.11
17  42  2  39.53
18  42  2  4.14
19  42  2  17.84
20  42  2  4.72
1  43  2  13.44
2  43  2  53.04
3  43  2  6.04
4  43  2  19.88
5  43  2  23.78
6  43  2  35.61
7  43  2  20.70
8  43  2  39.68
9  43  2  34.50
10  43  2  20.58
11  43  2  29.31
12  43  2  5.85
13  43  2  25.36
14  43  2  8.43
15  43  2  21.77
16  43  2  11.59
17  43  2  22.36
18  43  2  38.92
19  43  2  17.64
20  43  2  9.07
1  44  2  6.50
2  44  2  31.49
3  44  2  31.52
4  44  2  8.30
5  44  2  42.82
6  44  2  33.72
7  44  2  16.31
8  44  2  13.43
9  44  2  43.36
10  44  2  9.61
11  44  2  18.15
12  44  2  45.53
13  44  2  13.60
14  44  2  4.81
15  44  2  16.30
16  44  2  19.38
17  44  2  16.38
18  44  2  35.49
19  44  2  11.90
20  44  2  28.27
1  45  2  17.95
2  45  2  17.73
3  45  2  11.92
4  45  2  31.89
5  45  2  42.67
6  45  2  27.53
7  45  2  34.91
8  45  2  13.90
9  45  2  53.17
10  45  2  22.65
11  45  2  6.53
12  45  2  9.05
13  45  2  36.80
14  45  2  32.25
15  45  2  29.74
16  45  2  14.08
17  45  2  16.67
18  45  2  37.87
19  45  2  19.56
20  45  2  38.39
1  46  2  7.67
2  46  2  42.97
3  46  2  23.27
4  46  2  11.18
5  46  2  61.89
6  46  2  22.39
7  46  2  43.47
8  46  2  27.03
9  46  2  20.60
10  46  2  25.40
11  46  2  59.57
12  46  2  20.25
13  46  2  20.79
14  46  2  40.88
15  46  2  3.51
16  46  2  51.11
17  46  2  14.53
18  46  2  44.62
19  46  2  17.37
20  46  2  56.19
1  47  2  10.75
2  47  2  29.91
3  47  2  9.67
4  47  2  11.69
5  47  2  33.00
6  47  2  46.52
7  47  2  44.92
8  47  2  15.08
9  47  2  23.66
10  47  2  41.02
11  47  2  45.88
12  47  2  20.92
13  47  2  14.87
14  47  2  12.72
15  47  2  13.01
16  47  2  18.31
17  47  2  13.65
18  47  2  22.81
19  47  2  39.06
20  47  2  13.40
1  48  2  17.94
2  48  2  21.25
3  48  2  11.06
4  48  2  48.04
5  48  2  63.44
6  48  2  43.77
7  48  2  17.81
8  48  2  15.17
9  48  2  10.49
10  48  2  30.82
11  48  2  14.33
12  48  2  15.42
13  48  2  37.08
14  48  2  35.09
15  48  2  45.02
16  48  2  39.31
17  48  2  26.48
18  48  2  13.21
19  48  2  17.70
20  48  2  14.50
1  49  2  46.16
2  49  2  54.74
3  49  2  34.05
4  49  2  6.83
5  49  2  15.45
6  49  2  34.94
7  49  2  28.59
8  49  2  17.73
9  49  2  14.28
10  49  2  22.77
11  49  2  17.02
12  49  2  9.07
13  49  2  27.23
14  49  2  27.87
15  49  2  36.94
16  49  2  39.45
17  49  2  11.20
18  49  2  54.44
19  49  2  29.96
20  49  2  51.60
1  50  2  25.62
2  50  2  17.08
3  50  2  47.22
4  50  2  62.65
5  50  2  8.75
6  50  2  27.66
7  50  2  24.70
8  50  2  25.26
9  50  2  19.94
10  50  2  54.31
11  50  2  7.67
12  50  2  11.98
13  50  2  22.77
14  50  2  21.13
15  50  2  9.13
16  50  2  5.80
17  50  2  17.08
18  50  2  9.05
19  50  2  20.75
20  50  2  7.79
1  51  2  18.02
2  51  2  31.51
3  51  2  19.93
4  51  2  15.46
5  51  2  50.79
6  51  2  56.61
7  51  2  21.20
8  51  2  29.03
9  51  2  51.13
10  51  2  45.17
11  51  2  26.04
12  51  2  44.77
13  51  2  13.64
14  51  2  5.34
15  51  2  9.72
16  51  2  38.88
17  51  2  56.44
18  51  2  23.16
19  51  2  23.59
20  51  2  51.04
1  52  2  26.59
2  52  2  42.21
3  52  2  35.94
4  52  2  6.77
5  52  2  5.40
6  52  2  41.56
7  52  2  5.84
8  52  2  39.44
9  52  2  10.27
10  52  2  21.25
11  52  2  19.52
12  52  2  18.47
13  52  2  59.54
14  52  2  37.11
15  52  2  9.55
16  52  2  32.98
17  52  2  18.52
18  52  2  21.63
19  52  2  3.91
20  52  2  28.31
1  53  2  39.62
2  53  2  6.67
3  53  2  58.99
4  53  2  44.97
5  53  2  22.50
6  53  2  8.64
7  53  2  3.64
8  53  2  17.36
9  53  2  29.14
10  53  2  27.61
11  53  2  14.69
12  53  2  15.95
13  53  2  13.70
14  53  2  14.71
15  53  2  39.07
16  53  2  18.16
17  53  2  40.43
18  53  2  16.19
19  53  2  44.29
20  53  2  52.77
1  54  2  30.07
2  54  2  37.39
3  54  2  11.20
4  54  2  33.67
5  54  2  47.41
6  54  2  29.92
7  54  2  38.18
8  54  2  38.38
9  54  2  45.40
10  54  2  25.89
11  54  2  29.96
12  54  2  15.48
13  54  2  20.52
14  54  2  14.48
15  54  2  30.00
16  54  2  7.14
17  54  2  17.24
18  54  2  7.50
19  54  2  27.34
20  54  2  25.41
1  55  2  5.61
2  55  2  29.31
3  55  2  7.93
4  55  2  33.96
5  55  2  43.82
6  55  2  23.29
7  55  2  12.34
8  55  2  30.83
9  55  2  17.87
10  55  2  28.13
11  55  2  20.72
12  55  2  8.87
13  55  2  9.96
14  55  2  45.17
15  55  2  7.31
16  55  2  5.36
17  55  2  30.59
18  55  2  26.12
19  55  2  31.08
20  55  2  25.15
1  56  2  7.37
2  56  2  28.81
3  56  2  39.37
4  56  2  20.97
5  56  2  48.73
6  56  2  28.74
7  56  2  9.86
8  56  2  17.08
9  56  2  13.67
10  56  2  27.34
11  56  2  42.76
12  56  2  39.94
13  56  2  14.63
14  56  2  48.48
15  56  2  16.42
16  56  2  30.66
17  56  2  14.38
18  56  2  7.13
19  56  2  24.53
20  56  2  42.30
1  57  2  42.09
2  57  2  26.34
3  57  2  13.19
4  57  2  21.96
5  57  2  47.23
6  57  2  19.67
7  57  2  32.22
8  57  2  9.05
9  57  2  9.05
10  57  2  12.21
11  57  2  22.87
12  57  2  35.04
13  57  2  50.75
14  57  2  44.96
15  57  2  11.25
16  57  2  4.81
17  57  2  67.36
18  57  2  38.37
19  57  2  15.80
20  57  2  11.10
1  58  2  5.96
2  58  2  11.29
3  58  2  6.53
4  58  2  47.25
5  58  2  41.97
6  58  2  11.36
7  58  2  28.76
8  58  2  17.37
9  58  2  5.58
10  58  2  27.49
11  58  2  56.24
12  58  2  49.94
13  58  2  8.61
14  58  2  19.48
15  58  2  15.72
16  58  2  26.75
17  58  2  37.39
18  58  2  36.92
19  58  2  26.47
20  58  2  36.38
1  59  2  43.73
2  59  2  9.52
3  59  2  19.29
4  59  2  35.95
5  59  2  13.10
6  59  2  21.96
7  59  2  18.35
8  59  2  35.65
9  59  2  4.53
10  59  2  66.07
11  59  2  7.86
12  59  2  11.54
13  59  2  34.27
14  59  2  9.08
15  59  2  14.08
16  59  2  54.05
17  59  2  21.17
18  59  2  25.26
19  59  2  42.44
20  59  2  27.22
1  60  2  45.14
2  60  2  13.59
3  60  2  21.36
4  60  2  22.13
5  60  2  27.16
6  60  2  23.85
7  60  2  27.93
8  60  2  7.61
9  60  2  19.30
10  60  2  19.50
11  60  2  15.20
12  60  2  19.80
13  60  2  12.04
14  60  2  19.60
15  60  2  34.51
16  60  2  20.06
17  60  2  15.31
18  60  2  19.17
19  60  2  41.69
20  60  2  9.77
1  61  2  10.18
2  61  2  8.96
3  61  2  20.43
4  61  2  7.21
5  61  2  43.17
6  61  2  34.39
7  61  2  17.79
8  61  2  16.12
9  61  2  15.07
10  61  2  19.63
11  61  2  27.12
12  61  2  16.25
13  61  2  17.26
14  61  2  6.41
15  61  2  16.59
16  61  2  45.26
17  61  2  26.59
18  61  2  29.08
19  61  2  15.34
20  61  2  6.81
1  62  2  26.32
2  62  2  33.65
3  62  2  18.81
4  62  2  3.19
5  62  2  7.80
6  62  2  14.80
7  62  2  5.29
8  62  2  4.35
9  62  2  30.53
10  62  2  33.29
11  62  2  14.09
12  62  2  11.14
13  62  2  11.52
14  62  2  37.61
15  62  2  34.06
16  62  2  37.09
17  62  2  29.71
18  62  2  47.51
19  62  2  11.62
20  62  2  19.43
1  63  2  27.32
2  63  2  22.84
3  63  2  17.86
4  63  2  3.39
5  63  2  7.23
6  63  2  28.53
7  63  2  44.22
8  63  2  11.29
9  63  2  25.68
10  63  2  9.45
11  63  2  20.88
12  63  2  37.06
13  63  2  18.32
14  63  2  32.06
15  63  2  24.15
16  63  2  20.97
17  63  2  14.11
18  63  2  19.16
19  63  2  45.20
20  63  2  24.45
1  64  2  23.85
2  64  2  48.25
3  64  2  43.69
4  64  2  12.23
5  64  2  44.25
6  64  2  24.30
7  64  2  3.70
8  64  2  28.55
9  64  2  15.90
10  64  2  6.27
11  64  2  37.89
12  64  2  10.29
13  64  2  23.77
14  64  2  19.68
15  64  2  45.73
16  64  2  14.84
17  64  2  5.05
18  64  2  28.88
19  64  2  4.88
20  64  2  7.56
1  65  2  56.33
2  65  2  37.89
3  65  2  32.91
4  65  2  21.33
5  65  2  18.77
6  65  2  3.15
7  65  2  54.69
8  65  2  22.19
9  65  2  31.64
10  65  2  7.05
11  65  2  18.89
12  65  2  46.44
13  65  2  35.55
14  65  2  14.70
15  65  2  21.83
16  65  2  3.48
17  65  2  18.59
18  65  2  14.20
19  65  2  40.10
20  65  2  15.87
1  66  2  53.35
2  66  2  28.47
3  66  2  45.04
4  66  2  16.62
5  66  2  13.96
6  66  2  12.32
7  66  2  3.28
8  66  2  17.46
9  66  2  32.94
10  66  2  36.04
11  66  2  15.63
12  66  2  9.47
13  66  2  36.41
14  66  2  4.24
15  66  2  70.49
16  66  2  10.10
17  66  2  4.42
18  66  2  28.94
19  66  2  11.28
20  66  2  46.45
1  67  2  13.67
2  67  2  7.69
3  67  2  17.56
4  67  2  5.29
5  67  2  32.03
6  67  2  36.30
7  67  2  25.62
8  67  2  51.51
9  67  2  28.97
10  67  2  14.60
11  67  2  38.22
12  67  2  53.30
13  67  2  20.23
14  67  2  16.53
15  67  2  8.42
16  67  2  17.93
17  67  2  31.94
18  67  2  14.71
19  67  2  8.76
20  67  2  7.14
1  68  2  18.31
2  68  2  14.22
3  68  2  7.82
4  68  2  38.93
5  68  2  48.06
6  68  2  8.94
7  68  2  21.06
8  68  2  22.45
9  68  2  10.92
10  68  2  13.75
11  68  2  9.82
12  68  2  59.78
13  68  2  12.19
14  68  2  35.43
15  68  2  28.00
16  68  2  27.72
17  68  2  18.87
18  68  2  58.15
19  68  2  47.48
20  68  2  29.42
1  69  2  14.82
2  69  2  14.05
3  69  2  22.77
4  69  2  22.54
5  69  2  30.53
6  69  2  22.35
7  69  2  16.51
8  69  2  18.33
9  69  2  44.85
10  69  2  53.27
11  69  2  35.05
12  69  2  13.69
13  69  2  9.72
14  69  2  10.51
15  69  2  21.48
16  69  2  26.57
17  69  2  18.10
18  69  2  14.29
19  69  2  20.23
20  69  2  34.74
1  70  2  28.96
2  70  2  11.29
3  70  2  29.07
4  70  2  34.49
5  70  2  20.71
6  70  2  23.21
7  70  2  55.14
8  70  2  2.97
9  70  2  17.91
10  70  2  5.83
11  70  2  37.70
12  70  2  24.92
13  70  2  5.77
14  70  2  11.71
15  70  2  10.98
16  70  2  19.97
17  70  2  31.62
18  70  2  6.80
19  70  2  22.51
20  70  2  41.67
1  71  2  6.71
2  71  2  15.12
3  71  2  7.54
4  71  2  52.41
5  71  2  34.47
6  71  2  33.35
7  71  2  23.42
8  71  2  7.75
9  71  2  10.48
10  71  2  5.98
11  71  2  14.29
12  71  2  20.39
13  71  2  33.44
14  71  2  6.78
15  71  2  5.76
16  71  2  12.78
17  71  2  22.77
18  71  2  19.98
19  71  2  20.84
20  71  2  8.57
1  72  2  4.76
2  72  2  33.53
3  72  2  58.76
4  72  2  12.95
5  72  2  22.40
6  72  2  18.93
7  72  2  34.66
8  72  2  31.83
9  72  2  47.68
10  72  2  13.24
11  72  2  66.32
12  72  2  31.53
13  72  2  5.85
14  72  2  32.10
15  72  2  39.60
16  72  2  3.46
17  72  2  11.02
18  72  2  11.68
19  72  2  4.48
20  72  2  15.61
1  73  2  4.17
2  73  2  15.02
3  73  2  34.78
4  73  2  33.70
5  73  2  11.22
6  73  2  9.67
7  73  2  13.62
8  73  2  16.06
9  73  2  17.93
10  73  2  9.05
11  73  2  41.10
12  73  2  21.13
13  73  2  35.05
14  73  2  17.43
15  73  2  26.64
16  73  2  6.71
17  73  2  5.33
18  73  2  28.33
19  73  2  55.90
20  73  2  42.36
1  74  2  8.88
2  74  2  4.25
3  74  2  25.37
4  74  2  40.64
5  74  2  14.45
6  74  2  18.78
7  74  2  11.48
8  74  2  11.05
9  74  2  8.52
10  74  2  36.92
11  74  2  13.96
12  74  2  4.17
13  74  2  54.57
14  74  2  9.38
15  74  2  9.79
16  74  2  24.68
17  74  2  18.37
18  74  2  20.51
19  74  2  25.88
20  74  2  30.41
1  75  2  22.63
2  75  2  36.85
3  75  2  22.55
4  75  2  35.89
5  75  2  9.73
6  75  2  18.10
7  75  2  22.86
8  75  2  23.11
9  75  2  47.93
10  75  2  33.36
11  75  2  24.09
12  75  2  7.84
13  75  2  37.79
14  75  2  12.64
15  75  2  25.31
16  75  2  24.98
17  75  2  45.56
18  75  2  11.64
19  75  2  13.20
20  75  2  16.69
1  76  2  5.08
2  76  2  43.87
3  76  2  11.85
4  76  2  21.84
5  76  2  26.44
6  76  2  28.31
7  76  2  14.26
8  76  2  17.62
9  76  2  10.87
10  76  2  54.33
11  76  2  36.45
12  76  2  35.09
13  76  2  15.81
14  76  2  11.08
15  76  2  59.97
16  76  2  17.41
17  76  2  11.27
18  76  2  34.19
19  76  2  24.06
20  76  2  4.99
1  77  2  5.38
2  77  2  30.05
3  77  2  20.88
4  77  2  33.81
5  77  2  9.05
6  77  2  3.94
7  77  2  59.10
8  77  2  14.30
9  77  2  21.67
10  77  2  19.98
11  77  2  52.04
12  77  2  23.73
13  77  2  40.58
14  77  2  8.25
15  77  2  46.07
16  77  2  17.28
17  77  2  2.82
18  77  2  27.71
19  77  2  33.69
20  77  2  69.47
1  78  2  30.80
2  78  2  14.37
3  78  2  26.72
4  78  2  13.51
5  78  2  16.99
6  78  2  26.01
7  78  2  4.32
8  78  2  46.43
9  78  2  38.68
10  78  2  28.58
11  78  2  30.53
12  78  2  4.15
13  78  2  30.05
14  78  2  29.75
15  78  2  30.02
16  78  2  13.00
17  78  2  14.99
18  78  2  20.56
19  78  2  12.06
20  78  2  7.03
1  79  2  53.69
2  79  2  20.95
3  79  2  21.41
4  79  2  9.80
5  79  2  48.76
6  79  2  23.02
7  79  2  10.31
8  79  2  25.86
9  79  2  28.97
10  79  2  11.73
11  79  2  16.25
12  79  2  4.27
13  79  2  27.65
14  79  2  4.87
15  79  2  33.98
16  79  2  20.42
17  79  2  17.63
18  79  2  21.66
19  79  2  2.94
20  79  2  7.09
1  80  2  12.81
2  80  2  16.97
3  80  2  50.32
4  80  2  28.79
5  80  2  44.49
6  80  2  31.39
7  80  2  26.07
8  80  2  34.76
9  80  2  23.94
10  80  2  22.83
11  80  2  30.22
12  80  2  44.60
13  80  2  23.12
14  80  2  11.56
15  80  2  55.98
16  80  2  12.57
17  80  2  7.88
18  80  2  35.30
19  80  2  18.45
20  80  2  42.57
1  81  2  8.06
2  81  2  23.95
3  81  2  20.83
4  81  2  11.04
5  81  2  32.09
6  81  2  42.45
7  81  2  35.00
8  81  2  2.99
9  81  2  22.76
10  81  2  12.70
11  81  2  11.75
12  81  2  35.89
13  81  2  23.77
14  81  2  50.36
15  81  2  23.05
16  81  2  36.76
17  81  2  36.88
18  81  2  6.03
19  81  2  20.04
20  81  2  34.34
1  82  2  26.59
2  82  2  3.72
3  82  2  24.57
4  82  2  11.70
5  82  2  14.35
6  82  2  8.68
7  82  2  19.22
8  82  2  5.55
9  82  2  25.30
10  82  2  17.22
11  82  2  29.41
12  82  2  20.29
13  82  2  37.06
14  82  2  13.39
15  82  2  7.70
16  82  2  7.60
17  82  2  19.74
18  82  2  32.04
19  82  2  32.05
20  82  2  18.95
1  83  2  6.91
2  83  2  24.21
3  83  2  9.16
4  83  2  12.00
5  83  2  64.44
6  83  2  25.40
7  83  2  5.26
8  83  2  31.50
9  83  2  16.89
10  83  2  19.84
11  83  2  23.64
12  83  2  4.00
13  83  2  14.53
14  83  2  16.51
15  83  2  9.27
16  83  2  25.46
17  83  2  14.78
18  83  2  49.41
19  83  2  61.68
20  83  2  23.91
1  84  2  46.69
2  84  2  19.08
3  84  2  13.30
4  84  2  43.96
5  84  2  6.04
6  84  2  12.16
7  84  2  22.21
8  84  2  15.40
9  84  2  21.44
10  84  2  9.83
11  84  2  29.14
12  84  2  27.27
13  84  2  23.22
14  84  2  44.46
15  84  2  19.43
16  84  2  5.27
17  84  2  14.60
18  84  2  19.76
19  84  2  59.19
20  84  2  22.96
1  85  2  29.01
2  85  2  51.19
3  85  2  16.30
4  85  2  16.24
5  85  2  7.29
6  85  2  5.94
7  85  2  47.80
8  85  2  11.23
9  85  2  23.25
10  85  2  23.15
11  85  2  14.37
12  85  2  27.65
13  85  2  6.91
14  85  2  22.56
15  85  2  39.93
16  85  2  35.16
17  85  2  48.26
18  85  2  5.95
19  85  2  6.33
20  85  2  6.76
1  86  2  10.55
2  86  2  48.45
3  86  2  10.39
4  86  2  13.27
5  86  2  7.68
6  86  2  54.42
7  86  2  28.90
8  86  2  9.39
9  86  2  7.77
10  86  2  4.46
11  86  2  55.91
12  86  2  16.39
13  86  2  6.76
14  86  2  24.73
15  86  2  16.51
16  86  2  21.04
17  86  2  11.27
18  86  2  47.31
19  86  2  7.61
20  86  2  43.43
1  87  2  43.43
2  87  2  52.11
3  87  2  35.52
4  87  2  22.76
5  87  2  51.25
6  87  2  35.56
7  87  2  22.21
8  87  2  12.12
9  87  2  5.69
10  87  2  22.11
11  87  2  5.47
12  87  2  15.90
13  87  2  26.25
14  87  2  32.88
15  87  2  9.85
16  87  2  45.71
17  87  2  61.98
18  87  2  24.57
19  87  2  11.26
20  87  2  33.88
1  88  2  38.48
2  88  2  10.18
3  88  2  51.08
4  88  2  21.06
5  88  2  7.21
6  88  2  30.73
7  88  2  45.62
8  88  2  42.33
9  88  2  25.99
10  88  2  20.24
11  88  2  30.00
12  88  2  30.07
13  88  2  45.42
14  88  2  19.16
15  88  2  7.58
16  88  2  40.01
17  88  2  4.89
18  88  2  47.67
19  88  2  53.23
20  88  2  55.10
1  89  2  9.35
2  89  2  26.16
3  89  2  29.40
4  89  2  27.16
5  89  2  60.45
6  89  2  16.13
7  89  2  4.38
8  89  2  24.65
9  89  2  5.87
10  89  2  49.54
11  89  2  23.27
12  89  2  56.49
13  89  2  20.33
14  89  2  22.93
15  89  2  60.48
16  89  2  48.99
17  89  2  3.73
18  89  2  15.60
19  89  2  27.22
20  89  2  10.29
1  90  2  38.20
2  90  2  12.91
3  90  2  10.32
4  90  2  23.15
5  90  2  11.72
6  90  2  14.34
7  90  2  25.81
8  90  2  7.34
9  90  2  34.13
10  90  2  4.69
11  90  2  16.61
12  90  2  15.05
13  90  2  35.87
14  90  2  11.11
15  90  2  5.35
16  90  2  20.77
17  90  2  14.63
18  90  2  12.66
19  90  2  31.11
20  90  2  19.45
1  91  2  35.51
2  91  2  35.86
3  91  2  12.37
4  91  2  17.96
5  91  2  59.00
6  91  2  14.18
7  91  2  27.58
8  91  2  32.36
9  91  2  28.40
10  91  2  58.80
11  91  2  20.63
12  91  2  11.33
13  91  2  8.87
14  91  2  17.88
15  91  2  23.32
16  91  2  6.31
17  91  2  16.47
18  91  2  10.53
19  91  2  34.95
20  91  2  15.64
1  92  2  31.70
2  92  2  65.34
3  92  2  28.67
4  92  2  18.20
5  92  2  18.12
6  92  2  4.63
7  92  2  8.52
8  92  2  23.65
9  92  2  24.01
10  92  2  7.44
11  92  2  4.73
12  92  2  13.46
13  92  2  16.71
14  92  2  42.52
15  92  2  18.80
16  92  2  21.56
17  92  2  21.22
18  92  2  9.04
19  92  2  5.92
20  92  2  27.83
1  93  2  8.22
2  93  2  16.53
3  93  2  11.17
4  93  2  31.53
5  93  2  22.83
6  93  2  25.08
7  93  2  34.25
8  93  2  29.49
9  93  2  46.59
10  93  2  49.53
11  93  2  26.13
12  93  2  10.39
13  93  2  50.72
14  93  2  11.22
15  93  2  43.73
16  93  2  16.91
17  93  2  17.13
18  93  2  12.26
19  93  2  43.43
20  93  2  2.90
1  94  2  28.48
2  94  2  18.75
3  94  2  38.69
4  94  2  9.15
5  94  2  2.43
6  94  2  3.67
7  94  2  34.22
8  94  2  8.79
9  94  2  6.44
10  94  2  34.00
11  94  2  62.82
12  94  2  9.74
13  94  2  11.40
14  94  2  32.15
15  94  2  61.52
16  94  2  22.55
17  94  2  26.66
18  94  2  26.97
19  94  2  25.50
20  94  2  17.90
1  95  2  3.61
2  95  2  8.19
3  95  2  17.50
4  95  2  9.54
5  95  2  51.28
6  95  2  13.88
7  95  2  17.33
8  95  2  11.19
9  95  2  24.19
10  95  2  12.31
11  95  2  22.47
12  95  2  13.63
13  95  2  7.02
14  95  2  5.89
15  95  2  12.82
16  95  2  43.23
17  95  2  34.19
18  95  2  39.40
19  95  2  24.71
20  95  2  30.47
1  96  2  7.55
2  96  2  11.50
3  96  2  19.52
4  96  2  26.24
5  96  2  15.35
6  96  2  29.39
7  96  2  27.32
8  96  2  40.67
9  96  2  3.91
10  96  2  5.18
11  96  2  52.60
12  96  2  9.70
13  96  2  49.39
14  96  2  24.89
15  96  2  22.86
16  96  2  16.92
17  96  2  21.60
18  96  2  26.42
19  96  2  48.52
20  96  2  22.65
1  97  2  33.04
2  97  2  12.18
3  97  2  22.29
4  97  2  15.72
5  97  2  24.64
6  97  2  21.25
7  97  2  61.98
8  97  2  30.44
9  97  2  49.47
10  97  2  48.87
11  97  2  25.40
12  97  2  3.13
13  97  2  14.01
14  97  2  56.42
15  97  2  44.68
16  97  2  21.10
17  97  2  6.67
18  97  2  20.73
19  97  2  33.48
20  97  2  6.32
1  98  2  27.07
2  98  2  20.07
3  98  2  12.55
4  98  2  9.92
5  98  2  30.93
6  98  2  13.38
7  98  2  12.95
8  98  2  8.79
9  98  2  34.11
10  98  2  35.63
11  98  2  43.37
12  98  2  52.12
13  98  2  10.55
14  98  2  17.14
15  98  2  34.97
16  98  2  14.51
17  98  2  28.19
18  98  2  8.42
19  98  2  57.48
20  98  2  44.89
1  99  2  10.45
2  99  2  18.66
3  99  2  15.53
4  99  2  21.79
5  99  2  46.49
6  99  2  5.36
7  99  2  18.07
8  99  2  26.77
9  99  2  47.63
10  99  2  32.06
11  99  2  39.09
12  99  2  34.75
13  99  2  36.20
14  99  2  4.78
15  99  2  54.98
16  99  2  59.79
17  99  2  40.62
18  99  2  43.81
19  99  2  47.07
20  99  2  18.44
1  100  2  49.05
2  100  2  61.50
3  100  2  39.42
4  100  2  47.34
5  100  2  34.31
6  100  2  19.54
7  100  2  20.40
8  100  2  26.03
9  100  2  13.41
10  100  2  59.95
11  100  2  12.54
12  100  2  38.00
13  100  2  17.77
14  100  2  15.47
15  100  2  5.47
16  100  2  19.71
17  100  2  22.35
18  100  2  10.33
19  100  2  18.40
20  100  2  13.59
;

