param com_measure1 := 0.6108;

param com_measure2 := 0.96638;

param kappa_max := 642.5259;

param U_tau := 461.4076;

param nT := 2;

param nS := 200;

param nL := 15;

param B := 567.95;

param w :=
1  1
2  1
3  1
4  1
5  1
6  1
7  3
8  2
9  2
10  1
11  2
12  1
13  3
14  3
15  1
;

param h :=
1  1  0
1  2  0
1  3  0
1  4  0
1  5  0
1  6  0
1  7  0
1  8  0
1  9  0
1  10  0
1  11  0
1  12  0
1  13  0
1  14  0
1  15  0
2  1  71.92
2  2  77.19
2  3  75.24
2  4  79.08
2  5  76.53
2  6  76.81
2  7  70.72
2  8  80.36
2  9  74.94
2  10  76.56
2  11  70.87
2  12  73.70
2  13  79.95
2  14  70.33
2  15  81.69
;

param xi :=
1  1  1  40
2  1  1  34
3  1  1  82
4  1  1  77
5  1  1  76
6  1  1  41
7  1  1  17
8  1  1  36
9  1  1  53
10  1  1  13
11  1  1  16
12  1  1  32
13  1  1  39
14  1  1  38
15  1  1  46
1  2  1  55
2  2  1  51
3  2  1  52
4  2  1  65
5  2  1  68
6  2  1  77
7  2  1  70
8  2  1  66
9  2  1  65
10  2  1  33
11  2  1  77
12  2  1  66
13  2  1  89
14  2  1  88
15  2  1  16
1  3  1  29
2  3  1  36
3  3  1  74
4  3  1  73
5  3  1  23
6  3  1  51
7  3  1  35
8  3  1  19
9  3  1  39
10  3  1  34
11  3  1  24
12  3  1  36
13  3  1  25
14  3  1  52
15  3  1  35
1  4  1  58
2  4  1  58
3  4  1  83
4  4  1  74
5  4  1  63
6  4  1  23
7  4  1  68
8  4  1  84
9  4  1  61
10  4  1  49
11  4  1  10
12  4  1  63
13  4  1  83
14  4  1  21
15  4  1  66
1  5  1  29
2  5  1  75
3  5  1  85
4  5  1  67
5  5  1  46
6  5  1  45
7  5  1  81
8  5  1  69
9  5  1  68
10  5  1  13
11  5  1  75
12  5  1  57
13  5  1  13
14  5  1  20
15  5  1  66
1  6  1  14
2  6  1  73
3  6  1  73
4  6  1  59
5  6  1  86
6  6  1  89
7  6  1  66
8  6  1  13
9  6  1  33
10  6  1  11
11  6  1  50
12  6  1  23
13  6  1  54
14  6  1  13
15  6  1  85
1  7  1  15
2  7  1  90
3  7  1  72
4  7  1  20
5  7  1  29
6  7  1  16
7  7  1  27
8  7  1  10
9  7  1  39
10  7  1  65
11  7  1  70
12  7  1  46
13  7  1  43
14  7  1  81
15  7  1  55
1  8  1  61
2  8  1  56
3  8  1  71
4  8  1  85
5  8  1  89
6  8  1  21
7  8  1  13
8  8  1  64
9  8  1  85
10  8  1  25
11  8  1  70
12  8  1  62
13  8  1  15
14  8  1  27
15  8  1  16
1  9  1  48
2  9  1  54
3  9  1  24
4  9  1  34
5  9  1  38
6  9  1  21
7  9  1  21
8  9  1  89
9  9  1  30
10  9  1  41
11  9  1  12
12  9  1  78
13  9  1  61
14  9  1  50
15  9  1  74
1  10  1  89
2  10  1  86
3  10  1  35
4  10  1  70
5  10  1  72
6  10  1  37
7  10  1  33
8  10  1  44
9  10  1  21
10  10  1  45
11  10  1  47
12  10  1  20
13  10  1  71
14  10  1  18
15  10  1  24
1  11  1  30
2  11  1  22
3  11  1  41
4  11  1  65
5  11  1  19
6  11  1  82
7  11  1  26
8  11  1  31
9  11  1  87
10  11  1  44
11  11  1  82
12  11  1  57
13  11  1  76
14  11  1  56
15  11  1  63
1  12  1  85
2  12  1  69
3  12  1  74
4  12  1  40
5  12  1  72
6  12  1  10
7  12  1  54
8  12  1  38
9  12  1  59
10  12  1  68
11  12  1  33
12  12  1  46
13  12  1  39
14  12  1  71
15  12  1  32
1  13  1  45
2  13  1  34
3  13  1  40
4  13  1  84
5  13  1  48
6  13  1  78
7  13  1  63
8  13  1  12
9  13  1  82
10  13  1  66
11  13  1  24
12  13  1  63
13  13  1  51
14  13  1  22
15  13  1  77
1  14  1  27
2  14  1  45
3  14  1  55
4  14  1  65
5  14  1  58
6  14  1  68
7  14  1  49
8  14  1  70
9  14  1  80
10  14  1  53
11  14  1  18
12  14  1  27
13  14  1  17
14  14  1  10
15  14  1  85
1  15  1  76
2  15  1  86
3  15  1  79
4  15  1  34
5  15  1  12
6  15  1  32
7  15  1  16
8  15  1  48
9  15  1  42
10  15  1  38
11  15  1  49
12  15  1  61
13  15  1  76
14  15  1  25
15  15  1  75
1  16  1  44
2  16  1  36
3  16  1  12
4  16  1  38
5  16  1  36
6  16  1  88
7  16  1  40
8  16  1  74
9  16  1  35
10  16  1  73
11  16  1  63
12  16  1  15
13  16  1  83
14  16  1  79
15  16  1  73
1  17  1  59
2  17  1  33
3  17  1  61
4  17  1  80
5  17  1  81
6  17  1  14
7  17  1  89
8  17  1  22
9  17  1  72
10  17  1  31
11  17  1  69
12  17  1  57
13  17  1  85
14  17  1  32
15  17  1  37
1  18  1  83
2  18  1  39
3  18  1  86
4  18  1  48
5  18  1  63
6  18  1  73
7  18  1  47
8  18  1  81
9  18  1  52
10  18  1  27
11  18  1  75
12  18  1  57
13  18  1  81
14  18  1  90
15  18  1  46
1  19  1  70
2  19  1  62
3  19  1  22
4  19  1  36
5  19  1  39
6  19  1  59
7  19  1  53
8  19  1  34
9  19  1  30
10  19  1  22
11  19  1  52
12  19  1  11
13  19  1  26
14  19  1  67
15  19  1  88
1  20  1  63
2  20  1  68
3  20  1  23
4  20  1  61
5  20  1  39
6  20  1  71
7  20  1  37
8  20  1  60
9  20  1  50
10  20  1  56
11  20  1  59
12  20  1  71
13  20  1  25
14  20  1  44
15  20  1  54
1  21  1  65
2  21  1  65
3  21  1  51
4  21  1  50
5  21  1  43
6  21  1  37
7  21  1  65
8  21  1  71
9  21  1  58
10  21  1  69
11  21  1  49
12  21  1  11
13  21  1  50
14  21  1  16
15  21  1  36
1  22  1  10
2  22  1  74
3  22  1  87
4  22  1  88
5  22  1  38
6  22  1  36
7  22  1  89
8  22  1  77
9  22  1  25
10  22  1  35
11  22  1  89
12  22  1  24
13  22  1  66
14  22  1  29
15  22  1  68
1  23  1  44
2  23  1  51
3  23  1  54
4  23  1  49
5  23  1  34
6  23  1  58
7  23  1  87
8  23  1  54
9  23  1  13
10  23  1  50
11  23  1  44
12  23  1  37
13  23  1  33
14  23  1  18
15  23  1  28
1  24  1  69
2  24  1  11
3  24  1  53
4  24  1  65
5  24  1  28
6  24  1  85
7  24  1  12
8  24  1  87
9  24  1  17
10  24  1  79
11  24  1  53
12  24  1  39
13  24  1  31
14  24  1  11
15  24  1  14
1  25  1  68
2  25  1  27
3  25  1  20
4  25  1  83
5  25  1  27
6  25  1  66
7  25  1  82
8  25  1  63
9  25  1  55
10  25  1  77
11  25  1  38
12  25  1  88
13  25  1  67
14  25  1  53
15  25  1  18
1  26  1  22
2  26  1  12
3  26  1  67
4  26  1  29
5  26  1  13
6  26  1  89
7  26  1  22
8  26  1  60
9  26  1  12
10  26  1  83
11  26  1  70
12  26  1  38
13  26  1  51
14  26  1  64
15  26  1  52
1  27  1  47
2  27  1  33
3  27  1  46
4  27  1  83
5  27  1  57
6  27  1  69
7  27  1  44
8  27  1  76
9  27  1  41
10  27  1  58
11  27  1  84
12  27  1  31
13  27  1  70
14  27  1  41
15  27  1  28
1  28  1  61
2  28  1  68
3  28  1  27
4  28  1  21
5  28  1  74
6  28  1  41
7  28  1  64
8  28  1  34
9  28  1  35
10  28  1  87
11  28  1  26
12  28  1  14
13  28  1  42
14  28  1  71
15  28  1  41
1  29  1  79
2  29  1  50
3  29  1  82
4  29  1  27
5  29  1  23
6  29  1  54
7  29  1  84
8  29  1  90
9  29  1  41
10  29  1  45
11  29  1  43
12  29  1  20
13  29  1  69
14  29  1  10
15  29  1  54
1  30  1  63
2  30  1  58
3  30  1  77
4  30  1  89
5  30  1  15
6  30  1  43
7  30  1  83
8  30  1  33
9  30  1  48
10  30  1  87
11  30  1  22
12  30  1  25
13  30  1  30
14  30  1  72
15  30  1  36
1  31  1  32
2  31  1  39
3  31  1  78
4  31  1  61
5  31  1  75
6  31  1  58
7  31  1  25
8  31  1  45
9  31  1  53
10  31  1  81
11  31  1  10
12  31  1  37
13  31  1  85
14  31  1  68
15  31  1  26
1  32  1  49
2  32  1  56
3  32  1  67
4  32  1  31
5  32  1  56
6  32  1  61
7  32  1  73
8  32  1  16
9  32  1  72
10  32  1  80
11  32  1  90
12  32  1  13
13  32  1  88
14  32  1  66
15  32  1  44
1  33  1  13
2  33  1  18
3  33  1  28
4  33  1  13
5  33  1  36
6  33  1  64
7  33  1  41
8  33  1  80
9  33  1  50
10  33  1  35
11  33  1  81
12  33  1  20
13  33  1  13
14  33  1  47
15  33  1  61
1  34  1  21
2  34  1  63
3  34  1  88
4  34  1  67
5  34  1  83
6  34  1  81
7  34  1  74
8  34  1  43
9  34  1  36
10  34  1  73
11  34  1  45
12  34  1  40
13  34  1  26
14  34  1  48
15  34  1  63
1  35  1  40
2  35  1  74
3  35  1  43
4  35  1  44
5  35  1  28
6  35  1  60
7  35  1  61
8  35  1  44
9  35  1  89
10  35  1  35
11  35  1  60
12  35  1  34
13  35  1  65
14  35  1  34
15  35  1  44
1  36  1  44
2  36  1  37
3  36  1  81
4  36  1  86
5  36  1  54
6  36  1  37
7  36  1  71
8  36  1  35
9  36  1  30
10  36  1  10
11  36  1  47
12  36  1  87
13  36  1  79
14  36  1  48
15  36  1  11
1  37  1  68
2  37  1  85
3  37  1  62
4  37  1  53
5  37  1  80
6  37  1  68
7  37  1  74
8  37  1  17
9  37  1  29
10  37  1  34
11  37  1  11
12  37  1  48
13  37  1  44
14  37  1  75
15  37  1  52
1  38  1  88
2  38  1  56
3  38  1  78
4  38  1  36
5  38  1  57
6  38  1  34
7  38  1  49
8  38  1  19
9  38  1  18
10  38  1  27
11  38  1  73
12  38  1  18
13  38  1  44
14  38  1  19
15  38  1  76
1  39  1  87
2  39  1  15
3  39  1  29
4  39  1  12
5  39  1  31
6  39  1  26
7  39  1  51
8  39  1  61
9  39  1  75
10  39  1  52
11  39  1  65
12  39  1  17
13  39  1  62
14  39  1  34
15  39  1  12
1  40  1  38
2  40  1  41
3  40  1  28
4  40  1  18
5  40  1  67
6  40  1  54
7  40  1  75
8  40  1  35
9  40  1  86
10  40  1  78
11  40  1  55
12  40  1  88
13  40  1  80
14  40  1  62
15  40  1  61
1  41  1  89
2  41  1  72
3  41  1  11
4  41  1  59
5  41  1  52
6  41  1  72
7  41  1  59
8  41  1  77
9  41  1  78
10  41  1  65
11  41  1  57
12  41  1  69
13  41  1  28
14  41  1  24
15  41  1  76
1  42  1  73
2  42  1  47
3  42  1  38
4  42  1  75
5  42  1  23
6  42  1  46
7  42  1  61
8  42  1  50
9  42  1  78
10  42  1  74
11  42  1  37
12  42  1  67
13  42  1  14
14  42  1  12
15  42  1  66
1  43  1  42
2  43  1  40
3  43  1  28
4  43  1  47
5  43  1  54
6  43  1  37
7  43  1  20
8  43  1  42
9  43  1  66
10  43  1  34
11  43  1  82
12  43  1  52
13  43  1  30
14  43  1  61
15  43  1  83
1  44  1  41
2  44  1  54
3  44  1  47
4  44  1  74
5  44  1  19
6  44  1  53
7  44  1  85
8  44  1  13
9  44  1  13
10  44  1  51
11  44  1  87
12  44  1  86
13  44  1  36
14  44  1  35
15  44  1  72
1  45  1  45
2  45  1  70
3  45  1  49
4  45  1  55
5  45  1  68
6  45  1  75
7  45  1  11
8  45  1  11
9  45  1  30
10  45  1  28
11  45  1  24
12  45  1  83
13  45  1  76
14  45  1  61
15  45  1  58
1  46  1  48
2  46  1  76
3  46  1  55
4  46  1  16
5  46  1  14
6  46  1  81
7  46  1  55
8  46  1  53
9  46  1  12
10  46  1  21
11  46  1  44
12  46  1  13
13  46  1  11
14  46  1  62
15  46  1  43
1  47  1  51
2  47  1  42
3  47  1  25
4  47  1  42
5  47  1  53
6  47  1  48
7  47  1  66
8  47  1  26
9  47  1  43
10  47  1  31
11  47  1  82
12  47  1  69
13  47  1  59
14  47  1  48
15  47  1  22
1  48  1  36
2  48  1  88
3  48  1  62
4  48  1  32
5  48  1  72
6  48  1  87
7  48  1  65
8  48  1  53
9  48  1  82
10  48  1  90
11  48  1  64
12  48  1  66
13  48  1  70
14  48  1  31
15  48  1  47
1  49  1  44
2  49  1  39
3  49  1  84
4  49  1  55
5  49  1  38
6  49  1  45
7  49  1  14
8  49  1  84
9  49  1  21
10  49  1  63
11  49  1  10
12  49  1  32
13  49  1  54
14  49  1  26
15  49  1  73
1  50  1  39
2  50  1  15
3  50  1  35
4  50  1  61
5  50  1  65
6  50  1  18
7  50  1  27
8  50  1  63
9  50  1  76
10  50  1  29
11  50  1  76
12  50  1  79
13  50  1  77
14  50  1  63
15  50  1  76
1  51  1  43
2  51  1  15
3  51  1  37
4  51  1  48
5  51  1  27
6  51  1  63
7  51  1  18
8  51  1  79
9  51  1  59
10  51  1  81
11  51  1  87
12  51  1  26
13  51  1  32
14  51  1  18
15  51  1  29
1  52  1  83
2  52  1  51
3  52  1  53
4  52  1  75
5  52  1  16
6  52  1  30
7  52  1  16
8  52  1  75
9  52  1  12
10  52  1  20
11  52  1  16
12  52  1  85
13  52  1  38
14  52  1  53
15  52  1  61
1  53  1  81
2  53  1  58
3  53  1  52
4  53  1  51
5  53  1  27
6  53  1  28
7  53  1  31
8  53  1  10
9  53  1  82
10  53  1  72
11  53  1  60
12  53  1  89
13  53  1  32
14  53  1  90
15  53  1  14
1  54  1  46
2  54  1  58
3  54  1  90
4  54  1  69
5  54  1  29
6  54  1  10
7  54  1  35
8  54  1  58
9  54  1  57
10  54  1  48
11  54  1  64
12  54  1  51
13  54  1  56
14  54  1  79
15  54  1  31
1  55  1  90
2  55  1  54
3  55  1  57
4  55  1  30
5  55  1  71
6  55  1  46
7  55  1  51
8  55  1  69
9  55  1  84
10  55  1  86
11  55  1  87
12  55  1  37
13  55  1  26
14  55  1  37
15  55  1  83
1  56  1  58
2  56  1  22
3  56  1  77
4  56  1  27
5  56  1  67
6  56  1  27
7  56  1  40
8  56  1  45
9  56  1  19
10  56  1  40
11  56  1  81
12  56  1  60
13  56  1  16
14  56  1  38
15  56  1  80
1  57  1  40
2  57  1  80
3  57  1  14
4  57  1  37
5  57  1  54
6  57  1  56
7  57  1  67
8  57  1  59
9  57  1  39
10  57  1  77
11  57  1  62
12  57  1  11
13  57  1  47
14  57  1  18
15  57  1  44
1  58  1  42
2  58  1  26
3  58  1  68
4  58  1  69
5  58  1  12
6  58  1  55
7  58  1  39
8  58  1  80
9  58  1  71
10  58  1  77
11  58  1  59
12  58  1  20
13  58  1  55
14  58  1  26
15  58  1  23
1  59  1  12
2  59  1  27
3  59  1  81
4  59  1  40
5  59  1  52
6  59  1  90
7  59  1  21
8  59  1  60
9  59  1  66
10  59  1  83
11  59  1  57
12  59  1  66
13  59  1  79
14  59  1  58
15  59  1  63
1  60  1  64
2  60  1  42
3  60  1  32
4  60  1  30
5  60  1  35
6  60  1  46
7  60  1  61
8  60  1  77
9  60  1  28
10  60  1  75
11  60  1  69
12  60  1  10
13  60  1  41
14  60  1  79
15  60  1  48
1  61  1  60
2  61  1  30
3  61  1  56
4  61  1  72
5  61  1  23
6  61  1  80
7  61  1  78
8  61  1  75
9  61  1  89
10  61  1  78
11  61  1  64
12  61  1  55
13  61  1  13
14  61  1  55
15  61  1  18
1  62  1  42
2  62  1  86
3  62  1  27
4  62  1  12
5  62  1  29
6  62  1  15
7  62  1  49
8  62  1  88
9  62  1  43
10  62  1  42
11  62  1  56
12  62  1  35
13  62  1  64
14  62  1  61
15  62  1  33
1  63  1  57
2  63  1  61
3  63  1  23
4  63  1  75
5  63  1  46
6  63  1  71
7  63  1  28
8  63  1  66
9  63  1  10
10  63  1  11
11  63  1  50
12  63  1  26
13  63  1  27
14  63  1  68
15  63  1  15
1  64  1  36
2  64  1  11
3  64  1  62
4  64  1  14
5  64  1  11
6  64  1  74
7  64  1  88
8  64  1  72
9  64  1  45
10  64  1  90
11  64  1  83
12  64  1  53
13  64  1  38
14  64  1  83
15  64  1  66
1  65  1  26
2  65  1  84
3  65  1  56
4  65  1  43
5  65  1  76
6  65  1  71
7  65  1  66
8  65  1  17
9  65  1  19
10  65  1  64
11  65  1  28
12  65  1  90
13  65  1  74
14  65  1  69
15  65  1  35
1  66  1  84
2  66  1  36
3  66  1  87
4  66  1  29
5  66  1  77
6  66  1  68
7  66  1  40
8  66  1  13
9  66  1  10
10  66  1  26
11  66  1  22
12  66  1  31
13  66  1  35
14  66  1  90
15  66  1  38
1  67  1  82
2  67  1  33
3  67  1  77
4  67  1  44
5  67  1  81
6  67  1  16
7  67  1  26
8  67  1  64
9  67  1  68
10  67  1  63
11  67  1  59
12  67  1  64
13  67  1  83
14  67  1  60
15  67  1  61
1  68  1  71
2  68  1  48
3  68  1  73
4  68  1  15
5  68  1  47
6  68  1  70
7  68  1  17
8  68  1  82
9  68  1  17
10  68  1  11
11  68  1  87
12  68  1  31
13  68  1  31
14  68  1  85
15  68  1  52
1  69  1  16
2  69  1  53
3  69  1  37
4  69  1  53
5  69  1  13
6  69  1  45
7  69  1  23
8  69  1  39
9  69  1  77
10  69  1  43
11  69  1  45
12  69  1  37
13  69  1  11
14  69  1  19
15  69  1  11
1  70  1  30
2  70  1  43
3  70  1  24
4  70  1  53
5  70  1  20
6  70  1  13
7  70  1  58
8  70  1  59
9  70  1  69
10  70  1  77
11  70  1  36
12  70  1  69
13  70  1  18
14  70  1  35
15  70  1  80
1  71  1  47
2  71  1  30
3  71  1  66
4  71  1  73
5  71  1  77
6  71  1  39
7  71  1  51
8  71  1  49
9  71  1  85
10  71  1  89
11  71  1  15
12  71  1  20
13  71  1  54
14  71  1  87
15  71  1  56
1  72  1  68
2  72  1  41
3  72  1  41
4  72  1  35
5  72  1  38
6  72  1  85
7  72  1  10
8  72  1  48
9  72  1  15
10  72  1  50
11  72  1  25
12  72  1  19
13  72  1  48
14  72  1  24
15  72  1  86
1  73  1  47
2  73  1  55
3  73  1  84
4  73  1  50
5  73  1  39
6  73  1  28
7  73  1  48
8  73  1  31
9  73  1  30
10  73  1  76
11  73  1  51
12  73  1  11
13  73  1  76
14  73  1  39
15  73  1  57
1  74  1  89
2  74  1  29
3  74  1  88
4  74  1  65
5  74  1  79
6  74  1  38
7  74  1  19
8  74  1  57
9  74  1  10
10  74  1  35
11  74  1  36
12  74  1  76
13  74  1  88
14  74  1  37
15  74  1  33
1  75  1  23
2  75  1  55
3  75  1  15
4  75  1  75
5  75  1  26
6  75  1  10
7  75  1  83
8  75  1  73
9  75  1  69
10  75  1  89
11  75  1  37
12  75  1  10
13  75  1  14
14  75  1  12
15  75  1  72
1  76  1  80
2  76  1  66
3  76  1  63
4  76  1  32
5  76  1  45
6  76  1  70
7  76  1  39
8  76  1  43
9  76  1  57
10  76  1  66
11  76  1  20
12  76  1  29
13  76  1  57
14  76  1  89
15  76  1  65
1  77  1  13
2  77  1  86
3  77  1  77
4  77  1  33
5  77  1  63
6  77  1  47
7  77  1  69
8  77  1  78
9  77  1  66
10  77  1  83
11  77  1  15
12  77  1  66
13  77  1  81
14  77  1  52
15  77  1  45
1  78  1  67
2  78  1  48
3  78  1  20
4  78  1  88
5  78  1  37
6  78  1  66
7  78  1  86
8  78  1  39
9  78  1  80
10  78  1  33
11  78  1  15
12  78  1  17
13  78  1  45
14  78  1  16
15  78  1  56
1  79  1  63
2  79  1  83
3  79  1  35
4  79  1  38
5  79  1  49
6  79  1  12
7  79  1  81
8  79  1  21
9  79  1  55
10  79  1  47
11  79  1  35
12  79  1  11
13  79  1  88
14  79  1  77
15  79  1  36
1  80  1  17
2  80  1  79
3  80  1  61
4  80  1  61
5  80  1  81
6  80  1  79
7  80  1  22
8  80  1  40
9  80  1  53
10  80  1  67
11  80  1  82
12  80  1  69
13  80  1  26
14  80  1  56
15  80  1  19
1  81  1  30
2  81  1  29
3  81  1  54
4  81  1  49
5  81  1  28
6  81  1  22
7  81  1  87
8  81  1  81
9  81  1  10
10  81  1  55
11  81  1  48
12  81  1  82
13  81  1  48
14  81  1  57
15  81  1  64
1  82  1  70
2  82  1  48
3  82  1  85
4  82  1  69
5  82  1  81
6  82  1  63
7  82  1  16
8  82  1  62
9  82  1  56
10  82  1  56
11  82  1  38
12  82  1  33
13  82  1  66
14  82  1  28
15  82  1  10
1  83  1  59
2  83  1  13
3  83  1  73
4  83  1  86
5  83  1  84
6  83  1  66
7  83  1  48
8  83  1  73
9  83  1  13
10  83  1  63
11  83  1  26
12  83  1  90
13  83  1  73
14  83  1  46
15  83  1  52
1  84  1  12
2  84  1  15
3  84  1  88
4  84  1  13
5  84  1  72
6  84  1  87
7  84  1  38
8  84  1  52
9  84  1  34
10  84  1  68
11  84  1  57
12  84  1  36
13  84  1  68
14  84  1  27
15  84  1  22
1  85  1  10
2  85  1  16
3  85  1  13
4  85  1  62
5  85  1  57
6  85  1  45
7  85  1  38
8  85  1  86
9  85  1  74
10  85  1  65
11  85  1  90
12  85  1  64
13  85  1  64
14  85  1  52
15  85  1  16
1  86  1  34
2  86  1  29
3  86  1  88
4  86  1  86
5  86  1  33
6  86  1  11
7  86  1  47
8  86  1  37
9  86  1  34
10  86  1  42
11  86  1  61
12  86  1  90
13  86  1  62
14  86  1  80
15  86  1  35
1  87  1  33
2  87  1  84
3  87  1  51
4  87  1  87
5  87  1  66
6  87  1  54
7  87  1  24
8  87  1  26
9  87  1  79
10  87  1  19
11  87  1  21
12  87  1  85
13  87  1  62
14  87  1  20
15  87  1  71
1  88  1  27
2  88  1  57
3  88  1  20
4  88  1  86
5  88  1  41
6  88  1  51
7  88  1  72
8  88  1  81
9  88  1  45
10  88  1  90
11  88  1  66
12  88  1  35
13  88  1  74
14  88  1  83
15  88  1  40
1  89  1  78
2  89  1  29
3  89  1  34
4  89  1  35
5  89  1  18
6  89  1  60
7  89  1  82
8  89  1  30
9  89  1  51
10  89  1  40
11  89  1  22
12  89  1  65
13  89  1  57
14  89  1  36
15  89  1  27
1  90  1  38
2  90  1  23
3  90  1  67
4  90  1  76
5  90  1  33
6  90  1  84
7  90  1  79
8  90  1  76
9  90  1  34
10  90  1  27
11  90  1  24
12  90  1  18
13  90  1  68
14  90  1  75
15  90  1  31
1  91  1  60
2  91  1  80
3  91  1  46
4  91  1  44
5  91  1  20
6  91  1  64
7  91  1  69
8  91  1  62
9  91  1  66
10  91  1  14
11  91  1  36
12  91  1  84
13  91  1  45
14  91  1  32
15  91  1  21
1  92  1  61
2  92  1  19
3  92  1  63
4  92  1  63
5  92  1  25
6  92  1  20
7  92  1  11
8  92  1  72
9  92  1  61
10  92  1  89
11  92  1  86
12  92  1  77
13  92  1  67
14  92  1  17
15  92  1  23
1  93  1  48
2  93  1  16
3  93  1  86
4  93  1  68
5  93  1  84
6  93  1  83
7  93  1  42
8  93  1  11
9  93  1  38
10  93  1  34
11  93  1  34
12  93  1  84
13  93  1  34
14  93  1  71
15  93  1  45
1  94  1  55
2  94  1  78
3  94  1  66
4  94  1  25
5  94  1  85
6  94  1  67
7  94  1  25
8  94  1  14
9  94  1  35
10  94  1  25
11  94  1  81
12  94  1  11
13  94  1  15
14  94  1  85
15  94  1  60
1  95  1  57
2  95  1  31
3  95  1  62
4  95  1  52
5  95  1  83
6  95  1  36
7  95  1  76
8  95  1  18
9  95  1  41
10  95  1  79
11  95  1  49
12  95  1  33
13  95  1  17
14  95  1  43
15  95  1  20
1  96  1  49
2  96  1  14
3  96  1  75
4  96  1  40
5  96  1  52
6  96  1  43
7  96  1  14
8  96  1  59
9  96  1  88
10  96  1  84
11  96  1  47
12  96  1  55
13  96  1  88
14  96  1  26
15  96  1  84
1  97  1  79
2  97  1  10
3  97  1  32
4  97  1  27
5  97  1  22
6  97  1  74
7  97  1  53
8  97  1  34
9  97  1  84
10  97  1  33
11  97  1  20
12  97  1  49
13  97  1  57
14  97  1  71
15  97  1  65
1  98  1  26
2  98  1  87
3  98  1  59
4  98  1  37
5  98  1  30
6  98  1  17
7  98  1  65
8  98  1  46
9  98  1  27
10  98  1  44
11  98  1  50
12  98  1  72
13  98  1  63
14  98  1  13
15  98  1  48
1  99  1  77
2  99  1  36
3  99  1  30
4  99  1  76
5  99  1  66
6  99  1  23
7  99  1  75
8  99  1  69
9  99  1  27
10  99  1  73
11  99  1  13
12  99  1  80
13  99  1  24
14  99  1  72
15  99  1  21
1  100  1  75
2  100  1  29
3  100  1  18
4  100  1  75
5  100  1  74
6  100  1  20
7  100  1  10
8  100  1  83
9  100  1  75
10  100  1  58
11  100  1  87
12  100  1  32
13  100  1  63
14  100  1  43
15  100  1  58
1  101  1  28
2  101  1  79
3  101  1  12
4  101  1  27
5  101  1  46
6  101  1  82
7  101  1  12
8  101  1  13
9  101  1  88
10  101  1  62
11  101  1  28
12  101  1  37
13  101  1  61
14  101  1  82
15  101  1  21
1  102  1  75
2  102  1  52
3  102  1  74
4  102  1  82
5  102  1  73
6  102  1  50
7  102  1  67
8  102  1  48
9  102  1  48
10  102  1  29
11  102  1  16
12  102  1  90
13  102  1  18
14  102  1  37
15  102  1  77
1  103  1  72
2  103  1  24
3  103  1  26
4  103  1  85
5  103  1  19
6  103  1  37
7  103  1  27
8  103  1  77
9  103  1  39
10  103  1  45
11  103  1  42
12  103  1  46
13  103  1  43
14  103  1  30
15  103  1  24
1  104  1  54
2  104  1  67
3  104  1  18
4  104  1  20
5  104  1  64
6  104  1  80
7  104  1  34
8  104  1  48
9  104  1  15
10  104  1  63
11  104  1  30
12  104  1  87
13  104  1  79
14  104  1  31
15  104  1  25
1  105  1  72
2  105  1  81
3  105  1  56
4  105  1  51
5  105  1  76
6  105  1  17
7  105  1  29
8  105  1  79
9  105  1  33
10  105  1  57
11  105  1  51
12  105  1  66
13  105  1  12
14  105  1  41
15  105  1  81
1  106  1  19
2  106  1  43
3  106  1  52
4  106  1  24
5  106  1  15
6  106  1  38
7  106  1  87
8  106  1  61
9  106  1  61
10  106  1  24
11  106  1  32
12  106  1  35
13  106  1  36
14  106  1  50
15  106  1  21
1  107  1  24
2  107  1  66
3  107  1  44
4  107  1  23
5  107  1  73
6  107  1  39
7  107  1  54
8  107  1  71
9  107  1  61
10  107  1  39
11  107  1  53
12  107  1  36
13  107  1  20
14  107  1  34
15  107  1  63
1  108  1  56
2  108  1  64
3  108  1  62
4  108  1  53
5  108  1  56
6  108  1  67
7  108  1  51
8  108  1  77
9  108  1  83
10  108  1  82
11  108  1  23
12  108  1  44
13  108  1  90
14  108  1  34
15  108  1  57
1  109  1  29
2  109  1  27
3  109  1  18
4  109  1  36
5  109  1  80
6  109  1  13
7  109  1  65
8  109  1  56
9  109  1  31
10  109  1  29
11  109  1  18
12  109  1  63
13  109  1  58
14  109  1  12
15  109  1  38
1  110  1  47
2  110  1  73
3  110  1  16
4  110  1  85
5  110  1  42
6  110  1  33
7  110  1  22
8  110  1  88
9  110  1  16
10  110  1  33
11  110  1  58
12  110  1  35
13  110  1  83
14  110  1  31
15  110  1  27
1  111  1  64
2  111  1  53
3  111  1  66
4  111  1  20
5  111  1  80
6  111  1  78
7  111  1  73
8  111  1  68
9  111  1  36
10  111  1  53
11  111  1  74
12  111  1  89
13  111  1  62
14  111  1  18
15  111  1  34
1  112  1  37
2  112  1  82
3  112  1  32
4  112  1  58
5  112  1  21
6  112  1  85
7  112  1  76
8  112  1  10
9  112  1  42
10  112  1  40
11  112  1  68
12  112  1  83
13  112  1  34
14  112  1  16
15  112  1  55
1  113  1  13
2  113  1  43
3  113  1  69
4  113  1  68
5  113  1  80
6  113  1  69
7  113  1  24
8  113  1  64
9  113  1  16
10  113  1  38
11  113  1  75
12  113  1  54
13  113  1  11
14  113  1  62
15  113  1  28
1  114  1  80
2  114  1  74
3  114  1  90
4  114  1  73
5  114  1  10
6  114  1  12
7  114  1  44
8  114  1  13
9  114  1  13
10  114  1  40
11  114  1  37
12  114  1  48
13  114  1  69
14  114  1  19
15  114  1  63
1  115  1  58
2  115  1  75
3  115  1  76
4  115  1  68
5  115  1  78
6  115  1  75
7  115  1  44
8  115  1  45
9  115  1  41
10  115  1  15
11  115  1  12
12  115  1  32
13  115  1  12
14  115  1  54
15  115  1  58
1  116  1  18
2  116  1  58
3  116  1  79
4  116  1  59
5  116  1  56
6  116  1  69
7  116  1  25
8  116  1  27
9  116  1  24
10  116  1  82
11  116  1  15
12  116  1  89
13  116  1  65
14  116  1  40
15  116  1  80
1  117  1  75
2  117  1  57
3  117  1  62
4  117  1  54
5  117  1  40
6  117  1  48
7  117  1  22
8  117  1  78
9  117  1  29
10  117  1  77
11  117  1  33
12  117  1  22
13  117  1  83
14  117  1  81
15  117  1  57
1  118  1  78
2  118  1  23
3  118  1  28
4  118  1  26
5  118  1  58
6  118  1  76
7  118  1  49
8  118  1  70
9  118  1  15
10  118  1  13
11  118  1  60
12  118  1  80
13  118  1  81
14  118  1  45
15  118  1  10
1  119  1  32
2  119  1  82
3  119  1  52
4  119  1  71
5  119  1  72
6  119  1  26
7  119  1  24
8  119  1  63
9  119  1  14
10  119  1  65
11  119  1  54
12  119  1  34
13  119  1  63
14  119  1  41
15  119  1  35
1  120  1  66
2  120  1  50
3  120  1  59
4  120  1  31
5  120  1  42
6  120  1  89
7  120  1  49
8  120  1  16
9  120  1  44
10  120  1  14
11  120  1  16
12  120  1  76
13  120  1  81
14  120  1  64
15  120  1  22
1  121  1  16
2  121  1  47
3  121  1  23
4  121  1  69
5  121  1  46
6  121  1  79
7  121  1  19
8  121  1  90
9  121  1  75
10  121  1  25
11  121  1  85
12  121  1  40
13  121  1  75
14  121  1  70
15  121  1  20
1  122  1  21
2  122  1  19
3  122  1  72
4  122  1  20
5  122  1  16
6  122  1  59
7  122  1  27
8  122  1  36
9  122  1  31
10  122  1  78
11  122  1  22
12  122  1  88
13  122  1  24
14  122  1  50
15  122  1  12
1  123  1  84
2  123  1  89
3  123  1  89
4  123  1  27
5  123  1  30
6  123  1  77
7  123  1  85
8  123  1  51
9  123  1  76
10  123  1  81
11  123  1  80
12  123  1  50
13  123  1  42
14  123  1  30
15  123  1  85
1  124  1  57
2  124  1  35
3  124  1  32
4  124  1  13
5  124  1  78
6  124  1  33
7  124  1  26
8  124  1  16
9  124  1  19
10  124  1  87
11  124  1  11
12  124  1  72
13  124  1  71
14  124  1  65
15  124  1  26
1  125  1  64
2  125  1  34
3  125  1  39
4  125  1  45
5  125  1  17
6  125  1  85
7  125  1  55
8  125  1  71
9  125  1  55
10  125  1  71
11  125  1  32
12  125  1  45
13  125  1  56
14  125  1  47
15  125  1  48
1  126  1  47
2  126  1  88
3  126  1  18
4  126  1  78
5  126  1  30
6  126  1  57
7  126  1  58
8  126  1  76
9  126  1  62
10  126  1  87
11  126  1  66
12  126  1  89
13  126  1  21
14  126  1  76
15  126  1  82
1  127  1  37
2  127  1  69
3  127  1  83
4  127  1  74
5  127  1  20
6  127  1  13
7  127  1  87
8  127  1  85
9  127  1  88
10  127  1  31
11  127  1  70
12  127  1  14
13  127  1  32
14  127  1  71
15  127  1  72
1  128  1  77
2  128  1  13
3  128  1  19
4  128  1  55
5  128  1  73
6  128  1  42
7  128  1  56
8  128  1  23
9  128  1  29
10  128  1  46
11  128  1  31
12  128  1  30
13  128  1  80
14  128  1  89
15  128  1  78
1  129  1  36
2  129  1  10
3  129  1  39
4  129  1  56
5  129  1  86
6  129  1  22
7  129  1  40
8  129  1  59
9  129  1  16
10  129  1  74
11  129  1  24
12  129  1  18
13  129  1  87
14  129  1  35
15  129  1  81
1  130  1  86
2  130  1  68
3  130  1  68
4  130  1  38
5  130  1  24
6  130  1  73
7  130  1  12
8  130  1  60
9  130  1  12
10  130  1  15
11  130  1  23
12  130  1  53
13  130  1  73
14  130  1  51
15  130  1  49
1  131  1  18
2  131  1  77
3  131  1  40
4  131  1  21
5  131  1  10
6  131  1  20
7  131  1  27
8  131  1  59
9  131  1  78
10  131  1  37
11  131  1  60
12  131  1  57
13  131  1  59
14  131  1  65
15  131  1  39
1  132  1  17
2  132  1  31
3  132  1  56
4  132  1  42
5  132  1  62
6  132  1  20
7  132  1  73
8  132  1  46
9  132  1  74
10  132  1  15
11  132  1  14
12  132  1  32
13  132  1  78
14  132  1  25
15  132  1  58
1  133  1  78
2  133  1  34
3  133  1  34
4  133  1  46
5  133  1  52
6  133  1  22
7  133  1  40
8  133  1  56
9  133  1  83
10  133  1  61
11  133  1  63
12  133  1  83
13  133  1  82
14  133  1  89
15  133  1  58
1  134  1  67
2  134  1  47
3  134  1  60
4  134  1  37
5  134  1  60
6  134  1  28
7  134  1  23
8  134  1  17
9  134  1  20
10  134  1  80
11  134  1  76
12  134  1  67
13  134  1  88
14  134  1  27
15  134  1  77
1  135  1  81
2  135  1  57
3  135  1  59
4  135  1  27
5  135  1  51
6  135  1  75
7  135  1  12
8  135  1  42
9  135  1  16
10  135  1  75
11  135  1  32
12  135  1  44
13  135  1  57
14  135  1  30
15  135  1  89
1  136  1  85
2  136  1  67
3  136  1  44
4  136  1  64
5  136  1  17
6  136  1  64
7  136  1  51
8  136  1  43
9  136  1  83
10  136  1  68
11  136  1  45
12  136  1  52
13  136  1  12
14  136  1  89
15  136  1  61
1  137  1  45
2  137  1  13
3  137  1  82
4  137  1  90
5  137  1  26
6  137  1  47
7  137  1  20
8  137  1  46
9  137  1  44
10  137  1  13
11  137  1  62
12  137  1  82
13  137  1  63
14  137  1  22
15  137  1  56
1  138  1  59
2  138  1  29
3  138  1  75
4  138  1  21
5  138  1  49
6  138  1  81
7  138  1  87
8  138  1  49
9  138  1  43
10  138  1  22
11  138  1  51
12  138  1  84
13  138  1  52
14  138  1  82
15  138  1  81
1  139  1  58
2  139  1  86
3  139  1  52
4  139  1  39
5  139  1  51
6  139  1  63
7  139  1  57
8  139  1  41
9  139  1  48
10  139  1  36
11  139  1  23
12  139  1  87
13  139  1  77
14  139  1  57
15  139  1  82
1  140  1  71
2  140  1  31
3  140  1  59
4  140  1  54
5  140  1  58
6  140  1  61
7  140  1  25
8  140  1  64
9  140  1  33
10  140  1  84
11  140  1  35
12  140  1  73
13  140  1  90
14  140  1  49
15  140  1  23
1  141  1  56
2  141  1  66
3  141  1  23
4  141  1  75
5  141  1  34
6  141  1  11
7  141  1  77
8  141  1  79
9  141  1  40
10  141  1  84
11  141  1  12
12  141  1  52
13  141  1  82
14  141  1  24
15  141  1  52
1  142  1  52
2  142  1  83
3  142  1  47
4  142  1  10
5  142  1  71
6  142  1  27
7  142  1  10
8  142  1  44
9  142  1  38
10  142  1  76
11  142  1  46
12  142  1  45
13  142  1  27
14  142  1  47
15  142  1  13
1  143  1  75
2  143  1  14
3  143  1  49
4  143  1  49
5  143  1  36
6  143  1  88
7  143  1  13
8  143  1  13
9  143  1  53
10  143  1  32
11  143  1  71
12  143  1  75
13  143  1  52
14  143  1  81
15  143  1  27
1  144  1  21
2  144  1  48
3  144  1  38
4  144  1  52
5  144  1  81
6  144  1  80
7  144  1  89
8  144  1  78
9  144  1  89
10  144  1  72
11  144  1  35
12  144  1  78
13  144  1  66
14  144  1  37
15  144  1  81
1  145  1  34
2  145  1  68
3  145  1  84
4  145  1  43
5  145  1  47
6  145  1  62
7  145  1  39
8  145  1  29
9  145  1  66
10  145  1  69
11  145  1  68
12  145  1  26
13  145  1  65
14  145  1  30
15  145  1  14
1  146  1  78
2  146  1  58
3  146  1  70
4  146  1  76
5  146  1  76
6  146  1  19
7  146  1  68
8  146  1  83
9  146  1  82
10  146  1  14
11  146  1  61
12  146  1  15
13  146  1  83
14  146  1  22
15  146  1  71
1  147  1  83
2  147  1  70
3  147  1  46
4  147  1  20
5  147  1  12
6  147  1  89
7  147  1  69
8  147  1  17
9  147  1  15
10  147  1  47
11  147  1  17
12  147  1  62
13  147  1  86
14  147  1  77
15  147  1  18
1  148  1  40
2  148  1  60
3  148  1  70
4  148  1  41
5  148  1  86
6  148  1  90
7  148  1  82
8  148  1  33
9  148  1  40
10  148  1  22
11  148  1  74
12  148  1  67
13  148  1  75
14  148  1  20
15  148  1  41
1  149  1  47
2  149  1  57
3  149  1  38
4  149  1  68
5  149  1  24
6  149  1  76
7  149  1  82
8  149  1  57
9  149  1  47
10  149  1  88
11  149  1  35
12  149  1  17
13  149  1  29
14  149  1  89
15  149  1  14
1  150  1  22
2  150  1  12
3  150  1  50
4  150  1  67
5  150  1  82
6  150  1  43
7  150  1  45
8  150  1  84
9  150  1  48
10  150  1  47
11  150  1  20
12  150  1  19
13  150  1  89
14  150  1  44
15  150  1  24
1  151  1  67
2  151  1  21
3  151  1  12
4  151  1  57
5  151  1  63
6  151  1  37
7  151  1  11
8  151  1  82
9  151  1  26
10  151  1  52
11  151  1  70
12  151  1  87
13  151  1  35
14  151  1  25
15  151  1  28
1  152  1  78
2  152  1  67
3  152  1  66
4  152  1  67
5  152  1  42
6  152  1  55
7  152  1  48
8  152  1  81
9  152  1  54
10  152  1  25
11  152  1  42
12  152  1  77
13  152  1  75
14  152  1  22
15  152  1  35
1  153  1  53
2  153  1  72
3  153  1  37
4  153  1  85
5  153  1  54
6  153  1  56
7  153  1  90
8  153  1  63
9  153  1  77
10  153  1  86
11  153  1  39
12  153  1  57
13  153  1  66
14  153  1  39
15  153  1  69
1  154  1  14
2  154  1  53
3  154  1  39
4  154  1  74
5  154  1  49
6  154  1  49
7  154  1  12
8  154  1  73
9  154  1  36
10  154  1  19
11  154  1  14
12  154  1  26
13  154  1  31
14  154  1  68
15  154  1  19
1  155  1  30
2  155  1  29
3  155  1  31
4  155  1  67
5  155  1  70
6  155  1  32
7  155  1  30
8  155  1  57
9  155  1  74
10  155  1  13
11  155  1  14
12  155  1  35
13  155  1  57
14  155  1  78
15  155  1  34
1  156  1  25
2  156  1  89
3  156  1  60
4  156  1  81
5  156  1  79
6  156  1  64
7  156  1  47
8  156  1  74
9  156  1  43
10  156  1  39
11  156  1  29
12  156  1  20
13  156  1  77
14  156  1  70
15  156  1  77
1  157  1  11
2  157  1  12
3  157  1  37
4  157  1  29
5  157  1  84
6  157  1  53
7  157  1  48
8  157  1  88
9  157  1  54
10  157  1  16
11  157  1  81
12  157  1  43
13  157  1  39
14  157  1  12
15  157  1  27
1  158  1  68
2  158  1  64
3  158  1  18
4  158  1  73
5  158  1  71
6  158  1  81
7  158  1  36
8  158  1  63
9  158  1  35
10  158  1  75
11  158  1  15
12  158  1  52
13  158  1  67
14  158  1  45
15  158  1  44
1  159  1  88
2  159  1  37
3  159  1  24
4  159  1  41
5  159  1  58
6  159  1  27
7  159  1  13
8  159  1  68
9  159  1  28
10  159  1  42
11  159  1  47
12  159  1  43
13  159  1  37
14  159  1  41
15  159  1  33
1  160  1  24
2  160  1  75
3  160  1  45
4  160  1  17
5  160  1  88
6  160  1  41
7  160  1  20
8  160  1  63
9  160  1  37
10  160  1  62
11  160  1  31
12  160  1  51
13  160  1  13
14  160  1  85
15  160  1  80
1  161  1  48
2  161  1  78
3  161  1  16
4  161  1  46
5  161  1  57
6  161  1  89
7  161  1  79
8  161  1  16
9  161  1  40
10  161  1  45
11  161  1  84
12  161  1  39
13  161  1  71
14  161  1  78
15  161  1  88
1  162  1  60
2  162  1  62
3  162  1  24
4  162  1  84
5  162  1  82
6  162  1  14
7  162  1  18
8  162  1  79
9  162  1  40
10  162  1  76
11  162  1  73
12  162  1  78
13  162  1  69
14  162  1  38
15  162  1  49
1  163  1  41
2  163  1  57
3  163  1  14
4  163  1  76
5  163  1  55
6  163  1  47
7  163  1  23
8  163  1  63
9  163  1  15
10  163  1  10
11  163  1  11
12  163  1  33
13  163  1  86
14  163  1  26
15  163  1  11
1  164  1  79
2  164  1  76
3  164  1  85
4  164  1  51
5  164  1  37
6  164  1  78
7  164  1  90
8  164  1  40
9  164  1  78
10  164  1  84
11  164  1  49
12  164  1  80
13  164  1  27
14  164  1  58
15  164  1  32
1  165  1  46
2  165  1  57
3  165  1  34
4  165  1  81
5  165  1  74
6  165  1  84
7  165  1  42
8  165  1  19
9  165  1  74
10  165  1  77
11  165  1  37
12  165  1  12
13  165  1  37
14  165  1  61
15  165  1  90
1  166  1  45
2  166  1  21
3  166  1  47
4  166  1  18
5  166  1  51
6  166  1  60
7  166  1  56
8  166  1  24
9  166  1  36
10  166  1  51
11  166  1  41
12  166  1  55
13  166  1  42
14  166  1  27
15  166  1  26
1  167  1  73
2  167  1  52
3  167  1  35
4  167  1  77
5  167  1  18
6  167  1  29
7  167  1  74
8  167  1  11
9  167  1  14
10  167  1  15
11  167  1  31
12  167  1  61
13  167  1  59
14  167  1  21
15  167  1  73
1  168  1  39
2  168  1  15
3  168  1  75
4  168  1  78
5  168  1  17
6  168  1  78
7  168  1  59
8  168  1  88
9  168  1  68
10  168  1  37
11  168  1  76
12  168  1  34
13  168  1  21
14  168  1  29
15  168  1  78
1  169  1  47
2  169  1  16
3  169  1  74
4  169  1  47
5  169  1  37
6  169  1  11
7  169  1  72
8  169  1  12
9  169  1  74
10  169  1  43
11  169  1  80
12  169  1  20
13  169  1  41
14  169  1  39
15  169  1  82
1  170  1  61
2  170  1  69
3  170  1  52
4  170  1  27
5  170  1  42
6  170  1  66
7  170  1  39
8  170  1  72
9  170  1  63
10  170  1  20
11  170  1  44
12  170  1  84
13  170  1  27
14  170  1  76
15  170  1  88
1  171  1  20
2  171  1  16
3  171  1  63
4  171  1  71
5  171  1  37
6  171  1  24
7  171  1  72
8  171  1  33
9  171  1  42
10  171  1  16
11  171  1  47
12  171  1  29
13  171  1  51
14  171  1  41
15  171  1  58
1  172  1  52
2  172  1  55
3  172  1  77
4  172  1  86
5  172  1  26
6  172  1  43
7  172  1  63
8  172  1  13
9  172  1  76
10  172  1  11
11  172  1  44
12  172  1  29
13  172  1  44
14  172  1  57
15  172  1  50
1  173  1  19
2  173  1  57
3  173  1  44
4  173  1  28
5  173  1  62
6  173  1  79
7  173  1  88
8  173  1  90
9  173  1  75
10  173  1  75
11  173  1  70
12  173  1  47
13  173  1  75
14  173  1  57
15  173  1  84
1  174  1  65
2  174  1  87
3  174  1  35
4  174  1  42
5  174  1  38
6  174  1  31
7  174  1  52
8  174  1  11
9  174  1  47
10  174  1  53
11  174  1  62
12  174  1  47
13  174  1  48
14  174  1  40
15  174  1  75
1  175  1  50
2  175  1  53
3  175  1  21
4  175  1  56
5  175  1  42
6  175  1  82
7  175  1  76
8  175  1  80
9  175  1  85
10  175  1  77
11  175  1  36
12  175  1  34
13  175  1  84
14  175  1  86
15  175  1  33
1  176  1  55
2  176  1  33
3  176  1  61
4  176  1  11
5  176  1  12
6  176  1  17
7  176  1  56
8  176  1  78
9  176  1  51
10  176  1  17
11  176  1  76
12  176  1  54
13  176  1  40
14  176  1  68
15  176  1  89
1  177  1  80
2  177  1  28
3  177  1  59
4  177  1  29
5  177  1  56
6  177  1  45
7  177  1  16
8  177  1  14
9  177  1  76
10  177  1  69
11  177  1  44
12  177  1  83
13  177  1  48
14  177  1  29
15  177  1  76
1  178  1  42
2  178  1  67
3  178  1  89
4  178  1  80
5  178  1  66
6  178  1  76
7  178  1  83
8  178  1  33
9  178  1  79
10  178  1  66
11  178  1  26
12  178  1  30
13  178  1  90
14  178  1  42
15  178  1  11
1  179  1  18
2  179  1  36
3  179  1  29
4  179  1  90
5  179  1  13
6  179  1  40
7  179  1  87
8  179  1  30
9  179  1  90
10  179  1  49
11  179  1  13
12  179  1  32
13  179  1  23
14  179  1  77
15  179  1  17
1  180  1  68
2  180  1  61
3  180  1  42
4  180  1  32
5  180  1  14
6  180  1  68
7  180  1  46
8  180  1  68
9  180  1  51
10  180  1  37
11  180  1  81
12  180  1  29
13  180  1  50
14  180  1  47
15  180  1  59
1  181  1  23
2  181  1  44
3  181  1  23
4  181  1  67
5  181  1  62
6  181  1  60
7  181  1  49
8  181  1  74
9  181  1  33
10  181  1  28
11  181  1  25
12  181  1  10
13  181  1  70
14  181  1  23
15  181  1  37
1  182  1  25
2  182  1  80
3  182  1  49
4  182  1  10
5  182  1  58
6  182  1  67
7  182  1  78
8  182  1  25
9  182  1  37
10  182  1  76
11  182  1  15
12  182  1  21
13  182  1  72
14  182  1  56
15  182  1  73
1  183  1  24
2  183  1  80
3  183  1  42
4  183  1  81
5  183  1  70
6  183  1  67
7  183  1  23
8  183  1  28
9  183  1  46
10  183  1  62
11  183  1  75
12  183  1  71
13  183  1  42
14  183  1  42
15  183  1  73
1  184  1  22
2  184  1  90
3  184  1  87
4  184  1  26
5  184  1  86
6  184  1  37
7  184  1  32
8  184  1  47
9  184  1  11
10  184  1  25
11  184  1  54
12  184  1  58
13  184  1  73
14  184  1  85
15  184  1  71
1  185  1  14
2  185  1  15
3  185  1  41
4  185  1  84
5  185  1  29
6  185  1  69
7  185  1  81
8  185  1  14
9  185  1  88
10  185  1  30
11  185  1  30
12  185  1  15
13  185  1  38
14  185  1  33
15  185  1  68
1  186  1  16
2  186  1  77
3  186  1  82
4  186  1  70
5  186  1  53
6  186  1  60
7  186  1  65
8  186  1  85
9  186  1  38
10  186  1  58
11  186  1  30
12  186  1  85
13  186  1  17
14  186  1  65
15  186  1  62
1  187  1  27
2  187  1  90
3  187  1  44
4  187  1  51
5  187  1  41
6  187  1  39
7  187  1  71
8  187  1  57
9  187  1  63
10  187  1  27
11  187  1  40
12  187  1  90
13  187  1  37
14  187  1  69
15  187  1  17
1  188  1  71
2  188  1  58
3  188  1  28
4  188  1  62
5  188  1  40
6  188  1  33
7  188  1  66
8  188  1  17
9  188  1  81
10  188  1  65
11  188  1  73
12  188  1  74
13  188  1  17
14  188  1  10
15  188  1  44
1  189  1  35
2  189  1  36
3  189  1  55
4  189  1  52
5  189  1  62
6  189  1  25
7  189  1  36
8  189  1  68
9  189  1  49
10  189  1  25
11  189  1  56
12  189  1  83
13  189  1  45
14  189  1  69
15  189  1  68
1  190  1  75
2  190  1  33
3  190  1  32
4  190  1  31
5  190  1  43
6  190  1  35
7  190  1  13
8  190  1  87
9  190  1  63
10  190  1  34
11  190  1  27
12  190  1  33
13  190  1  29
14  190  1  80
15  190  1  62
1  191  1  22
2  191  1  35
3  191  1  61
4  191  1  46
5  191  1  52
6  191  1  79
7  191  1  33
8  191  1  21
9  191  1  37
10  191  1  85
11  191  1  73
12  191  1  40
13  191  1  58
14  191  1  54
15  191  1  71
1  192  1  10
2  192  1  81
3  192  1  59
4  192  1  39
5  192  1  90
6  192  1  64
7  192  1  21
8  192  1  34
9  192  1  48
10  192  1  23
11  192  1  73
12  192  1  77
13  192  1  83
14  192  1  84
15  192  1  64
1  193  1  67
2  193  1  22
3  193  1  30
4  193  1  33
5  193  1  74
6  193  1  56
7  193  1  87
8  193  1  80
9  193  1  49
10  193  1  49
11  193  1  47
12  193  1  15
13  193  1  69
14  193  1  79
15  193  1  56
1  194  1  53
2  194  1  88
3  194  1  87
4  194  1  78
5  194  1  68
6  194  1  14
7  194  1  31
8  194  1  41
9  194  1  15
10  194  1  11
11  194  1  12
12  194  1  66
13  194  1  45
14  194  1  74
15  194  1  76
1  195  1  42
2  195  1  88
3  195  1  36
4  195  1  46
5  195  1  46
6  195  1  13
7  195  1  62
8  195  1  57
9  195  1  51
10  195  1  54
11  195  1  65
12  195  1  73
13  195  1  37
14  195  1  27
15  195  1  83
1  196  1  67
2  196  1  22
3  196  1  58
4  196  1  19
5  196  1  68
6  196  1  39
7  196  1  21
8  196  1  54
9  196  1  72
10  196  1  19
11  196  1  55
12  196  1  41
13  196  1  24
14  196  1  34
15  196  1  73
1  197  1  11
2  197  1  52
3  197  1  24
4  197  1  69
5  197  1  46
6  197  1  89
7  197  1  10
8  197  1  74
9  197  1  28
10  197  1  43
11  197  1  20
12  197  1  16
13  197  1  43
14  197  1  23
15  197  1  77
1  198  1  63
2  198  1  80
3  198  1  42
4  198  1  12
5  198  1  19
6  198  1  75
7  198  1  62
8  198  1  80
9  198  1  25
10  198  1  26
11  198  1  60
12  198  1  63
13  198  1  24
14  198  1  11
15  198  1  23
1  199  1  34
2  199  1  81
3  199  1  46
4  199  1  31
5  199  1  11
6  199  1  29
7  199  1  64
8  199  1  31
9  199  1  28
10  199  1  43
11  199  1  78
12  199  1  81
13  199  1  16
14  199  1  68
15  199  1  57
1  200  1  28
2  200  1  50
3  200  1  86
4  200  1  36
5  200  1  47
6  200  1  40
7  200  1  17
8  200  1  32
9  200  1  49
10  200  1  69
11  200  1  69
12  200  1  67
13  200  1  68
14  200  1  72
15  200  1  86
1  1  2  15.52
2  1  2  20.08
3  1  2  47.14
4  1  2  29.58
5  1  2  37.35
6  1  2  31.95
7  1  2  11.14
8  1  2  25.61
9  1  2  27.11
10  1  2  3.42
11  1  2  6.34
12  1  2  19.22
13  1  2  18.68
14  1  2  10.29
15  1  2  12.97
1  2  2  25.32
2  2  2  31.38
3  2  2  30.60
4  2  2  19.41
5  2  2  15.96
6  2  2  47.12
7  2  2  19.05
8  2  2  24.91
9  2  2  19.46
10  2  2  24.29
11  2  2  23.31
12  2  2  44.96
13  2  2  21.97
14  2  2  53.08
15  2  2  8.17
1  3  2  19.64
2  3  2  19.37
3  3  2  56.45
4  3  2  26.45
5  3  2  14.10
6  3  2  11.04
7  3  2  18.97
8  3  2  10.56
9  3  2  19.44
10  3  2  9.09
11  3  2  15.47
12  3  2  26.53
13  3  2  11.49
14  3  2  39.34
15  3  2  19.16
1  4  2  43.65
2  4  2  31.70
3  4  2  52.39
4  4  2  52.19
5  4  2  36.15
6  4  2  7.89
7  4  2  44.33
8  4  2  19.34
9  4  2  12.26
10  4  2  14.94
11  4  2  7.52
12  4  2  18.45
13  4  2  65.12
14  4  2  7.33
15  4  2  49.62
1  5  2  11.62
2  5  2  42.87
3  5  2  29.51
4  5  2  36.87
5  5  2  24.09
6  5  2  35.20
7  5  2  28.93
8  5  2  51.33
9  5  2  37.47
10  5  2  9.30
11  5  2  31.24
12  5  2  29.48
13  5  2  6.54
14  5  2  7.27
15  5  2  42.19
1  6  2  6.77
2  6  2  51.30
3  6  2  23.81
4  6  2  32.03
5  6  2  39.44
6  6  2  25.66
7  6  2  21.83
8  6  2  6.71
9  6  2  15.66
10  6  2  3.02
11  6  2  31.45
12  6  2  11.79
13  6  2  16.49
14  6  2  6.45
15  6  2  41.26
1  7  2  10.24
2  7  2  51.77
3  7  2  25.87
4  7  2  4.96
5  7  2  17.38
6  7  2  11.28
7  7  2  10.97
8  7  2  7.42
9  7  2  27.74
10  7  2  18.07
11  7  2  44.38
12  7  2  18.88
13  7  2  25.22
14  7  2  38.09
15  7  2  18.01
1  8  2  40.43
2  8  2  22.23
3  8  2  24.14
4  8  2  23.81
5  8  2  59.16
6  8  2  10.29
7  8  2  3.24
8  8  2  41.38
9  8  2  63.25
10  8  2  19.36
11  8  2  15.70
12  8  2  45.25
13  8  2  6.19
14  8  2  16.68
15  8  2  10.03
1  9  2  11.62
2  9  2  17.85
3  9  2  14.26
4  9  2  9.19
5  9  2  22.08
6  9  2  5.10
7  9  2  13.19
8  9  2  38.50
9  9  2  8.38
10  9  2  20.77
11  9  2  4.02
12  9  2  57.07
13  9  2  36.76
14  9  2  13.31
15  9  2  31.04
1  10  2  44.82
2  10  2  31.41
3  10  2  18.60
4  10  2  39.46
5  10  2  15.83
6  10  2  16.30
7  10  2  12.03
8  10  2  32.41
9  10  2  15.69
10  10  2  33.46
11  10  2  17.13
12  10  2  6.63
13  10  2  43.24
14  10  2  14.07
15  10  2  13.42
1  11  2  15.98
2  11  2  8.31
3  11  2  11.34
4  11  2  28.56
5  11  2  9.08
6  11  2  48.68
7  11  2  14.29
8  11  2  21.06
9  11  2  40.47
10  11  2  12.45
11  11  2  64.03
12  11  2  37.52
13  11  2  35.56
14  11  2  22.68
15  11  2  40.75
1  12  2  34.65
2  12  2  14.98
3  12  2  49.38
4  12  2  9.70
5  12  2  18.29
6  12  2  6.68
7  12  2  19.37
8  12  2  13.60
9  12  2  16.05
10  12  2  49.91
11  12  2  13.81
12  12  2  31.26
13  12  2  15.21
14  12  2  14.36
15  12  2  17.97
1  13  2  17.61
2  13  2  20.51
3  13  2  15.79
4  13  2  63.72
5  13  2  34.57
6  13  2  31.09
7  13  2  38.45
8  13  2  9.29
9  13  2  42.60
10  13  2  16.75
11  13  2  7.64
12  13  2  29.27
13  13  2  19.62
14  13  2  11.64
15  13  2  42.80
1  14  2  8.22
2  14  2  34.72
3  14  2  42.60
4  14  2  20.93
5  14  2  17.03
6  14  2  43.60
7  14  2  22.88
8  14  2  40.58
9  14  2  31.46
10  14  2  38.62
11  14  2  13.70
12  14  2  13.89
13  14  2  10.42
14  14  2  5.60
15  14  2  61.17
1  15  2  56.07
2  15  2  22.58
3  15  2  49.60
4  15  2  14.80
5  15  2  7.53
6  15  2  14.77
7  15  2  9.95
8  15  2  31.37
9  15  2  14.01
10  15  2  25.52
11  15  2  30.44
12  15  2  25.78
13  15  2  56.42
14  15  2  12.73
15  15  2  22.77
1  16  2  29.84
2  16  2  24.76
3  16  2  8.61
4  16  2  18.61
5  16  2  13.57
6  16  2  18.79
7  16  2  31.52
8  16  2  27.58
9  16  2  21.79
10  16  2  56.61
11  16  2  40.62
12  16  2  7.71
13  16  2  42.14
14  16  2  56.11
15  16  2  27.02
1  17  2  25.42
2  17  2  18.33
3  17  2  39.11
4  17  2  19.30
5  17  2  27.46
6  17  2  4.76
7  17  2  36.35
8  17  2  9.96
9  17  2  23.86
10  17  2  15.49
11  17  2  39.92
12  17  2  39.89
13  17  2  31.66
14  17  2  20.45
15  17  2  7.51
1  18  2  49.81
2  18  2  9.61
3  18  2  50.97
4  18  2  36.71
5  18  2  39.31
6  18  2  52.40
7  18  2  25.88
8  18  2  16.92
9  18  2  31.37
10  18  2  19.47
11  18  2  43.92
12  18  2  29.62
13  18  2  25.34
14  18  2  67.90
15  18  2  17.84
1  19  2  24.50
2  19  2  24.84
3  19  2  9.83
4  19  2  13.01
5  19  2  23.16
6  19  2  39.89
7  19  2  35.99
8  19  2  9.30
9  19  2  21.92
10  19  2  6.29
11  19  2  32.06
12  19  2  5.09
13  19  2  15.03
14  19  2  28.95
15  19  2  41.49
1  20  2  36.97
2  20  2  48.67
3  20  2  14.85
4  20  2  17.63
5  20  2  17.44
6  20  2  17.26
7  20  2  23.59
8  20  2  34.72
9  20  2  14.06
10  20  2  41.16
11  20  2  38.81
12  20  2  21.88
13  20  2  16.69
14  20  2  20.89
15  20  2  14.17
1  21  2  27.29
2  21  2  37.30
3  21  2  34.56
4  21  2  38.01
5  21  2  27.52
6  21  2  17.98
7  21  2  17.31
8  21  2  44.00
9  21  2  26.27
10  21  2  24.49
11  21  2  21.43
12  21  2  4.69
13  21  2  26.82
14  21  2  8.67
15  21  2  9.63
1  22  2  3.54
2  22  2  29.95
3  22  2  20.53
4  22  2  70.22
5  22  2  12.46
6  22  2  26.90
7  22  2  53.73
8  22  2  28.97
9  22  2  12.70
10  22  2  18.99
11  22  2  71.14
12  22  2  5.49
13  22  2  26.74
14  22  2  6.96
15  22  2  41.03
1  23  2  28.44
2  23  2  26.39
3  23  2  39.85
4  23  2  29.97
5  23  2  19.24
6  23  2  40.20
7  23  2  27.58
8  23  2  40.40
9  23  2  7.80
10  23  2  28.34
11  23  2  16.62
12  23  2  22.34
13  23  2  20.41
14  23  2  9.89
15  23  2  20.21
1  24  2  29.90
2  24  2  6.96
3  24  2  39.98
4  24  2  19.03
5  24  2  9.28
6  24  2  47.42
7  24  2  8.57
8  24  2  26.70
9  24  2  7.29
10  24  2  60.53
11  24  2  23.44
12  24  2  10.32
13  24  2  19.56
14  24  2  4.29
15  24  2  10.46
1  25  2  33.77
2  25  2  7.39
3  25  2  15.21
4  25  2  26.22
5  25  2  20.80
6  25  2  32.07
7  25  2  35.05
8  25  2  36.21
9  25  2  21.98
10  25  2  27.88
11  25  2  15.24
12  25  2  24.59
13  25  2  50.05
14  25  2  38.21
15  25  2  8.34
1  26  2  11.57
2  26  2  8.11
3  26  2  43.40
4  26  2  22.74
5  26  2  3.80
6  26  2  21.76
7  26  2  7.87
8  26  2  14.01
9  26  2  3.74
10  26  2  37.54
11  26  2  32.19
12  26  2  11.72
13  26  2  17.75
14  26  2  39.46
15  26  2  31.87
1  27  2  31.06
2  27  2  15.26
3  27  2  14.80
4  27  2  46.78
5  27  2  16.22
6  27  2  49.74
7  27  2  24.77
8  27  2  31.24
9  27  2  20.14
10  27  2  33.54
11  27  2  52.20
12  27  2  22.88
13  27  2  27.57
14  27  2  24.52
15  27  2  18.09
1  28  2  46.28
2  28  2  29.75
3  28  2  6.79
4  28  2  5.37
5  28  2  34.66
6  28  2  22.02
7  28  2  45.57
8  28  2  16.31
9  28  2  27.85
10  28  2  64.51
11  28  2  5.43
12  28  2  3.45
13  28  2  15.78
14  28  2  31.38
15  28  2  28.52
1  29  2  18.24
2  29  2  35.67
3  29  2  37.66
4  29  2  8.13
5  29  2  16.88
6  29  2  24.02
7  29  2  46.20
8  29  2  45.14
9  29  2  20.41
10  29  2  22.03
11  29  2  19.41
12  29  2  10.16
13  29  2  28.78
14  29  2  5.01
15  29  2  13.82
1  30  2  37.24
2  30  2  12.91
3  30  2  28.81
4  30  2  53.49
5  30  2  6.32
6  30  2  30.08
7  30  2  50.71
8  30  2  12.78
9  30  2  10.67
10  30  2  25.39
11  30  2  7.03
12  30  2  6.70
13  30  2  7.96
14  30  2  34.61
15  30  2  22.29
1  31  2  9.98
2  31  2  29.57
3  31  2  26.59
4  31  2  43.55
5  31  2  46.13
6  31  2  17.22
7  31  2  17.02
8  31  2  26.26
9  31  2  30.76
10  31  2  56.64
11  31  2  5.96
12  31  2  11.80
13  31  2  53.88
14  31  2  27.18
15  31  2  19.17
1  32  2  18.69
2  32  2  13.49
3  32  2  47.94
4  32  2  19.34
5  32  2  26.27
6  32  2  48.06
7  32  2  43.04
8  32  2  12.45
9  32  2  43.31
10  32  2  43.51
11  32  2  49.70
12  32  2  9.06
13  32  2  57.86
14  32  2  31.04
15  32  2  9.31
1  33  2  3.98
2  33  2  6.53
3  33  2  15.11
4  33  2  7.01
5  33  2  25.17
6  33  2  33.05
7  33  2  30.91
8  33  2  39.44
9  33  2  17.91
10  33  2  15.78
11  33  2  44.10
12  33  2  5.40
13  33  2  8.98
14  33  2  33.30
15  33  2  33.79
1  34  2  11.99
2  34  2  24.58
3  34  2  38.48
4  34  2  21.58
5  34  2  58.50
6  34  2  53.09
7  34  2  29.64
8  34  2  21.37
9  34  2  19.88
10  34  2  34.13
11  34  2  24.00
12  34  2  19.26
13  34  2  18.69
14  34  2  30.41
15  34  2  41.71
1  35  2  28.13
2  35  2  47.53
3  35  2  26.00
4  35  2  22.18
5  35  2  19.55
6  35  2  24.72
7  35  2  23.68
8  35  2  15.70
9  35  2  19.63
10  35  2  21.41
11  35  2  39.35
12  35  2  21.80
13  35  2  26.47
14  35  2  13.40
15  35  2  23.88
1  36  2  8.85
2  36  2  8.41
3  36  2  47.61
4  36  2  44.92
5  36  2  38.40
6  36  2  22.11
7  36  2  38.06
8  36  2  21.68
9  36  2  23.01
10  36  2  6.37
11  36  2  12.84
12  36  2  62.53
13  36  2  27.52
14  36  2  12.32
15  36  2  5.26
1  37  2  32.18
2  37  2  59.11
3  37  2  47.62
4  37  2  35.67
5  37  2  56.01
6  37  2  45.41
7  37  2  16.58
8  37  2  10.26
9  37  2  10.60
10  37  2  14.13
11  37  2  5.73
12  37  2  18.72
13  37  2  16.03
14  37  2  40.30
15  37  2  37.71
1  38  2  59.77
2  38  2  34.70
3  38  2  49.83
4  38  2  19.25
5  38  2  42.86
6  38  2  24.11
7  38  2  30.48
8  38  2  14.26
9  38  2  7.12
10  38  2  17.10
11  38  2  25.85
12  38  2  5.82
13  38  2  22.27
14  38  2  14.60
15  38  2  17.97
1  39  2  55.97
2  39  2  7.14
3  39  2  18.24
4  39  2  3.51
5  39  2  15.57
6  39  2  7.66
7  39  2  29.24
8  39  2  43.71
9  39  2  53.74
10  39  2  13.46
11  39  2  50.78
12  39  2  13.00
13  39  2  30.82
14  39  2  9.32
15  39  2  5.48
1  40  2  13.93
2  40  2  27.94
3  40  2  17.78
4  40  2  11.41
5  40  2  44.86
6  40  2  24.19
7  40  2  36.10
8  40  2  25.18
9  40  2  18.11
10  40  2  38.43
11  40  2  11.68
12  40  2  50.14
13  40  2  42.11
14  40  2  45.58
15  40  2  47.89
1  41  2  61.84
2  41  2  53.80
3  41  2  2.94
4  41  2  16.63
5  41  2  16.39
6  41  2  56.66
7  41  2  14.69
8  41  2  38.77
9  41  2  57.47
10  41  2  45.88
11  41  2  32.39
12  41  2  54.13
13  41  2  18.28
14  41  2  14.35
15  41  2  35.59
1  42  2  39.72
2  42  2  28.65
3  42  2  23.86
4  42  2  31.08
5  42  2  12.99
6  42  2  17.99
7  42  2  43.44
8  42  2  18.20
9  42  2  41.27
10  42  2  16.96
11  42  2  24.29
12  42  2  53.00
13  42  2  3.20
14  42  2  8.64
15  42  2  47.77
1  43  2  18.42
2  43  2  23.74
3  43  2  21.55
4  43  2  36.61
5  43  2  22.58
6  43  2  23.64
7  43  2  14.89
8  43  2  15.21
9  43  2  43.59
10  43  2  20.75
11  43  2  36.38
12  43  2  34.97
13  43  2  12.83
14  43  2  42.62
15  43  2  36.46
1  44  2  9.57
2  44  2  13.55
3  44  2  30.51
4  44  2  29.11
5  44  2  9.19
6  44  2  34.17
7  44  2  45.70
8  44  2  4.22
9  44  2  3.82
10  44  2  18.95
11  44  2  67.40
12  44  2  20.12
13  44  2  13.25
14  44  2  27.44
15  44  2  16.86
1  45  2  25.42
2  45  2  23.66
3  45  2  20.49
4  45  2  43.17
5  45  2  33.80
6  45  2  53.46
7  45  2  8.60
8  45  2  6.69
9  45  2  22.44
10  45  2  20.10
11  45  2  11.28
12  45  2  32.92
13  45  2  36.81
14  45  2  47.12
15  45  2  12.89
1  46  2  11.77
2  46  2  30.80
3  46  2  26.76
4  46  2  9.52
5  46  2  8.82
6  46  2  42.04
7  46  2  31.92
8  46  2  28.93
9  46  2  7.32
10  46  2  14.15
11  46  2  26.23
12  46  2  4.82
13  46  2  4.41
14  46  2  12.50
15  46  2  17.34
1  47  2  27.15
2  47  2  18.83
3  47  2  17.13
4  47  2  10.50
5  47  2  40.90
6  47  2  20.92
7  47  2  45.16
8  47  2  12.10
9  47  2  12.26
10  47  2  10.77
11  47  2  51.77
12  47  2  31.28
13  47  2  31.47
14  47  2  25.69
15  47  2  11.18
1  48  2  9.51
2  48  2  53.11
3  48  2  12.62
4  48  2  12.82
5  48  2  35.14
6  48  2  60.19
7  48  2  42.56
8  48  2  11.42
9  48  2  53.18
10  48  2  57.01
11  48  2  13.49
12  48  2  51.17
13  48  2  28.99
14  48  2  9.31
15  48  2  12.22
1  49  2  33.90
2  49  2  30.79
3  49  2  24.55
4  49  2  30.53
5  49  2  16.11
6  49  2  33.36
7  49  2  3.21
8  49  2  34.73
9  49  2  7.01
10  49  2  36.15
11  49  2  2.69
12  49  2  22.71
13  49  2  42.96
14  49  2  12.99
15  49  2  27.20
1  50  2  19.69
2  50  2  8.73
3  50  2  21.45
4  50  2  12.38
5  50  2  44.11
6  50  2  11.44
7  50  2  7.48
8  50  2  46.85
9  50  2  50.32
10  50  2  18.59
11  50  2  50.60
12  50  2  25.30
13  50  2  59.33
14  50  2  30.88
15  50  2  40.78
1  51  2  30.79
2  51  2  7.49
3  51  2  19.01
4  51  2  15.29
5  51  2  8.20
6  51  2  33.12
7  51  2  11.02
8  51  2  60.08
9  51  2  13.42
10  51  2  53.89
11  51  2  55.27
12  51  2  20.41
13  51  2  11.17
14  51  2  8.10
15  51  2  21.97
1  52  2  24.82
2  52  2  26.72
3  52  2  31.06
4  52  2  26.94
5  52  2  7.01
6  52  2  20.19
7  52  2  5.85
8  52  2  19.98
9  52  2  5.87
10  52  2  4.54
11  52  2  3.72
12  52  2  42.82
13  52  2  30.23
14  52  2  33.87
15  52  2  48.02
1  53  2  64.15
2  53  2  11.98
3  53  2  13.54
4  53  2  29.02
5  53  2  7.17
6  53  2  7.88
7  53  2  20.85
8  53  2  6.78
9  53  2  37.97
10  53  2  56.91
11  53  2  30.98
12  53  2  67.24
13  53  2  7.94
14  53  2  27.66
15  53  2  9.09
1  54  2  11.98
2  54  2  24.40
3  54  2  29.52
4  54  2  48.88
5  54  2  9.35
6  54  2  4.25
7  54  2  27.10
8  54  2  36.46
9  54  2  42.87
10  54  2  16.18
11  54  2  46.26
12  54  2  32.30
13  54  2  11.71
14  54  2  60.17
15  54  2  16.63
1  55  2  38.39
2  55  2  24.47
3  55  2  35.07
4  55  2  22.60
5  55  2  21.32
6  55  2  22.92
7  55  2  35.17
8  55  2  30.14
9  55  2  41.37
10  55  2  21.94
11  55  2  36.93
12  55  2  10.77
13  55  2  17.22
14  55  2  28.13
15  55  2  54.29
1  56  2  37.45
2  56  2  7.75
3  56  2  57.10
4  56  2  17.07
5  56  2  44.98
6  56  2  5.96
7  56  2  12.83
8  56  2  14.23
9  56  2  14.75
10  56  2  27.28
11  56  2  51.50
12  56  2  34.71
13  56  2  4.61
14  56  2  26.88
15  56  2  32.46
1  57  2  21.53
2  57  2  36.10
3  57  2  2.96
4  57  2  18.07
5  57  2  25.88
6  57  2  18.03
7  57  2  20.17
8  57  2  34.83
9  57  2  21.66
10  57  2  42.09
11  57  2  21.91
12  57  2  2.35
13  57  2  12.69
14  57  2  7.83
15  57  2  33.45
1  58  2  12.50
2  58  2  17.39
3  58  2  37.91
4  58  2  44.06
5  58  2  7.48
6  58  2  43.62
7  58  2  16.81
8  58  2  57.16
9  58  2  25.51
10  58  2  55.88
11  58  2  14.83
12  58  2  13.21
13  58  2  28.24
14  58  2  7.17
15  58  2  8.28
1  59  2  6.28
2  59  2  15.99
3  59  2  60.91
4  59  2  23.19
5  59  2  18.07
6  59  2  53.20
7  59  2  10.07
8  59  2  36.67
9  59  2  20.39
10  59  2  40.86
11  59  2  12.26
12  59  2  47.54
13  59  2  28.12
14  59  2  39.78
15  59  2  29.14
1  60  2  50.22
2  60  2  20.64
3  60  2  8.67
4  60  2  18.92
5  60  2  19.42
6  60  2  36.57
7  60  2  32.39
8  60  2  50.26
9  60  2  10.43
10  60  2  57.70
11  60  2  41.17
12  60  2  2.26
13  60  2  23.77
14  60  2  22.78
15  60  2  10.10
1  61  2  42.19
2  61  2  16.35
3  61  2  14.86
4  61  2  50.62
5  61  2  11.36
6  61  2  39.05
7  61  2  28.14
8  61  2  34.28
9  61  2  40.95
10  61  2  60.77
11  61  2  15.02
12  61  2  35.04
13  61  2  5.96
14  61  2  38.85
15  61  2  13.81
1  62  2  11.50
2  62  2  39.83
3  62  2  18.44
4  62  2  9.02
5  62  2  9.23
6  62  2  5.09
7  62  2  19.16
8  62  2  60.21
9  62  2  21.47
10  62  2  30.11
11  62  2  31.89
12  62  2  13.94
13  62  2  49.80
14  62  2  38.76
15  62  2  22.93
1  63  2  28.12
2  63  2  43.42
3  63  2  5.27
4  63  2  31.96
5  63  2  25.49
6  63  2  22.17
7  63  2  12.77
8  63  2  21.79
9  63  2  4.17
10  63  2  6.74
11  63  2  31.28
12  63  2  7.38
13  63  2  9.64
14  63  2  15.95
15  63  2  3.60
1  64  2  8.33
2  64  2  3.62
3  64  2  35.56
4  64  2  10.83
5  64  2  6.83
6  64  2  46.70
7  64  2  45.58
8  64  2  40.73
9  64  2  9.80
10  64  2  61.35
11  64  2  32.00
12  64  2  32.61
13  64  2  13.83
14  64  2  40.34
15  64  2  22.07
1  65  2  14.60
2  65  2  30.76
3  65  2  34.66
4  65  2  9.71
5  65  2  17.55
6  65  2  52.67
7  65  2  49.08
8  65  2  9.45
9  65  2  10.85
10  65  2  33.54
11  65  2  9.77
12  65  2  38.32
13  65  2  23.22
14  65  2  35.52
15  65  2  15.59
1  66  2  37.52
2  66  2  16.50
3  66  2  56.69
4  66  2  9.44
5  66  2  48.52
6  66  2  38.29
7  66  2  19.94
8  66  2  2.71
9  66  2  2.63
10  66  2  12.81
11  66  2  16.18
12  66  2  20.22
13  66  2  12.81
14  66  2  71.54
15  66  2  9.33
1  67  2  51.03
2  67  2  16.69
3  67  2  15.52
4  67  2  25.17
5  67  2  32.17
6  67  2  8.13
7  67  2  9.78
8  67  2  30.71
9  67  2  29.64
10  67  2  28.23
11  67  2  21.00
12  67  2  15.54
13  67  2  28.30
14  67  2  28.90
15  67  2  15.83
1  68  2  29.26
2  68  2  10.79
3  68  2  19.12
4  68  2  7.52
5  68  2  23.19
6  68  2  16.53
7  68  2  12.34
8  68  2  41.36
9  68  2  4.99
10  68  2  2.85
11  68  2  22.83
12  68  2  22.33
13  68  2  10.86
14  68  2  25.89
15  68  2  35.80
1  69  2  3.44
2  69  2  10.86
3  69  2  16.91
4  69  2  14.78
5  69  2  3.76
6  69  2  18.79
7  69  2  9.64
8  69  2  23.90
9  69  2  15.55
10  69  2  21.26
11  69  2  35.49
12  69  2  21.21
13  69  2  5.25
14  69  2  9.25
15  69  2  5.53
1  70  2  15.89
2  70  2  14.36
3  70  2  18.52
4  70  2  21.46
5  70  2  8.16
6  70  2  9.34
7  70  2  36.01
8  70  2  37.48
9  70  2  53.55
10  70  2  21.66
11  70  2  28.17
12  70  2  50.74
13  70  2  7.22
14  70  2  19.77
15  70  2  26.38
1  71  2  23.18
2  71  2  7.44
3  71  2  43.96
4  71  2  24.87
5  71  2  31.10
6  71  2  18.39
7  71  2  16.33
8  71  2  28.60
9  71  2  63.49
10  71  2  67.33
11  71  2  3.63
12  71  2  7.43
13  71  2  28.18
14  71  2  27.50
15  71  2  29.11
1  72  2  35.11
2  72  2  21.49
3  72  2  14.81
4  72  2  12.92
5  72  2  14.15
6  72  2  31.51
7  72  2  2.02
8  72  2  36.82
9  72  2  8.26
10  72  2  13.43
11  72  2  16.08
12  72  2  12.62
13  72  2  14.37
14  72  2  11.36
15  72  2  17.57
1  73  2  20.43
2  73  2  28.68
3  73  2  61.57
4  73  2  34.52
5  73  2  26.67
6  73  2  17.28
7  73  2  37.62
8  73  2  20.48
9  73  2  19.03
10  73  2  20.34
11  73  2  38.84
12  73  2  5.19
13  73  2  28.87
14  73  2  17.82
15  73  2  43.70
1  74  2  21.83
2  74  2  15.25
3  74  2  44.63
4  74  2  46.65
5  74  2  35.53
6  74  2  12.85
7  74  2  14.10
8  74  2  44.24
9  74  2  2.68
10  74  2  21.70
11  74  2  23.53
12  74  2  25.43
13  74  2  68.01
14  74  2  27.15
15  74  2  7.21
1  75  2  8.56
2  75  2  38.45
3  75  2  5.73
4  75  2  39.81
5  75  2  7.81
6  75  2  7.84
7  75  2  57.23
8  75  2  16.51
9  75  2  34.50
10  75  2  35.33
11  75  2  16.66
12  75  2  3.15
13  75  2  10.90
14  75  2  3.22
15  75  2  27.08
1  76  2  59.19
2  76  2  19.49
3  76  2  34.43
4  76  2  15.28
5  76  2  19.24
6  76  2  16.06
7  76  2  10.72
8  76  2  9.54
9  76  2  42.04
10  76  2  28.60
11  76  2  12.76
12  76  2  21.19
13  76  2  30.68
14  76  2  64.96
15  76  2  14.43
1  77  2  8.40
2  77  2  23.14
3  77  2  55.66
4  77  2  12.34
5  77  2  41.67
6  77  2  25.71
7  77  2  34.06
8  77  2  17.09
9  77  2  43.59
10  77  2  20.53
11  77  2  5.57
12  77  2  22.76
13  77  2  50.27
14  77  2  20.89
15  77  2  12.26
1  78  2  25.69
2  78  2  12.49
3  78  2  15.79
4  78  2  70.40
5  78  2  24.40
6  78  2  33.28
7  78  2  56.88
8  78  2  14.31
9  78  2  25.94
10  78  2  10.46
11  78  2  6.69
12  78  2  10.91
13  78  2  20.93
14  78  2  5.98
15  78  2  26.35
1  79  2  47.78
2  79  2  31.53
3  79  2  10.88
4  79  2  18.75
5  79  2  13.70
6  79  2  4.89
7  79  2  59.01
8  79  2  6.80
9  79  2  42.95
10  79  2  13.02
11  79  2  21.51
12  79  2  4.88
13  79  2  31.95
14  79  2  42.70
15  79  2  18.68
1  80  2  8.01
2  80  2  21.48
3  80  2  20.75
4  80  2  36.18
5  80  2  22.41
6  80  2  50.08
7  80  2  15.20
8  80  2  18.54
9  80  2  24.19
10  80  2  17.66
11  80  2  64.95
12  80  2  37.08
13  80  2  7.34
14  80  2  32.37
15  80  2  10.84
1  81  2  10.55
2  81  2  11.38
3  81  2  35.87
4  81  2  17.94
5  81  2  16.91
6  81  2  16.93
7  81  2  57.75
8  81  2  43.78
9  81  2  7.50
10  81  2  17.31
11  81  2  21.25
12  81  2  42.31
13  81  2  29.23
14  81  2  24.97
15  81  2  37.81
1  82  2  16.99
2  82  2  37.07
3  82  2  33.66
4  82  2  33.37
5  82  2  24.32
6  82  2  26.65
7  82  2  11.16
8  82  2  16.56
9  82  2  27.96
10  82  2  28.74
11  82  2  16.03
12  82  2  25.95
13  82  2  50.49
14  82  2  8.20
15  82  2  6.32
1  83  2  47.13
2  83  2  4.76
3  83  2  48.46
4  83  2  59.65
5  83  2  50.73
6  83  2  20.29
7  83  2  12.37
8  83  2  32.47
9  83  2  10.36
10  83  2  20.29
11  83  2  9.88
12  83  2  51.46
13  83  2  33.37
14  83  2  33.90
15  83  2  34.04
1  84  2  6.42
2  84  2  7.39
3  84  2  66.03
4  84  2  10.25
5  84  2  43.26
6  84  2  32.82
7  84  2  8.15
8  84  2  25.75
9  84  2  16.35
10  84  2  25.89
11  84  2  15.72
12  84  2  22.35
13  84  2  51.68
14  84  2  16.53
15  84  2  16.32
1  85  2  2.87
2  85  2  8.01
3  85  2  2.73
4  85  2  49.19
5  85  2  15.62
6  85  2  11.12
7  85  2  22.63
8  85  2  59.15
9  85  2  16.97
10  85  2  15.74
11  85  2  51.32
12  85  2  20.22
13  85  2  44.97
14  85  2  16.65
15  85  2  3.73
1  86  2  20.77
2  86  2  19.19
3  86  2  40.81
4  86  2  55.21
5  86  2  19.66
6  86  2  2.53
7  86  2  19.43
8  86  2  13.70
9  86  2  10.75
10  86  2  22.16
11  86  2  48.20
12  86  2  54.22
13  86  2  12.64
14  86  2  56.47
15  86  2  17.50
1  87  2  21.93
2  87  2  47.18
3  87  2  19.04
4  87  2  38.10
5  87  2  27.90
6  87  2  16.86
7  87  2  9.75
8  87  2  18.46
9  87  2  33.38
10  87  2  9.10
11  87  2  10.05
12  87  2  29.87
13  87  2  16.80
14  87  2  9.49
15  87  2  44.59
1  88  2  7.56
2  88  2  15.61
3  88  2  9.65
4  88  2  17.32
5  88  2  25.31
6  88  2  29.74
7  88  2  28.32
8  88  2  28.14
9  88  2  17.51
10  88  2  65.02
11  88  2  44.80
12  88  2  22.52
13  88  2  14.92
14  88  2  36.55
15  88  2  18.76
1  89  2  40.12
2  89  2  18.35
3  89  2  25.51
4  89  2  11.90
5  89  2  9.05
6  89  2  37.61
7  89  2  60.95
8  89  2  15.60
9  89  2  16.27
10  89  2  16.27
11  89  2  13.37
12  89  2  46.58
13  89  2  24.55
14  89  2  11.88
15  89  2  20.70
1  90  2  12.29
2  90  2  14.67
3  90  2  46.07
4  90  2  42.14
5  90  2  26.38
6  90  2  44.25
7  90  2  23.75
8  90  2  37.14
9  90  2  13.61
10  90  2  6.79
11  90  2  10.28
12  90  2  7.30
13  90  2  34.67
14  90  2  42.19
15  90  2  23.60
1  91  2  30.39
2  91  2  58.33
3  91  2  15.80
4  91  2  11.25
5  91  2  12.77
6  91  2  42.00
7  91  2  38.84
8  91  2  16.99
9  91  2  18.00
10  91  2  8.30
11  91  2  12.96
12  91  2  58.57
13  91  2  18.84
14  91  2  11.39
15  91  2  11.48
1  92  2  42.20
2  92  2  10.51
3  92  2  46.63
4  92  2  21.87
5  92  2  16.57
6  92  2  4.80
7  92  2  8.56
8  92  2  54.07
9  92  2  26.08
10  92  2  43.22
11  92  2  43.27
12  92  2  59.84
13  92  2  38.63
14  92  2  10.90
15  92  2  15.23
1  93  2  13.01
2  93  2  6.97
3  93  2  45.16
4  93  2  53.95
5  93  2  58.50
6  93  2  22.32
7  93  2  15.70
8  93  2  3.86
9  93  2  24.58
10  93  2  23.72
11  93  2  23.91
12  93  2  38.23
13  93  2  20.72
14  93  2  30.66
15  93  2  12.13
1  94  2  11.24
2  94  2  55.72
3  94  2  47.43
4  94  2  8.84
5  94  2  62.76
6  94  2  22.27
7  94  2  13.17
8  94  2  7.55
9  94  2  10.51
10  94  2  6.16
11  94  2  29.46
12  94  2  7.02
13  94  2  9.33
14  94  2  59.33
15  94  2  35.37
1  95  2  18.41
2  95  2  16.93
3  95  2  18.81
4  95  2  19.38
5  95  2  32.46
6  95  2  17.34
7  95  2  55.95
8  95  2  5.16
9  95  2  32.62
10  95  2  26.62
11  95  2  36.69
12  95  2  22.04
13  95  2  6.16
14  95  2  28.99
15  95  2  12.03
1  96  2  17.91
2  96  2  9.97
3  96  2  38.80
4  96  2  31.65
5  96  2  11.09
6  96  2  17.56
7  96  2  6.65
8  96  2  35.30
9  96  2  32.76
10  96  2  49.37
11  96  2  17.72
12  96  2  29.85
13  96  2  65.47
14  96  2  15.74
15  96  2  39.38
1  97  2  25.79
2  97  2  2.46
3  97  2  17.69
4  97  2  13.86
5  97  2  12.52
6  97  2  30.75
7  97  2  33.62
8  97  2  7.82
9  97  2  42.97
10  97  2  8.29
11  97  2  5.30
12  97  2  37.14
13  97  2  30.52
14  97  2  51.02
15  97  2  19.56
1  98  2  5.44
2  98  2  46.40
3  98  2  31.55
4  98  2  11.31
5  98  2  14.08
6  98  2  13.09
7  98  2  33.91
8  98  2  31.26
9  98  2  15.91
10  98  2  26.69
11  98  2  28.62
12  98  2  24.28
13  98  2  42.71
14  98  2  8.06
15  98  2  22.76
1  99  2  60.33
2  99  2  12.75
3  99  2  10.66
4  99  2  15.65
5  99  2  42.01
6  99  2  8.87
7  99  2  51.85
8  99  2  14.36
9  99  2  21.34
10  99  2  24.02
11  99  2  8.92
12  99  2  54.06
13  99  2  7.45
14  99  2  51.15
15  99  2  5.90
1  100  2  37.51
2  100  2  9.15
3  100  2  13.39
4  100  2  55.14
5  100  2  29.56
6  100  2  8.73
7  100  2  6.92
8  100  2  19.39
9  100  2  53.49
10  100  2  24.73
11  100  2  26.09
12  100  2  19.07
13  100  2  31.15
14  100  2  29.02
15  100  2  13.73
1  101  2  16.32
2  101  2  52.86
3  101  2  5.62
4  101  2  19.85
5  101  2  23.64
6  101  2  30.02
7  101  2  2.57
8  101  2  3.21
9  101  2  48.47
10  101  2  43.05
11  101  2  14.49
12  101  2  25.37
13  101  2  27.25
14  101  2  49.85
15  101  2  8.13
1  102  2  58.56
2  102  2  13.19
3  102  2  49.91
4  102  2  21.37
5  102  2  40.07
6  102  2  34.04
7  102  2  22.77
8  102  2  17.85
9  102  2  24.08
10  102  2  14.07
11  102  2  3.37
12  102  2  49.29
13  102  2  6.92
14  102  2  26.01
15  102  2  47.35
1  103  2  53.17
2  103  2  12.40
3  103  2  13.21
4  103  2  23.14
5  103  2  7.33
6  103  2  7.60
7  103  2  13.27
8  103  2  23.05
9  103  2  15.11
10  103  2  13.73
11  103  2  31.51
12  103  2  9.62
13  103  2  23.85
14  103  2  6.92
15  103  2  10.80
1  104  2  41.39
2  104  2  52.95
3  104  2  10.62
4  104  2  6.95
5  104  2  47.46
6  104  2  43.99
7  104  2  22.64
8  104  2  27.22
9  104  2  3.45
10  104  2  25.52
11  104  2  14.16
12  104  2  67.64
13  104  2  40.77
14  104  2  22.16
15  104  2  5.93
1  105  2  31.53
2  105  2  27.76
3  105  2  26.52
4  105  2  14.30
5  105  2  57.91
6  105  2  5.35
7  105  2  22.45
8  105  2  37.65
9  105  2  12.05
10  105  2  15.22
11  105  2  14.20
12  105  2  36.78
13  105  2  3.65
14  105  2  19.51
15  105  2  35.83
1  106  2  8.71
2  106  2  21.94
3  106  2  16.32
4  106  2  15.63
5  106  2  8.00
6  106  2  29.27
7  106  2  25.72
8  106  2  20.12
9  106  2  22.28
10  106  2  12.30
11  106  2  22.39
12  106  2  18.08
13  106  2  16.12
14  106  2  23.99
15  106  2  15.34
1  107  2  7.11
2  107  2  27.28
3  107  2  25.05
4  107  2  11.82
5  107  2  41.20
6  107  2  8.31
7  107  2  20.68
8  107  2  40.99
9  107  2  14.21
10  107  2  11.85
11  107  2  14.01
12  107  2  18.26
13  107  2  6.06
14  107  2  10.17
15  107  2  27.12
1  108  2  25.62
2  108  2  24.80
3  108  2  16.68
4  108  2  31.57
5  108  2  34.08
6  108  2  27.31
7  108  2  24.83
8  108  2  25.39
9  108  2  44.61
10  108  2  54.54
11  108  2  11.67
12  108  2  25.19
13  108  2  44.25
14  108  2  13.23
15  108  2  23.10
1  109  2  14.53
2  109  2  20.32
3  109  2  5.42
4  109  2  23.98
5  109  2  20.22
6  109  2  6.25
7  109  2  22.38
8  109  2  37.41
9  109  2  14.99
10  109  2  14.85
11  109  2  11.75
12  109  2  23.59
13  109  2  18.10
14  109  2  2.41
15  109  2  29.29
1  110  2  24.16
2  110  2  30.03
3  110  2  10.93
4  110  2  44.00
5  110  2  25.80
6  110  2  7.09
7  110  2  10.16
8  110  2  49.40
9  110  2  3.26
10  110  2  25.55
11  110  2  39.70
12  110  2  22.93
13  110  2  48.03
14  110  2  19.02
15  110  2  13.66
1  111  2  49.10
2  111  2  31.04
3  111  2  50.84
4  111  2  4.89
5  111  2  26.12
6  111  2  22.14
7  111  2  35.56
8  111  2  19.00
9  111  2  11.94
10  111  2  11.88
11  111  2  40.53
12  111  2  37.36
13  111  2  33.39
14  111  2  9.17
15  111  2  8.59
1  112  2  26.16
2  112  2  54.78
3  112  2  13.11
4  112  2  34.58
5  112  2  4.99
6  112  2  57.46
7  112  2  50.85
8  112  2  5.18
9  112  2  18.02
10  112  2  14.25
11  112  2  47.66
12  112  2  46.04
13  112  2  9.30
14  112  2  5.91
15  112  2  16.18
1  113  2  8.63
2  113  2  32.50
3  113  2  43.73
4  113  2  36.38
5  113  2  22.63
6  113  2  20.50
7  113  2  11.27
8  113  2  30.07
9  113  2  6.42
10  113  2  11.29
11  113  2  51.98
12  113  2  10.92
13  113  2  6.66
14  113  2  48.95
15  113  2  20.61
1  114  2  46.74
2  114  2  31.16
3  114  2  29.90
4  114  2  30.68
5  114  2  5.04
6  114  2  3.00
7  114  2  28.54
8  114  2  7.43
9  114  2  9.52
10  114  2  8.73
11  114  2  20.35
12  114  2  21.24
13  114  2  34.42
14  114  2  7.84
15  114  2  31.61
1  115  2  14.94
2  115  2  41.13
3  115  2  36.27
4  115  2  18.09
5  115  2  53.73
6  115  2  51.30
7  115  2  10.55
8  115  2  9.74
9  115  2  13.92
10  115  2  8.28
11  115  2  3.26
12  115  2  9.73
13  115  2  3.36
14  115  2  31.85
15  115  2  29.30
1  116  2  10.72
2  116  2  17.63
3  116  2  54.12
4  116  2  23.14
5  116  2  35.46
6  116  2  36.47
7  116  2  11.91
8  116  2  18.10
9  116  2  14.02
10  116  2  19.14
11  116  2  8.66
12  116  2  33.33
13  116  2  44.48
14  116  2  12.56
15  116  2  17.06
1  117  2  32.27
2  117  2  30.57
3  117  2  13.50
4  117  2  35.52
5  117  2  15.52
6  117  2  22.32
7  117  2  13.65
8  117  2  61.68
9  117  2  11.27
10  117  2  19.81
11  117  2  18.31
12  117  2  10.49
13  117  2  17.97
14  117  2  62.55
15  117  2  32.74
1  118  2  16.06
2  118  2  17.64
3  118  2  14.94
4  118  2  6.69
5  118  2  22.72
6  118  2  40.82
7  118  2  34.38
8  118  2  43.42
9  118  2  3.62
10  118  2  3.55
11  118  2  34.25
12  118  2  63.51
13  118  2  26.44
14  118  2  18.64
15  118  2  7.11
1  119  2  18.83
2  119  2  46.29
3  119  2  13.11
4  119  2  39.76
5  119  2  14.52
6  119  2  18.81
7  119  2  6.05
8  119  2  17.94
9  119  2  4.93
10  119  2  29.92
11  119  2  12.34
12  119  2  9.17
13  119  2  29.59
14  119  2  13.57
15  119  2  24.51
1  120  2  52.76
2  120  2  10.92
3  120  2  22.27
4  120  2  8.53
5  120  2  15.94
6  120  2  41.07
7  120  2  32.10
8  120  2  4.46
9  120  2  24.20
10  120  2  9.26
11  120  2  8.53
12  120  2  45.01
13  120  2  52.94
14  120  2  44.36
15  120  2  15.89
1  121  2  8.53
2  121  2  20.99
3  121  2  8.27
4  121  2  29.05
5  121  2  22.30
6  121  2  41.21
7  121  2  14.02
8  121  2  38.21
9  121  2  23.75
10  121  2  8.48
11  121  2  52.85
12  121  2  10.36
13  121  2  23.53
14  121  2  52.77
15  121  2  10.87
1  122  2  14.87
2  122  2  10.65
3  122  2  51.41
4  122  2  5.16
5  122  2  3.85
6  122  2  40.40
7  122  2  17.64
8  122  2  24.18
9  122  2  22.10
10  122  2  59.11
11  122  2  12.07
12  122  2  32.11
13  122  2  15.82
14  122  2  35.53
15  122  2  8.26
1  123  2  52.09
2  123  2  31.49
3  123  2  27.49
4  123  2  18.40
5  123  2  11.42
6  123  2  19.47
7  123  2  42.91
8  123  2  23.69
9  123  2  55.57
10  123  2  63.68
11  123  2  23.69
12  123  2  27.72
13  123  2  21.31
14  123  2  20.26
15  123  2  26.19
1  124  2  37.51
2  124  2  22.72
3  124  2  20.03
4  124  2  6.64
5  124  2  17.99
6  124  2  9.43
7  124  2  11.67
8  124  2  9.04
9  124  2  12.96
10  124  2  62.82
11  124  2  3.88
12  124  2  37.10
13  124  2  52.38
14  124  2  27.01
15  124  2  19.00
1  125  2  26.42
2  125  2  11.48
3  125  2  27.63
4  125  2  18.60
5  125  2  8.37
6  125  2  20.65
7  125  2  20.45
8  125  2  56.74
9  125  2  40.11
10  125  2  27.05
11  125  2  18.11
12  125  2  21.06
13  125  2  34.80
14  125  2  21.92
15  125  2  10.56
1  126  2  33.47
2  126  2  48.60
3  126  2  8.36
4  126  2  46.16
5  126  2  12.40
6  126  2  38.90
7  126  2  38.15
8  126  2  28.92
9  126  2  47.82
10  126  2  40.62
11  126  2  46.44
12  126  2  20.54
13  126  2  4.51
14  126  2  53.44
15  126  2  28.68
1  127  2  9.45
2  127  2  41.35
3  127  2  20.03
4  127  2  57.90
5  127  2  6.93
6  127  2  4.02
7  127  2  61.45
8  127  2  57.16
9  127  2  68.50
10  127  2  21.14
11  127  2  50.08
12  127  2  7.26
13  127  2  24.35
14  127  2  53.37
15  127  2  28.94
1  128  2  40.65
2  128  2  8.35
3  128  2  13.81
4  128  2  30.96
5  128  2  48.51
6  128  2  26.25
7  128  2  12.26
8  128  2  10.81
9  128  2  11.62
10  128  2  11.24
11  128  2  16.23
12  128  2  19.60
13  128  2  62.30
14  128  2  37.92
15  128  2  57.80
1  129  2  22.60
2  129  2  2.80
3  129  2  15.80
4  129  2  18.00
5  129  2  50.63
6  129  2  5.31
7  129  2  17.33
8  129  2  41.43
9  129  2  8.59
10  129  2  24.37
11  129  2  15.39
12  129  2  9.04
13  129  2  26.99
14  129  2  18.91
15  129  2  38.54
1  130  2  37.74
2  130  2  18.44
3  130  2  28.74
4  130  2  11.65
5  130  2  15.03
6  130  2  45.07
7  130  2  2.50
8  130  2  22.73
9  130  2  3.23
10  130  2  7.23
11  130  2  9.92
12  130  2  31.34
13  130  2  15.71
14  130  2  13.61
15  130  2  22.35
1  131  2  6.66
2  131  2  15.53
3  131  2  30.27
4  131  2  13.16
5  131  2  3.84
6  131  2  11.10
7  131  2  10.46
8  131  2  36.70
9  131  2  58.42
10  131  2  20.60
11  131  2  35.22
12  131  2  22.50
13  131  2  34.39
14  131  2  29.53
15  131  2  22.79
1  132  2  6.55
2  132  2  23.26
3  132  2  44.66
4  132  2  30.86
5  132  2  22.02
6  132  2  15.23
7  132  2  28.89
8  132  2  19.65
9  132  2  33.99
10  132  2  5.21
11  132  2  9.84
12  132  2  10.04
13  132  2  32.55
14  132  2  13.66
15  132  2  15.81
1  133  2  35.02
2  133  2  8.30
3  133  2  8.50
4  133  2  22.03
5  133  2  17.26
6  133  2  6.74
7  133  2  13.01
8  133  2  25.32
9  133  2  44.51
10  133  2  13.99
11  133  2  13.53
12  133  2  46.46
13  133  2  58.35
14  133  2  32.80
15  133  2  19.73
1  134  2  25.82
2  134  2  24.45
3  134  2  19.05
4  134  2  17.79
5  134  2  42.69
6  134  2  13.35
7  134  2  10.27
8  134  2  9.12
9  134  2  11.91
10  134  2  51.66
11  134  2  46.19
12  134  2  28.04
13  134  2  49.47
14  134  2  16.49
15  134  2  27.61
1  135  2  17.94
2  135  2  18.99
3  135  2  26.20
4  135  2  12.45
5  135  2  22.91
6  135  2  45.98
7  135  2  2.70
8  135  2  31.78
9  135  2  4.65
10  135  2  24.06
11  135  2  6.69
12  135  2  27.70
13  135  2  30.63
14  135  2  18.20
15  135  2  58.82
1  136  2  57.47
2  136  2  28.70
3  136  2  24.41
4  136  2  15.70
5  136  2  12.49
6  136  2  34.81
7  136  2  35.97
8  136  2  19.64
9  136  2  21.70
10  136  2  39.71
11  136  2  13.42
12  136  2  11.52
13  136  2  7.71
14  136  2  63.08
15  136  2  15.09
1  137  2  28.37
2  137  2  5.30
3  137  2  51.25
4  137  2  60.33
5  137  2  5.96
6  137  2  18.95
7  137  2  6.86
8  137  2  32.26
9  137  2  22.69
10  137  2  6.17
11  137  2  16.68
12  137  2  53.21
13  137  2  26.18
14  137  2  13.92
15  137  2  39.51
1  138  2  26.93
2  138  2  13.23
3  138  2  55.59
4  138  2  10.97
5  138  2  32.37
6  138  2  34.14
7  138  2  64.90
8  138  2  22.90
9  138  2  11.19
10  138  2  10.14
11  138  2  21.93
12  138  2  19.21
13  138  2  38.94
14  138  2  41.35
15  138  2  25.57
1  139  2  38.91
2  139  2  65.66
3  139  2  34.30
4  139  2  9.83
5  139  2  29.47
6  139  2  41.36
7  139  2  19.88
8  139  2  11.38
9  139  2  23.84
10  139  2  10.52
11  139  2  5.73
12  139  2  28.01
13  139  2  42.67
14  139  2  30.78
15  139  2  34.46
1  140  2  50.12
2  140  2  16.24
3  140  2  15.84
4  140  2  40.18
5  140  2  40.93
6  140  2  36.31
7  140  2  17.14
8  140  2  23.32
9  140  2  15.29
10  140  2  29.81
11  140  2  24.49
12  140  2  24.60
13  140  2  53.17
14  140  2  36.80
15  140  2  8.04
1  141  2  11.74
2  141  2  16.53
3  141  2  13.59
4  141  2  17.47
5  141  2  6.87
6  141  2  6.17
7  141  2  35.92
8  141  2  54.09
9  141  2  26.07
10  141  2  55.55
11  141  2  9.03
12  141  2  24.59
13  141  2  19.72
14  141  2  6.78
15  141  2  34.11
1  142  2  15.36
2  142  2  59.67
3  142  2  14.90
4  142  2  4.80
5  142  2  14.63
6  142  2  20.29
7  142  2  3.05
8  142  2  17.30
9  142  2  23.83
10  142  2  55.62
11  142  2  25.14
12  142  2  19.34
13  142  2  11.82
14  142  2  15.48
15  142  2  5.70
1  143  2  36.79
2  143  2  9.94
3  143  2  32.63
4  143  2  26.10
5  143  2  8.69
6  143  2  62.66
7  143  2  7.93
8  143  2  2.67
9  143  2  37.74
10  143  2  15.65
11  143  2  40.37
12  143  2  43.11
13  143  2  31.39
14  143  2  62.13
15  143  2  16.09
1  144  2  10.02
2  144  2  34.95
3  144  2  11.29
4  144  2  24.86
5  144  2  17.34
6  144  2  25.29
7  144  2  57.08
8  144  2  40.05
9  144  2  64.08
10  144  2  40.90
11  144  2  21.40
12  144  2  39.14
13  144  2  31.45
14  144  2  11.51
15  144  2  18.26
1  145  2  27.14
2  145  2  36.85
3  145  2  48.29
4  145  2  12.59
5  145  2  34.27
6  145  2  36.44
7  145  2  8.15
8  145  2  15.67
9  145  2  15.01
10  145  2  26.00
11  145  2  21.63
12  145  2  13.21
13  145  2  37.52
14  145  2  8.22
15  145  2  3.28
1  146  2  57.39
2  146  2  37.99
3  146  2  27.44
4  146  2  35.46
5  146  2  54.23
6  146  2  13.26
7  146  2  25.29
8  146  2  18.23
9  146  2  25.15
10  146  2  8.91
11  146  2  18.00
12  146  2  6.92
13  146  2  61.13
14  146  2  12.71
15  146  2  51.30
1  147  2  51.79
2  147  2  15.11
3  147  2  10.37
4  147  2  4.31
5  147  2  5.99
6  147  2  58.89
7  147  2  46.90
8  147  2  8.96
9  147  2  10.89
10  147  2  32.37
11  147  2  6.63
12  147  2  45.20
13  147  2  26.66
14  147  2  34.69
15  147  2  13.08
1  148  2  27.60
2  148  2  36.38
3  148  2  44.06
4  148  2  21.49
5  148  2  25.38
6  148  2  67.87
7  148  2  18.89
8  148  2  22.80
9  148  2  16.67
10  148  2  15.22
11  148  2  17.48
12  148  2  42.12
13  148  2  45.14
14  148  2  4.70
15  148  2  22.82
1  149  2  20.49
2  149  2  43.13
3  149  2  22.53
4  149  2  40.00
5  149  2  13.61
6  149  2  32.78
7  149  2  44.14
8  149  2  45.13
9  149  2  10.03
10  149  2  37.40
11  149  2  22.55
12  149  2  9.86
13  149  2  7.63
14  149  2  53.85
15  149  2  10.69
1  150  2  9.84
2  150  2  3.78
3  150  2  18.63
4  150  2  25.76
5  150  2  19.83
6  150  2  11.24
7  150  2  23.15
8  150  2  25.86
9  150  2  30.74
10  150  2  20.66
11  150  2  14.11
12  150  2  5.11
13  150  2  23.93
14  150  2  18.00
15  150  2  13.60
1  151  2  35.43
2  151  2  4.36
3  151  2  4.22
4  151  2  34.11
5  151  2  27.68
6  151  2  12.10
7  151  2  4.81
8  151  2  16.99
9  151  2  17.59
10  151  2  20.14
11  151  2  20.60
12  151  2  43.57
13  151  2  16.26
14  151  2  6.89
15  151  2  10.15
1  152  2  36.49
2  152  2  48.07
3  152  2  41.99
4  152  2  32.31
5  152  2  27.60
6  152  2  19.58
7  152  2  31.12
8  152  2  26.06
9  152  2  30.71
10  152  2  11.46
11  152  2  28.38
12  152  2  53.23
13  152  2  27.61
14  152  2  5.77
15  152  2  8.64
1  153  2  18.96
2  153  2  25.97
3  153  2  24.61
4  153  2  26.28
5  153  2  41.58
6  153  2  17.85
7  153  2  24.96
8  153  2  22.13
9  153  2  21.12
10  153  2  60.10
11  153  2  29.98
12  153  2  40.43
13  153  2  45.64
14  153  2  18.72
15  153  2  20.72
1  154  2  4.91
2  154  2  22.51
3  154  2  13.99
4  154  2  18.57
5  154  2  14.72
6  154  2  32.77
7  154  2  6.50
8  154  2  52.86
9  154  2  22.39
10  154  2  11.48
11  154  2  9.60
12  154  2  20.54
13  154  2  23.53
14  154  2  35.62
15  154  2  9.32
1  155  2  23.66
2  155  2  15.32
3  155  2  24.12
4  155  2  32.00
5  155  2  29.90
6  155  2  18.73
7  155  2  6.88
8  155  2  17.37
9  155  2  25.73
10  155  2  7.29
11  155  2  7.87
12  155  2  19.82
13  155  2  45.45
14  155  2  60.92
15  155  2  26.94
1  156  2  19.75
2  156  2  50.07
3  156  2  22.77
4  156  2  39.99
5  156  2  59.69
6  156  2  19.74
7  156  2  15.57
8  156  2  18.85
9  156  2  14.67
10  156  2  13.67
11  156  2  6.35
12  156  2  4.32
13  156  2  30.89
14  156  2  31.89
15  156  2  35.16
1  157  2  8.07
2  157  2  9.28
3  157  2  17.76
4  157  2  22.63
5  157  2  46.49
6  157  2  38.47
7  157  2  25.85
8  157  2  44.98
9  157  2  23.50
10  157  2  3.50
11  157  2  33.95
12  157  2  19.95
13  157  2  15.10
14  157  2  3.63
15  157  2  9.09
1  158  2  47.63
2  158  2  12.84
3  158  2  12.37
4  158  2  43.75
5  158  2  56.10
6  158  2  59.90
7  158  2  23.06
8  158  2  49.29
9  158  2  25.92
10  158  2  28.89
11  158  2  8.97
12  158  2  13.89
13  158  2  32.63
14  158  2  15.60
15  158  2  32.82
1  159  2  66.59
2  159  2  22.39
3  159  2  7.85
4  159  2  9.11
5  159  2  14.73
6  159  2  11.41
7  159  2  7.68
8  159  2  18.18
9  159  2  16.30
10  159  2  28.92
11  159  2  21.69
12  159  2  22.78
13  159  2  28.81
14  159  2  18.21
15  159  2  7.96
1  160  2  18.37
2  160  2  56.16
3  160  2  25.62
4  160  2  12.84
5  160  2  38.86
6  160  2  12.25
7  160  2  14.50
8  160  2  26.01
9  160  2  24.98
10  160  2  27.11
11  160  2  8.97
12  160  2  14.64
13  160  2  4.05
14  160  2  40.99
15  160  2  19.77
1  161  2  32.05
2  161  2  35.88
3  161  2  9.73
4  161  2  35.53
5  161  2  19.44
6  161  2  52.87
7  161  2  38.14
8  161  2  9.86
9  161  2  12.78
10  161  2  16.92
11  161  2  25.59
12  161  2  10.84
13  161  2  28.84
14  161  2  41.62
15  161  2  19.67
1  162  2  37.21
2  162  2  13.49
3  162  2  10.87
4  162  2  33.51
5  162  2  23.49
6  162  2  9.19
7  162  2  7.47
8  162  2  42.38
9  162  2  9.57
10  162  2  49.19
11  162  2  20.95
12  162  2  48.09
13  162  2  45.76
14  162  2  12.50
15  162  2  35.13
1  163  2  32.04
2  163  2  16.20
3  163  2  4.15
4  163  2  43.29
5  163  2  37.35
6  163  2  37.38
7  163  2  10.98
8  163  2  16.20
9  163  2  3.35
10  163  2  2.34
11  163  2  6.92
12  163  2  11.48
13  163  2  54.84
14  163  2  7.93
15  163  2  3.62
1  164  2  28.89
2  164  2  45.98
3  164  2  52.00
4  164  2  11.07
5  164  2  17.38
6  164  2  43.72
7  164  2  21.47
8  164  2  27.61
9  164  2  43.51
10  164  2  16.90
11  164  2  36.29
12  164  2  17.01
13  164  2  16.61
14  164  2  23.79
15  164  2  11.67
1  165  2  16.27
2  165  2  35.27
3  165  2  7.60
4  165  2  61.81
5  165  2  41.69
6  165  2  42.27
7  165  2  12.25
8  165  2  14.80
9  165  2  15.64
10  165  2  51.27
11  165  2  22.29
12  165  2  5.20
13  165  2  17.54
14  165  2  27.36
15  165  2  21.24
1  166  2  27.58
2  166  2  6.24
3  166  2  16.01
4  166  2  13.14
5  166  2  25.07
6  166  2  18.67
7  166  2  35.92
8  166  2  7.88
9  166  2  17.76
10  166  2  20.63
11  166  2  17.34
12  166  2  22.31
13  166  2  25.35
14  166  2  7.13
15  166  2  8.40
1  167  2  15.55
2  167  2  17.25
3  167  2  11.51
4  167  2  44.06
5  167  2  9.81
6  167  2  18.60
7  167  2  57.17
8  167  2  2.96
9  167  2  4.97
10  167  2  10.73
11  167  2  14.77
12  167  2  46.49
13  167  2  42.69
14  167  2  5.62
15  167  2  20.75
1  168  2  8.36
2  168  2  11.53
3  168  2  36.01
4  168  2  48.03
5  168  2  5.34
6  168  2  57.45
7  168  2  40.44
8  168  2  35.57
9  168  2  37.11
10  168  2  28.06
11  168  2  45.97
12  168  2  13.54
13  168  2  10.92
14  168  2  14.40
15  168  2  18.41
1  169  2  10.51
2  169  2  6.89
3  169  2  55.22
4  169  2  24.60
5  169  2  27.19
6  169  2  6.98
7  169  2  16.92
8  169  2  6.84
9  169  2  57.64
10  169  2  28.97
11  169  2  35.49
12  169  2  4.63
13  169  2  11.17
14  169  2  16.31
15  169  2  36.33
1  170  2  30.24
2  170  2  26.62
3  170  2  19.49
4  170  2  21.10
5  170  2  26.90
6  170  2  15.98
7  170  2  28.77
8  170  2  37.49
9  170  2  23.76
10  170  2  5.84
11  170  2  30.48
12  170  2  29.28
13  170  2  8.29
14  170  2  19.76
15  170  2  54.50
1  171  2  15.04
2  171  2  7.08
3  171  2  49.60
4  171  2  30.00
5  171  2  23.22
6  171  2  8.23
7  171  2  32.28
8  171  2  13.84
9  171  2  12.27
10  171  2  3.62
11  171  2  36.98
12  171  2  19.36
13  171  2  15.16
14  171  2  29.47
15  171  2  46.18
1  172  2  37.70
2  172  2  15.81
3  172  2  55.90
4  172  2  54.32
5  172  2  16.51
6  172  2  32.05
7  172  2  20.99
8  172  2  5.40
9  172  2  59.87
10  172  2  7.67
11  172  2  14.06
12  172  2  5.93
13  172  2  18.55
14  172  2  36.28
15  172  2  17.38
1  173  2  14.69
2  173  2  26.63
3  173  2  33.87
4  173  2  15.81
5  173  2  23.27
6  173  2  18.25
7  173  2  49.89
8  173  2  70.14
9  173  2  39.28
10  173  2  41.14
11  173  2  36.98
12  173  2  28.87
13  173  2  25.62
14  173  2  16.43
15  173  2  20.42
1  174  2  21.59
2  174  2  67.64
3  174  2  19.01
4  174  2  23.34
5  174  2  27.84
6  174  2  23.12
7  174  2  18.69
8  174  2  5.79
9  174  2  16.38
10  174  2  18.91
11  174  2  49.09
12  174  2  9.50
13  174  2  12.49
14  174  2  12.11
15  174  2  40.89
1  175  2  24.31
2  175  2  13.40
3  175  2  13.73
4  175  2  29.69
5  175  2  29.90
6  175  2  43.19
7  175  2  50.19
8  175  2  17.82
9  175  2  66.75
10  175  2  43.88
11  175  2  8.61
12  175  2  27.19
13  175  2  49.65
14  175  2  58.08
15  175  2  14.92
1  176  2  30.87
2  176  2  11.30
3  176  2  34.77
4  176  2  5.50
5  176  2  3.14
6  176  2  3.62
7  176  2  25.77
8  176  2  59.15
9  176  2  11.49
10  176  2  6.25
11  176  2  32.80
12  176  2  32.63
13  176  2  8.38
14  176  2  35.56
15  176  2  34.82
1  177  2  61.18
2  177  2  18.22
3  177  2  15.85
4  177  2  20.42
5  177  2  30.73
6  177  2  20.14
7  177  2  4.90
8  177  2  10.60
9  177  2  24.68
10  177  2  54.01
11  177  2  24.43
12  177  2  32.86
13  177  2  23.67
14  177  2  13.27
15  177  2  27.64
1  178  2  19.61
2  178  2  47.95
3  178  2  20.26
4  178  2  38.18
5  178  2  18.01
6  178  2  25.79
7  178  2  47.73
8  178  2  15.22
9  178  2  31.68
10  178  2  19.74
11  178  2  6.16
12  178  2  9.78
13  178  2  36.75
14  178  2  23.62
15  178  2  5.77
1  179  2  10.97
2  179  2  28.63
3  179  2  14.60
4  179  2  28.24
5  179  2  5.78
6  179  2  18.03
7  179  2  48.97
8  179  2  14.87
9  179  2  37.07
10  179  2  22.06
11  179  2  9.81
12  179  2  23.73
13  179  2  15.64
14  179  2  23.12
15  179  2  12.22
1  180  2  39.72
2  180  2  37.31
3  180  2  32.91
4  180  2  14.03
5  180  2  8.43
6  180  2  29.28
7  180  2  30.93
8  180  2  24.67
9  180  2  31.98
10  180  2  24.63
11  180  2  40.41
12  180  2  7.08
13  180  2  37.47
14  180  2  34.45
15  180  2  22.85
1  181  2  17.16
2  181  2  17.13
3  181  2  17.96
4  181  2  15.96
5  181  2  37.79
6  181  2  39.01
7  181  2  14.94
8  181  2  54.42
9  181  2  7.38
10  181  2  9.22
11  181  2  17.69
12  181  2  2.97
13  181  2  40.29
14  181  2  13.27
15  181  2  11.64
1  182  2  6.65
2  182  2  16.50
3  182  2  26.07
4  182  2  2.89
5  182  2  11.85
6  182  2  24.15
7  182  2  53.27
8  182  2  14.31
9  182  2  27.40
10  182  2  31.78
11  182  2  5.72
12  182  2  4.49
13  182  2  15.40
14  182  2  23.57
15  182  2  40.68
1  183  2  15.49
2  183  2  42.21
3  183  2  22.15
4  183  2  45.85
5  183  2  47.98
6  183  2  31.18
7  183  2  17.04
8  183  2  10.04
9  183  2  11.80
10  183  2  40.43
11  183  2  35.44
12  183  2  35.07
13  183  2  17.24
14  183  2  22.93
15  183  2  56.95
1  184  2  12.94
2  184  2  23.13
3  184  2  47.64
4  184  2  12.83
5  184  2  53.25
6  184  2  11.61
7  184  2  8.03
8  184  2  9.50
9  184  2  3.49
10  184  2  8.69
11  184  2  15.04
12  184  2  44.88
13  184  2  23.92
14  184  2  62.61
15  184  2  20.94
1  185  2  6.58
2  185  2  10.41
3  185  2  24.52
4  185  2  57.46
5  185  2  8.74
6  185  2  44.74
7  185  2  31.93
8  185  2  5.13
9  185  2  29.84
10  185  2  14.62
11  185  2  22.59
12  185  2  8.90
13  185  2  22.34
14  185  2  21.34
15  185  2  14.83
1  186  2  5.60
2  186  2  58.37
3  186  2  41.53
4  186  2  47.63
5  186  2  29.84
6  186  2  20.26
7  186  2  44.56
8  186  2  27.66
9  186  2  20.65
10  186  2  20.99
11  186  2  16.31
12  186  2  22.63
13  186  2  11.28
14  186  2  26.91
15  186  2  22.56
1  187  2  19.17
2  187  2  62.89
3  187  2  17.36
4  187  2  14.18
5  187  2  15.24
6  187  2  21.01
7  187  2  53.67
8  187  2  28.52
9  187  2  34.86
10  187  2  18.98
11  187  2  25.51
12  187  2  50.68
13  187  2  25.79
14  187  2  40.87
15  187  2  12.08
1  188  2  16.62
2  188  2  27.08
3  188  2  5.79
4  188  2  28.93
5  188  2  16.76
6  188  2  15.22
7  188  2  47.86
8  188  2  8.96
9  188  2  54.94
10  188  2  15.88
11  188  2  30.96
12  188  2  51.89
13  188  2  9.74
14  188  2  7.05
15  188  2  12.08
1  189  2  8.62
2  189  2  22.67
3  189  2  29.17
4  189  2  33.40
5  189  2  39.31
6  189  2  11.39
7  189  2  22.97
8  189  2  53.43
9  189  2  38.38
10  189  2  15.91
11  189  2  31.15
12  189  2  34.42
13  189  2  26.73
14  189  2  16.21
15  189  2  16.41
1  190  2  28.36
2  190  2  14.11
3  190  2  25.34
4  190  2  16.40
5  190  2  15.59
6  190  2  21.72
7  190  2  7.57
8  190  2  25.75
9  190  2  21.14
10  190  2  12.39
11  190  2  13.34
12  190  2  22.44
13  190  2  17.67
14  190  2  34.55
15  190  2  29.20
1  191  2  9.70
2  191  2  26.24
3  191  2  13.82
4  191  2  16.79
5  191  2  13.98
6  191  2  55.15
7  191  2  25.04
8  191  2  7.22
9  191  2  9.57
10  191  2  43.54
11  191  2  26.15
12  191  2  12.58
13  191  2  21.72
14  191  2  23.54
15  191  2  45.77
1  192  2  4.24
2  192  2  52.33
3  192  2  33.32
4  192  2  9.03
5  192  2  21.08
6  192  2  25.55
7  192  2  8.82
8  192  2  14.91
9  192  2  20.08
10  192  2  15.18
11  192  2  38.48
12  192  2  33.38
13  192  2  24.64
14  192  2  25.49
15  192  2  16.06
1  193  2  43.04
2  193  2  10.58
3  193  2  18.05
4  193  2  6.84
5  193  2  17.35
6  193  2  43.14
7  193  2  67.87
8  193  2  58.26
9  193  2  18.45
10  193  2  27.29
11  193  2  27.62
12  193  2  8.63
13  193  2  15.28
14  193  2  27.76
15  193  2  20.48
1  194  2  25.02
2  194  2  20.00
3  194  2  57.64
4  194  2  48.71
5  194  2  15.38
6  194  2  5.84
7  194  2  22.22
8  194  2  14.88
9  194  2  5.86
10  194  2  2.66
11  194  2  9.15
12  194  2  51.81
13  194  2  26.30
14  194  2  37.45
15  194  2  31.45
1  195  2  19.11
2  195  2  67.68
3  195  2  16.67
4  195  2  12.08
5  195  2  10.78
6  195  2  4.78
7  195  2  20.93
8  195  2  21.12
9  195  2  34.25
10  195  2  24.84
11  195  2  20.52
12  195  2  48.70
13  195  2  26.97
14  195  2  21.14
15  195  2  31.30
1  196  2  51.06
2  196  2  16.90
3  196  2  18.45
4  196  2  6.17
5  196  2  19.99
6  196  2  16.06
7  196  2  14.46
8  196  2  40.13
9  196  2  47.12
10  196  2  8.26
11  196  2  32.50
12  196  2  20.31
13  196  2  5.26
14  196  2  8.29
15  196  2  18.16
1  197  2  5.85
2  197  2  38.26
3  197  2  10.90
4  197  2  49.83
5  197  2  30.75
6  197  2  64.81
7  197  2  5.91
8  197  2  19.42
9  197  2  6.78
10  197  2  11.05
11  197  2  11.19
12  197  2  9.04
13  197  2  19.93
14  197  2  10.51
15  197  2  41.62
1  198  2  37.08
2  198  2  27.07
3  198  2  29.65
4  198  2  2.70
5  198  2  5.98
6  198  2  28.04
7  198  2  19.19
8  198  2  40.19
9  198  2  6.25
10  198  2  8.90
11  198  2  27.22
12  198  2  28.56
13  198  2  9.63
14  198  2  3.88
15  198  2  7.95
1  199  2  18.53
2  199  2  49.26
3  199  2  10.01
4  199  2  7.21
5  199  2  3.34
6  199  2  6.56
7  199  2  44.92
8  199  2  13.59
9  199  2  22.20
10  199  2  11.82
11  199  2  55.18
12  199  2  39.99
13  199  2  9.56
14  199  2  44.53
15  199  2  35.68
1  200  2  9.29
2  200  2  22.83
3  200  2  48.12
4  200  2  7.20
5  200  2  21.82
6  200  2  24.45
7  200  2  7.79
8  200  2  9.32
9  200  2  12.85
10  200  2  51.61
11  200  2  20.17
12  200  2  15.89
13  200  2  24.26
14  200  2  33.01
15  200  2  31.80
;

