param com_measure1 := 1;

param com_measure2 := 1;

param kappa_max := 593.26;

param U_tau := 450.8361;

param nT := 2;

param nS := 100;

param nL := 15;

param B := 579.85;

param w :=
1  3
2  1
3  2
4  2
5  2
6  3
7  2
8  3
9  2
10  1
11  1
12  3
13  2
14  3
15  1
;

param h :=
1  1  0
1  2  0
1  3  0
1  4  0
1  5  0
1  6  0
1  7  0
1  8  0
1  9  0
1  10  0
1  11  0
1  12  0
1  13  0
1  14  0
1  15  0
2  1  69.19
2  2  76.13
2  3  92.78
2  4  85.17
2  5  94.26
2  6  70.63
2  7  63.99
2  8  65.97
2  9  84.01
2  10  88.01
2  11  84.42
2  12  80.99
2  13  70.51
2  14  59.32
2  15  74.31
;

param xi :=
1  1  1  56
2  1  1  61
3  1  1  22
4  1  1  88
5  1  1  22
6  1  1  10
7  1  1  21
8  1  1  59
9  1  1  36
10  1  1  60
11  1  1  47
12  1  1  90
13  1  1  42
14  1  1  48
15  1  1  83
1  2  1  85
2  2  1  89
3  2  1  52
4  2  1  62
5  2  1  39
6  2  1  36
7  2  1  16
8  2  1  35
9  2  1  65
10  2  1  34
11  2  1  85
12  2  1  78
13  2  1  90
14  2  1  82
15  2  1  64
1  3  1  82
2  3  1  51
3  3  1  89
4  3  1  85
5  3  1  28
6  3  1  85
7  3  1  32
8  3  1  14
9  3  1  30
10  3  1  36
11  3  1  70
12  3  1  43
13  3  1  38
14  3  1  54
15  3  1  64
1  4  1  68
2  4  1  64
3  4  1  65
4  4  1  44
5  4  1  84
6  4  1  71
7  4  1  37
8  4  1  33
9  4  1  85
10  4  1  79
11  4  1  84
12  4  1  22
13  4  1  46
14  4  1  16
15  4  1  90
1  5  1  33
2  5  1  61
3  5  1  24
4  5  1  88
5  5  1  70
6  5  1  86
7  5  1  52
8  5  1  81
9  5  1  81
10  5  1  70
11  5  1  85
12  5  1  39
13  5  1  84
14  5  1  48
15  5  1  60
1  6  1  26
2  6  1  55
3  6  1  49
4  6  1  28
5  6  1  84
6  6  1  69
7  6  1  16
8  6  1  82
9  6  1  38
10  6  1  43
11  6  1  39
12  6  1  17
13  6  1  52
14  6  1  50
15  6  1  77
1  7  1  22
2  7  1  70
3  7  1  15
4  7  1  16
5  7  1  73
6  7  1  66
7  7  1  46
8  7  1  86
9  7  1  79
10  7  1  29
11  7  1  90
12  7  1  22
13  7  1  51
14  7  1  78
15  7  1  20
1  8  1  90
2  8  1  49
3  8  1  36
4  8  1  35
5  8  1  47
6  8  1  49
7  8  1  81
8  8  1  86
9  8  1  77
10  8  1  75
11  8  1  69
12  8  1  45
13  8  1  56
14  8  1  10
15  8  1  85
1  9  1  12
2  9  1  60
3  9  1  65
4  9  1  20
5  9  1  75
6  9  1  88
7  9  1  23
8  9  1  88
9  9  1  26
10  9  1  32
11  9  1  80
12  9  1  39
13  9  1  49
14  9  1  67
15  9  1  70
1  10  1  88
2  10  1  74
3  10  1  65
4  10  1  53
5  10  1  28
6  10  1  86
7  10  1  23
8  10  1  34
9  10  1  40
10  10  1  39
11  10  1  15
12  10  1  25
13  10  1  74
14  10  1  38
15  10  1  32
1  11  1  31
2  11  1  18
3  11  1  79
4  11  1  12
5  11  1  31
6  11  1  16
7  11  1  28
8  11  1  11
9  11  1  59
10  11  1  87
11  11  1  77
12  11  1  36
13  11  1  30
14  11  1  66
15  11  1  50
1  12  1  40
2  12  1  41
3  12  1  89
4  12  1  69
5  12  1  39
6  12  1  55
7  12  1  18
8  12  1  56
9  12  1  18
10  12  1  52
11  12  1  89
12  12  1  66
13  12  1  71
14  12  1  43
15  12  1  80
1  13  1  81
2  13  1  42
3  13  1  73
4  13  1  36
5  13  1  30
6  13  1  72
7  13  1  12
8  13  1  54
9  13  1  68
10  13  1  75
11  13  1  57
12  13  1  51
13  13  1  44
14  13  1  52
15  13  1  70
1  14  1  14
2  14  1  27
3  14  1  63
4  14  1  46
5  14  1  49
6  14  1  70
7  14  1  53
8  14  1  58
9  14  1  11
10  14  1  37
11  14  1  57
12  14  1  47
13  14  1  31
14  14  1  80
15  14  1  77
1  15  1  70
2  15  1  17
3  15  1  61
4  15  1  58
5  15  1  66
6  15  1  31
7  15  1  51
8  15  1  45
9  15  1  75
10  15  1  15
11  15  1  56
12  15  1  55
13  15  1  49
14  15  1  52
15  15  1  51
1  16  1  34
2  16  1  55
3  16  1  73
4  16  1  31
5  16  1  41
6  16  1  38
7  16  1  77
8  16  1  62
9  16  1  46
10  16  1  71
11  16  1  65
12  16  1  14
13  16  1  57
14  16  1  88
15  16  1  13
1  17  1  50
2  17  1  27
3  17  1  47
4  17  1  27
5  17  1  51
6  17  1  31
7  17  1  68
8  17  1  43
9  17  1  83
10  17  1  45
11  17  1  82
12  17  1  67
13  17  1  89
14  17  1  79
15  17  1  83
1  18  1  53
2  18  1  11
3  18  1  88
4  18  1  14
5  18  1  26
6  18  1  49
7  18  1  49
8  18  1  25
9  18  1  56
10  18  1  41
11  18  1  29
12  18  1  30
13  18  1  48
14  18  1  63
15  18  1  55
1  19  1  49
2  19  1  59
3  19  1  34
4  19  1  63
5  19  1  31
6  19  1  40
7  19  1  24
8  19  1  32
9  19  1  30
10  19  1  41
11  19  1  79
12  19  1  61
13  19  1  69
14  19  1  22
15  19  1  31
1  20  1  23
2  20  1  18
3  20  1  39
4  20  1  59
5  20  1  24
6  20  1  72
7  20  1  14
8  20  1  10
9  20  1  65
10  20  1  79
11  20  1  87
12  20  1  39
13  20  1  42
14  20  1  49
15  20  1  23
1  21  1  15
2  21  1  38
3  21  1  26
4  21  1  79
5  21  1  23
6  21  1  41
7  21  1  13
8  21  1  15
9  21  1  55
10  21  1  47
11  21  1  19
12  21  1  18
13  21  1  47
14  21  1  54
15  21  1  73
1  22  1  62
2  22  1  58
3  22  1  20
4  22  1  60
5  22  1  45
6  22  1  89
7  22  1  79
8  22  1  34
9  22  1  46
10  22  1  51
11  22  1  89
12  22  1  19
13  22  1  78
14  22  1  13
15  22  1  67
1  23  1  54
2  23  1  26
3  23  1  65
4  23  1  55
5  23  1  90
6  23  1  69
7  23  1  65
8  23  1  49
9  23  1  18
10  23  1  16
11  23  1  89
12  23  1  19
13  23  1  66
14  23  1  36
15  23  1  50
1  24  1  63
2  24  1  57
3  24  1  10
4  24  1  43
5  24  1  24
6  24  1  37
7  24  1  13
8  24  1  24
9  24  1  67
10  24  1  83
11  24  1  19
12  24  1  82
13  24  1  64
14  24  1  57
15  24  1  89
1  25  1  41
2  25  1  79
3  25  1  52
4  25  1  62
5  25  1  54
6  25  1  21
7  25  1  50
8  25  1  34
9  25  1  56
10  25  1  90
11  25  1  69
12  25  1  20
13  25  1  70
14  25  1  33
15  25  1  30
1  26  1  48
2  26  1  86
3  26  1  66
4  26  1  39
5  26  1  85
6  26  1  11
7  26  1  37
8  26  1  12
9  26  1  86
10  26  1  32
11  26  1  49
12  26  1  69
13  26  1  50
14  26  1  78
15  26  1  57
1  27  1  84
2  27  1  24
3  27  1  76
4  27  1  67
5  27  1  63
6  27  1  12
7  27  1  27
8  27  1  79
9  27  1  27
10  27  1  89
11  27  1  53
12  27  1  44
13  27  1  75
14  27  1  39
15  27  1  61
1  28  1  35
2  28  1  25
3  28  1  87
4  28  1  26
5  28  1  78
6  28  1  13
7  28  1  85
8  28  1  29
9  28  1  27
10  28  1  53
11  28  1  78
12  28  1  65
13  28  1  12
14  28  1  16
15  28  1  17
1  29  1  65
2  29  1  20
3  29  1  88
4  29  1  45
5  29  1  40
6  29  1  65
7  29  1  15
8  29  1  46
9  29  1  21
10  29  1  36
11  29  1  71
12  29  1  71
13  29  1  21
14  29  1  53
15  29  1  64
1  30  1  44
2  30  1  51
3  30  1  61
4  30  1  73
5  30  1  56
6  30  1  72
7  30  1  89
8  30  1  23
9  30  1  73
10  30  1  39
11  30  1  42
12  30  1  32
13  30  1  45
14  30  1  18
15  30  1  72
1  31  1  44
2  31  1  27
3  31  1  42
4  31  1  34
5  31  1  32
6  31  1  55
7  31  1  61
8  31  1  22
9  31  1  35
10  31  1  38
11  31  1  86
12  31  1  45
13  31  1  24
14  31  1  45
15  31  1  23
1  32  1  42
2  32  1  85
3  32  1  38
4  32  1  68
5  32  1  28
6  32  1  22
7  32  1  57
8  32  1  76
9  32  1  65
10  32  1  42
11  32  1  72
12  32  1  42
13  32  1  79
14  32  1  29
15  32  1  70
1  33  1  89
2  33  1  10
3  33  1  76
4  33  1  60
5  33  1  85
6  33  1  67
7  33  1  80
8  33  1  90
9  33  1  33
10  33  1  67
11  33  1  40
12  33  1  84
13  33  1  46
14  33  1  63
15  33  1  41
1  34  1  84
2  34  1  16
3  34  1  80
4  34  1  24
5  34  1  79
6  34  1  57
7  34  1  79
8  34  1  43
9  34  1  84
10  34  1  19
11  34  1  29
12  34  1  64
13  34  1  83
14  34  1  65
15  34  1  23
1  35  1  39
2  35  1  40
3  35  1  71
4  35  1  61
5  35  1  58
6  35  1  80
7  35  1  37
8  35  1  79
9  35  1  42
10  35  1  57
11  35  1  86
12  35  1  49
13  35  1  80
14  35  1  17
15  35  1  59
1  36  1  58
2  36  1  31
3  36  1  51
4  36  1  55
5  36  1  50
6  36  1  79
7  36  1  36
8  36  1  47
9  36  1  25
10  36  1  41
11  36  1  37
12  36  1  70
13  36  1  49
14  36  1  57
15  36  1  47
1  37  1  58
2  37  1  25
3  37  1  36
4  37  1  81
5  37  1  12
6  37  1  78
7  37  1  46
8  37  1  66
9  37  1  35
10  37  1  51
11  37  1  50
12  37  1  80
13  37  1  55
14  37  1  28
15  37  1  16
1  38  1  55
2  38  1  82
3  38  1  36
4  38  1  86
5  38  1  40
6  38  1  73
7  38  1  27
8  38  1  45
9  38  1  81
10  38  1  40
11  38  1  72
12  38  1  89
13  38  1  88
14  38  1  18
15  38  1  12
1  39  1  47
2  39  1  59
3  39  1  28
4  39  1  36
5  39  1  50
6  39  1  36
7  39  1  41
8  39  1  27
9  39  1  19
10  39  1  31
11  39  1  11
12  39  1  63
13  39  1  80
14  39  1  22
15  39  1  51
1  40  1  82
2  40  1  26
3  40  1  16
4  40  1  17
5  40  1  50
6  40  1  79
7  40  1  86
8  40  1  57
9  40  1  50
10  40  1  10
11  40  1  34
12  40  1  53
13  40  1  56
14  40  1  26
15  40  1  47
1  41  1  63
2  41  1  73
3  41  1  80
4  41  1  74
5  41  1  64
6  41  1  67
7  41  1  85
8  41  1  48
9  41  1  67
10  41  1  39
11  41  1  83
12  41  1  22
13  41  1  23
14  41  1  84
15  41  1  72
1  42  1  80
2  42  1  82
3  42  1  89
4  42  1  22
5  42  1  66
6  42  1  60
7  42  1  64
8  42  1  79
9  42  1  17
10  42  1  87
11  42  1  11
12  42  1  16
13  42  1  10
14  42  1  21
15  42  1  16
1  43  1  17
2  43  1  34
3  43  1  12
4  43  1  89
5  43  1  62
6  43  1  44
7  43  1  32
8  43  1  27
9  43  1  80
10  43  1  63
11  43  1  18
12  43  1  43
13  43  1  80
14  43  1  16
15  43  1  59
1  44  1  40
2  44  1  61
3  44  1  73
4  44  1  41
5  44  1  87
6  44  1  41
7  44  1  61
8  44  1  60
9  44  1  19
10  44  1  79
11  44  1  17
12  44  1  17
13  44  1  12
14  44  1  11
15  44  1  72
1  45  1  70
2  45  1  30
3  45  1  43
4  45  1  78
5  45  1  63
6  45  1  43
7  45  1  71
8  45  1  48
9  45  1  46
10  45  1  10
11  45  1  21
12  45  1  19
13  45  1  42
14  45  1  31
15  45  1  55
1  46  1  13
2  46  1  44
3  46  1  55
4  46  1  58
5  46  1  75
6  46  1  39
7  46  1  77
8  46  1  85
9  46  1  15
10  46  1  90
11  46  1  42
12  46  1  78
13  46  1  26
14  46  1  47
15  46  1  83
1  47  1  82
2  47  1  61
3  47  1  26
4  47  1  45
5  47  1  80
6  47  1  24
7  47  1  77
8  47  1  28
9  47  1  55
10  47  1  14
11  47  1  39
12  47  1  74
13  47  1  11
14  47  1  45
15  47  1  50
1  48  1  74
2  48  1  50
3  48  1  81
4  48  1  49
5  48  1  43
6  48  1  86
7  48  1  42
8  48  1  59
9  48  1  26
10  48  1  31
11  48  1  34
12  48  1  21
13  48  1  17
14  48  1  60
15  48  1  33
1  49  1  37
2  49  1  68
3  49  1  60
4  49  1  25
5  49  1  74
6  49  1  68
7  49  1  57
8  49  1  83
9  49  1  18
10  49  1  37
11  49  1  32
12  49  1  81
13  49  1  24
14  49  1  37
15  49  1  66
1  50  1  26
2  50  1  55
3  50  1  17
4  50  1  28
5  50  1  35
6  50  1  30
7  50  1  45
8  50  1  78
9  50  1  72
10  50  1  49
11  50  1  32
12  50  1  34
13  50  1  78
14  50  1  17
15  50  1  25
1  51  1  32
2  51  1  79
3  51  1  37
4  51  1  20
5  51  1  72
6  51  1  30
7  51  1  14
8  51  1  81
9  51  1  13
10  51  1  63
11  51  1  37
12  51  1  16
13  51  1  15
14  51  1  86
15  51  1  79
1  52  1  39
2  52  1  76
3  52  1  33
4  52  1  87
5  52  1  68
6  52  1  86
7  52  1  79
8  52  1  26
9  52  1  76
10  52  1  65
11  52  1  28
12  52  1  30
13  52  1  88
14  52  1  20
15  52  1  70
1  53  1  72
2  53  1  37
3  53  1  67
4  53  1  52
5  53  1  75
6  53  1  16
7  53  1  54
8  53  1  80
9  53  1  88
10  53  1  46
11  53  1  77
12  53  1  59
13  53  1  18
14  53  1  34
15  53  1  21
1  54  1  25
2  54  1  76
3  54  1  24
4  54  1  73
5  54  1  61
6  54  1  34
7  54  1  51
8  54  1  31
9  54  1  66
10  54  1  71
11  54  1  71
12  54  1  48
13  54  1  41
14  54  1  16
15  54  1  15
1  55  1  21
2  55  1  44
3  55  1  47
4  55  1  34
5  55  1  48
6  55  1  43
7  55  1  57
8  55  1  28
9  55  1  68
10  55  1  46
11  55  1  57
12  55  1  29
13  55  1  38
14  55  1  27
15  55  1  11
1  56  1  71
2  56  1  41
3  56  1  11
4  56  1  68
5  56  1  44
6  56  1  39
7  56  1  81
8  56  1  79
9  56  1  27
10  56  1  43
11  56  1  85
12  56  1  83
13  56  1  69
14  56  1  82
15  56  1  58
1  57  1  66
2  57  1  36
3  57  1  59
4  57  1  22
5  57  1  50
6  57  1  30
7  57  1  56
8  57  1  23
9  57  1  77
10  57  1  43
11  57  1  76
12  57  1  81
13  57  1  10
14  57  1  83
15  57  1  43
1  58  1  77
2  58  1  68
3  58  1  71
4  58  1  39
5  58  1  40
6  58  1  66
7  58  1  60
8  58  1  31
9  58  1  19
10  58  1  45
11  58  1  88
12  58  1  17
13  58  1  10
14  58  1  89
15  58  1  41
1  59  1  22
2  59  1  85
3  59  1  63
4  59  1  37
5  59  1  69
6  59  1  86
7  59  1  65
8  59  1  51
9  59  1  33
10  59  1  86
11  59  1  30
12  59  1  14
13  59  1  46
14  59  1  66
15  59  1  43
1  60  1  50
2  60  1  44
3  60  1  83
4  60  1  64
5  60  1  57
6  60  1  84
7  60  1  85
8  60  1  46
9  60  1  88
10  60  1  83
11  60  1  12
12  60  1  11
13  60  1  17
14  60  1  19
15  60  1  34
1  61  1  56
2  61  1  65
3  61  1  53
4  61  1  32
5  61  1  59
6  61  1  68
7  61  1  22
8  61  1  90
9  61  1  12
10  61  1  88
11  61  1  15
12  61  1  50
13  61  1  39
14  61  1  33
15  61  1  53
1  62  1  29
2  62  1  77
3  62  1  10
4  62  1  50
5  62  1  26
6  62  1  83
7  62  1  15
8  62  1  30
9  62  1  47
10  62  1  47
11  62  1  58
12  62  1  56
13  62  1  72
14  62  1  22
15  62  1  47
1  63  1  20
2  63  1  90
3  63  1  63
4  63  1  28
5  63  1  66
6  63  1  35
7  63  1  67
8  63  1  67
9  63  1  84
10  63  1  54
11  63  1  23
12  63  1  44
13  63  1  52
14  63  1  14
15  63  1  17
1  64  1  33
2  64  1  19
3  64  1  90
4  64  1  11
5  64  1  20
6  64  1  86
7  64  1  66
8  64  1  43
9  64  1  48
10  64  1  55
11  64  1  18
12  64  1  29
13  64  1  11
14  64  1  24
15  64  1  66
1  65  1  58
2  65  1  38
3  65  1  60
4  65  1  81
5  65  1  39
6  65  1  38
7  65  1  63
8  65  1  58
9  65  1  42
10  65  1  88
11  65  1  57
12  65  1  74
13  65  1  62
14  65  1  67
15  65  1  64
1  66  1  31
2  66  1  78
3  66  1  36
4  66  1  12
5  66  1  12
6  66  1  45
7  66  1  58
8  66  1  38
9  66  1  35
10  66  1  86
11  66  1  73
12  66  1  45
13  66  1  72
14  66  1  48
15  66  1  46
1  67  1  68
2  67  1  41
3  67  1  81
4  67  1  71
5  67  1  85
6  67  1  85
7  67  1  60
8  67  1  34
9  67  1  79
10  67  1  30
11  67  1  36
12  67  1  68
13  67  1  44
14  67  1  85
15  67  1  46
1  68  1  28
2  68  1  57
3  68  1  62
4  68  1  21
5  68  1  56
6  68  1  74
7  68  1  61
8  68  1  33
9  68  1  43
10  68  1  80
11  68  1  79
12  68  1  36
13  68  1  77
14  68  1  61
15  68  1  21
1  69  1  54
2  69  1  22
3  69  1  79
4  69  1  59
5  69  1  78
6  69  1  65
7  69  1  18
8  69  1  68
9  69  1  28
10  69  1  44
11  69  1  73
12  69  1  14
13  69  1  49
14  69  1  36
15  69  1  89
1  70  1  23
2  70  1  26
3  70  1  10
4  70  1  34
5  70  1  86
6  70  1  27
7  70  1  20
8  70  1  45
9  70  1  90
10  70  1  82
11  70  1  51
12  70  1  58
13  70  1  75
14  70  1  38
15  70  1  50
1  71  1  52
2  71  1  15
3  71  1  26
4  71  1  46
5  71  1  16
6  71  1  25
7  71  1  90
8  71  1  76
9  71  1  30
10  71  1  10
11  71  1  40
12  71  1  73
13  71  1  79
14  71  1  63
15  71  1  11
1  72  1  14
2  72  1  27
3  72  1  78
4  72  1  17
5  72  1  21
6  72  1  31
7  72  1  22
8  72  1  18
9  72  1  88
10  72  1  66
11  72  1  11
12  72  1  47
13  72  1  60
14  72  1  18
15  72  1  51
1  73  1  87
2  73  1  30
3  73  1  82
4  73  1  61
5  73  1  88
6  73  1  52
7  73  1  49
8  73  1  44
9  73  1  50
10  73  1  32
11  73  1  66
12  73  1  68
13  73  1  90
14  73  1  75
15  73  1  62
1  74  1  57
2  74  1  83
3  74  1  77
4  74  1  36
5  74  1  49
6  74  1  81
7  74  1  68
8  74  1  54
9  74  1  55
10  74  1  34
11  74  1  79
12  74  1  34
13  74  1  28
14  74  1  46
15  74  1  66
1  75  1  46
2  75  1  35
3  75  1  51
4  75  1  23
5  75  1  64
6  75  1  89
7  75  1  80
8  75  1  74
9  75  1  52
10  75  1  47
11  75  1  48
12  75  1  67
13  75  1  10
14  75  1  40
15  75  1  68
1  76  1  62
2  76  1  19
3  76  1  30
4  76  1  20
5  76  1  45
6  76  1  22
7  76  1  24
8  76  1  29
9  76  1  58
10  76  1  28
11  76  1  70
12  76  1  24
13  76  1  67
14  76  1  67
15  76  1  84
1  77  1  79
2  77  1  46
3  77  1  79
4  77  1  76
5  77  1  85
6  77  1  79
7  77  1  32
8  77  1  61
9  77  1  36
10  77  1  70
11  77  1  25
12  77  1  26
13  77  1  66
14  77  1  33
15  77  1  46
1  78  1  90
2  78  1  66
3  78  1  48
4  78  1  20
5  78  1  67
6  78  1  37
7  78  1  30
8  78  1  89
9  78  1  63
10  78  1  66
11  78  1  40
12  78  1  77
13  78  1  55
14  78  1  18
15  78  1  56
1  79  1  78
2  79  1  35
3  79  1  40
4  79  1  83
5  79  1  65
6  79  1  27
7  79  1  25
8  79  1  73
9  79  1  53
10  79  1  76
11  79  1  87
12  79  1  61
13  79  1  89
14  79  1  67
15  79  1  16
1  80  1  70
2  80  1  70
3  80  1  78
4  80  1  59
5  80  1  63
6  80  1  36
7  80  1  87
8  80  1  65
9  80  1  44
10  80  1  43
11  80  1  20
12  80  1  41
13  80  1  49
14  80  1  56
15  80  1  61
1  81  1  58
2  81  1  10
3  81  1  56
4  81  1  24
5  81  1  53
6  81  1  69
7  81  1  18
8  81  1  15
9  81  1  12
10  81  1  57
11  81  1  13
12  81  1  57
13  81  1  79
14  81  1  31
15  81  1  52
1  82  1  68
2  82  1  47
3  82  1  32
4  82  1  84
5  82  1  24
6  82  1  85
7  82  1  10
8  82  1  19
9  82  1  61
10  82  1  10
11  82  1  11
12  82  1  30
13  82  1  36
14  82  1  62
15  82  1  60
1  83  1  40
2  83  1  37
3  83  1  56
4  83  1  40
5  83  1  89
6  83  1  56
7  83  1  31
8  83  1  82
9  83  1  20
10  83  1  71
11  83  1  37
12  83  1  68
13  83  1  82
14  83  1  63
15  83  1  38
1  84  1  27
2  84  1  29
3  84  1  82
4  84  1  36
5  84  1  71
6  84  1  15
7  84  1  27
8  84  1  31
9  84  1  15
10  84  1  67
11  84  1  49
12  84  1  19
13  84  1  54
14  84  1  27
15  84  1  11
1  85  1  72
2  85  1  60
3  85  1  59
4  85  1  33
5  85  1  31
6  85  1  23
7  85  1  82
8  85  1  22
9  85  1  31
10  85  1  67
11  85  1  51
12  85  1  44
13  85  1  47
14  85  1  55
15  85  1  58
1  86  1  89
2  86  1  86
3  86  1  65
4  86  1  68
5  86  1  60
6  86  1  14
7  86  1  40
8  86  1  42
9  86  1  83
10  86  1  33
11  86  1  82
12  86  1  45
13  86  1  32
14  86  1  51
15  86  1  68
1  87  1  32
2  87  1  44
3  87  1  84
4  87  1  90
5  87  1  82
6  87  1  63
7  87  1  81
8  87  1  52
9  87  1  17
10  87  1  63
11  87  1  44
12  87  1  70
13  87  1  44
14  87  1  58
15  87  1  21
1  88  1  53
2  88  1  63
3  88  1  82
4  88  1  59
5  88  1  77
6  88  1  88
7  88  1  72
8  88  1  19
9  88  1  56
10  88  1  23
11  88  1  25
12  88  1  85
13  88  1  41
14  88  1  31
15  88  1  53
1  89  1  35
2  89  1  61
3  89  1  72
4  89  1  51
5  89  1  63
6  89  1  19
7  89  1  60
8  89  1  66
9  89  1  30
10  89  1  58
11  89  1  31
12  89  1  17
13  89  1  46
14  89  1  33
15  89  1  55
1  90  1  38
2  90  1  26
3  90  1  89
4  90  1  67
5  90  1  72
6  90  1  64
7  90  1  57
8  90  1  29
9  90  1  59
10  90  1  27
11  90  1  46
12  90  1  86
13  90  1  12
14  90  1  33
15  90  1  19
1  91  1  56
2  91  1  84
3  91  1  54
4  91  1  18
5  91  1  76
6  91  1  11
7  91  1  62
8  91  1  81
9  91  1  28
10  91  1  16
11  91  1  53
12  91  1  73
13  91  1  36
14  91  1  11
15  91  1  28
1  92  1  34
2  92  1  66
3  92  1  50
4  92  1  90
5  92  1  29
6  92  1  87
7  92  1  39
8  92  1  58
9  92  1  30
10  92  1  54
11  92  1  52
12  92  1  66
13  92  1  54
14  92  1  69
15  92  1  12
1  93  1  70
2  93  1  86
3  93  1  14
4  93  1  29
5  93  1  70
6  93  1  67
7  93  1  17
8  93  1  86
9  93  1  70
10  93  1  67
11  93  1  65
12  93  1  51
13  93  1  12
14  93  1  48
15  93  1  86
1  94  1  20
2  94  1  78
3  94  1  44
4  94  1  89
5  94  1  53
6  94  1  62
7  94  1  44
8  94  1  71
9  94  1  60
10  94  1  60
11  94  1  28
12  94  1  83
13  94  1  71
14  94  1  75
15  94  1  19
1  95  1  23
2  95  1  54
3  95  1  76
4  95  1  55
5  95  1  83
6  95  1  51
7  95  1  16
8  95  1  46
9  95  1  73
10  95  1  11
11  95  1  74
12  95  1  16
13  95  1  16
14  95  1  31
15  95  1  69
1  96  1  21
2  96  1  58
3  96  1  32
4  96  1  25
5  96  1  49
6  96  1  15
7  96  1  27
8  96  1  75
9  96  1  60
10  96  1  14
11  96  1  17
12  96  1  29
13  96  1  21
14  96  1  24
15  96  1  16
1  97  1  64
2  97  1  81
3  97  1  51
4  97  1  26
5  97  1  62
6  97  1  49
7  97  1  53
8  97  1  15
9  97  1  15
10  97  1  73
11  97  1  88
12  97  1  12
13  97  1  69
14  97  1  16
15  97  1  81
1  98  1  74
2  98  1  23
3  98  1  25
4  98  1  40
5  98  1  27
6  98  1  84
7  98  1  35
8  98  1  56
9  98  1  90
10  98  1  31
11  98  1  22
12  98  1  66
13  98  1  77
14  98  1  72
15  98  1  85
1  99  1  79
2  99  1  56
3  99  1  13
4  99  1  64
5  99  1  18
6  99  1  20
7  99  1  78
8  99  1  30
9  99  1  24
10  99  1  83
11  99  1  73
12  99  1  19
13  99  1  54
14  99  1  16
15  99  1  30
1  100  1  44
2  100  1  30
3  100  1  73
4  100  1  57
5  100  1  25
6  100  1  13
7  100  1  65
8  100  1  52
9  100  1  59
10  100  1  74
11  100  1  54
12  100  1  51
13  100  1  17
14  100  1  34
15  100  1  81
1  1  2  30.8
2  1  2  29.89
3  1  2  9.46
4  1  2  36.96
5  1  2  9.24
6  1  2  5.5
7  1  2  11.76
8  1  2  33.04
9  1  2  15.48
10  1  2  25.8
11  1  2  21.62
12  1  2  38.7
13  1  2  22.26
14  1  2  26.88
15  1  2  42.33
1  2  2  46.75
2  2  2  43.61
3  2  2  22.36
4  2  2  26.04
5  2  2  16.38
6  2  2  19.8
7  2  2  8.96
8  2  2  19.6
9  2  2  27.95
10  2  2  14.62
11  2  2  39.1
12  2  2  33.54
13  2  2  47.7
14  2  2  45.92
15  2  2  32.64
1  3  2  45.1
2  3  2  24.99
3  3  2  38.27
4  3  2  35.7
5  3  2  11.76
6  3  2  46.75
7  3  2  17.92
8  3  2  7.84
9  3  2  12.9
10  3  2  15.48
11  3  2  32.2
12  3  2  18.49
13  3  2  20.14
14  3  2  30.24
15  3  2  32.64
1  4  2  37.4
2  4  2  31.36
3  4  2  27.95
4  4  2  18.48
5  4  2  35.28
6  4  2  39.05
7  4  2  20.72
8  4  2  18.48
9  4  2  36.55
10  4  2  33.97
11  4  2  38.64
12  4  2  9.46
13  4  2  24.38
14  4  2  8.96
15  4  2  45.9
1  5  2  18.15
2  5  2  29.89
3  5  2  10.32
4  5  2  36.96
5  5  2  29.4
6  5  2  47.3
7  5  2  29.12
8  5  2  45.36
9  5  2  34.83
10  5  2  30.1
11  5  2  39.1
12  5  2  16.77
13  5  2  44.52
14  5  2  26.88
15  5  2  30.6
1  6  2  14.3
2  6  2  26.95
3  6  2  21.07
4  6  2  11.76
5  6  2  35.28
6  6  2  37.95
7  6  2  8.96
8  6  2  45.92
9  6  2  16.34
10  6  2  18.49
11  6  2  17.94
12  6  2  7.31
13  6  2  27.56
14  6  2  28
15  6  2  39.27
1  7  2  12.1
2  7  2  34.3
3  7  2  6.45
4  7  2  6.72
5  7  2  30.66
6  7  2  36.3
7  7  2  25.76
8  7  2  48.16
9  7  2  33.97
10  7  2  12.47
11  7  2  41.4
12  7  2  9.46
13  7  2  27.03
14  7  2  43.68
15  7  2  10.2
1  8  2  49.5
2  8  2  24.01
3  8  2  15.48
4  8  2  14.7
5  8  2  19.74
6  8  2  26.95
7  8  2  45.36
8  8  2  48.16
9  8  2  33.11
10  8  2  32.25
11  8  2  31.74
12  8  2  19.35
13  8  2  29.68
14  8  2  5.6
15  8  2  43.35
1  9  2  6.6
2  9  2  29.4
3  9  2  27.95
4  9  2  8.4
5  9  2  31.5
6  9  2  48.4
7  9  2  12.88
8  9  2  49.28
9  9  2  11.18
10  9  2  13.76
11  9  2  36.8
12  9  2  16.77
13  9  2  25.97
14  9  2  37.52
15  9  2  35.7
1  10  2  48.4
2  10  2  36.26
3  10  2  27.95
4  10  2  22.26
5  10  2  11.76
6  10  2  47.3
7  10  2  12.88
8  10  2  19.04
9  10  2  17.2
10  10  2  16.77
11  10  2  6.9
12  10  2  10.75
13  10  2  39.22
14  10  2  21.28
15  10  2  16.32
1  11  2  17.05
2  11  2  8.82
3  11  2  33.97
4  11  2  5.04
5  11  2  13.02
6  11  2  8.8
7  11  2  15.68
8  11  2  6.16
9  11  2  25.37
10  11  2  37.41
11  11  2  35.42
12  11  2  15.48
13  11  2  15.9
14  11  2  36.96
15  11  2  25.5
1  12  2  22
2  12  2  20.09
3  12  2  38.27
4  12  2  28.98
5  12  2  16.38
6  12  2  30.25
7  12  2  10.08
8  12  2  31.36
9  12  2  7.74
10  12  2  22.36
11  12  2  40.94
12  12  2  28.38
13  12  2  37.63
14  12  2  24.08
15  12  2  40.8
1  13  2  44.55
2  13  2  20.58
3  13  2  31.39
4  13  2  15.12
5  13  2  12.6
6  13  2  39.6
7  13  2  6.72
8  13  2  30.24
9  13  2  29.24
10  13  2  32.25
11  13  2  26.22
12  13  2  21.93
13  13  2  23.32
14  13  2  29.12
15  13  2  35.7
1  14  2  7.7
2  14  2  13.23
3  14  2  27.09
4  14  2  19.32
5  14  2  20.58
6  14  2  38.5
7  14  2  29.68
8  14  2  32.48
9  14  2  4.73
10  14  2  15.91
11  14  2  26.22
12  14  2  20.21
13  14  2  16.43
14  14  2  44.8
15  14  2  39.27
1  15  2  38.5
2  15  2  8.33
3  15  2  26.23
4  15  2  24.36
5  15  2  27.72
6  15  2  17.05
7  15  2  28.56
8  15  2  25.2
9  15  2  32.25
10  15  2  6.45
11  15  2  25.76
12  15  2  23.65
13  15  2  25.97
14  15  2  29.12
15  15  2  26.01
1  16  2  18.7
2  16  2  26.95
3  16  2  31.39
4  16  2  13.02
5  16  2  17.22
6  16  2  20.9
7  16  2  43.12
8  16  2  34.72
9  16  2  19.78
10  16  2  30.53
11  16  2  29.9
12  16  2  6.02
13  16  2  30.21
14  16  2  49.28
15  16  2  6.63
1  17  2  27.5
2  17  2  13.23
3  17  2  20.21
4  17  2  11.34
5  17  2  21.42
6  17  2  17.05
7  17  2  38.08
8  17  2  24.08
9  17  2  35.69
10  17  2  19.35
11  17  2  37.72
12  17  2  28.81
13  17  2  47.17
14  17  2  44.24
15  17  2  42.33
1  18  2  29.15
2  18  2  5.39
3  18  2  37.84
4  18  2  5.88
5  18  2  10.92
6  18  2  26.95
7  18  2  27.44
8  18  2  14
9  18  2  24.08
10  18  2  17.63
11  18  2  13.34
12  18  2  12.9
13  18  2  25.44
14  18  2  35.28
15  18  2  28.05
1  19  2  26.95
2  19  2  28.91
3  19  2  14.62
4  19  2  26.46
5  19  2  13.02
6  19  2  22
7  19  2  13.44
8  19  2  17.92
9  19  2  12.9
10  19  2  17.63
11  19  2  36.34
12  19  2  26.23
13  19  2  36.57
14  19  2  12.32
15  19  2  15.81
1  20  2  12.65
2  20  2  8.82
3  20  2  16.77
4  20  2  24.78
5  20  2  10.08
6  20  2  39.6
7  20  2  7.84
8  20  2  5.6
9  20  2  27.95
10  20  2  33.97
11  20  2  40.02
12  20  2  16.77
13  20  2  22.26
14  20  2  27.44
15  20  2  11.73
1  21  2  8.25
2  21  2  18.62
3  21  2  11.18
4  21  2  33.18
5  21  2  9.66
6  21  2  22.55
7  21  2  7.28
8  21  2  8.4
9  21  2  23.65
10  21  2  20.21
11  21  2  8.74
12  21  2  7.74
13  21  2  24.91
14  21  2  30.24
15  21  2  37.23
1  22  2  34.1
2  22  2  28.42
3  22  2  8.6
4  22  2  25.2
5  22  2  18.9
6  22  2  48.95
7  22  2  44.24
8  22  2  19.04
9  22  2  19.78
10  22  2  21.93
11  22  2  40.94
12  22  2  8.17
13  22  2  41.34
14  22  2  7.28
15  22  2  34.17
1  23  2  29.7
2  23  2  12.74
3  23  2  27.95
4  23  2  23.1
5  23  2  37.8
6  23  2  37.95
7  23  2  36.4
8  23  2  27.44
9  23  2  7.74
10  23  2  6.88
11  23  2  40.94
12  23  2  8.17
13  23  2  34.98
14  23  2  20.16
15  23  2  25.5
1  24  2  34.65
2  24  2  27.93
3  24  2  4.3
4  24  2  18.06
5  24  2  10.08
6  24  2  20.35
7  24  2  7.28
8  24  2  13.44
9  24  2  28.81
10  24  2  35.69
11  24  2  8.74
12  24  2  35.26
13  24  2  33.92
14  24  2  31.92
15  24  2  45.39
1  25  2  22.55
2  25  2  38.71
3  25  2  22.36
4  25  2  26.04
5  25  2  22.68
6  25  2  11.55
7  25  2  28
8  25  2  19.04
9  25  2  24.08
10  25  2  38.7
11  25  2  31.74
12  25  2  8.6
13  25  2  37.1
14  25  2  18.48
15  25  2  15.3
1  26  2  26.4
2  26  2  42.14
3  26  2  28.38
4  26  2  16.38
5  26  2  35.7
6  26  2  6.05
7  26  2  20.72
8  26  2  6.72
9  26  2  36.98
10  26  2  13.76
11  26  2  22.54
12  26  2  29.67
13  26  2  26.5
14  26  2  43.68
15  26  2  29.07
1  27  2  46.2
2  27  2  11.76
3  27  2  32.68
4  27  2  28.14
5  27  2  26.46
6  27  2  6.6
7  27  2  15.12
8  27  2  44.24
9  27  2  11.61
10  27  2  38.27
11  27  2  24.38
12  27  2  18.92
13  27  2  39.75
14  27  2  21.84
15  27  2  31.11
1  28  2  19.25
2  28  2  12.25
3  28  2  37.41
4  28  2  10.92
5  28  2  32.76
6  28  2  7.15
7  28  2  47.6
8  28  2  16.24
9  28  2  11.61
10  28  2  22.79
11  28  2  35.88
12  28  2  27.95
13  28  2  6.36
14  28  2  8.96
15  28  2  8.67
1  29  2  35.75
2  29  2  9.8
3  29  2  37.84
4  29  2  18.9
5  29  2  16.8
6  29  2  35.75
7  29  2  8.4
8  29  2  25.76
9  29  2  9.03
10  29  2  15.48
11  29  2  32.66
12  29  2  30.53
13  29  2  11.13
14  29  2  29.68
15  29  2  32.64
1  30  2  24.2
2  30  2  24.99
3  30  2  26.23
4  30  2  30.66
5  30  2  23.52
6  30  2  39.6
7  30  2  49.84
8  30  2  12.88
9  30  2  31.39
10  30  2  16.77
11  30  2  19.32
12  30  2  13.76
13  30  2  23.85
14  30  2  10.08
15  30  2  36.72
1  31  2  24.2
2  31  2  13.23
3  31  2  18.06
4  31  2  14.28
5  31  2  13.44
6  31  2  30.25
7  31  2  34.16
8  31  2  12.32
9  31  2  15.05
10  31  2  16.34
11  31  2  39.56
12  31  2  19.35
13  31  2  12.72
14  31  2  25.2
15  31  2  11.73
1  32  2  23.1
2  32  2  41.65
3  32  2  16.34
4  32  2  28.56
5  32  2  11.76
6  32  2  12.1
7  32  2  31.92
8  32  2  42.56
9  32  2  27.95
10  32  2  18.06
11  32  2  33.12
12  32  2  18.06
13  32  2  41.87
14  32  2  16.24
15  32  2  35.7
1  33  2  48.95
2  33  2  4.9
3  33  2  32.68
4  33  2  25.2
5  33  2  35.7
6  33  2  36.85
7  33  2  44.8
8  33  2  50.4
9  33  2  14.19
10  33  2  28.81
11  33  2  18.4
12  33  2  36.12
13  33  2  24.38
14  33  2  35.28
15  33  2  20.91
1  34  2  46.2
2  34  2  7.84
3  34  2  34.4
4  34  2  10.08
5  34  2  33.18
6  34  2  31.35
7  34  2  44.24
8  34  2  24.08
9  34  2  36.12
10  34  2  8.17
11  34  2  13.34
12  34  2  27.52
13  34  2  43.99
14  34  2  36.4
15  34  2  11.73
1  35  2  21.45
2  35  2  19.6
3  35  2  30.53
4  35  2  25.62
5  35  2  24.36
6  35  2  44
7  35  2  20.72
8  35  2  44.24
9  35  2  18.06
10  35  2  24.51
11  35  2  39.56
12  35  2  21.07
13  35  2  42.4
14  35  2  9.52
15  35  2  30.09
1  36  2  31.9
2  36  2  15.19
3  36  2  21.93
4  36  2  23.1
5  36  2  21
6  36  2  43.45
7  36  2  20.16
8  36  2  26.32
9  36  2  10.75
10  36  2  17.63
11  36  2  17.02
12  36  2  30.1
13  36  2  25.97
14  36  2  31.92
15  36  2  23.97
1  37  2  31.9
2  37  2  12.25
3  37  2  15.48
4  37  2  34.02
5  37  2  5.04
6  37  2  42.9
7  37  2  25.76
8  37  2  36.96
9  37  2  15.05
10  37  2  21.93
11  37  2  23
12  37  2  34.4
13  37  2  29.15
14  37  2  15.68
15  37  2  8.16
1  38  2  30.25
2  38  2  40.18
3  38  2  15.48
4  38  2  36.12
5  38  2  16.8
6  38  2  40.15
7  38  2  15.12
8  38  2  25.2
9  38  2  34.83
10  38  2  17.2
11  38  2  33.12
12  38  2  38.27
13  38  2  46.64
14  38  2  10.08
15  38  2  6.12
1  39  2  25.85
2  39  2  28.91
3  39  2  12.04
4  39  2  15.12
5  39  2  21
6  39  2  19.8
7  39  2  22.96
8  39  2  15.12
9  39  2  8.17
10  39  2  13.33
11  39  2  5.06
12  39  2  27.09
13  39  2  42.4
14  39  2  12.32
15  39  2  26.01
1  40  2  45.1
2  40  2  12.74
3  40  2  6.88
4  40  2  7.14
5  40  2  21
6  40  2  43.45
7  40  2  48.16
8  40  2  31.92
9  40  2  21.5
10  40  2  4.3
11  40  2  15.64
12  40  2  22.79
13  40  2  29.68
14  40  2  14.56
15  40  2  23.97
1  41  2  34.65
2  41  2  35.77
3  41  2  34.4
4  41  2  31.08
5  41  2  26.88
6  41  2  36.85
7  41  2  47.6
8  41  2  26.88
9  41  2  28.81
10  41  2  16.77
11  41  2  38.18
12  41  2  9.46
13  41  2  12.19
14  41  2  47.04
15  41  2  36.72
1  42  2  44
2  42  2  40.18
3  42  2  38.27
4  42  2  9.24
5  42  2  27.72
6  42  2  33
7  42  2  35.84
8  42  2  44.24
9  42  2  7.31
10  42  2  37.41
11  42  2  5.06
12  42  2  6.88
13  42  2  5.3
14  42  2  11.76
15  42  2  8.16
1  43  2  9.35
2  43  2  16.66
3  43  2  5.16
4  43  2  37.38
5  43  2  26.04
6  43  2  24.2
7  43  2  17.92
8  43  2  15.12
9  43  2  34.4
10  43  2  27.09
11  43  2  8.28
12  43  2  18.49
13  43  2  42.4
14  43  2  8.96
15  43  2  30.09
1  44  2  22
2  44  2  29.89
3  44  2  31.39
4  44  2  17.22
5  44  2  36.54
6  44  2  22.55
7  44  2  34.16
8  44  2  33.6
9  44  2  8.17
10  44  2  33.97
11  44  2  7.82
12  44  2  7.31
13  44  2  6.36
14  44  2  6.16
15  44  2  36.72
1  45  2  38.5
2  45  2  14.7
3  45  2  18.49
4  45  2  32.76
5  45  2  26.46
6  45  2  23.65
7  45  2  39.76
8  45  2  26.88
9  45  2  19.78
10  45  2  4.3
11  45  2  9.66
12  45  2  8.17
13  45  2  22.26
14  45  2  17.36
15  45  2  28.05
1  46  2  7.15
2  46  2  21.56
3  46  2  23.65
4  46  2  24.36
5  46  2  31.5
6  46  2  21.45
7  46  2  43.12
8  46  2  47.6
9  46  2  6.45
10  46  2  38.7
11  46  2  19.32
12  46  2  33.54
13  46  2  13.78
14  46  2  26.32
15  46  2  42.33
1  47  2  45.1
2  47  2  29.89
3  47  2  11.18
4  47  2  18.9
5  47  2  33.6
6  47  2  13.2
7  47  2  43.12
8  47  2  15.68
9  47  2  23.65
10  47  2  6.02
11  47  2  17.94
12  47  2  31.82
13  47  2  5.83
14  47  2  25.2
15  47  2  25.5
1  48  2  40.7
2  48  2  24.5
3  48  2  34.83
4  48  2  20.58
5  48  2  18.06
6  48  2  47.3
7  48  2  23.52
8  48  2  33.04
9  48  2  11.18
10  48  2  13.33
11  48  2  15.64
12  48  2  9.03
13  48  2  9.01
14  48  2  33.6
15  48  2  16.83
1  49  2  20.35
2  49  2  33.32
3  49  2  25.8
4  49  2  10.5
5  49  2  31.08
6  49  2  37.4
7  49  2  31.92
8  49  2  46.48
9  49  2  7.74
10  49  2  15.91
11  49  2  14.72
12  49  2  34.83
13  49  2  12.72
14  49  2  20.72
15  49  2  33.66
1  50  2  14.3
2  50  2  26.95
3  50  2  7.31
4  50  2  11.76
5  50  2  14.7
6  50  2  16.5
7  50  2  25.2
8  50  2  43.68
9  50  2  30.96
10  50  2  21.07
11  50  2  14.72
12  50  2  14.62
13  50  2  41.34
14  50  2  9.52
15  50  2  12.75
1  51  2  17.6
2  51  2  38.71
3  51  2  15.91
4  51  2  8.4
5  51  2  30.24
6  51  2  16.5
7  51  2  7.84
8  51  2  45.36
9  51  2  5.59
10  51  2  27.09
11  51  2  17.02
12  51  2  6.88
13  51  2  7.95
14  51  2  48.16
15  51  2  40.29
1  52  2  21.45
2  52  2  37.24
3  52  2  14.19
4  52  2  36.54
5  52  2  28.56
6  52  2  47.3
7  52  2  44.24
8  52  2  14.56
9  52  2  32.68
10  52  2  27.95
11  52  2  12.88
12  52  2  12.9
13  52  2  46.64
14  52  2  11.2
15  52  2  35.7
1  53  2  39.6
2  53  2  18.13
3  53  2  28.81
4  53  2  21.84
5  53  2  31.5
6  53  2  8.8
7  53  2  30.24
8  53  2  44.8
9  53  2  37.84
10  53  2  19.78
11  53  2  35.42
12  53  2  25.37
13  53  2  9.54
14  53  2  19.04
15  53  2  10.71
1  54  2  13.75
2  54  2  37.24
3  54  2  10.32
4  54  2  30.66
5  54  2  25.62
6  54  2  18.7
7  54  2  28.56
8  54  2  17.36
9  54  2  28.38
10  54  2  30.53
11  54  2  32.66
12  54  2  20.64
13  54  2  21.73
14  54  2  8.96
15  54  2  7.65
1  55  2  11.55
2  55  2  21.56
3  55  2  20.21
4  55  2  14.28
5  55  2  20.16
6  55  2  23.65
7  55  2  31.92
8  55  2  15.68
9  55  2  29.24
10  55  2  19.78
11  55  2  26.22
12  55  2  12.47
13  55  2  20.14
14  55  2  15.12
15  55  2  5.61
1  56  2  39.05
2  56  2  20.09
3  56  2  4.73
4  56  2  28.56
5  56  2  18.48
6  56  2  21.45
7  56  2  45.36
8  56  2  44.24
9  56  2  11.61
10  56  2  18.49
11  56  2  39.1
12  56  2  35.69
13  56  2  36.57
14  56  2  45.92
15  56  2  29.58
1  57  2  36.3
2  57  2  17.64
3  57  2  25.37
4  57  2  9.24
5  57  2  21
6  57  2  16.5
7  57  2  31.36
8  57  2  12.88
9  57  2  33.11
10  57  2  18.49
11  57  2  34.96
12  57  2  34.83
13  57  2  5.3
14  57  2  46.48
15  57  2  21.93
1  58  2  42.35
2  58  2  33.32
3  58  2  30.53
4  58  2  16.38
5  58  2  16.8
6  58  2  36.3
7  58  2  33.6
8  58  2  17.36
9  58  2  8.17
10  58  2  19.35
11  58  2  40.48
12  58  2  7.31
13  58  2  5.3
14  58  2  49.84
15  58  2  20.91
1  59  2  12.1
2  59  2  41.65
3  59  2  27.09
4  59  2  15.54
5  59  2  28.98
6  59  2  47.3
7  59  2  36.4
8  59  2  28.56
9  59  2  14.19
10  59  2  36.98
11  59  2  13.8
12  59  2  6.02
13  59  2  24.38
14  59  2  36.96
15  59  2  21.93
1  60  2  27.5
2  60  2  21.56
3  60  2  35.69
4  60  2  26.88
5  60  2  23.94
6  60  2  46.2
7  60  2  47.6
8  60  2  25.76
9  60  2  37.84
10  60  2  35.69
11  60  2  5.52
12  60  2  4.73
13  60  2  9.01
14  60  2  10.64
15  60  2  17.34
1  61  2  30.8
2  61  2  31.85
3  61  2  22.79
4  61  2  13.44
5  61  2  24.78
6  61  2  37.4
7  61  2  12.32
8  61  2  50.4
9  61  2  5.16
10  61  2  37.84
11  61  2  6.9
12  61  2  21.5
13  61  2  20.67
14  61  2  18.48
15  61  2  27.03
1  62  2  15.95
2  62  2  37.73
3  62  2  4.3
4  62  2  21
5  62  2  10.92
6  62  2  45.65
7  62  2  8.4
8  62  2  16.8
9  62  2  20.21
10  62  2  20.21
11  62  2  26.68
12  62  2  24.08
13  62  2  38.16
14  62  2  12.32
15  62  2  23.97
1  63  2  11
2  63  2  44.1
3  63  2  27.09
4  63  2  11.76
5  63  2  27.72
6  63  2  19.25
7  63  2  37.52
8  63  2  37.52
9  63  2  36.12
10  63  2  23.22
11  63  2  10.58
12  63  2  18.92
13  63  2  27.56
14  63  2  7.84
15  63  2  8.67
1  64  2  18.15
2  64  2  9.31
3  64  2  38.7
4  64  2  4.62
5  64  2  8.4
6  64  2  47.3
7  64  2  36.96
8  64  2  24.08
9  64  2  20.64
10  64  2  23.65
11  64  2  8.28
12  64  2  12.47
13  64  2  5.83
14  64  2  13.44
15  64  2  33.66
1  65  2  31.9
2  65  2  18.62
3  65  2  25.8
4  65  2  34.02
5  65  2  16.38
6  65  2  20.9
7  65  2  35.28
8  65  2  32.48
9  65  2  18.06
10  65  2  37.84
11  65  2  26.22
12  65  2  31.82
13  65  2  32.86
14  65  2  37.52
15  65  2  32.64
1  66  2  17.05
2  66  2  38.22
3  66  2  15.48
4  66  2  5.04
5  66  2  5.04
6  66  2  24.75
7  66  2  32.48
8  66  2  21.28
9  66  2  15.05
10  66  2  36.98
11  66  2  33.58
12  66  2  19.35
13  66  2  38.16
14  66  2  26.88
15  66  2  23.46
1  67  2  37.4
2  67  2  20.09
3  67  2  34.83
4  67  2  29.82
5  67  2  35.7
6  67  2  46.75
7  67  2  33.6
8  67  2  19.04
9  67  2  33.97
10  67  2  12.9
11  67  2  16.56
12  67  2  29.24
13  67  2  23.32
14  67  2  47.6
15  67  2  23.46
1  68  2  15.4
2  68  2  27.93
3  68  2  26.66
4  68  2  8.82
5  68  2  23.52
6  68  2  40.7
7  68  2  34.16
8  68  2  18.48
9  68  2  18.49
10  68  2  34.4
11  68  2  36.34
12  68  2  15.48
13  68  2  40.81
14  68  2  34.16
15  68  2  10.71
1  69  2  29.7
2  69  2  10.78
3  69  2  33.97
4  69  2  24.78
5  69  2  32.76
6  69  2  35.75
7  69  2  10.08
8  69  2  38.08
9  69  2  12.04
10  69  2  18.92
11  69  2  33.58
12  69  2  6.02
13  69  2  25.97
14  69  2  20.16
15  69  2  45.39
1  70  2  12.65
2  70  2  12.74
3  70  2  4.3
4  70  2  14.28
5  70  2  36.12
6  70  2  14.85
7  70  2  11.2
8  70  2  25.2
9  70  2  38.7
10  70  2  35.26
11  70  2  23.46
12  70  2  24.94
13  70  2  39.75
14  70  2  21.28
15  70  2  25.5
1  71  2  28.6
2  71  2  7.35
3  71  2  11.18
4  71  2  19.32
5  71  2  6.72
6  71  2  13.75
7  71  2  50.4
8  71  2  42.56
9  71  2  12.9
10  71  2  4.3
11  71  2  18.4
12  71  2  31.39
13  71  2  41.87
14  71  2  35.28
15  71  2  5.61
1  72  2  7.7
2  72  2  13.23
3  72  2  33.54
4  72  2  7.14
5  72  2  8.82
6  72  2  17.05
7  72  2  12.32
8  72  2  10.08
9  72  2  37.84
10  72  2  28.38
11  72  2  5.06
12  72  2  20.21
13  72  2  31.8
14  72  2  10.08
15  72  2  26.01
1  73  2  47.85
2  73  2  14.7
3  73  2  35.26
4  73  2  25.62
5  73  2  36.96
6  73  2  28.6
7  73  2  27.44
8  73  2  24.64
9  73  2  21.5
10  73  2  13.76
11  73  2  30.36
12  73  2  29.24
13  73  2  47.7
14  73  2  42
15  73  2  31.62
1  74  2  31.35
2  74  2  40.67
3  74  2  33.11
4  74  2  15.12
5  74  2  20.58
6  74  2  44.55
7  74  2  38.08
8  74  2  30.24
9  74  2  23.65
10  74  2  14.62
11  74  2  36.34
12  74  2  14.62
13  74  2  14.84
14  74  2  25.76
15  74  2  33.66
1  75  2  25.3
2  75  2  17.15
3  75  2  21.93
4  75  2  9.66
5  75  2  26.88
6  75  2  48.95
7  75  2  44.8
8  75  2  41.44
9  75  2  22.36
10  75  2  20.21
11  75  2  22.08
12  75  2  28.81
13  75  2  5.3
14  75  2  22.4
15  75  2  34.68
1  76  2  34.1
2  76  2  9.31
3  76  2  12.9
4  76  2  8.4
5  76  2  18.9
6  76  2  12.1
7  76  2  13.44
8  76  2  16.24
9  76  2  24.94
10  76  2  12.04
11  76  2  32.2
12  76  2  10.32
13  76  2  35.51
14  76  2  37.52
15  76  2  42.84
1  77  2  43.45
2  77  2  22.54
3  77  2  33.97
4  77  2  31.92
5  77  2  35.7
6  77  2  43.45
7  77  2  17.92
8  77  2  34.16
9  77  2  15.48
10  77  2  30.1
11  77  2  11.5
12  77  2  11.18
13  77  2  34.98
14  77  2  18.48
15  77  2  23.46
1  78  2  49.5
2  78  2  32.34
3  78  2  20.64
4  78  2  8.4
5  78  2  28.14
6  78  2  20.35
7  78  2  16.8
8  78  2  49.84
9  78  2  27.09
10  78  2  28.38
11  78  2  18.4
12  78  2  33.11
13  78  2  29.15
14  78  2  10.08
15  78  2  28.56
1  79  2  42.9
2  79  2  17.15
3  79  2  17.2
4  79  2  34.86
5  79  2  27.3
6  79  2  14.85
7  79  2  14
8  79  2  40.88
9  79  2  22.79
10  79  2  32.68
11  79  2  40.02
12  79  2  26.23
13  79  2  47.17
14  79  2  37.52
15  79  2  8.16
1  80  2  38.5
2  80  2  34.3
3  80  2  33.54
4  80  2  24.78
5  80  2  26.46
6  80  2  19.8
7  80  2  48.72
8  80  2  36.4
9  80  2  18.92
10  80  2  18.49
11  80  2  9.2
12  80  2  17.63
13  80  2  25.97
14  80  2  31.36
15  80  2  31.11
1  81  2  31.9
2  81  2  4.9
3  81  2  24.08
4  81  2  10.08
5  81  2  22.26
6  81  2  37.95
7  81  2  10.08
8  81  2  8.4
9  81  2  5.16
10  81  2  24.51
11  81  2  5.98
12  81  2  24.51
13  81  2  41.87
14  81  2  17.36
15  81  2  26.52
1  82  2  37.4
2  82  2  23.03
3  82  2  13.76
4  82  2  35.28
5  82  2  10.08
6  82  2  46.75
7  82  2  5.6
8  82  2  10.64
9  82  2  26.23
10  82  2  4.3
11  82  2  5.06
12  82  2  12.9
13  82  2  19.08
14  82  2  34.72
15  82  2  30.6
1  83  2  22
2  83  2  18.13
3  83  2  24.08
4  83  2  16.8
5  83  2  37.38
6  83  2  30.8
7  83  2  17.36
8  83  2  45.92
9  83  2  8.6
10  83  2  30.53
11  83  2  17.02
12  83  2  29.24
13  83  2  43.46
14  83  2  35.28
15  83  2  19.38
1  84  2  14.85
2  84  2  14.21
3  84  2  35.26
4  84  2  15.12
5  84  2  29.82
6  84  2  8.25
7  84  2  15.12
8  84  2  17.36
9  84  2  6.45
10  84  2  28.81
11  84  2  22.54
12  84  2  8.17
13  84  2  28.62
14  84  2  15.12
15  84  2  5.61
1  85  2  39.6
2  85  2  29.4
3  85  2  25.37
4  85  2  13.86
5  85  2  13.02
6  85  2  12.65
7  85  2  45.92
8  85  2  12.32
9  85  2  13.33
10  85  2  28.81
11  85  2  23.46
12  85  2  18.92
13  85  2  24.91
14  85  2  30.8
15  85  2  29.58
1  86  2  48.95
2  86  2  42.14
3  86  2  27.95
4  86  2  28.56
5  86  2  25.2
6  86  2  7.7
7  86  2  22.4
8  86  2  23.52
9  86  2  35.69
10  86  2  14.19
11  86  2  37.72
12  86  2  19.35
13  86  2  16.96
14  86  2  28.56
15  86  2  34.68
1  87  2  17.6
2  87  2  21.56
3  87  2  36.12
4  87  2  37.8
5  87  2  34.44
6  87  2  34.65
7  87  2  45.36
8  87  2  29.12
9  87  2  7.31
10  87  2  27.09
11  87  2  20.24
12  87  2  30.1
13  87  2  23.32
14  87  2  32.48
15  87  2  10.71
1  88  2  29.15
2  88  2  30.87
3  88  2  35.26
4  88  2  24.78
5  88  2  32.34
6  88  2  48.4
7  88  2  40.32
8  88  2  10.64
9  88  2  24.08
10  88  2  9.89
11  88  2  11.5
12  88  2  36.55
13  88  2  21.73
14  88  2  17.36
15  88  2  27.03
1  89  2  19.25
2  89  2  29.89
3  89  2  30.96
4  89  2  21.42
5  89  2  26.46
6  89  2  10.45
7  89  2  33.6
8  89  2  36.96
9  89  2  12.9
10  89  2  24.94
11  89  2  14.26
12  89  2  7.31
13  89  2  24.38
14  89  2  18.48
15  89  2  28.05
1  90  2  20.9
2  90  2  12.74
3  90  2  38.27
4  90  2  28.14
5  90  2  30.24
6  90  2  35.2
7  90  2  31.92
8  90  2  16.24
9  90  2  25.37
10  90  2  11.61
11  90  2  21.16
12  90  2  36.98
13  90  2  6.36
14  90  2  18.48
15  90  2  9.69
1  91  2  30.8
2  91  2  41.16
3  91  2  23.22
4  91  2  7.56
5  91  2  31.92
6  91  2  6.05
7  91  2  34.72
8  91  2  45.36
9  91  2  12.04
10  91  2  6.88
11  91  2  24.38
12  91  2  31.39
13  91  2  19.08
14  91  2  6.16
15  91  2  14.28
1  92  2  18.7
2  92  2  32.34
3  92  2  21.5
4  92  2  37.8
5  92  2  12.18
6  92  2  47.85
7  92  2  21.84
8  92  2  32.48
9  92  2  12.9
10  92  2  23.22
11  92  2  23.92
12  92  2  28.38
13  92  2  28.62
14  92  2  38.64
15  92  2  6.12
1  93  2  38.5
2  93  2  42.14
3  93  2  6.02
4  93  2  12.18
5  93  2  29.4
6  93  2  36.85
7  93  2  9.52
8  93  2  48.16
9  93  2  30.1
10  93  2  28.81
11  93  2  29.9
12  93  2  21.93
13  93  2  6.36
14  93  2  26.88
15  93  2  43.86
1  94  2  11
2  94  2  38.22
3  94  2  18.92
4  94  2  37.38
5  94  2  22.26
6  94  2  34.1
7  94  2  24.64
8  94  2  39.76
9  94  2  25.8
10  94  2  25.8
11  94  2  12.88
12  94  2  35.69
13  94  2  37.63
14  94  2  42
15  94  2  9.69
1  95  2  12.65
2  95  2  26.46
3  95  2  32.68
4  95  2  23.1
5  95  2  34.86
6  95  2  28.05
7  95  2  8.96
8  95  2  25.76
9  95  2  31.39
10  95  2  4.73
11  95  2  34.04
12  95  2  6.88
13  95  2  8.48
14  95  2  17.36
15  95  2  35.19
1  96  2  11.55
2  96  2  28.42
3  96  2  13.76
4  96  2  10.5
5  96  2  20.58
6  96  2  8.25
7  96  2  15.12
8  96  2  42
9  96  2  25.8
10  96  2  6.02
11  96  2  7.82
12  96  2  12.47
13  96  2  11.13
14  96  2  13.44
15  96  2  8.16
1  97  2  35.2
2  97  2  39.69
3  97  2  21.93
4  97  2  10.92
5  97  2  26.04
6  97  2  26.95
7  97  2  29.68
8  97  2  8.4
9  97  2  6.45
10  97  2  31.39
11  97  2  40.48
12  97  2  5.16
13  97  2  36.57
14  97  2  8.96
15  97  2  41.31
1  98  2  40.7
2  98  2  11.27
3  98  2  10.75
4  98  2  16.8
5  98  2  11.34
6  98  2  46.2
7  98  2  19.6
8  98  2  31.36
9  98  2  38.7
10  98  2  13.33
11  98  2  10.12
12  98  2  28.38
13  98  2  40.81
14  98  2  40.32
15  98  2  43.35
1  99  2  43.45
2  99  2  27.44
3  99  2  5.59
4  99  2  26.88
5  99  2  7.56
6  99  2  11
7  99  2  43.68
8  99  2  16.8
9  99  2  10.32
10  99  2  35.69
11  99  2  33.58
12  99  2  8.17
13  99  2  28.62
14  99  2  8.96
15  99  2  15.3
1  100  2  24.2
2  100  2  14.7
3  100  2  31.39
4  100  2  23.94
5  100  2  10.5
6  100  2  7.15
7  100  2  36.4
8  100  2  29.12
9  100  2  25.37
10  100  2  31.82
11  100  2  24.84
12  100  2  21.93
13  100  2  9.01
14  100  2  19.04
15  100  2  41.31
;

param xi_base :=
1  1  56
2  1  61
3  1  22
4  1  88
5  1  22
6  1  10
7  1  21
8  1  59
9  1  36
10  1  60
11  1  47
12  1  90
13  1  42
14  1  48
15  1  83
1  2  85
2  2  89
3  2  52
4  2  62
5  2  39
6  2  36
7  2  16
8  2  35
9  2  65
10  2  34
11  2  85
12  2  78
13  2  90
14  2  82
15  2  64
1  3  82
2  3  51
3  3  89
4  3  85
5  3  28
6  3  85
7  3  32
8  3  14
9  3  30
10  3  36
11  3  70
12  3  43
13  3  38
14  3  54
15  3  64
1  4  68
2  4  64
3  4  65
4  4  44
5  4  84
6  4  71
7  4  37
8  4  33
9  4  85
10  4  79
11  4  84
12  4  22
13  4  46
14  4  16
15  4  90
1  5  33
2  5  61
3  5  24
4  5  88
5  5  70
6  5  86
7  5  52
8  5  81
9  5  81
10  5  70
11  5  85
12  5  39
13  5  84
14  5  48
15  5  60
1  6  26
2  6  55
3  6  49
4  6  28
5  6  84
6  6  69
7  6  16
8  6  82
9  6  38
10  6  43
11  6  39
12  6  17
13  6  52
14  6  50
15  6  77
1  7  22
2  7  70
3  7  15
4  7  16
5  7  73
6  7  66
7  7  46
8  7  86
9  7  79
10  7  29
11  7  90
12  7  22
13  7  51
14  7  78
15  7  20
1  8  90
2  8  49
3  8  36
4  8  35
5  8  47
6  8  49
7  8  81
8  8  86
9  8  77
10  8  75
11  8  69
12  8  45
13  8  56
14  8  10
15  8  85
1  9  12
2  9  60
3  9  65
4  9  20
5  9  75
6  9  88
7  9  23
8  9  88
9  9  26
10  9  32
11  9  80
12  9  39
13  9  49
14  9  67
15  9  70
1  10  88
2  10  74
3  10  65
4  10  53
5  10  28
6  10  86
7  10  23
8  10  34
9  10  40
10  10  39
11  10  15
12  10  25
13  10  74
14  10  38
15  10  32
1  11  31
2  11  18
3  11  79
4  11  12
5  11  31
6  11  16
7  11  28
8  11  11
9  11  59
10  11  87
11  11  77
12  11  36
13  11  30
14  11  66
15  11  50
1  12  40
2  12  41
3  12  89
4  12  69
5  12  39
6  12  55
7  12  18
8  12  56
9  12  18
10  12  52
11  12  89
12  12  66
13  12  71
14  12  43
15  12  80
1  13  81
2  13  42
3  13  73
4  13  36
5  13  30
6  13  72
7  13  12
8  13  54
9  13  68
10  13  75
11  13  57
12  13  51
13  13  44
14  13  52
15  13  70
1  14  14
2  14  27
3  14  63
4  14  46
5  14  49
6  14  70
7  14  53
8  14  58
9  14  11
10  14  37
11  14  57
12  14  47
13  14  31
14  14  80
15  14  77
1  15  70
2  15  17
3  15  61
4  15  58
5  15  66
6  15  31
7  15  51
8  15  45
9  15  75
10  15  15
11  15  56
12  15  55
13  15  49
14  15  52
15  15  51
1  16  34
2  16  55
3  16  73
4  16  31
5  16  41
6  16  38
7  16  77
8  16  62
9  16  46
10  16  71
11  16  65
12  16  14
13  16  57
14  16  88
15  16  13
1  17  50
2  17  27
3  17  47
4  17  27
5  17  51
6  17  31
7  17  68
8  17  43
9  17  83
10  17  45
11  17  82
12  17  67
13  17  89
14  17  79
15  17  83
1  18  53
2  18  11
3  18  88
4  18  14
5  18  26
6  18  49
7  18  49
8  18  25
9  18  56
10  18  41
11  18  29
12  18  30
13  18  48
14  18  63
15  18  55
1  19  49
2  19  59
3  19  34
4  19  63
5  19  31
6  19  40
7  19  24
8  19  32
9  19  30
10  19  41
11  19  79
12  19  61
13  19  69
14  19  22
15  19  31
1  20  23
2  20  18
3  20  39
4  20  59
5  20  24
6  20  72
7  20  14
8  20  10
9  20  65
10  20  79
11  20  87
12  20  39
13  20  42
14  20  49
15  20  23
1  21  15
2  21  38
3  21  26
4  21  79
5  21  23
6  21  41
7  21  13
8  21  15
9  21  55
10  21  47
11  21  19
12  21  18
13  21  47
14  21  54
15  21  73
1  22  62
2  22  58
3  22  20
4  22  60
5  22  45
6  22  89
7  22  79
8  22  34
9  22  46
10  22  51
11  22  89
12  22  19
13  22  78
14  22  13
15  22  67
1  23  54
2  23  26
3  23  65
4  23  55
5  23  90
6  23  69
7  23  65
8  23  49
9  23  18
10  23  16
11  23  89
12  23  19
13  23  66
14  23  36
15  23  50
1  24  63
2  24  57
3  24  10
4  24  43
5  24  24
6  24  37
7  24  13
8  24  24
9  24  67
10  24  83
11  24  19
12  24  82
13  24  64
14  24  57
15  24  89
1  25  41
2  25  79
3  25  52
4  25  62
5  25  54
6  25  21
7  25  50
8  25  34
9  25  56
10  25  90
11  25  69
12  25  20
13  25  70
14  25  33
15  25  30
1  26  48
2  26  86
3  26  66
4  26  39
5  26  85
6  26  11
7  26  37
8  26  12
9  26  86
10  26  32
11  26  49
12  26  69
13  26  50
14  26  78
15  26  57
1  27  84
2  27  24
3  27  76
4  27  67
5  27  63
6  27  12
7  27  27
8  27  79
9  27  27
10  27  89
11  27  53
12  27  44
13  27  75
14  27  39
15  27  61
1  28  35
2  28  25
3  28  87
4  28  26
5  28  78
6  28  13
7  28  85
8  28  29
9  28  27
10  28  53
11  28  78
12  28  65
13  28  12
14  28  16
15  28  17
1  29  65
2  29  20
3  29  88
4  29  45
5  29  40
6  29  65
7  29  15
8  29  46
9  29  21
10  29  36
11  29  71
12  29  71
13  29  21
14  29  53
15  29  64
1  30  44
2  30  51
3  30  61
4  30  73
5  30  56
6  30  72
7  30  89
8  30  23
9  30  73
10  30  39
11  30  42
12  30  32
13  30  45
14  30  18
15  30  72
1  31  44
2  31  27
3  31  42
4  31  34
5  31  32
6  31  55
7  31  61
8  31  22
9  31  35
10  31  38
11  31  86
12  31  45
13  31  24
14  31  45
15  31  23
1  32  42
2  32  85
3  32  38
4  32  68
5  32  28
6  32  22
7  32  57
8  32  76
9  32  65
10  32  42
11  32  72
12  32  42
13  32  79
14  32  29
15  32  70
1  33  89
2  33  10
3  33  76
4  33  60
5  33  85
6  33  67
7  33  80
8  33  90
9  33  33
10  33  67
11  33  40
12  33  84
13  33  46
14  33  63
15  33  41
1  34  84
2  34  16
3  34  80
4  34  24
5  34  79
6  34  57
7  34  79
8  34  43
9  34  84
10  34  19
11  34  29
12  34  64
13  34  83
14  34  65
15  34  23
1  35  39
2  35  40
3  35  71
4  35  61
5  35  58
6  35  80
7  35  37
8  35  79
9  35  42
10  35  57
11  35  86
12  35  49
13  35  80
14  35  17
15  35  59
1  36  58
2  36  31
3  36  51
4  36  55
5  36  50
6  36  79
7  36  36
8  36  47
9  36  25
10  36  41
11  36  37
12  36  70
13  36  49
14  36  57
15  36  47
1  37  58
2  37  25
3  37  36
4  37  81
5  37  12
6  37  78
7  37  46
8  37  66
9  37  35
10  37  51
11  37  50
12  37  80
13  37  55
14  37  28
15  37  16
1  38  55
2  38  82
3  38  36
4  38  86
5  38  40
6  38  73
7  38  27
8  38  45
9  38  81
10  38  40
11  38  72
12  38  89
13  38  88
14  38  18
15  38  12
1  39  47
2  39  59
3  39  28
4  39  36
5  39  50
6  39  36
7  39  41
8  39  27
9  39  19
10  39  31
11  39  11
12  39  63
13  39  80
14  39  22
15  39  51
1  40  82
2  40  26
3  40  16
4  40  17
5  40  50
6  40  79
7  40  86
8  40  57
9  40  50
10  40  10
11  40  34
12  40  53
13  40  56
14  40  26
15  40  47
1  41  63
2  41  73
3  41  80
4  41  74
5  41  64
6  41  67
7  41  85
8  41  48
9  41  67
10  41  39
11  41  83
12  41  22
13  41  23
14  41  84
15  41  72
1  42  80
2  42  82
3  42  89
4  42  22
5  42  66
6  42  60
7  42  64
8  42  79
9  42  17
10  42  87
11  42  11
12  42  16
13  42  10
14  42  21
15  42  16
1  43  17
2  43  34
3  43  12
4  43  89
5  43  62
6  43  44
7  43  32
8  43  27
9  43  80
10  43  63
11  43  18
12  43  43
13  43  80
14  43  16
15  43  59
1  44  40
2  44  61
3  44  73
4  44  41
5  44  87
6  44  41
7  44  61
8  44  60
9  44  19
10  44  79
11  44  17
12  44  17
13  44  12
14  44  11
15  44  72
1  45  70
2  45  30
3  45  43
4  45  78
5  45  63
6  45  43
7  45  71
8  45  48
9  45  46
10  45  10
11  45  21
12  45  19
13  45  42
14  45  31
15  45  55
1  46  13
2  46  44
3  46  55
4  46  58
5  46  75
6  46  39
7  46  77
8  46  85
9  46  15
10  46  90
11  46  42
12  46  78
13  46  26
14  46  47
15  46  83
1  47  82
2  47  61
3  47  26
4  47  45
5  47  80
6  47  24
7  47  77
8  47  28
9  47  55
10  47  14
11  47  39
12  47  74
13  47  11
14  47  45
15  47  50
1  48  74
2  48  50
3  48  81
4  48  49
5  48  43
6  48  86
7  48  42
8  48  59
9  48  26
10  48  31
11  48  34
12  48  21
13  48  17
14  48  60
15  48  33
1  49  37
2  49  68
3  49  60
4  49  25
5  49  74
6  49  68
7  49  57
8  49  83
9  49  18
10  49  37
11  49  32
12  49  81
13  49  24
14  49  37
15  49  66
1  50  26
2  50  55
3  50  17
4  50  28
5  50  35
6  50  30
7  50  45
8  50  78
9  50  72
10  50  49
11  50  32
12  50  34
13  50  78
14  50  17
15  50  25
1  51  32
2  51  79
3  51  37
4  51  20
5  51  72
6  51  30
7  51  14
8  51  81
9  51  13
10  51  63
11  51  37
12  51  16
13  51  15
14  51  86
15  51  79
1  52  39
2  52  76
3  52  33
4  52  87
5  52  68
6  52  86
7  52  79
8  52  26
9  52  76
10  52  65
11  52  28
12  52  30
13  52  88
14  52  20
15  52  70
1  53  72
2  53  37
3  53  67
4  53  52
5  53  75
6  53  16
7  53  54
8  53  80
9  53  88
10  53  46
11  53  77
12  53  59
13  53  18
14  53  34
15  53  21
1  54  25
2  54  76
3  54  24
4  54  73
5  54  61
6  54  34
7  54  51
8  54  31
9  54  66
10  54  71
11  54  71
12  54  48
13  54  41
14  54  16
15  54  15
1  55  21
2  55  44
3  55  47
4  55  34
5  55  48
6  55  43
7  55  57
8  55  28
9  55  68
10  55  46
11  55  57
12  55  29
13  55  38
14  55  27
15  55  11
1  56  71
2  56  41
3  56  11
4  56  68
5  56  44
6  56  39
7  56  81
8  56  79
9  56  27
10  56  43
11  56  85
12  56  83
13  56  69
14  56  82
15  56  58
1  57  66
2  57  36
3  57  59
4  57  22
5  57  50
6  57  30
7  57  56
8  57  23
9  57  77
10  57  43
11  57  76
12  57  81
13  57  10
14  57  83
15  57  43
1  58  77
2  58  68
3  58  71
4  58  39
5  58  40
6  58  66
7  58  60
8  58  31
9  58  19
10  58  45
11  58  88
12  58  17
13  58  10
14  58  89
15  58  41
1  59  22
2  59  85
3  59  63
4  59  37
5  59  69
6  59  86
7  59  65
8  59  51
9  59  33
10  59  86
11  59  30
12  59  14
13  59  46
14  59  66
15  59  43
1  60  50
2  60  44
3  60  83
4  60  64
5  60  57
6  60  84
7  60  85
8  60  46
9  60  88
10  60  83
11  60  12
12  60  11
13  60  17
14  60  19
15  60  34
1  61  56
2  61  65
3  61  53
4  61  32
5  61  59
6  61  68
7  61  22
8  61  90
9  61  12
10  61  88
11  61  15
12  61  50
13  61  39
14  61  33
15  61  53
1  62  29
2  62  77
3  62  10
4  62  50
5  62  26
6  62  83
7  62  15
8  62  30
9  62  47
10  62  47
11  62  58
12  62  56
13  62  72
14  62  22
15  62  47
1  63  20
2  63  90
3  63  63
4  63  28
5  63  66
6  63  35
7  63  67
8  63  67
9  63  84
10  63  54
11  63  23
12  63  44
13  63  52
14  63  14
15  63  17
1  64  33
2  64  19
3  64  90
4  64  11
5  64  20
6  64  86
7  64  66
8  64  43
9  64  48
10  64  55
11  64  18
12  64  29
13  64  11
14  64  24
15  64  66
1  65  58
2  65  38
3  65  60
4  65  81
5  65  39
6  65  38
7  65  63
8  65  58
9  65  42
10  65  88
11  65  57
12  65  74
13  65  62
14  65  67
15  65  64
1  66  31
2  66  78
3  66  36
4  66  12
5  66  12
6  66  45
7  66  58
8  66  38
9  66  35
10  66  86
11  66  73
12  66  45
13  66  72
14  66  48
15  66  46
1  67  68
2  67  41
3  67  81
4  67  71
5  67  85
6  67  85
7  67  60
8  67  34
9  67  79
10  67  30
11  67  36
12  67  68
13  67  44
14  67  85
15  67  46
1  68  28
2  68  57
3  68  62
4  68  21
5  68  56
6  68  74
7  68  61
8  68  33
9  68  43
10  68  80
11  68  79
12  68  36
13  68  77
14  68  61
15  68  21
1  69  54
2  69  22
3  69  79
4  69  59
5  69  78
6  69  65
7  69  18
8  69  68
9  69  28
10  69  44
11  69  73
12  69  14
13  69  49
14  69  36
15  69  89
1  70  23
2  70  26
3  70  10
4  70  34
5  70  86
6  70  27
7  70  20
8  70  45
9  70  90
10  70  82
11  70  51
12  70  58
13  70  75
14  70  38
15  70  50
1  71  52
2  71  15
3  71  26
4  71  46
5  71  16
6  71  25
7  71  90
8  71  76
9  71  30
10  71  10
11  71  40
12  71  73
13  71  79
14  71  63
15  71  11
1  72  14
2  72  27
3  72  78
4  72  17
5  72  21
6  72  31
7  72  22
8  72  18
9  72  88
10  72  66
11  72  11
12  72  47
13  72  60
14  72  18
15  72  51
1  73  87
2  73  30
3  73  82
4  73  61
5  73  88
6  73  52
7  73  49
8  73  44
9  73  50
10  73  32
11  73  66
12  73  68
13  73  90
14  73  75
15  73  62
1  74  57
2  74  83
3  74  77
4  74  36
5  74  49
6  74  81
7  74  68
8  74  54
9  74  55
10  74  34
11  74  79
12  74  34
13  74  28
14  74  46
15  74  66
1  75  46
2  75  35
3  75  51
4  75  23
5  75  64
6  75  89
7  75  80
8  75  74
9  75  52
10  75  47
11  75  48
12  75  67
13  75  10
14  75  40
15  75  68
1  76  62
2  76  19
3  76  30
4  76  20
5  76  45
6  76  22
7  76  24
8  76  29
9  76  58
10  76  28
11  76  70
12  76  24
13  76  67
14  76  67
15  76  84
1  77  79
2  77  46
3  77  79
4  77  76
5  77  85
6  77  79
7  77  32
8  77  61
9  77  36
10  77  70
11  77  25
12  77  26
13  77  66
14  77  33
15  77  46
1  78  90
2  78  66
3  78  48
4  78  20
5  78  67
6  78  37
7  78  30
8  78  89
9  78  63
10  78  66
11  78  40
12  78  77
13  78  55
14  78  18
15  78  56
1  79  78
2  79  35
3  79  40
4  79  83
5  79  65
6  79  27
7  79  25
8  79  73
9  79  53
10  79  76
11  79  87
12  79  61
13  79  89
14  79  67
15  79  16
1  80  70
2  80  70
3  80  78
4  80  59
5  80  63
6  80  36
7  80  87
8  80  65
9  80  44
10  80  43
11  80  20
12  80  41
13  80  49
14  80  56
15  80  61
1  81  58
2  81  10
3  81  56
4  81  24
5  81  53
6  81  69
7  81  18
8  81  15
9  81  12
10  81  57
11  81  13
12  81  57
13  81  79
14  81  31
15  81  52
1  82  68
2  82  47
3  82  32
4  82  84
5  82  24
6  82  85
7  82  10
8  82  19
9  82  61
10  82  10
11  82  11
12  82  30
13  82  36
14  82  62
15  82  60
1  83  40
2  83  37
3  83  56
4  83  40
5  83  89
6  83  56
7  83  31
8  83  82
9  83  20
10  83  71
11  83  37
12  83  68
13  83  82
14  83  63
15  83  38
1  84  27
2  84  29
3  84  82
4  84  36
5  84  71
6  84  15
7  84  27
8  84  31
9  84  15
10  84  67
11  84  49
12  84  19
13  84  54
14  84  27
15  84  11
1  85  72
2  85  60
3  85  59
4  85  33
5  85  31
6  85  23
7  85  82
8  85  22
9  85  31
10  85  67
11  85  51
12  85  44
13  85  47
14  85  55
15  85  58
1  86  89
2  86  86
3  86  65
4  86  68
5  86  60
6  86  14
7  86  40
8  86  42
9  86  83
10  86  33
11  86  82
12  86  45
13  86  32
14  86  51
15  86  68
1  87  32
2  87  44
3  87  84
4  87  90
5  87  82
6  87  63
7  87  81
8  87  52
9  87  17
10  87  63
11  87  44
12  87  70
13  87  44
14  87  58
15  87  21
1  88  53
2  88  63
3  88  82
4  88  59
5  88  77
6  88  88
7  88  72
8  88  19
9  88  56
10  88  23
11  88  25
12  88  85
13  88  41
14  88  31
15  88  53
1  89  35
2  89  61
3  89  72
4  89  51
5  89  63
6  89  19
7  89  60
8  89  66
9  89  30
10  89  58
11  89  31
12  89  17
13  89  46
14  89  33
15  89  55
1  90  38
2  90  26
3  90  89
4  90  67
5  90  72
6  90  64
7  90  57
8  90  29
9  90  59
10  90  27
11  90  46
12  90  86
13  90  12
14  90  33
15  90  19
1  91  56
2  91  84
3  91  54
4  91  18
5  91  76
6  91  11
7  91  62
8  91  81
9  91  28
10  91  16
11  91  53
12  91  73
13  91  36
14  91  11
15  91  28
1  92  34
2  92  66
3  92  50
4  92  90
5  92  29
6  92  87
7  92  39
8  92  58
9  92  30
10  92  54
11  92  52
12  92  66
13  92  54
14  92  69
15  92  12
1  93  70
2  93  86
3  93  14
4  93  29
5  93  70
6  93  67
7  93  17
8  93  86
9  93  70
10  93  67
11  93  65
12  93  51
13  93  12
14  93  48
15  93  86
1  94  20
2  94  78
3  94  44
4  94  89
5  94  53
6  94  62
7  94  44
8  94  71
9  94  60
10  94  60
11  94  28
12  94  83
13  94  71
14  94  75
15  94  19
1  95  23
2  95  54
3  95  76
4  95  55
5  95  83
6  95  51
7  95  16
8  95  46
9  95  73
10  95  11
11  95  74
12  95  16
13  95  16
14  95  31
15  95  69
1  96  21
2  96  58
3  96  32
4  96  25
5  96  49
6  96  15
7  96  27
8  96  75
9  96  60
10  96  14
11  96  17
12  96  29
13  96  21
14  96  24
15  96  16
1  97  64
2  97  81
3  97  51
4  97  26
5  97  62
6  97  49
7  97  53
8  97  15
9  97  15
10  97  73
11  97  88
12  97  12
13  97  69
14  97  16
15  97  81
1  98  74
2  98  23
3  98  25
4  98  40
5  98  27
6  98  84
7  98  35
8  98  56
9  98  90
10  98  31
11  98  22
12  98  66
13  98  77
14  98  72
15  98  85
1  99  79
2  99  56
3  99  13
4  99  64
5  99  18
6  99  20
7  99  78
8  99  30
9  99  24
10  99  83
11  99  73
12  99  19
13  99  54
14  99  16
15  99  30
1  100  44
2  100  30
3  100  73
4  100  57
5  100  25
6  100  13
7  100  65
8  100  52
9  100  59
10  100  74
11  100  54
12  100  51
13  100  17
14  100  34
15  100  81
;

param a :=
1  1  1
2  1  0.55
1  2  1
2  2  0.49
1  3  1
2  3  0.43
1  4  1
2  4  0.42
1  5  1
2  5  0.42
1  6  1
2  6  0.55
1  7  1
2  7  0.56
1  8  1
2  8  0.56
1  9  1
2  9  0.43
1  10  1
2  10  0.43
1  11  1
2  11  0.46
1  12  1
2  12  0.43
1  13  1
2  13  0.53
1  14  1
2  14  0.56
1  15  1
2  15  0.51
;

