param com_measure1 := 0.605;

param com_measure2 := 0.96603;

param kappa_max := 834.391;

param U_tau := 690.4051;

param nT := 2;

param nS := 150;

param nL := 20;

param B := 1010.78;

param w :=
1  3
2  2
3  3
4  2
5  2
6  3
7  2
8  2
9  3
10  2
11  1
12  2
13  1
14  3
15  1
16  3
17  3
18  3
19  2
20  3
;

param h :=
1  1  0
1  2  0
1  3  0
1  4  0
1  5  0
1  6  0
1  7  0
1  8  0
1  9  0
1  10  0
1  11  0
1  12  0
1  13  0
1  14  0
1  15  0
1  16  0
1  17  0
1  18  0
1  19  0
1  20  0
2  1  107.31
2  2  110.73
2  3  97.64
2  4  102.65
2  5  98.57
2  6  100.06
2  7  96.28
2  8  100.93
2  9  102.17
2  10  100.48
2  11  110.85
2  12  101.69
2  13  98.03
2  14  101.45
2  15  103.66
2  16  95.16
2  17  95.77
2  18  96.06
2  19  93.19
2  20  108.88
;

param xi :=
1  1  1  30
2  1  1  54
3  1  1  65
4  1  1  21
5  1  1  41
6  1  1  49
7  1  1  17
8  1  1  70
9  1  1  83
10  1  1  76
11  1  1  48
12  1  1  88
13  1  1  90
14  1  1  38
15  1  1  64
16  1  1  67
17  1  1  54
18  1  1  14
19  1  1  62
20  1  1  23
1  2  1  29
2  2  1  39
3  2  1  45
4  2  1  16
5  2  1  70
6  2  1  67
7  2  1  15
8  2  1  60
9  2  1  54
10  2  1  32
11  2  1  89
12  2  1  42
13  2  1  62
14  2  1  82
15  2  1  26
16  2  1  18
17  2  1  63
18  2  1  38
19  2  1  56
20  2  1  46
1  3  1  62
2  3  1  23
3  3  1  35
4  3  1  81
5  3  1  50
6  3  1  57
7  3  1  78
8  3  1  24
9  3  1  71
10  3  1  37
11  3  1  68
12  3  1  61
13  3  1  82
14  3  1  21
15  3  1  10
16  3  1  30
17  3  1  28
18  3  1  30
19  3  1  67
20  3  1  61
1  4  1  45
2  4  1  65
3  4  1  37
4  4  1  69
5  4  1  60
6  4  1  73
7  4  1  11
8  4  1  60
9  4  1  76
10  4  1  31
11  4  1  16
12  4  1  74
13  4  1  44
14  4  1  57
15  4  1  41
16  4  1  81
17  4  1  85
18  4  1  47
19  4  1  66
20  4  1  19
1  5  1  54
2  5  1  62
3  5  1  50
4  5  1  84
5  5  1  13
6  5  1  61
7  5  1  12
8  5  1  83
9  5  1  69
10  5  1  14
11  5  1  59
12  5  1  47
13  5  1  49
14  5  1  28
15  5  1  39
16  5  1  71
17  5  1  57
18  5  1  85
19  5  1  65
20  5  1  67
1  6  1  10
2  6  1  46
3  6  1  69
4  6  1  41
5  6  1  42
6  6  1  15
7  6  1  16
8  6  1  79
9  6  1  48
10  6  1  72
11  6  1  45
12  6  1  53
13  6  1  29
14  6  1  20
15  6  1  27
16  6  1  31
17  6  1  24
18  6  1  62
19  6  1  32
20  6  1  25
1  7  1  81
2  7  1  74
3  7  1  39
4  7  1  79
5  7  1  76
6  7  1  81
7  7  1  11
8  7  1  75
9  7  1  78
10  7  1  11
11  7  1  79
12  7  1  32
13  7  1  51
14  7  1  22
15  7  1  20
16  7  1  42
17  7  1  34
18  7  1  17
19  7  1  80
20  7  1  84
1  8  1  79
2  8  1  80
3  8  1  72
4  8  1  22
5  8  1  42
6  8  1  89
7  8  1  51
8  8  1  65
9  8  1  57
10  8  1  62
11  8  1  22
12  8  1  79
13  8  1  46
14  8  1  66
15  8  1  47
16  8  1  82
17  8  1  71
18  8  1  36
19  8  1  70
20  8  1  21
1  9  1  73
2  9  1  10
3  9  1  50
4  9  1  26
5  9  1  59
6  9  1  54
7  9  1  17
8  9  1  71
9  9  1  28
10  9  1  89
11  9  1  78
12  9  1  75
13  9  1  86
14  9  1  41
15  9  1  44
16  9  1  23
17  9  1  48
18  9  1  31
19  9  1  41
20  9  1  51
1  10  1  28
2  10  1  62
3  10  1  35
4  10  1  24
5  10  1  47
6  10  1  61
7  10  1  36
8  10  1  27
9  10  1  58
10  10  1  85
11  10  1  90
12  10  1  65
13  10  1  46
14  10  1  22
15  10  1  40
16  10  1  58
17  10  1  17
18  10  1  53
19  10  1  33
20  10  1  79
1  11  1  75
2  11  1  31
3  11  1  26
4  11  1  16
5  11  1  51
6  11  1  69
7  11  1  15
8  11  1  32
9  11  1  48
10  11  1  70
11  11  1  66
12  11  1  68
13  11  1  19
14  11  1  44
15  11  1  23
16  11  1  41
17  11  1  42
18  11  1  75
19  11  1  41
20  11  1  56
1  12  1  84
2  12  1  79
3  12  1  71
4  12  1  68
5  12  1  69
6  12  1  10
7  12  1  29
8  12  1  64
9  12  1  58
10  12  1  21
11  12  1  11
12  12  1  54
13  12  1  44
14  12  1  68
15  12  1  46
16  12  1  57
17  12  1  49
18  12  1  22
19  12  1  83
20  12  1  48
1  13  1  68
2  13  1  59
3  13  1  32
4  13  1  76
5  13  1  80
6  13  1  35
7  13  1  38
8  13  1  11
9  13  1  22
10  13  1  75
11  13  1  82
12  13  1  33
13  13  1  58
14  13  1  84
15  13  1  89
16  13  1  47
17  13  1  42
18  13  1  77
19  13  1  25
20  13  1  31
1  14  1  38
2  14  1  53
3  14  1  85
4  14  1  33
5  14  1  26
6  14  1  50
7  14  1  38
8  14  1  57
9  14  1  86
10  14  1  54
11  14  1  37
12  14  1  89
13  14  1  43
14  14  1  82
15  14  1  50
16  14  1  10
17  14  1  61
18  14  1  38
19  14  1  49
20  14  1  36
1  15  1  37
2  15  1  55
3  15  1  40
4  15  1  19
5  15  1  36
6  15  1  18
7  15  1  83
8  15  1  41
9  15  1  71
10  15  1  21
11  15  1  33
12  15  1  31
13  15  1  27
14  15  1  26
15  15  1  38
16  15  1  57
17  15  1  17
18  15  1  44
19  15  1  45
20  15  1  72
1  16  1  42
2  16  1  90
3  16  1  44
4  16  1  26
5  16  1  37
6  16  1  56
7  16  1  74
8  16  1  38
9  16  1  77
10  16  1  15
11  16  1  33
12  16  1  72
13  16  1  34
14  16  1  88
15  16  1  20
16  16  1  23
17  16  1  26
18  16  1  83
19  16  1  32
20  16  1  43
1  17  1  48
2  17  1  64
3  17  1  51
4  17  1  82
5  17  1  37
6  17  1  53
7  17  1  90
8  17  1  78
9  17  1  50
10  17  1  75
11  17  1  87
12  17  1  35
13  17  1  75
14  17  1  63
15  17  1  30
16  17  1  16
17  17  1  14
18  17  1  73
19  17  1  71
20  17  1  22
1  18  1  68
2  18  1  43
3  18  1  37
4  18  1  52
5  18  1  69
6  18  1  79
7  18  1  16
8  18  1  48
9  18  1  68
10  18  1  26
11  18  1  69
12  18  1  59
13  18  1  84
14  18  1  44
15  18  1  72
16  18  1  72
17  18  1  26
18  18  1  76
19  18  1  35
20  18  1  47
1  19  1  11
2  19  1  47
3  19  1  47
4  19  1  55
5  19  1  83
6  19  1  63
7  19  1  71
8  19  1  67
9  19  1  87
10  19  1  18
11  19  1  60
12  19  1  50
13  19  1  14
14  19  1  45
15  19  1  56
16  19  1  83
17  19  1  47
18  19  1  47
19  19  1  43
20  19  1  53
1  20  1  77
2  20  1  87
3  20  1  82
4  20  1  47
5  20  1  32
6  20  1  28
7  20  1  12
8  20  1  72
9  20  1  65
10  20  1  15
11  20  1  73
12  20  1  50
13  20  1  80
14  20  1  72
15  20  1  62
16  20  1  47
17  20  1  39
18  20  1  29
19  20  1  73
20  20  1  42
1  21  1  18
2  21  1  51
3  21  1  79
4  21  1  22
5  21  1  86
6  21  1  82
7  21  1  68
8  21  1  41
9  21  1  61
10  21  1  82
11  21  1  16
12  21  1  43
13  21  1  69
14  21  1  19
15  21  1  88
16  21  1  57
17  21  1  11
18  21  1  12
19  21  1  65
20  21  1  83
1  22  1  36
2  22  1  85
3  22  1  79
4  22  1  29
5  22  1  39
6  22  1  46
7  22  1  10
8  22  1  62
9  22  1  52
10  22  1  22
11  22  1  37
12  22  1  52
13  22  1  22
14  22  1  72
15  22  1  22
16  22  1  34
17  22  1  54
18  22  1  73
19  22  1  77
20  22  1  80
1  23  1  20
2  23  1  42
3  23  1  59
4  23  1  37
5  23  1  57
6  23  1  18
7  23  1  85
8  23  1  17
9  23  1  74
10  23  1  83
11  23  1  35
12  23  1  28
13  23  1  73
14  23  1  73
15  23  1  20
16  23  1  16
17  23  1  39
18  23  1  27
19  23  1  38
20  23  1  82
1  24  1  34
2  24  1  20
3  24  1  17
4  24  1  55
5  24  1  17
6  24  1  15
7  24  1  57
8  24  1  31
9  24  1  77
10  24  1  77
11  24  1  68
12  24  1  71
13  24  1  68
14  24  1  83
15  24  1  19
16  24  1  61
17  24  1  72
18  24  1  50
19  24  1  25
20  24  1  83
1  25  1  53
2  25  1  70
3  25  1  12
4  25  1  35
5  25  1  51
6  25  1  83
7  25  1  85
8  25  1  76
9  25  1  52
10  25  1  81
11  25  1  60
12  25  1  58
13  25  1  18
14  25  1  36
15  25  1  32
16  25  1  51
17  25  1  89
18  25  1  13
19  25  1  10
20  25  1  19
1  26  1  47
2  26  1  42
3  26  1  62
4  26  1  61
5  26  1  59
6  26  1  80
7  26  1  70
8  26  1  66
9  26  1  48
10  26  1  87
11  26  1  56
12  26  1  17
13  26  1  69
14  26  1  22
15  26  1  66
16  26  1  33
17  26  1  41
18  26  1  51
19  26  1  21
20  26  1  46
1  27  1  68
2  27  1  81
3  27  1  47
4  27  1  28
5  27  1  50
6  27  1  58
7  27  1  65
8  27  1  27
9  27  1  54
10  27  1  29
11  27  1  56
12  27  1  70
13  27  1  62
14  27  1  80
15  27  1  45
16  27  1  68
17  27  1  88
18  27  1  82
19  27  1  90
20  27  1  20
1  28  1  42
2  28  1  76
3  28  1  16
4  28  1  25
5  28  1  12
6  28  1  28
7  28  1  61
8  28  1  75
9  28  1  90
10  28  1  83
11  28  1  89
12  28  1  13
13  28  1  43
14  28  1  90
15  28  1  88
16  28  1  46
17  28  1  10
18  28  1  11
19  28  1  78
20  28  1  55
1  29  1  38
2  29  1  74
3  29  1  25
4  29  1  52
5  29  1  33
6  29  1  63
7  29  1  43
8  29  1  42
9  29  1  74
10  29  1  39
11  29  1  74
12  29  1  19
13  29  1  72
14  29  1  23
15  29  1  89
16  29  1  11
17  29  1  35
18  29  1  79
19  29  1  69
20  29  1  38
1  30  1  60
2  30  1  61
3  30  1  41
4  30  1  81
5  30  1  89
6  30  1  88
7  30  1  71
8  30  1  46
9  30  1  46
10  30  1  20
11  30  1  53
12  30  1  17
13  30  1  73
14  30  1  78
15  30  1  60
16  30  1  73
17  30  1  76
18  30  1  26
19  30  1  73
20  30  1  58
1  31  1  77
2  31  1  42
3  31  1  55
4  31  1  44
5  31  1  69
6  31  1  87
7  31  1  39
8  31  1  24
9  31  1  13
10  31  1  67
11  31  1  78
12  31  1  56
13  31  1  74
14  31  1  67
15  31  1  17
16  31  1  55
17  31  1  15
18  31  1  31
19  31  1  42
20  31  1  22
1  32  1  31
2  32  1  58
3  32  1  16
4  32  1  21
5  32  1  50
6  32  1  26
7  32  1  62
8  32  1  75
9  32  1  80
10  32  1  43
11  32  1  42
12  32  1  42
13  32  1  89
14  32  1  59
15  32  1  53
16  32  1  76
17  32  1  59
18  32  1  90
19  32  1  85
20  32  1  54
1  33  1  69
2  33  1  14
3  33  1  30
4  33  1  49
5  33  1  57
6  33  1  42
7  33  1  85
8  33  1  89
9  33  1  65
10  33  1  19
11  33  1  57
12  33  1  78
13  33  1  90
14  33  1  58
15  33  1  55
16  33  1  86
17  33  1  24
18  33  1  83
19  33  1  31
20  33  1  88
1  34  1  28
2  34  1  10
3  34  1  21
4  34  1  43
5  34  1  52
6  34  1  53
7  34  1  47
8  34  1  19
9  34  1  10
10  34  1  67
11  34  1  67
12  34  1  45
13  34  1  26
14  34  1  82
15  34  1  40
16  34  1  57
17  34  1  52
18  34  1  13
19  34  1  32
20  34  1  51
1  35  1  81
2  35  1  80
3  35  1  17
4  35  1  70
5  35  1  12
6  35  1  48
7  35  1  88
8  35  1  37
9  35  1  31
10  35  1  73
11  35  1  13
12  35  1  35
13  35  1  62
14  35  1  25
15  35  1  29
16  35  1  75
17  35  1  33
18  35  1  60
19  35  1  63
20  35  1  45
1  36  1  72
2  36  1  24
3  36  1  54
4  36  1  69
5  36  1  81
6  36  1  24
7  36  1  39
8  36  1  30
9  36  1  16
10  36  1  33
11  36  1  37
12  36  1  68
13  36  1  67
14  36  1  24
15  36  1  78
16  36  1  53
17  36  1  28
18  36  1  87
19  36  1  89
20  36  1  68
1  37  1  77
2  37  1  64
3  37  1  42
4  37  1  24
5  37  1  62
6  37  1  25
7  37  1  67
8  37  1  13
9  37  1  53
10  37  1  55
11  37  1  88
12  37  1  61
13  37  1  68
14  37  1  44
15  37  1  65
16  37  1  30
17  37  1  82
18  37  1  87
19  37  1  19
20  37  1  67
1  38  1  40
2  38  1  51
3  38  1  68
4  38  1  11
5  38  1  82
6  38  1  33
7  38  1  33
8  38  1  14
9  38  1  61
10  38  1  74
11  38  1  60
12  38  1  21
13  38  1  49
14  38  1  30
15  38  1  68
16  38  1  78
17  38  1  90
18  38  1  43
19  38  1  22
20  38  1  76
1  39  1  66
2  39  1  82
3  39  1  21
4  39  1  18
5  39  1  61
6  39  1  39
7  39  1  64
8  39  1  51
9  39  1  53
10  39  1  72
11  39  1  75
12  39  1  27
13  39  1  70
14  39  1  57
15  39  1  14
16  39  1  23
17  39  1  67
18  39  1  53
19  39  1  59
20  39  1  70
1  40  1  90
2  40  1  56
3  40  1  26
4  40  1  11
5  40  1  47
6  40  1  50
7  40  1  38
8  40  1  19
9  40  1  59
10  40  1  22
11  40  1  16
12  40  1  10
13  40  1  72
14  40  1  65
15  40  1  82
16  40  1  33
17  40  1  43
18  40  1  27
19  40  1  65
20  40  1  19
1  41  1  70
2  41  1  69
3  41  1  85
4  41  1  20
5  41  1  21
6  41  1  65
7  41  1  40
8  41  1  42
9  41  1  15
10  41  1  60
11  41  1  61
12  41  1  20
13  41  1  31
14  41  1  41
15  41  1  72
16  41  1  13
17  41  1  29
18  41  1  51
19  41  1  12
20  41  1  60
1  42  1  27
2  42  1  48
3  42  1  27
4  42  1  74
5  42  1  72
6  42  1  37
7  42  1  64
8  42  1  81
9  42  1  25
10  42  1  65
11  42  1  13
12  42  1  75
13  42  1  40
14  42  1  30
15  42  1  30
16  42  1  74
17  42  1  64
18  42  1  34
19  42  1  25
20  42  1  49
1  43  1  86
2  43  1  59
3  43  1  73
4  43  1  86
5  43  1  46
6  43  1  80
7  43  1  29
8  43  1  33
9  43  1  22
10  43  1  27
11  43  1  50
12  43  1  72
13  43  1  55
14  43  1  47
15  43  1  74
16  43  1  17
17  43  1  60
18  43  1  28
19  43  1  85
20  43  1  59
1  44  1  40
2  44  1  35
3  44  1  51
4  44  1  47
5  44  1  50
6  44  1  21
7  44  1  78
8  44  1  88
9  44  1  21
10  44  1  88
11  44  1  49
12  44  1  25
13  44  1  88
14  44  1  35
15  44  1  49
16  44  1  30
17  44  1  24
18  44  1  47
19  44  1  35
20  44  1  89
1  45  1  40
2  45  1  31
3  45  1  44
4  45  1  70
5  45  1  11
6  45  1  39
7  45  1  19
8  45  1  74
9  45  1  83
10  45  1  37
11  45  1  27
12  45  1  10
13  45  1  62
14  45  1  68
15  45  1  73
16  45  1  59
17  45  1  13
18  45  1  60
19  45  1  28
20  45  1  16
1  46  1  50
2  46  1  31
3  46  1  46
4  46  1  73
5  46  1  62
6  46  1  80
7  46  1  82
8  46  1  77
9  46  1  80
10  46  1  14
11  46  1  89
12  46  1  36
13  46  1  31
14  46  1  25
15  46  1  74
16  46  1  66
17  46  1  38
18  46  1  41
19  46  1  37
20  46  1  41
1  47  1  66
2  47  1  10
3  47  1  29
4  47  1  48
5  47  1  74
6  47  1  73
7  47  1  40
8  47  1  53
9  47  1  51
10  47  1  68
11  47  1  17
12  47  1  40
13  47  1  17
14  47  1  74
15  47  1  49
16  47  1  34
17  47  1  72
18  47  1  54
19  47  1  25
20  47  1  19
1  48  1  19
2  48  1  72
3  48  1  14
4  48  1  80
5  48  1  13
6  48  1  18
7  48  1  20
8  48  1  54
9  48  1  57
10  48  1  56
11  48  1  51
12  48  1  78
13  48  1  32
14  48  1  83
15  48  1  64
16  48  1  88
17  48  1  89
18  48  1  60
19  48  1  87
20  48  1  90
1  49  1  75
2  49  1  66
3  49  1  39
4  49  1  80
5  49  1  17
6  49  1  81
7  49  1  82
8  49  1  30
9  49  1  62
10  49  1  19
11  49  1  67
12  49  1  48
13  49  1  83
14  49  1  39
15  49  1  13
16  49  1  10
17  49  1  50
18  49  1  20
19  49  1  46
20  49  1  20
1  50  1  68
2  50  1  40
3  50  1  68
4  50  1  79
5  50  1  88
6  50  1  52
7  50  1  71
8  50  1  61
9  50  1  32
10  50  1  82
11  50  1  23
12  50  1  28
13  50  1  16
14  50  1  23
15  50  1  17
16  50  1  33
17  50  1  15
18  50  1  55
19  50  1  80
20  50  1  76
1  51  1  73
2  51  1  79
3  51  1  15
4  51  1  81
5  51  1  77
6  51  1  87
7  51  1  65
8  51  1  31
9  51  1  78
10  51  1  70
11  51  1  82
12  51  1  47
13  51  1  12
14  51  1  58
15  51  1  72
16  51  1  59
17  51  1  17
18  51  1  52
19  51  1  10
20  51  1  55
1  52  1  74
2  52  1  17
3  52  1  40
4  52  1  42
5  52  1  45
6  52  1  82
7  52  1  12
8  52  1  62
9  52  1  61
10  52  1  88
11  52  1  76
12  52  1  72
13  52  1  35
14  52  1  37
15  52  1  50
16  52  1  36
17  52  1  50
18  52  1  29
19  52  1  86
20  52  1  34
1  53  1  70
2  53  1  24
3  53  1  10
4  53  1  34
5  53  1  53
6  53  1  81
7  53  1  53
8  53  1  71
9  53  1  11
10  53  1  37
11  53  1  17
12  53  1  45
13  53  1  76
14  53  1  60
15  53  1  70
16  53  1  82
17  53  1  55
18  53  1  74
19  53  1  34
20  53  1  87
1  54  1  76
2  54  1  49
3  54  1  33
4  54  1  57
5  54  1  70
6  54  1  87
7  54  1  76
8  54  1  51
9  54  1  46
10  54  1  58
11  54  1  63
12  54  1  40
13  54  1  54
14  54  1  79
15  54  1  83
16  54  1  11
17  54  1  46
18  54  1  16
19  54  1  47
20  54  1  13
1  55  1  78
2  55  1  66
3  55  1  80
4  55  1  63
5  55  1  79
6  55  1  87
7  55  1  74
8  55  1  90
9  55  1  16
10  55  1  12
11  55  1  81
12  55  1  29
13  55  1  12
14  55  1  68
15  55  1  31
16  55  1  75
17  55  1  64
18  55  1  28
19  55  1  32
20  55  1  50
1  56  1  89
2  56  1  61
3  56  1  55
4  56  1  33
5  56  1  54
6  56  1  31
7  56  1  71
8  56  1  21
9  56  1  33
10  56  1  55
11  56  1  13
12  56  1  23
13  56  1  53
14  56  1  79
15  56  1  62
16  56  1  58
17  56  1  48
18  56  1  49
19  56  1  34
20  56  1  80
1  57  1  89
2  57  1  65
3  57  1  90
4  57  1  37
5  57  1  50
6  57  1  69
7  57  1  54
8  57  1  80
9  57  1  68
10  57  1  57
11  57  1  69
12  57  1  43
13  57  1  32
14  57  1  21
15  57  1  11
16  57  1  21
17  57  1  73
18  57  1  68
19  57  1  45
20  57  1  14
1  58  1  25
2  58  1  28
3  58  1  63
4  58  1  55
5  58  1  42
6  58  1  22
7  58  1  75
8  58  1  84
9  58  1  90
10  58  1  58
11  58  1  57
12  58  1  77
13  58  1  90
14  58  1  67
15  58  1  64
16  58  1  90
17  58  1  82
18  58  1  18
19  58  1  41
20  58  1  39
1  59  1  71
2  59  1  75
3  59  1  31
4  59  1  24
5  59  1  45
6  59  1  65
7  59  1  67
8  59  1  26
9  59  1  83
10  59  1  24
11  59  1  71
12  59  1  79
13  59  1  69
14  59  1  45
15  59  1  51
16  59  1  56
17  59  1  74
18  59  1  89
19  59  1  29
20  59  1  53
1  60  1  76
2  60  1  65
3  60  1  54
4  60  1  79
5  60  1  16
6  60  1  87
7  60  1  50
8  60  1  43
9  60  1  64
10  60  1  75
11  60  1  33
12  60  1  65
13  60  1  61
14  60  1  86
15  60  1  50
16  60  1  20
17  60  1  89
18  60  1  62
19  60  1  63
20  60  1  56
1  61  1  47
2  61  1  64
3  61  1  73
4  61  1  78
5  61  1  90
6  61  1  28
7  61  1  88
8  61  1  39
9  61  1  49
10  61  1  21
11  61  1  40
12  61  1  89
13  61  1  44
14  61  1  34
15  61  1  25
16  61  1  65
17  61  1  21
18  61  1  59
19  61  1  30
20  61  1  33
1  62  1  71
2  62  1  31
3  62  1  31
4  62  1  27
5  62  1  24
6  62  1  60
7  62  1  56
8  62  1  47
9  62  1  33
10  62  1  66
11  62  1  27
12  62  1  48
13  62  1  45
14  62  1  30
15  62  1  21
16  62  1  58
17  62  1  12
18  62  1  88
19  62  1  85
20  62  1  84
1  63  1  72
2  63  1  42
3  63  1  82
4  63  1  84
5  63  1  42
6  63  1  29
7  63  1  20
8  63  1  26
9  63  1  28
10  63  1  51
11  63  1  51
12  63  1  35
13  63  1  58
14  63  1  16
15  63  1  74
16  63  1  82
17  63  1  89
18  63  1  84
19  63  1  26
20  63  1  61
1  64  1  30
2  64  1  61
3  64  1  43
4  64  1  56
5  64  1  42
6  64  1  36
7  64  1  30
8  64  1  15
9  64  1  16
10  64  1  47
11  64  1  87
12  64  1  76
13  64  1  88
14  64  1  34
15  64  1  41
16  64  1  57
17  64  1  13
18  64  1  75
19  64  1  24
20  64  1  19
1  65  1  57
2  65  1  27
3  65  1  72
4  65  1  81
5  65  1  82
6  65  1  19
7  65  1  77
8  65  1  50
9  65  1  29
10  65  1  57
11  65  1  12
12  65  1  24
13  65  1  75
14  65  1  23
15  65  1  72
16  65  1  28
17  65  1  24
18  65  1  50
19  65  1  12
20  65  1  20
1  66  1  81
2  66  1  58
3  66  1  67
4  66  1  87
5  66  1  76
6  66  1  58
7  66  1  65
8  66  1  54
9  66  1  84
10  66  1  66
11  66  1  22
12  66  1  52
13  66  1  88
14  66  1  23
15  66  1  21
16  66  1  85
17  66  1  23
18  66  1  36
19  66  1  13
20  66  1  37
1  67  1  79
2  67  1  55
3  67  1  38
4  67  1  58
5  67  1  19
6  67  1  81
7  67  1  65
8  67  1  81
9  67  1  12
10  67  1  76
11  67  1  72
12  67  1  35
13  67  1  56
14  67  1  70
15  67  1  88
16  67  1  32
17  67  1  19
18  67  1  77
19  67  1  61
20  67  1  28
1  68  1  80
2  68  1  16
3  68  1  31
4  68  1  55
5  68  1  72
6  68  1  35
7  68  1  11
8  68  1  85
9  68  1  76
10  68  1  63
11  68  1  84
12  68  1  36
13  68  1  37
14  68  1  75
15  68  1  35
16  68  1  50
17  68  1  25
18  68  1  47
19  68  1  27
20  68  1  37
1  69  1  69
2  69  1  17
3  69  1  76
4  69  1  42
5  69  1  10
6  69  1  77
7  69  1  44
8  69  1  65
9  69  1  21
10  69  1  58
11  69  1  39
12  69  1  73
13  69  1  18
14  69  1  46
15  69  1  13
16  69  1  42
17  69  1  77
18  69  1  34
19  69  1  19
20  69  1  29
1  70  1  28
2  70  1  75
3  70  1  39
4  70  1  44
5  70  1  58
6  70  1  85
7  70  1  28
8  70  1  82
9  70  1  10
10  70  1  17
11  70  1  47
12  70  1  70
13  70  1  64
14  70  1  16
15  70  1  13
16  70  1  25
17  70  1  75
18  70  1  29
19  70  1  24
20  70  1  41
1  71  1  37
2  71  1  50
3  71  1  53
4  71  1  34
5  71  1  79
6  71  1  36
7  71  1  12
8  71  1  53
9  71  1  69
10  71  1  22
11  71  1  31
12  71  1  48
13  71  1  27
14  71  1  86
15  71  1  72
16  71  1  87
17  71  1  70
18  71  1  41
19  71  1  22
20  71  1  26
1  72  1  15
2  72  1  72
3  72  1  80
4  72  1  88
5  72  1  14
6  72  1  89
7  72  1  90
8  72  1  18
9  72  1  34
10  72  1  16
11  72  1  17
12  72  1  53
13  72  1  29
14  72  1  14
15  72  1  49
16  72  1  83
17  72  1  25
18  72  1  74
19  72  1  27
20  72  1  24
1  73  1  62
2  73  1  51
3  73  1  88
4  73  1  10
5  73  1  76
6  73  1  85
7  73  1  36
8  73  1  81
9  73  1  89
10  73  1  31
11  73  1  82
12  73  1  42
13  73  1  30
14  73  1  57
15  73  1  21
16  73  1  15
17  73  1  51
18  73  1  34
19  73  1  29
20  73  1  36
1  74  1  73
2  74  1  11
3  74  1  68
4  74  1  77
5  74  1  19
6  74  1  45
7  74  1  32
8  74  1  80
9  74  1  54
10  74  1  42
11  74  1  70
12  74  1  59
13  74  1  37
14  74  1  87
15  74  1  65
16  74  1  17
17  74  1  78
18  74  1  57
19  74  1  42
20  74  1  55
1  75  1  46
2  75  1  78
3  75  1  60
4  75  1  15
5  75  1  45
6  75  1  60
7  75  1  23
8  75  1  14
9  75  1  22
10  75  1  38
11  75  1  17
12  75  1  86
13  75  1  22
14  75  1  21
15  75  1  34
16  75  1  45
17  75  1  71
18  75  1  85
19  75  1  60
20  75  1  69
1  76  1  43
2  76  1  61
3  76  1  74
4  76  1  79
5  76  1  67
6  76  1  68
7  76  1  28
8  76  1  23
9  76  1  84
10  76  1  33
11  76  1  58
12  76  1  51
13  76  1  19
14  76  1  18
15  76  1  12
16  76  1  13
17  76  1  40
18  76  1  29
19  76  1  44
20  76  1  56
1  77  1  35
2  77  1  71
3  77  1  68
4  77  1  82
5  77  1  56
6  77  1  87
7  77  1  73
8  77  1  52
9  77  1  20
10  77  1  66
11  77  1  85
12  77  1  60
13  77  1  46
14  77  1  22
15  77  1  49
16  77  1  13
17  77  1  27
18  77  1  54
19  77  1  19
20  77  1  88
1  78  1  36
2  78  1  24
3  78  1  46
4  78  1  51
5  78  1  33
6  78  1  58
7  78  1  68
8  78  1  62
9  78  1  17
10  78  1  84
11  78  1  64
12  78  1  67
13  78  1  57
14  78  1  61
15  78  1  17
16  78  1  47
17  78  1  46
18  78  1  35
19  78  1  76
20  78  1  87
1  79  1  77
2  79  1  30
3  79  1  39
4  79  1  70
5  79  1  55
6  79  1  53
7  79  1  25
8  79  1  57
9  79  1  70
10  79  1  89
11  79  1  77
12  79  1  34
13  79  1  15
14  79  1  43
15  79  1  49
16  79  1  72
17  79  1  47
18  79  1  11
19  79  1  31
20  79  1  85
1  80  1  28
2  80  1  44
3  80  1  76
4  80  1  85
5  80  1  34
6  80  1  24
7  80  1  23
8  80  1  63
9  80  1  85
10  80  1  18
11  80  1  14
12  80  1  61
13  80  1  10
14  80  1  26
15  80  1  47
16  80  1  49
17  80  1  13
18  80  1  38
19  80  1  64
20  80  1  15
1  81  1  75
2  81  1  47
3  81  1  46
4  81  1  37
5  81  1  11
6  81  1  41
7  81  1  68
8  81  1  82
9  81  1  44
10  81  1  88
11  81  1  30
12  81  1  69
13  81  1  46
14  81  1  87
15  81  1  37
16  81  1  27
17  81  1  84
18  81  1  88
19  81  1  49
20  81  1  66
1  82  1  41
2  82  1  49
3  82  1  84
4  82  1  48
5  82  1  46
6  82  1  69
7  82  1  33
8  82  1  68
9  82  1  72
10  82  1  25
11  82  1  82
12  82  1  79
13  82  1  42
14  82  1  15
15  82  1  80
16  82  1  72
17  82  1  26
18  82  1  82
19  82  1  90
20  82  1  56
1  83  1  61
2  83  1  68
3  83  1  62
4  83  1  17
5  83  1  49
6  83  1  66
7  83  1  53
8  83  1  16
9  83  1  73
10  83  1  45
11  83  1  66
12  83  1  16
13  83  1  78
14  83  1  34
15  83  1  52
16  83  1  36
17  83  1  26
18  83  1  12
19  83  1  58
20  83  1  33
1  84  1  61
2  84  1  87
3  84  1  82
4  84  1  13
5  84  1  33
6  84  1  90
7  84  1  83
8  84  1  35
9  84  1  42
10  84  1  30
11  84  1  85
12  84  1  58
13  84  1  64
14  84  1  37
15  84  1  18
16  84  1  11
17  84  1  77
18  84  1  27
19  84  1  46
20  84  1  68
1  85  1  78
2  85  1  71
3  85  1  10
4  85  1  58
5  85  1  31
6  85  1  53
7  85  1  35
8  85  1  84
9  85  1  55
10  85  1  44
11  85  1  53
12  85  1  39
13  85  1  14
14  85  1  72
15  85  1  77
16  85  1  11
17  85  1  87
18  85  1  19
19  85  1  15
20  85  1  62
1  86  1  57
2  86  1  24
3  86  1  22
4  86  1  76
5  86  1  37
6  86  1  85
7  86  1  72
8  86  1  66
9  86  1  29
10  86  1  74
11  86  1  39
12  86  1  19
13  86  1  84
14  86  1  75
15  86  1  66
16  86  1  23
17  86  1  13
18  86  1  39
19  86  1  89
20  86  1  30
1  87  1  87
2  87  1  51
3  87  1  74
4  87  1  13
5  87  1  87
6  87  1  59
7  87  1  75
8  87  1  59
9  87  1  29
10  87  1  86
11  87  1  64
12  87  1  36
13  87  1  69
14  87  1  64
15  87  1  24
16  87  1  74
17  87  1  84
18  87  1  85
19  87  1  15
20  87  1  80
1  88  1  75
2  88  1  79
3  88  1  29
4  88  1  25
5  88  1  60
6  88  1  40
7  88  1  29
8  88  1  16
9  88  1  49
10  88  1  89
11  88  1  34
12  88  1  52
13  88  1  72
14  88  1  79
15  88  1  90
16  88  1  80
17  88  1  11
18  88  1  11
19  88  1  86
20  88  1  68
1  89  1  61
2  89  1  65
3  89  1  41
4  89  1  82
5  89  1  25
6  89  1  80
7  89  1  33
8  89  1  33
9  89  1  26
10  89  1  10
11  89  1  90
12  89  1  60
13  89  1  53
14  89  1  36
15  89  1  32
16  89  1  30
17  89  1  67
18  89  1  54
19  89  1  45
20  89  1  62
1  90  1  41
2  90  1  40
3  90  1  81
4  90  1  72
5  90  1  67
6  90  1  24
7  90  1  68
8  90  1  39
9  90  1  10
10  90  1  56
11  90  1  26
12  90  1  25
13  90  1  35
14  90  1  74
15  90  1  18
16  90  1  75
17  90  1  78
18  90  1  29
19  90  1  64
20  90  1  67
1  91  1  80
2  91  1  15
3  91  1  30
4  91  1  69
5  91  1  87
6  91  1  11
7  91  1  28
8  91  1  86
9  91  1  36
10  91  1  11
11  91  1  68
12  91  1  39
13  91  1  63
14  91  1  56
15  91  1  89
16  91  1  88
17  91  1  28
18  91  1  28
19  91  1  81
20  91  1  71
1  92  1  26
2  92  1  61
3  92  1  43
4  92  1  82
5  92  1  32
6  92  1  16
7  92  1  87
8  92  1  86
9  92  1  28
10  92  1  54
11  92  1  66
12  92  1  14
13  92  1  86
14  92  1  78
15  92  1  41
16  92  1  28
17  92  1  47
18  92  1  16
19  92  1  25
20  92  1  83
1  93  1  72
2  93  1  62
3  93  1  10
4  93  1  23
5  93  1  19
6  93  1  12
7  93  1  50
8  93  1  71
9  93  1  21
10  93  1  77
11  93  1  80
12  93  1  47
13  93  1  41
14  93  1  34
15  93  1  75
16  93  1  23
17  93  1  73
18  93  1  83
19  93  1  36
20  93  1  28
1  94  1  64
2  94  1  53
3  94  1  45
4  94  1  15
5  94  1  30
6  94  1  28
7  94  1  61
8  94  1  76
9  94  1  51
10  94  1  34
11  94  1  61
12  94  1  59
13  94  1  50
14  94  1  76
15  94  1  24
16  94  1  79
17  94  1  77
18  94  1  78
19  94  1  21
20  94  1  62
1  95  1  33
2  95  1  55
3  95  1  42
4  95  1  30
5  95  1  84
6  95  1  84
7  95  1  48
8  95  1  66
9  95  1  12
10  95  1  49
11  95  1  53
12  95  1  77
13  95  1  21
14  95  1  51
15  95  1  71
16  95  1  59
17  95  1  38
18  95  1  79
19  95  1  22
20  95  1  46
1  96  1  54
2  96  1  71
3  96  1  53
4  96  1  40
5  96  1  16
6  96  1  41
7  96  1  10
8  96  1  89
9  96  1  86
10  96  1  38
11  96  1  63
12  96  1  88
13  96  1  35
14  96  1  33
15  96  1  42
16  96  1  70
17  96  1  89
18  96  1  57
19  96  1  18
20  96  1  85
1  97  1  51
2  97  1  30
3  97  1  38
4  97  1  47
5  97  1  66
6  97  1  14
7  97  1  85
8  97  1  10
9  97  1  88
10  97  1  78
11  97  1  75
12  97  1  89
13  97  1  82
14  97  1  28
15  97  1  20
16  97  1  21
17  97  1  81
18  97  1  34
19  97  1  65
20  97  1  78
1  98  1  31
2  98  1  22
3  98  1  10
4  98  1  42
5  98  1  53
6  98  1  51
7  98  1  19
8  98  1  73
9  98  1  14
10  98  1  57
11  98  1  69
12  98  1  69
13  98  1  75
14  98  1  54
15  98  1  70
16  98  1  46
17  98  1  57
18  98  1  89
19  98  1  58
20  98  1  90
1  99  1  79
2  99  1  80
3  99  1  11
4  99  1  69
5  99  1  83
6  99  1  72
7  99  1  46
8  99  1  18
9  99  1  39
10  99  1  27
11  99  1  44
12  99  1  34
13  99  1  33
14  99  1  89
15  99  1  71
16  99  1  80
17  99  1  84
18  99  1  47
19  99  1  75
20  99  1  54
1  100  1  42
2  100  1  26
3  100  1  86
4  100  1  88
5  100  1  57
6  100  1  18
7  100  1  89
8  100  1  30
9  100  1  58
10  100  1  74
11  100  1  71
12  100  1  75
13  100  1  11
14  100  1  12
15  100  1  59
16  100  1  28
17  100  1  15
18  100  1  12
19  100  1  55
20  100  1  44
1  101  1  24
2  101  1  50
3  101  1  19
4  101  1  18
5  101  1  12
6  101  1  15
7  101  1  44
8  101  1  51
9  101  1  83
10  101  1  47
11  101  1  87
12  101  1  42
13  101  1  89
14  101  1  56
15  101  1  40
16  101  1  87
17  101  1  24
18  101  1  27
19  101  1  39
20  101  1  70
1  102  1  88
2  102  1  51
3  102  1  74
4  102  1  61
5  102  1  66
6  102  1  32
7  102  1  48
8  102  1  29
9  102  1  30
10  102  1  80
11  102  1  43
12  102  1  49
13  102  1  40
14  102  1  67
15  102  1  22
16  102  1  29
17  102  1  49
18  102  1  76
19  102  1  39
20  102  1  88
1  103  1  51
2  103  1  86
3  103  1  81
4  103  1  84
5  103  1  38
6  103  1  63
7  103  1  39
8  103  1  46
9  103  1  29
10  103  1  50
11  103  1  10
12  103  1  13
13  103  1  72
14  103  1  83
15  103  1  88
16  103  1  21
17  103  1  28
18  103  1  46
19  103  1  27
20  103  1  50
1  104  1  46
2  104  1  54
3  104  1  42
4  104  1  49
5  104  1  25
6  104  1  39
7  104  1  58
8  104  1  10
9  104  1  76
10  104  1  17
11  104  1  81
12  104  1  23
13  104  1  38
14  104  1  90
15  104  1  59
16  104  1  46
17  104  1  56
18  104  1  15
19  104  1  24
20  104  1  85
1  105  1  81
2  105  1  79
3  105  1  54
4  105  1  31
5  105  1  35
6  105  1  52
7  105  1  48
8  105  1  81
9  105  1  60
10  105  1  24
11  105  1  18
12  105  1  18
13  105  1  40
14  105  1  19
15  105  1  43
16  105  1  79
17  105  1  26
18  105  1  25
19  105  1  83
20  105  1  54
1  106  1  69
2  106  1  47
3  106  1  14
4  106  1  19
5  106  1  60
6  106  1  67
7  106  1  86
8  106  1  17
9  106  1  45
10  106  1  81
11  106  1  86
12  106  1  71
13  106  1  28
14  106  1  79
15  106  1  71
16  106  1  88
17  106  1  63
18  106  1  56
19  106  1  87
20  106  1  20
1  107  1  64
2  107  1  81
3  107  1  63
4  107  1  49
5  107  1  26
6  107  1  24
7  107  1  79
8  107  1  53
9  107  1  36
10  107  1  50
11  107  1  69
12  107  1  76
13  107  1  24
14  107  1  78
15  107  1  67
16  107  1  24
17  107  1  20
18  107  1  55
19  107  1  19
20  107  1  41
1  108  1  79
2  108  1  83
3  108  1  38
4  108  1  89
5  108  1  46
6  108  1  57
7  108  1  73
8  108  1  66
9  108  1  85
10  108  1  11
11  108  1  46
12  108  1  75
13  108  1  55
14  108  1  26
15  108  1  84
16  108  1  53
17  108  1  50
18  108  1  78
19  108  1  69
20  108  1  66
1  109  1  53
2  109  1  38
3  109  1  52
4  109  1  37
5  109  1  47
6  109  1  28
7  109  1  11
8  109  1  12
9  109  1  31
10  109  1  87
11  109  1  58
12  109  1  34
13  109  1  40
14  109  1  59
15  109  1  82
16  109  1  26
17  109  1  78
18  109  1  30
19  109  1  18
20  109  1  32
1  110  1  42
2  110  1  49
3  110  1  35
4  110  1  30
5  110  1  61
6  110  1  89
7  110  1  43
8  110  1  13
9  110  1  12
10  110  1  49
11  110  1  40
12  110  1  18
13  110  1  71
14  110  1  23
15  110  1  79
16  110  1  54
17  110  1  64
18  110  1  18
19  110  1  68
20  110  1  54
1  111  1  59
2  111  1  13
3  111  1  81
4  111  1  35
5  111  1  66
6  111  1  39
7  111  1  86
8  111  1  26
9  111  1  29
10  111  1  79
11  111  1  60
12  111  1  62
13  111  1  64
14  111  1  48
15  111  1  64
16  111  1  11
17  111  1  40
18  111  1  33
19  111  1  82
20  111  1  19
1  112  1  34
2  112  1  69
3  112  1  87
4  112  1  72
5  112  1  86
6  112  1  71
7  112  1  73
8  112  1  43
9  112  1  69
10  112  1  31
11  112  1  71
12  112  1  30
13  112  1  78
14  112  1  54
15  112  1  40
16  112  1  26
17  112  1  69
18  112  1  57
19  112  1  68
20  112  1  61
1  113  1  64
2  113  1  54
3  113  1  21
4  113  1  22
5  113  1  58
6  113  1  13
7  113  1  79
8  113  1  52
9  113  1  64
10  113  1  13
11  113  1  53
12  113  1  83
13  113  1  28
14  113  1  56
15  113  1  55
16  113  1  58
17  113  1  23
18  113  1  57
19  113  1  31
20  113  1  52
1  114  1  44
2  114  1  36
3  114  1  17
4  114  1  21
5  114  1  73
6  114  1  74
7  114  1  18
8  114  1  86
9  114  1  87
10  114  1  37
11  114  1  10
12  114  1  58
13  114  1  60
14  114  1  49
15  114  1  48
16  114  1  46
17  114  1  86
18  114  1  14
19  114  1  59
20  114  1  53
1  115  1  53
2  115  1  30
3  115  1  24
4  115  1  68
5  115  1  40
6  115  1  51
7  115  1  44
8  115  1  17
9  115  1  60
10  115  1  54
11  115  1  12
12  115  1  39
13  115  1  29
14  115  1  33
15  115  1  43
16  115  1  46
17  115  1  84
18  115  1  73
19  115  1  11
20  115  1  76
1  116  1  71
2  116  1  83
3  116  1  33
4  116  1  43
5  116  1  48
6  116  1  38
7  116  1  53
8  116  1  40
9  116  1  14
10  116  1  18
11  116  1  39
12  116  1  46
13  116  1  66
14  116  1  45
15  116  1  55
16  116  1  88
17  116  1  31
18  116  1  69
19  116  1  48
20  116  1  74
1  117  1  17
2  117  1  66
3  117  1  24
4  117  1  80
5  117  1  35
6  117  1  15
7  117  1  21
8  117  1  47
9  117  1  77
10  117  1  62
11  117  1  29
12  117  1  24
13  117  1  57
14  117  1  34
15  117  1  83
16  117  1  68
17  117  1  14
18  117  1  35
19  117  1  42
20  117  1  39
1  118  1  11
2  118  1  59
3  118  1  43
4  118  1  18
5  118  1  79
6  118  1  31
7  118  1  46
8  118  1  42
9  118  1  39
10  118  1  47
11  118  1  53
12  118  1  27
13  118  1  24
14  118  1  22
15  118  1  62
16  118  1  50
17  118  1  60
18  118  1  52
19  118  1  43
20  118  1  19
1  119  1  15
2  119  1  35
3  119  1  32
4  119  1  69
5  119  1  10
6  119  1  60
7  119  1  48
8  119  1  36
9  119  1  41
10  119  1  24
11  119  1  45
12  119  1  77
13  119  1  32
14  119  1  12
15  119  1  76
16  119  1  37
17  119  1  14
18  119  1  78
19  119  1  24
20  119  1  36
1  120  1  48
2  120  1  39
3  120  1  48
4  120  1  82
5  120  1  66
6  120  1  37
7  120  1  11
8  120  1  55
9  120  1  58
10  120  1  63
11  120  1  55
12  120  1  76
13  120  1  54
14  120  1  45
15  120  1  68
16  120  1  74
17  120  1  52
18  120  1  22
19  120  1  65
20  120  1  36
1  121  1  84
2  121  1  74
3  121  1  57
4  121  1  35
5  121  1  18
6  121  1  41
7  121  1  75
8  121  1  35
9  121  1  37
10  121  1  20
11  121  1  85
12  121  1  71
13  121  1  65
14  121  1  13
15  121  1  55
16  121  1  37
17  121  1  26
18  121  1  88
19  121  1  82
20  121  1  18
1  122  1  55
2  122  1  19
3  122  1  77
4  122  1  77
5  122  1  34
6  122  1  47
7  122  1  21
8  122  1  10
9  122  1  87
10  122  1  87
11  122  1  32
12  122  1  80
13  122  1  56
14  122  1  74
15  122  1  78
16  122  1  74
17  122  1  28
18  122  1  34
19  122  1  24
20  122  1  63
1  123  1  45
2  123  1  19
3  123  1  57
4  123  1  82
5  123  1  13
6  123  1  45
7  123  1  70
8  123  1  56
9  123  1  57
10  123  1  72
11  123  1  72
12  123  1  58
13  123  1  47
14  123  1  21
15  123  1  61
16  123  1  53
17  123  1  83
18  123  1  27
19  123  1  39
20  123  1  88
1  124  1  38
2  124  1  54
3  124  1  48
4  124  1  24
5  124  1  36
6  124  1  27
7  124  1  45
8  124  1  73
9  124  1  89
10  124  1  86
11  124  1  23
12  124  1  84
13  124  1  55
14  124  1  80
15  124  1  58
16  124  1  64
17  124  1  10
18  124  1  10
19  124  1  15
20  124  1  44
1  125  1  73
2  125  1  80
3  125  1  33
4  125  1  39
5  125  1  72
6  125  1  47
7  125  1  77
8  125  1  20
9  125  1  55
10  125  1  56
11  125  1  16
12  125  1  48
13  125  1  78
14  125  1  24
15  125  1  78
16  125  1  84
17  125  1  59
18  125  1  30
19  125  1  44
20  125  1  52
1  126  1  29
2  126  1  29
3  126  1  56
4  126  1  68
5  126  1  76
6  126  1  78
7  126  1  25
8  126  1  55
9  126  1  30
10  126  1  59
11  126  1  35
12  126  1  64
13  126  1  72
14  126  1  40
15  126  1  47
16  126  1  56
17  126  1  48
18  126  1  28
19  126  1  18
20  126  1  88
1  127  1  23
2  127  1  88
3  127  1  19
4  127  1  78
5  127  1  14
6  127  1  52
7  127  1  88
8  127  1  50
9  127  1  65
10  127  1  16
11  127  1  33
12  127  1  11
13  127  1  19
14  127  1  39
15  127  1  50
16  127  1  24
17  127  1  36
18  127  1  88
19  127  1  19
20  127  1  78
1  128  1  73
2  128  1  77
3  128  1  78
4  128  1  78
5  128  1  70
6  128  1  67
7  128  1  68
8  128  1  39
9  128  1  44
10  128  1  19
11  128  1  52
12  128  1  49
13  128  1  65
14  128  1  43
15  128  1  77
16  128  1  50
17  128  1  50
18  128  1  45
19  128  1  49
20  128  1  89
1  129  1  64
2  129  1  52
3  129  1  87
4  129  1  84
5  129  1  52
6  129  1  79
7  129  1  22
8  129  1  74
9  129  1  79
10  129  1  60
11  129  1  46
12  129  1  84
13  129  1  58
14  129  1  41
15  129  1  36
16  129  1  39
17  129  1  52
18  129  1  80
19  129  1  51
20  129  1  78
1  130  1  16
2  130  1  40
3  130  1  66
4  130  1  25
5  130  1  19
6  130  1  66
7  130  1  13
8  130  1  62
9  130  1  35
10  130  1  28
11  130  1  74
12  130  1  55
13  130  1  68
14  130  1  69
15  130  1  51
16  130  1  19
17  130  1  42
18  130  1  90
19  130  1  29
20  130  1  75
1  131  1  20
2  131  1  41
3  131  1  15
4  131  1  82
5  131  1  72
6  131  1  42
7  131  1  75
8  131  1  17
9  131  1  79
10  131  1  34
11  131  1  33
12  131  1  24
13  131  1  31
14  131  1  10
15  131  1  70
16  131  1  59
17  131  1  44
18  131  1  84
19  131  1  79
20  131  1  67
1  132  1  53
2  132  1  40
3  132  1  60
4  132  1  45
5  132  1  15
6  132  1  28
7  132  1  52
8  132  1  67
9  132  1  84
10  132  1  75
11  132  1  47
12  132  1  83
13  132  1  40
14  132  1  28
15  132  1  75
16  132  1  83
17  132  1  71
18  132  1  65
19  132  1  58
20  132  1  38
1  133  1  86
2  133  1  52
3  133  1  34
4  133  1  72
5  133  1  57
6  133  1  30
7  133  1  84
8  133  1  30
9  133  1  46
10  133  1  87
11  133  1  28
12  133  1  63
13  133  1  44
14  133  1  73
15  133  1  46
16  133  1  25
17  133  1  73
18  133  1  53
19  133  1  40
20  133  1  75
1  134  1  55
2  134  1  51
3  134  1  67
4  134  1  24
5  134  1  77
6  134  1  66
7  134  1  13
8  134  1  24
9  134  1  76
10  134  1  90
11  134  1  68
12  134  1  78
13  134  1  80
14  134  1  69
15  134  1  42
16  134  1  17
17  134  1  42
18  134  1  25
19  134  1  14
20  134  1  26
1  135  1  37
2  135  1  72
3  135  1  71
4  135  1  36
5  135  1  47
6  135  1  85
7  135  1  42
8  135  1  89
9  135  1  28
10  135  1  19
11  135  1  86
12  135  1  42
13  135  1  52
14  135  1  52
15  135  1  31
16  135  1  76
17  135  1  58
18  135  1  21
19  135  1  63
20  135  1  46
1  136  1  77
2  136  1  90
3  136  1  26
4  136  1  72
5  136  1  63
6  136  1  54
7  136  1  15
8  136  1  31
9  136  1  78
10  136  1  10
11  136  1  88
12  136  1  13
13  136  1  32
14  136  1  16
15  136  1  72
16  136  1  54
17  136  1  60
18  136  1  74
19  136  1  61
20  136  1  36
1  137  1  41
2  137  1  61
3  137  1  36
4  137  1  88
5  137  1  19
6  137  1  15
7  137  1  69
8  137  1  31
9  137  1  15
10  137  1  30
11  137  1  58
12  137  1  13
13  137  1  40
14  137  1  47
15  137  1  51
16  137  1  54
17  137  1  52
18  137  1  26
19  137  1  38
20  137  1  43
1  138  1  41
2  138  1  23
3  138  1  26
4  138  1  37
5  138  1  46
6  138  1  32
7  138  1  25
8  138  1  16
9  138  1  75
10  138  1  40
11  138  1  86
12  138  1  82
13  138  1  37
14  138  1  81
15  138  1  17
16  138  1  15
17  138  1  15
18  138  1  46
19  138  1  51
20  138  1  88
1  139  1  66
2  139  1  88
3  139  1  16
4  139  1  47
5  139  1  59
6  139  1  24
7  139  1  34
8  139  1  75
9  139  1  42
10  139  1  47
11  139  1  48
12  139  1  65
13  139  1  90
14  139  1  16
15  139  1  39
16  139  1  22
17  139  1  38
18  139  1  73
19  139  1  11
20  139  1  87
1  140  1  85
2  140  1  77
3  140  1  13
4  140  1  64
5  140  1  38
6  140  1  83
7  140  1  27
8  140  1  38
9  140  1  48
10  140  1  35
11  140  1  53
12  140  1  73
13  140  1  23
14  140  1  14
15  140  1  40
16  140  1  71
17  140  1  65
18  140  1  18
19  140  1  69
20  140  1  88
1  141  1  39
2  141  1  53
3  141  1  79
4  141  1  13
5  141  1  58
6  141  1  83
7  141  1  56
8  141  1  48
9  141  1  58
10  141  1  20
11  141  1  59
12  141  1  27
13  141  1  62
14  141  1  34
15  141  1  35
16  141  1  65
17  141  1  65
18  141  1  80
19  141  1  36
20  141  1  75
1  142  1  70
2  142  1  15
3  142  1  31
4  142  1  49
5  142  1  28
6  142  1  44
7  142  1  57
8  142  1  23
9  142  1  70
10  142  1  82
11  142  1  44
12  142  1  18
13  142  1  48
14  142  1  29
15  142  1  51
16  142  1  53
17  142  1  36
18  142  1  44
19  142  1  22
20  142  1  74
1  143  1  23
2  143  1  80
3  143  1  18
4  143  1  15
5  143  1  65
6  143  1  89
7  143  1  90
8  143  1  90
9  143  1  80
10  143  1  56
11  143  1  73
12  143  1  81
13  143  1  70
14  143  1  43
15  143  1  39
16  143  1  80
17  143  1  88
18  143  1  14
19  143  1  62
20  143  1  84
1  144  1  16
2  144  1  49
3  144  1  20
4  144  1  80
5  144  1  66
6  144  1  19
7  144  1  13
8  144  1  72
9  144  1  69
10  144  1  73
11  144  1  84
12  144  1  30
13  144  1  72
14  144  1  73
15  144  1  63
16  144  1  79
17  144  1  80
18  144  1  44
19  144  1  22
20  144  1  81
1  145  1  81
2  145  1  75
3  145  1  38
4  145  1  81
5  145  1  10
6  145  1  17
7  145  1  33
8  145  1  35
9  145  1  24
10  145  1  26
11  145  1  56
12  145  1  22
13  145  1  31
14  145  1  58
15  145  1  63
16  145  1  19
17  145  1  15
18  145  1  55
19  145  1  37
20  145  1  67
1  146  1  30
2  146  1  26
3  146  1  41
4  146  1  12
5  146  1  25
6  146  1  35
7  146  1  87
8  146  1  37
9  146  1  37
10  146  1  46
11  146  1  70
12  146  1  51
13  146  1  69
14  146  1  38
15  146  1  41
16  146  1  58
17  146  1  71
18  146  1  25
19  146  1  64
20  146  1  39
1  147  1  51
2  147  1  60
3  147  1  44
4  147  1  87
5  147  1  83
6  147  1  32
7  147  1  63
8  147  1  81
9  147  1  37
10  147  1  28
11  147  1  31
12  147  1  31
13  147  1  81
14  147  1  90
15  147  1  27
16  147  1  34
17  147  1  32
18  147  1  36
19  147  1  32
20  147  1  70
1  148  1  10
2  148  1  88
3  148  1  31
4  148  1  36
5  148  1  63
6  148  1  82
7  148  1  54
8  148  1  83
9  148  1  46
10  148  1  19
11  148  1  73
12  148  1  22
13  148  1  49
14  148  1  38
15  148  1  43
16  148  1  32
17  148  1  48
18  148  1  26
19  148  1  23
20  148  1  85
1  149  1  19
2  149  1  80
3  149  1  85
4  149  1  32
5  149  1  29
6  149  1  62
7  149  1  13
8  149  1  51
9  149  1  19
10  149  1  16
11  149  1  48
12  149  1  88
13  149  1  34
14  149  1  22
15  149  1  10
16  149  1  57
17  149  1  84
18  149  1  33
19  149  1  76
20  149  1  61
1  150  1  29
2  150  1  47
3  150  1  58
4  150  1  39
5  150  1  55
6  150  1  51
7  150  1  48
8  150  1  51
9  150  1  25
10  150  1  42
11  150  1  60
12  150  1  28
13  150  1  61
14  150  1  16
15  150  1  30
16  150  1  64
17  150  1  51
18  150  1  70
19  150  1  26
20  150  1  69
1  1  2  8.10
2  1  2  14.14
3  1  2  22.35
4  1  2  10.83
5  1  2  16.30
6  1  2  22.90
7  1  2  4.99
8  1  2  40.53
9  1  2  50.92
10  1  2  26.68
11  1  2  37.43
12  1  2  20.24
13  1  2  56.31
14  1  2  20.93
15  1  2  22.73
16  1  2  49.40
17  1  2  23.74
18  1  2  3.21
19  1  2  18.13
20  1  2  18.25
1  2  2  18.80
2  2  2  19.09
3  2  2  21.24
4  2  2  10.26
5  2  2  44.62
6  2  2  37.90
7  2  2  3.72
8  2  2  30.37
9  2  2  37.44
10  2  2  9.05
11  2  2  31.56
12  2  2  24.59
13  2  2  44.34
14  2  2  44.31
15  2  2  17.13
16  2  2  5.19
17  2  2  44.61
18  2  2  25.04
19  2  2  35.95
20  2  2  28.93
1  3  2  42.24
2  3  2  18.13
3  3  2  20.13
4  3  2  60.99
5  3  2  32.65
6  3  2  28.12
7  3  2  37.86
8  3  2  11.15
9  3  2  52.57
10  3  2  7.67
11  3  2  46.77
12  3  2  27.13
13  3  2  62.93
14  3  2  5.24
15  3  2  2.81
16  3  2  13.63
17  3  2  17.86
18  3  2  17.96
19  3  2  35.31
20  3  2  24.03
1  4  2  25.59
2  4  2  44.40
3  4  2  28.67
4  4  2  36.80
5  4  2  42.28
6  4  2  22.36
7  4  2  6.19
8  4  2  30.85
9  4  2  41.72
10  4  2  8.25
11  4  2  7.92
12  4  2  17.44
13  4  2  34.27
14  4  2  34.44
15  4  2  23.13
16  4  2  44.87
17  4  2  25.24
18  4  2  32.45
19  4  2  27.86
20  4  2  9.54
1  5  2  37.24
2  5  2  13.69
3  5  2  33.16
4  5  2  66.70
5  5  2  8.54
6  5  2  39.93
7  5  2  3.19
8  5  2  54.67
9  5  2  24.80
10  5  2  3.46
11  5  2  18.41
12  5  2  17.48
13  5  2  31.77
14  5  2  9.11
15  5  2  29.18
16  5  2  45.66
17  5  2  21.30
18  5  2  56.49
19  5  2  13.94
20  5  2  23.52
1  6  2  3.56
2  6  2  23.46
3  6  2  17.77
4  6  2  28.24
5  6  2  8.75
6  6  2  4.80
7  6  2  4.03
8  6  2  34.53
9  6  2  16.36
10  6  2  43.10
11  6  2  9.36
12  6  2  39.65
13  6  2  15.32
14  6  2  4.39
15  6  2  7.68
16  6  2  20.78
17  6  2  12.30
18  6  2  34.39
19  6  2  20.29
20  6  2  18.61
1  7  2  55.33
2  7  2  54.29
3  7  2  13.14
4  7  2  27.23
5  7  2  30.41
6  7  2  57.49
7  7  2  7.32
8  7  2  53.14
9  7  2  19.40
10  7  2  7.09
11  7  2  33.77
12  7  2  10.49
13  7  2  21.91
14  7  2  14.86
15  7  2  14.82
16  7  2  17.00
17  7  2  8.77
18  7  2  3.99
19  7  2  31.65
20  7  2  53.14
1  8  2  61.36
2  8  2  20.68
3  8  2  28.44
4  8  2  9.20
5  8  2  17.59
6  8  2  51.85
7  8  2  12.87
8  8  2  37.34
9  8  2  32.10
10  8  2  24.27
11  8  2  17.60
12  8  2  51.22
13  8  2  17.06
14  8  2  31.19
15  8  2  19.05
16  8  2  26.99
17  8  2  42.59
18  8  2  17.20
19  8  2  40.10
20  8  2  15.35
1  9  2  19.01
2  9  2  6.32
3  9  2  19.87
4  9  2  8.05
5  9  2  33.52
6  9  2  35.87
7  9  2  5.56
8  9  2  42.68
9  9  2  12.66
10  9  2  68.25
11  9  2  51.08
12  9  2  59.89
13  9  2  60.09
14  9  2  23.97
15  9  2  13.50
16  9  2  15.70
17  9  2  31.51
18  9  2  9.77
19  9  2  14.66
20  9  2  16.43
1  10  2  15.68
2  10  2  20.95
3  10  2  19.03
4  10  2  11.91
5  10  2  12.63
6  10  2  32.74
7  10  2  25.93
8  10  2  11.14
9  10  2  40.26
10  10  2  40.13
11  10  2  21.31
12  10  2  38.62
13  10  2  30.88
14  10  2  9.41
15  10  2  20.64
16  10  2  45.47
17  10  2  6.62
18  10  2  37.36
19  10  2  6.70
20  10  2  31.24
1  11  2  58.84
2  11  2  10.48
3  11  2  17.92
4  11  2  6.13
5  11  2  38.72
6  11  2  36.99
7  11  2  8.98
8  11  2  14.37
9  11  2  10.80
10  11  2  47.60
11  11  2  47.15
12  11  2  20.79
13  11  2  13.42
14  11  2  10.92
15  11  2  8.51
16  11  2  32.13
17  11  2  13.11
18  11  2  52.84
19  11  2  21.41
20  11  2  25.24
1  12  2  50.34
2  12  2  54.20
3  12  2  24.29
4  12  2  43.07
5  12  2  42.43
6  12  2  3.18
7  12  2  12.60
8  12  2  29.49
9  12  2  22.69
10  12  2  11.57
11  12  2  2.22
12  12  2  31.37
13  12  2  9.89
14  12  2  46.78
15  12  2  26.77
16  12  2  39.20
17  12  2  24.23
18  12  2  14.96
19  12  2  65.17
20  12  2  33.41
1  13  2  37.98
2  13  2  28.95
3  13  2  23.59
4  13  2  16.65
5  13  2  30.89
6  13  2  24.33
7  13  2  10.36
8  13  2  3.04
9  13  2  9.76
10  13  2  45.90
11  13  2  19.47
12  13  2  21.70
13  13  2  42.11
14  13  2  17.66
15  13  2  65.22
16  13  2  13.68
17  13  2  23.31
18  13  2  25.75
19  13  2  5.27
20  13  2  13.22
1  14  2  25.64
2  14  2  34.73
3  14  2  23.73
4  14  2  8.45
5  14  2  17.87
6  14  2  35.88
7  14  2  7.70
8  14  2  42.98
9  14  2  25.86
10  14  2  22.63
11  14  2  13.88
12  14  2  45.74
13  14  2  23.59
14  14  2  19.50
15  14  2  29.52
16  14  2  3.39
17  14  2  12.52
18  14  2  26.88
19  14  2  23.96
20  14  2  10.47
1  15  2  28.83
2  15  2  29.61
3  15  2  25.95
4  15  2  13.00
5  15  2  14.58
6  15  2  5.78
7  15  2  49.26
8  15  2  31.41
9  15  2  34.01
10  15  2  14.52
11  15  2  22.28
12  15  2  13.63
13  15  2  6.79
14  15  2  8.76
15  15  2  26.03
16  15  2  16.27
17  15  2  4.54
18  15  2  17.24
19  15  2  35.33
20  15  2  46.42
1  16  2  9.33
2  16  2  23.70
3  16  2  16.20
4  16  2  6.73
5  16  2  12.67
6  16  2  28.58
7  16  2  15.98
8  16  2  27.44
9  16  2  23.82
10  16  2  5.85
11  16  2  15.03
12  16  2  47.69
13  16  2  8.83
14  16  2  25.21
15  16  2  6.14
16  16  2  16.26
17  16  2  15.04
18  16  2  18.45
19  16  2  10.20
20  16  2  10.57
1  17  2  31.49
2  17  2  25.42
3  17  2  10.97
4  17  2  32.52
5  17  2  9.89
6  17  2  23.72
7  17  2  57.85
8  17  2  32.44
9  17  2  15.77
10  17  2  31.31
11  17  2  26.73
12  17  2  12.54
13  17  2  15.28
14  17  2  13.17
15  17  2  18.05
16  17  2  8.48
17  17  2  7.63
18  17  2  28.85
19  17  2  26.46
20  17  2  9.18
1  18  2  45.47
2  18  2  22.62
3  18  2  26.87
4  18  2  17.11
5  18  2  54.34
6  18  2  31.64
7  18  2  12.44
8  18  2  11.09
9  18  2  44.01
10  18  2  12.58
11  18  2  18.74
12  18  2  23.80
13  18  2  59.61
14  18  2  28.78
15  18  2  52.09
16  18  2  49.37
17  18  2  15.89
18  18  2  27.44
19  18  2  26.69
20  18  2  28.69
1  19  2  2.56
2  19  2  12.98
3  19  2  12.43
4  19  2  13.74
5  19  2  51.92
6  19  2  13.48
7  19  2  25.97
8  19  2  35.20
9  19  2  63.52
10  19  2  7.81
11  19  2  34.76
12  19  2  39.04
13  19  2  4.29
14  19  2  14.75
15  19  2  26.81
16  19  2  42.70
17  19  2  19.74
18  19  2  10.00
19  19  2  26.04
20  19  2  35.47
1  20  2  35.37
2  20  2  38.48
3  20  2  30.16
4  20  2  23.39
5  20  2  23.07
6  20  2  14.62
7  20  2  5.48
8  20  2  44.12
9  20  2  29.89
10  20  2  7.14
11  20  2  41.10
12  20  2  13.00
13  20  2  37.59
14  20  2  22.75
15  20  2  24.72
16  20  2  20.84
17  20  2  8.51
18  20  2  22.17
19  20  2  25.90
20  20  2  32.86
1  21  2  12.66
2  21  2  29.57
3  21  2  33.75
4  21  2  13.24
5  21  2  51.60
6  21  2  49.94
7  21  2  17.51
8  21  2  23.42
9  21  2  27.42
10  21  2  23.35
11  21  2  8.35
12  21  2  11.24
13  21  2  45.36
14  21  2  14.30
15  21  2  42.34
16  21  2  34.36
17  21  2  5.45
18  21  2  7.70
19  21  2  24.72
20  21  2  37.86
1  22  2  12.44
2  22  2  38.95
3  22  2  21.50
4  22  2  21.37
5  22  2  29.63
6  22  2  28.20
7  22  2  6.99
8  22  2  40.54
9  22  2  36.33
10  22  2  8.01
11  22  2  16.46
12  22  2  31.49
13  22  2  12.97
14  22  2  28.77
15  22  2  12.35
16  22  2  20.44
17  22  2  14.31
18  22  2  16.68
19  22  2  56.94
20  22  2  31.54
1  23  2  9.15
2  23  2  29.98
3  23  2  36.58
4  23  2  21.99
5  23  2  25.53
6  23  2  8.70
7  23  2  57.45
8  23  2  13.15
9  23  2  41.66
10  23  2  49.53
11  23  2  10.35
12  23  2  9.25
13  23  2  22.15
14  23  2  45.02
15  23  2  5.28
16  23  2  7.14
17  23  2  27.57
18  23  2  13.06
19  23  2  24.56
20  23  2  47.31
1  24  2  13.53
2  24  2  5.03
3  24  2  9.23
4  24  2  24.61
5  24  2  11.47
6  24  2  3.58
7  24  2  20.09
8  24  2  16.99
9  24  2  28.56
10  24  2  25.51
11  24  2  38.54
12  24  2  52.09
13  24  2  38.46
14  24  2  42.95
15  24  2  10.50
16  24  2  37.89
17  24  2  55.71
18  24  2  29.85
19  24  2  11.30
20  24  2  65.52
1  25  2  20.73
2  25  2  15.42
3  25  2  3.34
4  25  2  27.82
5  25  2  28.04
6  25  2  24.24
7  25  2  53.63
8  25  2  27.80
9  25  2  18.78
10  25  2  47.71
11  25  2  28.91
12  25  2  30.84
13  25  2  5.87
14  25  2  13.59
15  25  2  17.94
16  25  2  14.23
17  25  2  58.22
18  25  2  8.47
19  25  2  2.33
20  25  2  8.65
1  26  2  21.08
2  26  2  10.80
3  26  2  28.83
4  26  2  25.20
5  26  2  15.69
6  26  2  56.03
7  26  2  38.94
8  26  2  24.46
9  26  2  31.35
10  26  2  32.18
11  26  2  13.46
12  26  2  11.82
13  26  2  40.95
14  26  2  10.79
15  26  2  14.46
16  26  2  25.52
17  26  2  20.40
18  26  2  22.57
19  26  2  15.56
20  26  2  20.44
1  27  2  25.79
2  27  2  33.14
3  27  2  13.08
4  27  2  8.63
5  27  2  19.79
6  27  2  40.77
7  27  2  32.19
8  27  2  17.52
9  27  2  17.31
10  27  2  10.32
11  27  2  13.82
12  27  2  17.92
13  27  2  26.99
14  27  2  45.37
15  27  2  15.19
16  27  2  28.97
17  27  2  42.08
18  27  2  51.17
19  27  2  51.50
20  27  2  5.63
1  28  2  8.51
2  28  2  30.69
3  28  2  11.83
4  28  2  11.47
5  28  2  3.67
6  28  2  10.29
7  28  2  17.58
8  28  2  27.19
9  28  2  27.02
10  28  2  43.71
11  28  2  32.35
12  28  2  6.95
13  28  2  13.70
14  28  2  29.49
15  28  2  56.07
16  28  2  30.40
17  28  2  6.64
18  28  2  6.90
19  28  2  28.10
20  28  2  39.55
1  29  2  16.70
2  29  2  23.87
3  29  2  9.86
4  29  2  40.67
5  29  2  22.97
6  29  2  39.41
7  29  2  22.66
8  29  2  28.64
9  29  2  33.09
10  29  2  11.24
11  29  2  38.68
12  29  2  14.81
13  29  2  41.88
14  29  2  16.61
15  29  2  24.82
16  29  2  6.51
17  29  2  12.33
18  29  2  59.21
19  29  2  26.82
20  29  2  26.90
1  30  2  18.73
2  30  2  46.72
3  30  2  14.92
4  30  2  43.91
5  30  2  33.58
6  30  2  56.61
7  30  2  15.96
8  30  2  25.55
9  30  2  28.84
10  30  2  6.38
11  30  2  21.14
12  30  2  13.15
13  30  2  18.59
14  30  2  16.88
15  30  2  13.75
16  30  2  39.18
17  30  2  24.41
18  30  2  20.20
19  30  2  28.52
20  30  2  23.56
1  31  2  54.89
2  31  2  33.30
3  31  2  32.81
4  31  2  27.42
5  31  2  20.33
6  31  2  42.97
7  31  2  16.45
8  31  2  17.74
9  31  2  6.84
10  31  2  25.81
11  31  2  57.26
12  31  2  31.86
13  31  2  54.29
14  31  2  30.10
15  31  2  8.20
16  31  2  35.24
17  31  2  8.56
18  31  2  8.26
19  31  2  24.50
20  31  2  12.63
1  32  2  8.86
2  32  2  12.37
3  32  2  12.65
4  32  2  7.88
5  32  2  21.48
6  32  2  11.72
7  32  2  23.80
8  32  2  38.21
9  32  2  17.12
10  32  2  30.02
11  32  2  23.42
12  32  2  9.37
13  32  2  36.63
14  32  2  20.20
15  32  2  26.47
16  32  2  40.51
17  32  2  19.53
18  32  2  60.89
19  32  2  37.87
20  32  2  36.35
1  33  2  20.60
2  33  2  11.19
3  33  2  18.42
4  33  2  36.94
5  33  2  23.15
6  33  2  18.37
7  33  2  54.97
8  33  2  57.28
9  33  2  27.09
10  33  2  8.79
11  33  2  17.15
12  33  2  19.30
13  33  2  36.62
14  33  2  12.31
15  33  2  39.49
16  33  2  45.20
17  33  2  11.67
18  33  2  35.39
19  33  2  12.69
20  33  2  64.99
1  34  2  14.43
2  34  2  7.25
3  34  2  10.80
4  34  2  9.27
5  34  2  38.13
6  34  2  11.16
7  34  2  13.68
8  34  2  14.50
9  34  2  5.79
10  34  2  29.65
11  34  2  51.93
12  34  2  20.50
13  34  2  12.97
14  34  2  30.76
15  34  2  29.28
16  34  2  38.54
17  34  2  35.14
18  34  2  8.32
19  34  2  9.91
20  34  2  21.18
1  35  2  19.07
2  35  2  42.29
3  35  2  11.60
4  35  2  38.50
5  35  2  4.16
6  35  2  18.98
7  35  2  26.19
8  35  2  20.56
9  35  2  9.89
10  35  2  55.14
11  35  2  8.51
12  35  2  12.98
13  35  2  43.44
14  35  2  14.55
15  35  2  13.39
16  35  2  42.67
17  35  2  19.57
18  35  2  17.70
19  35  2  39.23
20  35  2  32.01
1  36  2  28.25
2  36  2  13.64
3  36  2  24.98
4  36  2  30.00
5  36  2  20.09
6  36  2  7.24
7  36  2  27.08
8  36  2  22.30
9  36  2  11.84
10  36  2  13.60
11  36  2  27.79
12  36  2  53.36
13  36  2  36.99
14  36  2  12.61
15  36  2  39.72
16  36  2  34.54
17  36  2  17.79
18  36  2  20.66
19  36  2  65.99
20  36  2  44.68
1  37  2  27.40
2  37  2  28.29
3  37  2  22.98
4  37  2  6.41
5  37  2  22.44
6  37  2  18.63
7  37  2  46.81
8  37  2  2.82
9  37  2  15.05
10  37  2  37.35
11  37  2  65.33
12  37  2  30.05
13  37  2  44.20
14  37  2  28.83
15  37  2  25.27
16  37  2  8.48
17  37  2  34.49
18  37  2  61.93
19  37  2  12.33
20  37  2  49.01
1  38  2  28.42
2  38  2  37.89
3  38  2  44.15
4  38  2  6.70
5  38  2  59.63
6  38  2  19.16
7  38  2  17.82
8  38  2  10.44
9  38  2  34.85
10  38  2  42.76
11  38  2  17.15
12  38  2  15.60
13  38  2  19.58
14  38  2  19.16
15  38  2  19.26
16  38  2  34.67
17  38  2  57.07
18  38  2  28.72
19  38  2  7.13
20  38  2  33.33
1  39  2  22.20
2  39  2  19.74
3  39  2  5.93
4  39  2  12.42
5  39  2  21.18
6  39  2  10.25
7  39  2  15.94
8  39  2  31.98
9  39  2  31.57
10  39  2  19.57
11  39  2  21.79
12  39  2  11.36
13  39  2  29.17
14  39  2  37.61
15  39  2  6.40
16  39  2  14.53
17  39  2  22.95
18  39  2  10.74
19  39  2  24.27
20  39  2  35.71
1  40  2  32.63
2  40  2  24.87
3  40  2  18.27
4  40  2  6.51
5  40  2  37.52
6  40  2  31.48
7  40  2  18.13
8  40  2  14.30
9  40  2  39.77
10  40  2  9.88
11  40  2  5.38
12  40  2  5.48
13  40  2  47.13
14  40  2  24.14
15  40  2  25.48
16  40  2  15.17
17  40  2  18.99
18  40  2  12.59
19  40  2  29.98
20  40  2  13.92
1  41  2  30.85
2  41  2  26.15
3  41  2  48.08
4  41  2  5.20
5  41  2  16.02
6  41  2  23.66
7  41  2  28.97
8  41  2  29.42
9  41  2  10.46
10  41  2  23.65
11  41  2  21.43
12  41  2  12.82
13  41  2  17.22
14  41  2  28.07
15  41  2  44.40
16  41  2  6.44
17  41  2  16.12
18  41  2  25.65
19  41  2  9.42
20  41  2  12.64
1  42  2  20.92
2  42  2  28.39
3  42  2  9.58
4  42  2  41.01
5  42  2  56.08
6  42  2  26.58
7  42  2  41.57
8  42  2  42.19
9  42  2  5.57
10  42  2  39.91
11  42  2  10.31
12  42  2  25.80
13  42  2  12.90
14  42  2  10.41
15  42  2  16.05
16  42  2  50.00
17  42  2  26.61
18  42  2  25.79
19  42  2  12.38
20  42  2  14.81
1  43  2  27.63
2  43  2  33.94
3  43  2  54.46
4  43  2  61.45
5  43  2  17.57
6  43  2  25.21
7  43  2  6.41
8  43  2  21.05
9  43  2  5.51
10  43  2  14.33
11  43  2  38.50
12  43  2  26.46
13  43  2  39.97
14  43  2  20.07
15  43  2  45.41
16  43  2  8.01
17  43  2  18.91
18  43  2  13.23
19  43  2  41.82
20  43  2  14.64
1  44  2  30.92
2  44  2  22.89
3  44  2  27.59
4  44  2  22.81
5  44  2  36.50
6  44  2  15.74
7  44  2  53.67
8  44  2  33.62
9  44  2  5.46
10  44  2  41.22
11  44  2  28.09
12  44  2  13.55
13  44  2  19.36
14  44  2  15.69
15  44  2  25.41
16  44  2  22.85
17  44  2  9.98
18  44  2  18.94
19  44  2  18.53
20  44  2  19.11
1  45  2  16.99
2  45  2  11.15
3  45  2  22.45
4  45  2  19.53
5  45  2  4.39
6  45  2  25.54
7  45  2  8.61
8  45  2  51.87
9  45  2  49.75
10  45  2  19.28
11  45  2  6.35
12  45  2  5.30
13  45  2  36.21
14  45  2  47.68
15  45  2  47.61
16  45  2  35.69
17  45  2  9.87
18  45  2  12.44
19  45  2  19.59
20  45  2  6.80
1  46  2  14.85
2  46  2  24.18
3  46  2  17.59
4  46  2  31.00
5  46  2  41.13
6  46  2  55.18
7  46  2  52.63
8  46  2  40.13
9  46  2  20.37
10  46  2  5.02
11  46  2  21.99
12  46  2  24.95
13  46  2  17.01
14  46  2  17.52
15  46  2  45.37
16  46  2  26.04
17  46  2  29.10
18  46  2  14.59
19  46  2  20.58
20  46  2  11.72
1  47  2  42.18
2  47  2  5.40
3  47  2  22.90
4  47  2  14.28
5  47  2  20.44
6  47  2  56.44
7  47  2  22.38
8  47  2  24.55
9  47  2  15.66
10  47  2  47.22
11  47  2  7.85
12  47  2  18.39
13  47  2  7.04
14  47  2  26.27
15  47  2  15.55
16  47  2  23.48
17  47  2  52.04
18  47  2  18.32
19  47  2  16.66
20  47  2  5.05
1  48  2  6.86
2  48  2  16.04
3  48  2  11.00
4  48  2  34.86
5  48  2  7.09
6  48  2  11.67
7  48  2  11.77
8  48  2  21.76
9  48  2  17.97
10  48  2  33.68
11  48  2  22.19
12  48  2  53.38
13  48  2  8.35
14  48  2  24.74
15  48  2  28.11
16  48  2  40.84
17  48  2  53.01
18  48  2  34.57
19  48  2  35.57
20  48  2  54.24
1  49  2  29.76
2  49  2  24.06
3  49  2  28.29
4  49  2  33.55
5  49  2  13.26
6  49  2  37.97
7  49  2  40.89
8  49  2  22.58
9  49  2  28.93
10  49  2  7.20
11  49  2  42.04
12  49  2  30.41
13  49  2  27.62
14  49  2  28.78
15  49  2  2.90
16  49  2  3.43
17  49  2  21.90
18  49  2  14.43
19  49  2  14.11
20  49  2  5.46
1  50  2  40.58
2  50  2  29.85
3  50  2  29.69
4  50  2  51.66
5  50  2  55.39
6  50  2  20.40
7  50  2  38.30
8  50  2  18.43
9  50  2  21.38
10  50  2  34.54
11  50  2  12.70
12  50  2  21.64
13  50  2  5.43
14  50  2  11.64
15  50  2  9.55
16  50  2  9.66
17  50  2  6.34
18  50  2  31.97
19  50  2  39.67
20  50  2  38.42
1  51  2  52.80
2  51  2  28.07
3  51  2  11.81
4  51  2  36.10
5  51  2  35.37
6  51  2  37.52
7  51  2  51.57
8  51  2  13.44
9  51  2  53.89
10  51  2  24.15
11  51  2  26.28
12  51  2  23.52
13  51  2  8.20
14  51  2  46.09
15  51  2  49.37
16  51  2  45.19
17  51  2  11.70
18  51  2  22.04
19  51  2  4.61
20  51  2  24.86
1  52  2  36.12
2  52  2  5.41
3  52  2  22.47
4  52  2  20.76
5  52  2  35.74
6  52  2  31.59
7  52  2  8.38
8  52  2  38.62
9  52  2  27.43
10  52  2  38.53
11  52  2  55.45
12  52  2  26.40
13  52  2  12.17
14  52  2  18.53
15  52  2  12.92
16  52  2  12.62
17  52  2  31.79
18  52  2  6.20
19  52  2  47.58
20  52  2  12.37
1  53  2  25.76
2  53  2  14.92
3  53  2  6.69
4  53  2  14.83
5  53  2  25.37
6  53  2  33.54
7  53  2  23.39
8  53  2  23.72
9  53  2  2.82
10  53  2  20.82
11  53  2  11.68
12  53  2  32.67
13  53  2  27.80
14  53  2  30.03
15  53  2  24.69
16  53  2  51.13
17  53  2  26.12
18  53  2  37.70
19  53  2  6.84
20  53  2  27.22
1  54  2  45.64
2  54  2  32.28
3  54  2  9.14
4  54  2  32.79
5  54  2  19.10
6  54  2  45.41
7  54  2  40.78
8  54  2  21.71
9  54  2  23.13
10  54  2  31.32
11  54  2  49.65
12  54  2  10.08
13  54  2  39.38
14  54  2  46.07
15  54  2  18.65
16  54  2  5.51
17  54  2  15.62
18  54  2  12.23
19  54  2  24.41
20  54  2  7.71
1  55  2  45.83
2  55  2  44.99
3  55  2  61.38
4  55  2  13.78
5  55  2  31.04
6  55  2  32.41
7  55  2  20.68
8  55  2  23.68
9  55  2  10.74
10  55  2  6.92
11  55  2  29.03
12  55  2  18.90
13  55  2  6.80
14  55  2  33.81
15  55  2  15.67
16  55  2  34.85
17  55  2  46.98
18  55  2  16.99
19  55  2  21.47
20  55  2  27.67
1  56  2  25.38
2  56  2  44.24
3  56  2  41.27
4  56  2  15.41
5  56  2  12.49
6  56  2  7.46
7  56  2  48.57
8  56  2  8.09
9  56  2  21.28
10  56  2  43.70
11  56  2  9.27
12  56  2  8.61
13  56  2  31.52
14  56  2  27.77
15  56  2  26.93
16  56  2  15.52
17  56  2  35.40
18  56  2  27.00
19  56  2  26.73
20  56  2  49.16
1  57  2  25.88
2  57  2  25.89
3  57  2  48.47
4  57  2  7.90
5  57  2  15.06
6  57  2  18.89
7  57  2  33.92
8  57  2  33.40
9  57  2  45.90
10  57  2  27.55
11  57  2  42.10
12  57  2  8.96
13  57  2  10.34
14  57  2  6.76
15  57  2  7.17
16  57  2  11.53
17  57  2  36.63
18  57  2  14.44
19  57  2  20.71
20  57  2  5.41
1  58  2  14.26
2  58  2  15.47
3  58  2  13.22
4  58  2  39.83
5  58  2  15.94
6  58  2  8.02
7  58  2  31.70
8  58  2  33.02
9  58  2  58.90
10  58  2  32.10
11  58  2  29.61
12  58  2  37.11
13  58  2  64.35
14  58  2  44.88
15  58  2  26.84
16  58  2  52.91
17  58  2  57.71
18  58  2  12.26
19  58  2  29.49
20  58  2  25.86
1  59  2  14.97
2  59  2  33.07
3  59  2  21.42
4  59  2  4.90
5  59  2  21.14
6  59  2  50.87
7  59  2  35.67
8  59  2  7.37
9  59  2  32.61
10  59  2  5.62
11  59  2  50.65
12  59  2  52.02
13  59  2  40.76
14  59  2  20.17
15  59  2  32.88
16  59  2  12.99
17  59  2  42.37
18  59  2  52.22
19  59  2  13.74
20  59  2  34.59
1  60  2  51.13
2  60  2  16.26
3  60  2  26.88
4  60  2  54.28
5  60  2  6.01
6  60  2  30.61
7  60  2  12.21
8  60  2  12.57
9  60  2  48.82
10  60  2  32.29
11  60  2  19.07
12  60  2  22.33
13  60  2  32.71
14  60  2  58.57
15  60  2  25.16
16  60  2  15.61
17  60  2  51.21
18  60  2  38.17
19  60  2  39.98
20  60  2  38.22
1  61  2  26.76
2  61  2  21.67
3  61  2  40.86
4  61  2  36.95
5  61  2  39.90
6  61  2  11.15
7  61  2  39.18
8  61  2  30.77
9  61  2  21.69
10  61  2  8.73
11  61  2  19.77
12  61  2  52.17
13  61  2  25.32
14  61  2  24.18
15  61  2  13.52
16  61  2  27.43
17  61  2  16.19
18  61  2  14.68
19  61  2  10.87
20  61  2  8.77
1  62  2  30.38
2  62  2  7.27
3  62  2  23.32
4  62  2  19.65
5  62  2  8.01
6  62  2  46.23
7  62  2  31.89
8  62  2  35.86
9  62  2  10.03
10  62  2  30.19
11  62  2  20.91
12  62  2  25.96
13  62  2  23.94
14  62  2  18.84
15  62  2  16.03
16  62  2  22.47
17  62  2  8.85
18  62  2  22.15
19  62  2  37.57
20  62  2  53.22
1  63  2  44.66
2  63  2  26.85
3  63  2  23.68
4  63  2  38.36
5  63  2  23.20
6  63  2  13.72
7  63  2  12.14
8  63  2  17.52
9  63  2  11.80
10  63  2  36.83
11  63  2  11.87
12  63  2  14.51
13  63  2  19.10
14  63  2  12.02
15  63  2  26.22
16  63  2  24.71
17  63  2  68.77
18  63  2  61.13
19  63  2  17.52
20  63  2  42.86
1  64  2  18.79
2  64  2  21.62
3  64  2  20.34
4  64  2  23.44
5  64  2  19.26
6  64  2  7.99
7  64  2  10.40
8  64  2  8.33
9  64  2  6.49
10  64  2  35.71
11  64  2  44.74
12  64  2  35.37
13  64  2  33.26
14  64  2  15.71
15  64  2  12.24
16  64  2  29.53
17  64  2  9.36
18  64  2  44.30
19  64  2  8.65
20  64  2  11.77
1  65  2  29.20
2  65  2  12.61
3  65  2  52.52
4  65  2  32.84
5  65  2  61.40
6  65  2  4.69
7  65  2  33.97
8  65  2  38.76
9  65  2  16.50
10  65  2  22.25
11  65  2  6.26
12  65  2  17.33
13  65  2  40.56
14  65  2  5.32
15  65  2  31.99
16  65  2  7.67
17  65  2  17.52
18  65  2  22.53
19  65  2  5.61
20  65  2  4.63
1  66  2  26.08
2  66  2  18.44
3  66  2  47.42
4  66  2  39.67
5  66  2  29.37
6  66  2  29.33
7  66  2  23.71
8  66  2  13.86
9  66  2  65.50
10  66  2  20.70
11  66  2  7.98
12  66  2  30.12
13  66  2  33.39
14  66  2  9.35
15  66  2  6.25
16  66  2  53.95
17  66  2  11.21
18  66  2  15.02
19  66  2  4.44
20  66  2  16.85
1  67  2  29.17
2  67  2  20.60
3  67  2  28.06
4  67  2  30.90
5  67  2  8.81
6  67  2  25.15
7  67  2  39.06
8  67  2  58.38
9  67  2  3.73
10  67  2  25.28
11  67  2  32.29
12  67  2  18.29
13  67  2  18.64
14  67  2  33.61
15  67  2  56.66
16  67  2  6.99
17  67  2  12.71
18  67  2  52.99
19  67  2  20.59
20  67  2  16.27
1  68  2  17.30
2  68  2  8.24
3  68  2  15.26
4  68  2  27.84
5  68  2  48.42
6  68  2  17.72
7  68  2  3.92
8  68  2  63.53
9  68  2  38.05
10  68  2  13.83
11  68  2  40.61
12  68  2  12.01
13  68  2  23.52
14  68  2  46.30
15  68  2  20.99
16  68  2  25.36
17  68  2  17.52
18  68  2  27.36
19  68  2  8.68
20  68  2  24.59
1  69  2  52.18
2  69  2  8.79
3  69  2  29.81
4  69  2  19.34
5  69  2  4.28
6  69  2  29.17
7  69  2  10.43
8  69  2  48.34
9  69  2  10.53
10  69  2  19.79
11  69  2  26.29
12  69  2  21.35
13  69  2  13.86
14  69  2  31.32
15  69  2  4.00
16  69  2  33.14
17  69  2  44.44
18  69  2  9.49
19  69  2  10.90
20  69  2  17.16
1  70  2  10.90
2  70  2  44.76
3  70  2  16.65
4  70  2  27.27
5  70  2  39.91
6  70  2  57.70
7  70  2  17.96
8  70  2  47.56
9  70  2  5.25
10  70  2  12.13
11  70  2  30.83
12  70  2  49.70
13  70  2  32.16
14  70  2  7.74
15  70  2  9.88
16  70  2  18.28
17  70  2  52.35
18  70  2  21.34
19  70  2  6.15
20  70  2  8.25
1  71  2  25.14
2  71  2  24.81
3  71  2  12.70
4  71  2  23.13
5  71  2  42.61
6  71  2  14.67
7  71  2  4.17
8  71  2  27.96
9  71  2  37.50
10  71  2  5.54
11  71  2  21.16
12  71  2  26.34
13  71  2  19.89
14  71  2  49.72
15  71  2  24.55
16  71  2  22.57
17  71  2  48.83
18  71  2  22.34
19  71  2  6.17
20  71  2  11.74
1  72  2  6.05
2  72  2  36.31
3  72  2  30.41
4  72  2  51.14
5  72  2  6.25
6  72  2  56.50
7  72  2  53.22
8  72  2  4.26
9  72  2  10.95
10  72  2  8.85
11  72  2  5.88
12  72  2  22.16
13  72  2  15.63
14  72  2  7.19
15  72  2  9.92
16  72  2  21.54
17  72  2  11.38
18  72  2  37.00
19  72  2  14.36
20  72  2  11.81
1  73  2  28.90
2  73  2  23.96
3  73  2  32.62
4  73  2  6.59
5  73  2  21.32
6  73  2  48.17
7  73  2  20.53
8  73  2  42.88
9  73  2  58.09
10  73  2  14.30
11  73  2  24.95
12  73  2  11.55
13  73  2  17.15
14  73  2  30.73
15  73  2  5.66
16  73  2  4.97
17  73  2  10.73
18  73  2  20.47
19  73  2  7.27
20  73  2  18.13
1  74  2  35.88
2  74  2  8.54
3  74  2  54.18
4  74  2  23.65
5  74  2  11.84
6  74  2  27.49
7  74  2  24.97
8  74  2  20.06
9  74  2  19.40
10  74  2  23.59
11  74  2  55.60
12  74  2  45.21
13  74  2  10.44
14  74  2  26.02
15  74  2  26.85
16  74  2  8.41
17  74  2  30.01
18  74  2  33.14
19  74  2  20.67
20  74  2  34.67
1  75  2  24.61
2  75  2  21.35
3  75  2  29.35
4  75  2  10.58
5  75  2  9.00
6  75  2  37.02
7  75  2  5.14
8  75  2  10.36
9  75  2  8.12
10  75  2  28.19
11  75  2  7.65
12  75  2  18.28
13  75  2  10.33
14  75  2  4.28
15  75  2  12.34
16  75  2  22.10
17  75  2  25.91
18  75  2  48.31
19  75  2  44.80
20  75  2  41.64
1  76  2  26.35
2  76  2  24.30
3  76  2  33.71
4  76  2  21.00
5  76  2  17.41
6  76  2  26.16
7  76  2  13.35
8  76  2  12.30
9  76  2  55.39
10  76  2  16.58
11  76  2  40.55
12  76  2  39.82
13  76  2  14.30
14  76  2  11.88
15  76  2  4.63
16  76  2  6.03
17  76  2  10.87
18  76  2  20.81
19  76  2  23.07
20  76  2  18.65
1  77  2  20.47
2  77  2  54.86
3  77  2  22.85
4  77  2  23.40
5  77  2  20.72
6  77  2  39.66
7  77  2  35.46
8  77  2  33.72
9  77  2  9.66
10  77  2  18.59
11  77  2  17.26
12  77  2  14.13
13  77  2  35.26
14  77  2  9.37
15  77  2  28.23
16  77  2  8.19
17  77  2  9.16
18  77  2  40.44
19  77  2  5.50
20  77  2  26.23
1  78  2  28.26
2  78  2  9.19
3  78  2  34.31
4  78  2  11.33
5  78  2  9.60
6  78  2  13.66
7  78  2  36.54
8  78  2  15.09
9  78  2  4.21
10  78  2  51.91
11  78  2  30.09
12  78  2  41.48
13  78  2  18.36
14  78  2  26.02
15  78  2  7.96
16  78  2  10.02
17  78  2  34.45
18  78  2  20.20
19  78  2  50.22
20  78  2  49.73
1  79  2  44.48
2  79  2  13.81
3  79  2  26.02
4  79  2  44.00
5  79  2  40.22
6  79  2  30.62
7  79  2  14.95
8  79  2  16.91
9  79  2  22.26
10  79  2  47.16
11  79  2  47.03
12  79  2  14.07
13  79  2  6.46
14  79  2  9.74
15  79  2  31.16
16  79  2  16.31
17  79  2  21.38
18  79  2  2.89
19  79  2  6.92
20  79  2  26.33
1  80  2  20.73
2  80  2  10.49
3  80  2  48.39
4  80  2  65.26
5  80  2  24.15
6  80  2  11.14
7  80  2  18.25
8  80  2  27.73
9  80  2  34.84
10  80  2  12.60
11  80  2  6.50
12  80  2  20.02
13  80  2  2.77
14  80  2  14.03
15  80  2  17.97
16  80  2  23.66
17  80  2  4.61
18  80  2  13.23
19  80  2  41.94
20  80  2  6.05
1  81  2  57.97
2  81  2  25.49
3  81  2  26.33
4  81  2  20.44
5  81  2  4.91
6  81  2  25.98
7  81  2  34.91
8  81  2  21.23
9  81  2  23.07
10  81  2  51.01
11  81  2  14.48
12  81  2  34.22
13  81  2  30.78
14  81  2  21.71
15  81  2  27.41
16  81  2  7.60
17  81  2  66.63
18  81  2  18.10
19  81  2  20.57
20  81  2  14.35
1  82  2  28.94
2  82  2  38.52
3  82  2  32.43
4  82  2  22.14
5  82  2  31.63
6  82  2  23.61
7  82  2  14.83
8  82  2  18.68
9  82  2  18.67
10  82  2  13.17
11  82  2  61.79
12  82  2  28.58
13  82  2  31.74
14  82  2  5.55
15  82  2  44.66
16  82  2  33.76
17  82  2  17.70
18  82  2  22.80
19  82  2  62.28
20  82  2  25.90
1  83  2  39.66
2  83  2  50.46
3  83  2  48.24
4  83  2  10.12
5  83  2  14.62
6  83  2  28.47
7  83  2  11.24
8  83  2  12.18
9  83  2  35.87
10  83  2  34.74
11  83  2  38.02
12  83  2  3.29
13  83  2  22.67
14  83  2  23.48
15  83  2  11.91
16  83  2  13.94
17  83  2  14.88
18  83  2  5.77
19  83  2  16.29
20  83  2  22.14
1  84  2  34.36
2  84  2  62.73
3  84  2  27.80
4  84  2  6.46
5  84  2  22.49
6  84  2  61.10
7  84  2  57.48
8  84  2  11.32
9  84  2  32.71
10  84  2  12.35
11  84  2  36.78
12  84  2  35.60
13  84  2  28.30
14  84  2  22.81
15  84  2  11.46
16  84  2  8.47
17  84  2  52.07
18  84  2  20.58
19  84  2  21.58
20  84  2  50.94
1  85  2  28.62
2  85  2  22.84
3  85  2  4.43
4  85  2  44.70
5  85  2  24.55
6  85  2  34.70
7  85  2  13.34
8  85  2  66.44
9  85  2  25.46
10  85  2  21.34
11  85  2  30.32
12  85  2  26.67
13  85  2  7.69
14  85  2  35.22
15  85  2  26.25
16  85  2  8.38
17  85  2  42.38
18  85  2  4.67
19  85  2  3.91
20  85  2  20.02
1  86  2  16.01
2  86  2  18.52
3  86  2  9.91
4  86  2  58.59
5  86  2  8.06
6  86  2  57.18
7  86  2  40.63
8  86  2  26.95
9  86  2  16.71
10  86  2  40.63
11  86  2  29.13
12  86  2  11.05
13  86  2  26.89
14  86  2  58.70
15  86  2  14.17
16  86  2  14.81
17  86  2  10.40
18  86  2  19.55
19  86  2  34.44
20  86  2  11.98
1  87  2  29.43
2  87  2  12.11
3  87  2  53.69
4  87  2  8.24
5  87  2  64.28
6  87  2  28.85
7  87  2  53.62
8  87  2  23.63
9  87  2  21.25
10  87  2  27.37
11  87  2  16.70
12  87  2  24.73
13  87  2  49.18
14  87  2  18.65
15  87  2  14.97
16  87  2  53.39
17  87  2  37.09
18  87  2  37.70
19  87  2  8.18
20  87  2  32.25
1  88  2  44.20
2  88  2  19.72
3  88  2  21.76
4  88  2  15.53
5  88  2  38.29
6  88  2  21.61
7  88  2  14.73
8  88  2  10.09
9  88  2  37.52
10  88  2  41.04
11  88  2  13.31
12  88  2  11.02
13  88  2  56.22
14  88  2  27.39
15  88  2  48.23
16  88  2  61.94
17  88  2  8.04
18  88  2  6.44
19  88  2  61.10
20  88  2  23.55
1  89  2  20.07
2  89  2  31.10
3  89  2  24.12
4  89  2  31.17
5  89  2  16.64
6  89  2  40.94
7  89  2  11.79
8  89  2  25.90
9  89  2  19.15
10  89  2  2.54
11  89  2  68.87
12  89  2  36.56
13  89  2  34.95
14  89  2  19.14
15  89  2  14.71
16  89  2  6.78
17  89  2  36.12
18  89  2  25.23
19  89  2  9.48
20  89  2  19.81
1  90  2  28.29
2  90  2  10.99
3  90  2  49.19
4  90  2  51.06
5  90  2  25.08
6  90  2  15.80
7  90  2  20.38
8  90  2  9.28
9  90  2  7.86
10  90  2  18.99
11  90  2  9.65
12  90  2  16.30
13  90  2  9.16
14  90  2  48.19
15  90  2  5.17
16  90  2  21.08
17  90  2  45.19
18  90  2  13.18
19  90  2  35.98
20  90  2  19.53
1  91  2  39.62
2  91  2  6.98
3  91  2  10.92
4  91  2  28.62
5  91  2  36.66
6  91  2  6.27
7  91  2  16.49
8  91  2  50.60
9  91  2  15.19
10  91  2  4.36
11  91  2  30.53
12  91  2  22.34
13  91  2  42.06
14  91  2  40.96
15  91  2  42.67
16  91  2  67.49
17  91  2  14.39
18  91  2  13.51
19  91  2  50.48
20  91  2  40.92
1  92  2  19.21
2  92  2  18.80
3  92  2  13.47
4  92  2  62.57
5  92  2  19.81
6  92  2  3.96
7  92  2  41.65
8  92  2  24.15
9  92  2  15.81
10  92  2  17.24
11  92  2  31.94
12  92  2  9.97
13  92  2  64.74
14  92  2  33.00
15  92  2  28.31
16  92  2  9.66
17  92  2  20.37
18  92  2  5.90
19  92  2  8.21
20  92  2  27.65
1  93  2  22.94
2  93  2  40.73
3  93  2  5.73
4  93  2  8.11
5  93  2  6.72
6  93  2  5.02
7  93  2  22.10
8  93  2  29.70
9  93  2  4.26
10  93  2  17.97
11  93  2  27.21
12  93  2  30.81
13  93  2  31.65
14  93  2  8.59
15  93  2  37.81
16  93  2  7.76
17  93  2  20.95
18  93  2  63.38
19  93  2  8.34
20  93  2  12.48
1  94  2  18.60
2  94  2  19.45
3  94  2  19.21
4  94  2  3.51
5  94  2  20.41
6  94  2  20.08
7  94  2  26.16
8  94  2  41.41
9  94  2  14.58
10  94  2  15.23
11  94  2  18.29
12  94  2  42.38
13  94  2  27.83
14  94  2  18.73
15  94  2  5.04
16  94  2  33.53
17  94  2  19.32
18  94  2  47.74
19  94  2  5.93
20  94  2  37.41
1  95  2  12.86
2  95  2  23.60
3  95  2  18.68
4  95  2  21.79
5  95  2  43.13
6  95  2  25.79
7  95  2  25.47
8  95  2  19.18
9  95  2  7.35
10  95  2  22.39
11  95  2  36.75
12  95  2  54.66
13  95  2  10.56
14  95  2  25.77
15  95  2  55.61
16  95  2  40.02
17  95  2  15.96
18  95  2  42.91
19  95  2  16.28
20  95  2  25.20
1  96  2  34.80
2  96  2  15.04
3  96  2  22.86
4  96  2  20.90
5  96  2  3.36
6  96  2  17.65
7  96  2  6.36
8  96  2  42.36
9  96  2  23.57
10  96  2  13.88
11  96  2  43.29
12  96  2  68.62
13  96  2  11.33
14  96  2  23.79
15  96  2  24.05
16  96  2  34.20
17  96  2  65.06
18  96  2  21.67
19  96  2  3.68
20  96  2  22.49
1  97  2  37.01
2  97  2  11.82
3  97  2  23.72
4  97  2  11.17
5  97  2  32.76
6  97  2  7.09
7  97  2  47.18
8  97  2  6.18
9  97  2  59.54
10  97  2  45.69
11  97  2  32.33
12  97  2  48.59
13  97  2  28.91
14  97  2  10.21
15  97  2  11.63
16  97  2  14.41
17  97  2  19.69
18  97  2  8.06
19  97  2  43.73
20  97  2  43.60
1  98  2  24.37
2  98  2  11.18
3  98  2  7.69
4  98  2  22.21
5  98  2  34.26
6  98  2  37.47
7  98  2  11.15
8  98  2  15.64
9  98  2  6.95
10  98  2  41.55
11  98  2  17.10
12  98  2  50.99
13  98  2  52.83
14  98  2  33.54
15  98  2  31.73
16  98  2  34.11
17  98  2  40.23
18  98  2  54.59
19  98  2  27.19
20  98  2  19.12
1  99  2  53.95
2  99  2  57.56
3  99  2  7.36
4  99  2  16.52
5  99  2  50.44
6  99  2  46.71
7  99  2  30.65
8  99  2  11.83
9  99  2  10.62
10  99  2  18.61
11  99  2  17.58
12  99  2  14.95
13  99  2  24.14
14  99  2  50.15
15  99  2  23.24
16  99  2  27.53
17  99  2  63.78
18  99  2  26.43
19  99  2  38.60
20  99  2  24.08
1  100  2  8.78
2  100  2  7.81
3  100  2  20.68
4  100  2  21.23
5  100  2  44.76
6  100  2  8.70
7  100  2  61.92
8  100  2  18.49
9  100  2  18.26
10  100  2  39.36
11  100  2  21.45
12  100  2  43.91
13  100  2  4.66
14  100  2  3.53
15  100  2  15.77
16  100  2  19.82
17  100  2  7.35
18  100  2  7.34
19  100  2  34.04
20  100  2  16.14
1  101  2  9.01
2  101  2  22.70
3  101  2  4.69
4  101  2  7.05
5  101  2  6.93
6  101  2  4.44
7  101  2  30.43
8  101  2  10.22
9  101  2  40.99
10  101  2  35.51
11  101  2  22.96
12  101  2  22.26
13  101  2  69.57
14  101  2  29.56
15  101  2  9.19
16  101  2  52.61
17  101  2  10.53
18  101  2  6.80
19  101  2  19.93
20  101  2  49.93
1  102  2  20.15
2  102  2  22.30
3  102  2  17.48
4  102  2  17.86
5  102  2  17.51
6  102  2  8.41
7  102  2  12.50
8  102  2  12.52
9  102  2  8.88
10  102  2  39.15
11  102  2  9.22
12  102  2  26.18
13  102  2  28.42
14  102  2  34.68
15  102  2  9.60
16  102  2  17.47
17  102  2  25.69
18  102  2  56.09
19  102  2  9.71
20  102  2  34.47
1  103  2  14.59
2  103  2  39.16
3  103  2  52.41
4  103  2  22.23
5  103  2  9.03
6  103  2  32.97
7  103  2  13.82
8  103  2  30.92
9  103  2  20.46
10  103  2  22.00
11  103  2  3.44
12  103  2  5.86
13  103  2  30.96
14  103  2  22.36
15  103  2  33.70
16  103  2  8.06
17  103  2  9.58
18  103  2  35.38
19  103  2  16.51
20  103  2  19.57
1  104  2  11.92
2  104  2  32.97
3  104  2  8.68
4  104  2  31.71
5  104  2  7.80
6  104  2  11.22
7  104  2  28.90
8  104  2  3.64
9  104  2  53.01
10  104  2  11.27
11  104  2  18.80
12  104  2  5.08
13  104  2  28.77
14  104  2  62.76
15  104  2  24.29
16  104  2  30.98
17  104  2  13.41
18  104  2  10.37
19  104  2  16.75
20  104  2  39.82
1  105  2  50.51
2  105  2  17.97
3  105  2  31.35
4  105  2  11.75
5  105  2  22.62
6  105  2  38.94
7  105  2  36.46
8  105  2  36.89
9  105  2  41.79
10  105  2  5.20
11  105  2  13.69
12  105  2  4.28
13  105  2  12.73
14  105  2  9.24
15  105  2  22.67
16  105  2  20.81
17  105  2  9.51
18  105  2  19.25
19  105  2  60.23
20  105  2  29.73
1  106  2  51.84
2  106  2  26.24
3  106  2  3.48
4  106  2  6.32
5  106  2  25.54
6  106  2  37.21
7  106  2  36.64
8  106  2  8.72
9  106  2  10.55
10  106  2  33.95
11  106  2  29.17
12  106  2  49.63
13  106  2  11.81
14  106  2  53.21
15  106  2  30.21
16  106  2  47.30
17  106  2  30.42
18  106  2  11.33
19  106  2  44.56
20  106  2  7.27
1  107  2  43.22
2  107  2  47.03
3  107  2  17.05
4  107  2  11.72
5  107  2  16.87
6  107  2  18.67
7  107  2  62.71
8  107  2  32.39
9  107  2  12.22
10  107  2  12.97
11  107  2  44.04
12  107  2  31.49
13  107  2  10.57
14  107  2  41.99
15  107  2  27.88
16  107  2  16.45
17  107  2  15.36
18  107  2  18.01
19  107  2  13.64
20  107  2  21.89
1  108  2  45.88
2  108  2  57.45
3  108  2  14.05
4  108  2  66.86
5  108  2  10.56
6  108  2  31.83
7  108  2  41.52
8  108  2  26.68
9  108  2  48.18
10  108  2  7.58
11  108  2  13.77
12  108  2  31.19
13  108  2  15.99
14  108  2  5.76
15  108  2  30.61
16  108  2  38.21
17  108  2  31.59
18  108  2  32.44
19  108  2  45.43
20  108  2  40.30
1  109  2  13.09
2  109  2  23.72
3  109  2  36.88
4  109  2  19.99
5  109  2  16.82
6  109  2  11.04
7  109  2  7.75
8  109  2  8.54
9  109  2  9.38
10  109  2  51.29
11  109  2  27.89
12  109  2  24.06
13  109  2  20.19
14  109  2  20.93
15  109  2  27.13
16  109  2  20.54
17  109  2  25.98
18  109  2  20.39
19  109  2  10.85
20  109  2  25.03
1  110  2  22.11
2  110  2  15.38
3  110  2  27.45
4  110  2  22.99
5  110  2  35.13
6  110  2  66.33
7  110  2  9.11
8  110  2  5.45
9  110  2  5.86
10  110  2  33.67
11  110  2  23.51
12  110  2  4.69
13  110  2  24.35
14  110  2  15.98
15  110  2  33.47
16  110  2  30.35
17  110  2  34.60
18  110  2  6.39
19  110  2  13.67
20  110  2  34.40
1  111  2  46.50
2  111  2  8.09
3  111  2  22.69
4  111  2  27.58
5  111  2  15.38
6  111  2  14.79
7  111  2  58.60
8  111  2  5.42
9  111  2  6.08
10  111  2  19.41
11  111  2  14.56
12  111  2  13.40
13  111  2  39.77
14  111  2  16.13
15  111  2  16.79
16  111  2  2.35
17  111  2  9.55
18  111  2  18.26
19  111  2  46.21
20  111  2  8.85
1  112  2  25.11
2  112  2  24.87
3  112  2  53.11
4  112  2  50.75
5  112  2  34.87
6  112  2  51.37
7  112  2  52.50
8  112  2  34.10
9  112  2  24.41
10  112  2  17.28
11  112  2  34.38
12  112  2  22.04
13  112  2  53.29
14  112  2  33.94
15  112  2  18.09
16  112  2  16.95
17  112  2  40.78
18  112  2  30.88
19  112  2  35.53
20  112  2  27.80
1  113  2  21.78
2  113  2  28.02
3  113  2  11.45
4  113  2  14.99
5  113  2  30.11
6  113  2  8.16
7  113  2  58.10
8  113  2  31.86
9  113  2  27.94
10  113  2  9.63
11  113  2  36.99
12  113  2  32.36
13  113  2  7.91
14  113  2  30.73
15  113  2  34.90
16  113  2  21.97
17  113  2  17.05
18  113  2  18.33
19  113  2  7.07
20  113  2  13.58
1  114  2  32.68
2  114  2  21.83
3  114  2  10.56
4  114  2  7.46
5  114  2  40.48
6  114  2  45.18
7  114  2  10.42
8  114  2  54.52
9  114  2  37.88
10  114  2  25.76
11  114  2  5.81
12  114  2  19.61
13  114  2  35.45
14  114  2  21.37
15  114  2  10.19
16  114  2  28.44
17  114  2  45.62
18  114  2  5.16
19  114  2  34.65
20  114  2  31.95
1  115  2  21.54
2  115  2  18.24
3  115  2  17.54
4  115  2  17.24
5  115  2  23.97
6  115  2  10.90
7  115  2  31.05
8  115  2  10.19
9  115  2  16.60
10  115  2  29.38
11  115  2  3.79
12  115  2  8.95
13  115  2  19.56
14  115  2  10.74
15  115  2  24.17
16  115  2  36.38
17  115  2  20.07
18  115  2  21.87
19  115  2  5.49
20  115  2  43.75
1  116  2  39.30
2  116  2  23.80
3  116  2  19.76
4  116  2  14.37
5  116  2  37.34
6  116  2  19.74
7  116  2  19.30
8  116  2  19.58
9  116  2  6.52
10  116  2  10.40
11  116  2  30.95
12  116  2  31.78
13  116  2  29.48
14  116  2  17.52
15  116  2  38.81
16  116  2  55.20
17  116  2  9.38
18  116  2  42.77
19  116  2  18.21
20  116  2  47.22
1  117  2  3.93
2  117  2  38.99
3  117  2  10.05
4  117  2  47.01
5  117  2  8.22
6  117  2  3.68
7  117  2  14.05
8  117  2  23.19
9  117  2  52.67
10  117  2  19.97
11  117  2  8.03
12  117  2  6.29
13  117  2  34.84
14  117  2  13.66
15  117  2  37.96
16  117  2  49.38
17  117  2  6.91
18  117  2  9.94
19  117  2  8.43
20  117  2  19.04
1  118  2  6.61
2  118  2  16.47
3  118  2  10.50
4  118  2  10.59
5  118  2  41.10
6  118  2  14.36
7  118  2  28.26
8  118  2  11.85
9  118  2  10.36
10  118  2  20.56
11  118  2  39.76
12  118  2  21.09
13  118  2  11.07
14  118  2  14.10
15  118  2  44.80
16  118  2  12.18
17  118  2  32.33
18  118  2  12.76
19  118  2  23.09
20  118  2  5.06
1  119  2  11.11
2  119  2  18.22
3  119  2  14.94
4  119  2  20.66
5  119  2  5.30
6  119  2  42.48
7  119  2  21.46
8  119  2  20.95
9  119  2  22.50
10  119  2  15.25
11  119  2  35.13
12  119  2  49.30
13  119  2  22.82
14  119  2  9.20
15  119  2  24.06
16  119  2  19.83
17  119  2  6.99
18  119  2  37.74
19  119  2  19.16
20  119  2  14.06
1  120  2  13.20
2  120  2  10.48
3  120  2  16.82
4  120  2  52.98
5  120  2  21.66
6  120  2  26.85
7  120  2  6.08
8  120  2  31.61
9  120  2  30.54
10  120  2  13.64
11  120  2  38.62
12  120  2  15.55
13  120  2  23.20
14  120  2  22.99
15  120  2  44.80
16  120  2  28.49
17  120  2  26.92
18  120  2  7.60
19  120  2  33.09
20  120  2  15.18
1  121  2  37.78
2  121  2  50.32
3  121  2  16.36
4  121  2  20.06
5  121  2  9.15
6  121  2  24.64
7  121  2  54.06
8  121  2  8.53
9  121  2  24.08
10  121  2  12.96
11  121  2  23.25
12  121  2  40.19
13  121  2  37.26
14  121  2  4.51
15  121  2  15.17
16  121  2  8.08
17  121  2  13.64
18  121  2  61.27
19  121  2  38.75
20  121  2  13.12
1  122  2  35.31
2  122  2  7.28
3  122  2  17.52
4  122  2  26.85
5  122  2  10.19
6  122  2  34.15
7  122  2  5.64
8  122  2  4.29
9  122  2  42.55
10  122  2  43.22
11  122  2  16.20
12  122  2  22.19
13  122  2  32.16
14  122  2  39.97
15  122  2  56.17
16  122  2  42.62
17  122  2  14.63
18  122  2  9.18
19  122  2  13.79
20  122  2  24.08
1  123  2  17.79
2  123  2  7.55
3  123  2  21.29
4  123  2  39.81
5  123  2  6.39
6  123  2  15.82
7  123  2  37.53
8  123  2  30.35
9  123  2  28.99
10  123  2  49.58
11  123  2  28.25
12  123  2  30.95
13  123  2  21.10
14  123  2  13.30
15  123  2  14.05
16  123  2  15.52
17  123  2  30.37
18  123  2  18.15
19  123  2  13.42
20  123  2  44.74
1  124  2  16.49
2  124  2  21.57
3  124  2  25.76
4  124  2  8.99
5  124  2  20.20
6  124  2  6.67
7  124  2  20.41
8  124  2  19.13
9  124  2  54.79
10  124  2  28.65
11  124  2  6.95
12  124  2  30.95
13  124  2  30.71
14  124  2  53.01
15  124  2  42.21
16  124  2  37.27
17  124  2  6.47
18  124  2  2.67
19  124  2  3.31
20  124  2  22.17
1  125  2  36.12
2  125  2  26.03
3  125  2  9.51
4  125  2  21.20
5  125  2  52.45
6  125  2  19.75
7  125  2  40.06
8  125  2  15.78
9  125  2  37.54
10  125  2  32.43
11  125  2  12.52
12  125  2  23.93
13  125  2  41.39
14  125  2  6.77
15  125  2  37.04
16  125  2  30.92
17  125  2  30.93
18  125  2  6.42
19  125  2  21.33
20  125  2  40.56
1  126  2  9.63
2  126  2  13.45
3  126  2  20.22
4  126  2  20.30
5  126  2  49.77
6  126  2  47.54
7  126  2  18.04
8  126  2  35.90
9  126  2  19.10
10  126  2  14.26
11  126  2  27.25
12  126  2  46.19
13  126  2  48.05
14  126  2  19.98
15  126  2  36.84
16  126  2  31.44
17  126  2  34.54
18  126  2  16.08
19  126  2  10.81
20  126  2  43.09
1  127  2  17.93
2  127  2  33.69
3  127  2  4.15
4  127  2  29.12
5  127  2  5.31
6  127  2  11.58
7  127  2  56.08
8  127  2  11.71
9  127  2  16.50
10  127  2  5.17
11  127  2  12.56
12  127  2  7.93
13  127  2  10.87
14  127  2  30.14
15  127  2  30.91
16  127  2  5.41
17  127  2  24.03
18  127  2  49.48
19  127  2  9.81
20  127  2  49.51
1  128  2  35.38
2  128  2  43.58
3  128  2  16.94
4  128  2  41.29
5  128  2  41.83
6  128  2  28.82
7  128  2  38.45
8  128  2  14.20
9  128  2  32.23
10  128  2  9.04
11  128  2  14.68
12  128  2  12.67
13  128  2  46.57
14  128  2  19.73
15  128  2  36.67
16  128  2  23.85
17  128  2  17.68
18  128  2  33.68
19  128  2  31.87
20  128  2  60.91
1  129  2  18.01
2  129  2  24.16
3  129  2  51.22
4  129  2  58.43
5  129  2  32.05
6  129  2  47.04
7  129  2  6.75
8  129  2  46.67
9  129  2  42.66
10  129  2  32.81
11  129  2  17.94
12  129  2  46.83
13  129  2  17.63
14  129  2  11.82
15  129  2  14.04
16  129  2  26.66
17  129  2  33.33
18  129  2  37.60
19  129  2  11.21
20  129  2  47.39
1  130  2  7.97
2  130  2  17.95
3  130  2  27.28
4  130  2  13.42
5  130  2  7.06
6  130  2  33.69
7  130  2  6.20
8  130  2  15.64
9  130  2  10.04
10  130  2  13.06
11  130  2  39.32
12  130  2  17.58
13  130  2  14.79
14  130  2  54.45
15  130  2  12.95
16  130  2  5.42
17  130  2  29.24
18  130  2  42.58
19  130  2  11.95
20  130  2  47.30
1  131  2  10.60
2  131  2  30.79
3  131  2  10.49
4  131  2  56.55
5  131  2  20.44
6  131  2  32.91
7  131  2  22.87
8  131  2  5.42
9  131  2  59.10
10  131  2  24.97
11  131  2  16.87
12  131  2  14.13
13  131  2  14.82
14  131  2  4.41
15  131  2  47.13
16  131  2  41.39
17  131  2  30.59
18  131  2  37.92
19  131  2  36.34
20  131  2  19.56
1  132  2  36.33
2  132  2  17.63
3  132  2  19.24
4  132  2  18.14
5  132  2  4.90
6  132  2  19.58
7  132  2  28.39
8  132  2  14.36
9  132  2  37.12
10  132  2  49.39
11  132  2  35.28
12  132  2  63.55
13  132  2  20.65
14  132  2  7.30
15  132  2  32.19
16  132  2  58.56
17  132  2  26.83
18  132  2  41.68
19  132  2  24.13
20  132  2  20.89
1  133  2  61.31
2  133  2  15.82
3  133  2  23.63
4  133  2  47.24
5  133  2  19.84
6  133  2  9.91
7  133  2  57.99
8  133  2  20.66
9  133  2  12.65
10  133  2  65.11
11  133  2  6.79
12  133  2  44.23
13  133  2  33.00
14  133  2  35.05
15  133  2  10.58
16  133  2  6.54
17  133  2  26.51
18  133  2  27.74
19  133  2  26.41
20  133  2  20.52
1  134  2  41.84
2  134  2  24.29
3  134  2  35.94
4  134  2  7.67
5  134  2  18.57
6  134  2  25.16
7  134  2  3.26
8  134  2  8.17
9  134  2  46.92
10  134  2  56.49
11  134  2  41.85
12  134  2  20.81
13  134  2  42.16
14  134  2  22.67
15  134  2  32.57
16  134  2  4.76
17  134  2  27.45
18  134  2  12.56
19  134  2  6.97
20  134  2  11.72
1  135  2  9.43
2  135  2  27.22
3  135  2  49.46
4  135  2  18.01
5  135  2  20.64
6  135  2  59.44
7  135  2  27.06
8  135  2  31.14
9  135  2  17.23
10  135  2  5.82
11  135  2  39.86
12  135  2  9.97
13  135  2  34.36
14  135  2  36.56
15  135  2  20.45
16  135  2  31.16
17  135  2  24.98
18  135  2  5.60
19  135  2  12.87
20  135  2  32.47
1  136  2  21.12
2  136  2  69.53
3  136  2  14.78
4  136  2  41.53
5  136  2  39.78
6  136  2  29.27
7  136  2  5.80
8  136  2  19.94
9  136  2  30.27
10  136  2  3.23
11  136  2  25.16
12  136  2  9.16
13  136  2  19.43
14  136  2  5.50
15  136  2  28.95
16  136  2  19.57
17  136  2  16.39
18  136  2  32.13
19  136  2  44.60
20  136  2  23.19
1  137  2  14.65
2  137  2  19.07
3  137  2  19.59
4  137  2  47.49
5  137  2  9.33
6  137  2  9.17
7  137  2  23.05
8  137  2  8.95
9  137  2  6.64
10  137  2  10.50
11  137  2  11.80
12  137  2  4.63
13  137  2  8.60
14  137  2  34.04
15  137  2  29.91
16  137  2  13.90
17  137  2  34.97
18  137  2  13.07
19  137  2  18.30
20  137  2  28.65
1  138  2  18.38
2  138  2  9.53
3  138  2  20.06
4  138  2  16.23
5  138  2  33.65
6  138  2  24.26
7  138  2  10.11
8  138  2  8.75
9  138  2  49.50
10  138  2  17.73
11  138  2  56.82
12  138  2  30.26
13  138  2  19.80
14  138  2  26.91
15  138  2  8.26
16  138  2  10.71
17  138  2  8.94
18  138  2  35.00
19  138  2  11.18
20  138  2  69.73
1  139  2  28.95
2  139  2  40.27
3  139  2  3.23
4  139  2  21.38
5  139  2  19.29
6  139  2  7.30
7  139  2  21.98
8  139  2  45.20
9  139  2  31.45
10  139  2  26.85
11  139  2  27.42
12  139  2  26.02
13  139  2  58.85
14  139  2  4.81
15  139  2  24.81
16  139  2  9.43
17  139  2  11.00
18  139  2  57.78
19  139  2  5.10
20  139  2  58.33
1  140  2  58.85
2  140  2  47.67
3  140  2  3.49
4  140  2  37.84
5  140  2  30.21
6  140  2  36.07
7  140  2  14.49
8  140  2  30.15
9  140  2  28.08
10  140  2  19.55
11  140  2  35.34
12  140  2  46.45
13  140  2  8.57
14  140  2  6.00
15  140  2  26.40
16  140  2  50.59
17  140  2  26.77
18  140  2  10.60
19  140  2  49.02
20  140  2  30.49
1  141  2  29.41
2  141  2  40.55
3  141  2  47.94
4  141  2  2.97
5  141  2  18.13
6  141  2  53.17
7  141  2  34.34
8  141  2  16.38
9  141  2  43.21
10  141  2  13.12
11  141  2  20.76
12  141  2  20.28
13  141  2  44.58
14  141  2  26.46
15  141  2  9.85
16  141  2  16.62
17  141  2  25.88
18  141  2  47.43
19  141  2  21.83
20  141  2  45.59
1  142  2  42.05
2  142  2  10.38
3  142  2  20.71
4  142  2  12.36
5  142  2  21.20
6  142  2  25.44
7  142  2  34.28
8  142  2  16.21
9  142  2  50.75
10  142  2  27.36
11  142  2  30.61
12  142  2  4.58
13  142  2  23.09
14  142  2  7.89
15  142  2  36.72
16  142  2  20.81
17  142  2  25.76
18  142  2  16.66
19  142  2  7.53
20  142  2  46.70
1  143  2  16.00
2  143  2  24.25
3  143  2  6.87
4  143  2  9.36
5  143  2  39.98
6  143  2  52.98
7  143  2  31.07
8  143  2  50.59
9  143  2  63.53
10  143  2  37.41
11  143  2  51.01
12  143  2  24.82
13  143  2  44.37
14  143  2  12.01
15  143  2  23.49
16  143  2  39.35
17  143  2  42.98
18  143  2  8.63
19  143  2  47.55
20  143  2  25.48
1  144  2  9.69
2  144  2  33.52
3  144  2  11.72
4  144  2  36.44
5  144  2  37.18
6  144  2  10.40
7  144  2  4.90
8  144  2  23.86
9  144  2  44.34
10  144  2  41.97
11  144  2  23.07
12  144  2  15.86
13  144  2  24.40
14  144  2  17.98
15  144  2  20.47
16  144  2  57.76
17  144  2  27.59
18  144  2  30.05
19  144  2  4.50
20  144  2  52.04
1  145  2  23.52
2  145  2  57.69
3  145  2  16.35
4  145  2  63.84
5  145  2  5.52
6  145  2  5.53
7  145  2  21.99
8  145  2  18.65
9  145  2  6.77
10  145  2  18.31
11  145  2  24.68
12  145  2  9.73
13  145  2  14.56
14  145  2  32.34
15  145  2  47.70
16  145  2  9.94
17  145  2  10.48
18  145  2  37.96
19  145  2  16.25
20  145  2  20.04
1  146  2  16.44
2  146  2  18.00
3  146  2  25.94
4  146  2  4.54
5  146  2  12.72
6  146  2  19.20
7  146  2  65.91
8  146  2  19.87
9  146  2  22.74
10  146  2  17.93
11  146  2  44.18
12  146  2  19.57
13  146  2  23.23
14  146  2  13.30
15  146  2  30.61
16  146  2  27.48
17  146  2  25.58
18  146  2  5.89
19  146  2  25.32
20  146  2  14.73
1  147  2  16.50
2  147  2  44.39
3  147  2  18.62
4  147  2  24.32
5  147  2  27.28
6  147  2  21.49
7  147  2  34.53
8  147  2  40.21
9  147  2  29.09
10  147  2  11.69
11  147  2  19.44
12  147  2  16.64
13  147  2  60.20
14  147  2  57.67
15  147  2  21.30
16  147  2  21.27
17  147  2  22.50
18  147  2  26.83
19  147  2  7.07
20  147  2  42.95
1  148  2  6.49
2  148  2  46.66
3  148  2  15.91
4  148  2  9.47
5  148  2  37.74
6  148  2  16.95
7  148  2  27.04
8  148  2  45.00
9  148  2  23.29
10  148  2  10.00
11  148  2  52.11
12  148  2  12.18
13  148  2  35.49
14  148  2  17.91
15  148  2  34.40
16  148  2  18.17
17  148  2  36.77
18  148  2  12.52
19  148  2  13.15
20  148  2  64.43
1  149  2  10.82
2  149  2  53.90
3  149  2  39.47
4  149  2  20.17
5  149  2  19.42
6  149  2  45.98
7  149  2  3.17
8  149  2  34.35
9  149  2  5.25
10  149  2  11.32
11  149  2  16.36
12  149  2  33.44
13  149  2  20.70
14  149  2  12.32
15  149  2  3.05
16  149  2  23.53
17  149  2  56.89
18  149  2  16.83
19  149  2  52.58
20  149  2  18.35
1  150  2  17.97
2  150  2  31.09
3  150  2  15.54
4  150  2  15.03
5  150  2  31.59
6  150  2  39.89
7  150  2  25.96
8  150  2  24.76
9  150  2  20.00
10  150  2  17.45
11  150  2  20.11
12  150  2  13.68
13  150  2  26.71
14  150  2  7.77
15  150  2  13.91
16  150  2  49.45
17  150  2  12.56
18  150  2  38.10
19  150  2  5.86
20  150  2  29.18
;

