param com_measure1 := 0.62698;

param com_measure2 := 0.97;

param kappa_max := 427.1086;

param U_tau := 416.7911;

param nT := 2;

param nS := 200;

param nL := 10;

param B := 245.22;

param w :=
1  1
2  2
3  1
4  3
5  1
6  1
7  1
8  2
9  1
10  2
;

param h :=
1  1  0
1  2  0
1  3  0
1  4  0
1  5  0
1  6  0
1  7  0
1  8  0
1  9  0
1  10  0
2  1  51.03
2  2  47.28
2  3  47.76
2  4  47.18
2  5  54.32
2  6  51.39
2  7  50.47
2  8  47.20
2  9  44.79
2  10  49.04
;

param xi :=
1  1  1  72
2  1  1  28
3  1  1  29
4  1  1  30
5  1  1  18
6  1  1  38
7  1  1  57
8  1  1  70
9  1  1  80
10  1  1  11
1  2  1  51
2  2  1  37
3  2  1  17
4  2  1  48
5  2  1  61
6  2  1  25
7  2  1  45
8  2  1  61
9  2  1  32
10  2  1  20
1  3  1  40
2  3  1  22
3  3  1  87
4  3  1  62
5  3  1  42
6  3  1  85
7  3  1  74
8  3  1  82
9  3  1  42
10  3  1  74
1  4  1  57
2  4  1  25
3  4  1  62
4  4  1  22
5  4  1  13
6  4  1  71
7  4  1  40
8  4  1  51
9  4  1  45
10  4  1  75
1  5  1  11
2  5  1  12
3  5  1  31
4  5  1  27
5  5  1  37
6  5  1  65
7  5  1  10
8  5  1  88
9  5  1  14
10  5  1  34
1  6  1  33
2  6  1  67
3  6  1  46
4  6  1  25
5  6  1  66
6  6  1  90
7  6  1  45
8  6  1  34
9  6  1  49
10  6  1  22
1  7  1  49
2  7  1  59
3  7  1  29
4  7  1  10
5  7  1  25
6  7  1  51
7  7  1  86
8  7  1  38
9  7  1  26
10  7  1  19
1  8  1  11
2  8  1  43
3  8  1  21
4  8  1  11
5  8  1  16
6  8  1  16
7  8  1  39
8  8  1  62
9  8  1  67
10  8  1  13
1  9  1  14
2  9  1  55
3  9  1  45
4  9  1  45
5  9  1  64
6  9  1  21
7  9  1  82
8  9  1  62
9  9  1  16
10  9  1  41
1  10  1  80
2  10  1  27
3  10  1  47
4  10  1  89
5  10  1  26
6  10  1  62
7  10  1  64
8  10  1  81
9  10  1  40
10  10  1  36
1  11  1  70
2  11  1  70
3  11  1  83
4  11  1  21
5  11  1  51
6  11  1  48
7  11  1  82
8  11  1  44
9  11  1  46
10  11  1  45
1  12  1  50
2  12  1  33
3  12  1  51
4  12  1  62
5  12  1  82
6  12  1  20
7  12  1  56
8  12  1  47
9  12  1  12
10  12  1  55
1  13  1  58
2  13  1  55
3  13  1  56
4  13  1  31
5  13  1  20
6  13  1  86
7  13  1  38
8  13  1  22
9  13  1  61
10  13  1  31
1  14  1  59
2  14  1  35
3  14  1  15
4  14  1  64
5  14  1  59
6  14  1  33
7  14  1  84
8  14  1  70
9  14  1  43
10  14  1  62
1  15  1  57
2  15  1  88
3  15  1  16
4  15  1  89
5  15  1  88
6  15  1  53
7  15  1  24
8  15  1  24
9  15  1  35
10  15  1  13
1  16  1  74
2  16  1  54
3  16  1  29
4  16  1  34
5  16  1  83
6  16  1  86
7  16  1  73
8  16  1  27
9  16  1  29
10  16  1  79
1  17  1  47
2  17  1  19
3  17  1  12
4  17  1  73
5  17  1  77
6  17  1  42
7  17  1  43
8  17  1  16
9  17  1  24
10  17  1  71
1  18  1  56
2  18  1  20
3  18  1  80
4  18  1  31
5  18  1  60
6  18  1  78
7  18  1  15
8  18  1  90
9  18  1  88
10  18  1  25
1  19  1  86
2  19  1  30
3  19  1  41
4  19  1  38
5  19  1  71
6  19  1  33
7  19  1  33
8  19  1  32
9  19  1  61
10  19  1  35
1  20  1  77
2  20  1  80
3  20  1  31
4  20  1  30
5  20  1  68
6  20  1  51
7  20  1  72
8  20  1  29
9  20  1  67
10  20  1  39
1  21  1  16
2  21  1  54
3  21  1  27
4  21  1  90
5  21  1  19
6  21  1  68
7  21  1  82
8  21  1  40
9  21  1  21
10  21  1  21
1  22  1  41
2  22  1  54
3  22  1  28
4  22  1  53
5  22  1  35
6  22  1  61
7  22  1  77
8  22  1  33
9  22  1  37
10  22  1  46
1  23  1  84
2  23  1  31
3  23  1  47
4  23  1  87
5  23  1  89
6  23  1  13
7  23  1  41
8  23  1  80
9  23  1  86
10  23  1  43
1  24  1  31
2  24  1  41
3  24  1  13
4  24  1  65
5  24  1  80
6  24  1  40
7  24  1  22
8  24  1  35
9  24  1  46
10  24  1  32
1  25  1  42
2  25  1  87
3  25  1  17
4  25  1  51
5  25  1  82
6  25  1  58
7  25  1  42
8  25  1  33
9  25  1  15
10  25  1  37
1  26  1  61
2  26  1  44
3  26  1  66
4  26  1  86
5  26  1  16
6  26  1  17
7  26  1  14
8  26  1  11
9  26  1  64
10  26  1  19
1  27  1  89
2  27  1  73
3  27  1  69
4  27  1  80
5  27  1  18
6  27  1  72
7  27  1  58
8  27  1  76
9  27  1  54
10  27  1  16
1  28  1  78
2  28  1  20
3  28  1  17
4  28  1  59
5  28  1  18
6  28  1  86
7  28  1  48
8  28  1  75
9  28  1  48
10  28  1  22
1  29  1  34
2  29  1  16
3  29  1  46
4  29  1  55
5  29  1  57
6  29  1  59
7  29  1  15
8  29  1  81
9  29  1  48
10  29  1  29
1  30  1  39
2  30  1  48
3  30  1  89
4  30  1  21
5  30  1  64
6  30  1  26
7  30  1  48
8  30  1  90
9  30  1  28
10  30  1  76
1  31  1  71
2  31  1  11
3  31  1  23
4  31  1  38
5  31  1  45
6  31  1  23
7  31  1  56
8  31  1  40
9  31  1  72
10  31  1  74
1  32  1  52
2  32  1  14
3  32  1  15
4  32  1  33
5  32  1  20
6  32  1  45
7  32  1  31
8  32  1  49
9  32  1  40
10  32  1  53
1  33  1  72
2  33  1  81
3  33  1  65
4  33  1  88
5  33  1  30
6  33  1  25
7  33  1  62
8  33  1  14
9  33  1  13
10  33  1  76
1  34  1  74
2  34  1  56
3  34  1  17
4  34  1  81
5  34  1  19
6  34  1  36
7  34  1  20
8  34  1  16
9  34  1  61
10  34  1  86
1  35  1  23
2  35  1  82
3  35  1  33
4  35  1  53
5  35  1  82
6  35  1  19
7  35  1  46
8  35  1  43
9  35  1  69
10  35  1  77
1  36  1  76
2  36  1  22
3  36  1  84
4  36  1  12
5  36  1  30
6  36  1  57
7  36  1  19
8  36  1  40
9  36  1  24
10  36  1  21
1  37  1  17
2  37  1  16
3  37  1  85
4  37  1  67
5  37  1  56
6  37  1  44
7  37  1  52
8  37  1  15
9  37  1  59
10  37  1  62
1  38  1  60
2  38  1  57
3  38  1  56
4  38  1  53
5  38  1  31
6  38  1  29
7  38  1  86
8  38  1  38
9  38  1  21
10  38  1  72
1  39  1  54
2  39  1  21
3  39  1  78
4  39  1  69
5  39  1  75
6  39  1  81
7  39  1  21
8  39  1  40
9  39  1  50
10  39  1  38
1  40  1  22
2  40  1  69
3  40  1  58
4  40  1  32
5  40  1  67
6  40  1  68
7  40  1  76
8  40  1  63
9  40  1  72
10  40  1  50
1  41  1  11
2  41  1  50
3  41  1  14
4  41  1  20
5  41  1  13
6  41  1  30
7  41  1  17
8  41  1  45
9  41  1  72
10  41  1  10
1  42  1  86
2  42  1  56
3  42  1  21
4  42  1  66
5  42  1  65
6  42  1  38
7  42  1  76
8  42  1  60
9  42  1  18
10  42  1  82
1  43  1  74
2  43  1  82
3  43  1  25
4  43  1  71
5  43  1  46
6  43  1  36
7  43  1  79
8  43  1  75
9  43  1  16
10  43  1  81
1  44  1  41
2  44  1  40
3  44  1  85
4  44  1  27
5  44  1  24
6  44  1  47
7  44  1  71
8  44  1  13
9  44  1  16
10  44  1  62
1  45  1  33
2  45  1  34
3  45  1  17
4  45  1  23
5  45  1  30
6  45  1  40
7  45  1  20
8  45  1  40
9  45  1  12
10  45  1  47
1  46  1  22
2  46  1  86
3  46  1  20
4  46  1  34
5  46  1  22
6  46  1  37
7  46  1  51
8  46  1  82
9  46  1  36
10  46  1  89
1  47  1  25
2  47  1  37
3  47  1  41
4  47  1  59
5  47  1  22
6  47  1  69
7  47  1  83
8  47  1  53
9  47  1  81
10  47  1  59
1  48  1  82
2  48  1  12
3  48  1  59
4  48  1  46
5  48  1  42
6  48  1  74
7  48  1  12
8  48  1  51
9  48  1  22
10  48  1  80
1  49  1  55
2  49  1  56
3  49  1  33
4  49  1  88
5  49  1  84
6  49  1  73
7  49  1  23
8  49  1  19
9  49  1  50
10  49  1  65
1  50  1  59
2  50  1  85
3  50  1  38
4  50  1  70
5  50  1  10
6  50  1  56
7  50  1  76
8  50  1  68
9  50  1  27
10  50  1  44
1  51  1  23
2  51  1  21
3  51  1  14
4  51  1  66
5  51  1  90
6  51  1  57
7  51  1  34
8  51  1  53
9  51  1  45
10  51  1  49
1  52  1  63
2  52  1  77
3  52  1  63
4  52  1  62
5  52  1  63
6  52  1  53
7  52  1  31
8  52  1  79
9  52  1  80
10  52  1  22
1  53  1  29
2  53  1  20
3  53  1  63
4  53  1  72
5  53  1  62
6  53  1  58
7  53  1  37
8  53  1  78
9  53  1  12
10  53  1  21
1  54  1  60
2  54  1  71
3  54  1  77
4  54  1  42
5  54  1  58
6  54  1  18
7  54  1  82
8  54  1  44
9  54  1  38
10  54  1  38
1  55  1  75
2  55  1  38
3  55  1  79
4  55  1  64
5  55  1  50
6  55  1  72
7  55  1  43
8  55  1  20
9  55  1  59
10  55  1  14
1  56  1  48
2  56  1  60
3  56  1  87
4  56  1  34
5  56  1  21
6  56  1  38
7  56  1  34
8  56  1  59
9  56  1  89
10  56  1  20
1  57  1  15
2  57  1  51
3  57  1  88
4  57  1  81
5  57  1  23
6  57  1  32
7  57  1  69
8  57  1  56
9  57  1  79
10  57  1  19
1  58  1  45
2  58  1  49
3  58  1  20
4  58  1  55
5  58  1  68
6  58  1  52
7  58  1  47
8  58  1  79
9  58  1  27
10  58  1  16
1  59  1  60
2  59  1  87
3  59  1  30
4  59  1  59
5  59  1  82
6  59  1  60
7  59  1  79
8  59  1  44
9  59  1  21
10  59  1  55
1  60  1  30
2  60  1  27
3  60  1  68
4  60  1  35
5  60  1  22
6  60  1  80
7  60  1  60
8  60  1  66
9  60  1  83
10  60  1  54
1  61  1  39
2  61  1  10
3  61  1  85
4  61  1  46
5  61  1  44
6  61  1  33
7  61  1  28
8  61  1  52
9  61  1  67
10  61  1  18
1  62  1  24
2  62  1  76
3  62  1  57
4  62  1  13
5  62  1  13
6  62  1  41
7  62  1  73
8  62  1  28
9  62  1  35
10  62  1  74
1  63  1  84
2  63  1  72
3  63  1  10
4  63  1  24
5  63  1  18
6  63  1  27
7  63  1  86
8  63  1  32
9  63  1  17
10  63  1  70
1  64  1  52
2  64  1  14
3  64  1  41
4  64  1  13
5  64  1  85
6  64  1  47
7  64  1  12
8  64  1  81
9  64  1  21
10  64  1  79
1  65  1  76
2  65  1  10
3  65  1  50
4  65  1  24
5  65  1  41
6  65  1  29
7  65  1  21
8  65  1  73
9  65  1  76
10  65  1  57
1  66  1  39
2  66  1  21
3  66  1  76
4  66  1  84
5  66  1  35
6  66  1  66
7  66  1  81
8  66  1  38
9  66  1  31
10  66  1  30
1  67  1  77
2  67  1  25
3  67  1  43
4  67  1  39
5  67  1  75
6  67  1  58
7  67  1  52
8  67  1  45
9  67  1  57
10  67  1  78
1  68  1  67
2  68  1  53
3  68  1  27
4  68  1  55
5  68  1  89
6  68  1  52
7  68  1  15
8  68  1  53
9  68  1  15
10  68  1  78
1  69  1  38
2  69  1  80
3  69  1  77
4  69  1  87
5  69  1  15
6  69  1  31
7  69  1  60
8  69  1  10
9  69  1  14
10  69  1  54
1  70  1  88
2  70  1  51
3  70  1  89
4  70  1  14
5  70  1  77
6  70  1  29
7  70  1  43
8  70  1  33
9  70  1  29
10  70  1  43
1  71  1  89
2  71  1  89
3  71  1  20
4  71  1  35
5  71  1  80
6  71  1  80
7  71  1  66
8  71  1  13
9  71  1  82
10  71  1  44
1  72  1  83
2  72  1  22
3  72  1  31
4  72  1  24
5  72  1  47
6  72  1  49
7  72  1  58
8  72  1  15
9  72  1  37
10  72  1  14
1  73  1  10
2  73  1  74
3  73  1  66
4  73  1  90
5  73  1  82
6  73  1  14
7  73  1  39
8  73  1  55
9  73  1  54
10  73  1  22
1  74  1  68
2  74  1  71
3  74  1  30
4  74  1  36
5  74  1  85
6  74  1  59
7  74  1  80
8  74  1  10
9  74  1  42
10  74  1  64
1  75  1  19
2  75  1  38
3  75  1  84
4  75  1  64
5  75  1  51
6  75  1  68
7  75  1  11
8  75  1  62
9  75  1  21
10  75  1  48
1  76  1  17
2  76  1  88
3  76  1  46
4  76  1  13
5  76  1  33
6  76  1  83
7  76  1  33
8  76  1  26
9  76  1  70
10  76  1  44
1  77  1  25
2  77  1  64
3  77  1  23
4  77  1  16
5  77  1  13
6  77  1  82
7  77  1  32
8  77  1  51
9  77  1  66
10  77  1  37
1  78  1  59
2  78  1  61
3  78  1  78
4  78  1  55
5  78  1  49
6  78  1  22
7  78  1  42
8  78  1  15
9  78  1  44
10  78  1  12
1  79  1  29
2  79  1  66
3  79  1  57
4  79  1  66
5  79  1  49
6  79  1  78
7  79  1  11
8  79  1  13
9  79  1  90
10  79  1  18
1  80  1  82
2  80  1  19
3  80  1  78
4  80  1  33
5  80  1  39
6  80  1  53
7  80  1  42
8  80  1  25
9  80  1  73
10  80  1  57
1  81  1  73
2  81  1  81
3  81  1  68
4  81  1  61
5  81  1  43
6  81  1  38
7  81  1  74
8  81  1  76
9  81  1  40
10  81  1  52
1  82  1  41
2  82  1  22
3  82  1  35
4  82  1  35
5  82  1  26
6  82  1  15
7  82  1  56
8  82  1  60
9  82  1  61
10  82  1  88
1  83  1  17
2  83  1  16
3  83  1  72
4  83  1  32
5  83  1  90
6  83  1  81
7  83  1  49
8  83  1  44
9  83  1  83
10  83  1  12
1  84  1  89
2  84  1  49
3  84  1  34
4  84  1  21
5  84  1  83
6  84  1  10
7  84  1  23
8  84  1  78
9  84  1  46
10  84  1  79
1  85  1  26
2  85  1  88
3  85  1  65
4  85  1  24
5  85  1  85
6  85  1  60
7  85  1  17
8  85  1  71
9  85  1  26
10  85  1  67
1  86  1  54
2  86  1  16
3  86  1  88
4  86  1  24
5  86  1  45
6  86  1  19
7  86  1  80
8  86  1  40
9  86  1  76
10  86  1  76
1  87  1  33
2  87  1  17
3  87  1  87
4  87  1  39
5  87  1  50
6  87  1  73
7  87  1  59
8  87  1  12
9  87  1  15
10  87  1  89
1  88  1  71
2  88  1  17
3  88  1  12
4  88  1  10
5  88  1  65
6  88  1  20
7  88  1  67
8  88  1  12
9  88  1  45
10  88  1  64
1  89  1  46
2  89  1  38
3  89  1  10
4  89  1  35
5  89  1  80
6  89  1  58
7  89  1  10
8  89  1  70
9  89  1  76
10  89  1  35
1  90  1  11
2  90  1  65
3  90  1  31
4  90  1  14
5  90  1  10
6  90  1  43
7  90  1  44
8  90  1  17
9  90  1  80
10  90  1  20
1  91  1  65
2  91  1  27
3  91  1  61
4  91  1  66
5  91  1  34
6  91  1  55
7  91  1  32
8  91  1  81
9  91  1  72
10  91  1  11
1  92  1  23
2  92  1  88
3  92  1  48
4  92  1  19
5  92  1  44
6  92  1  47
7  92  1  87
8  92  1  39
9  92  1  67
10  92  1  29
1  93  1  32
2  93  1  79
3  93  1  42
4  93  1  73
5  93  1  12
6  93  1  86
7  93  1  38
8  93  1  64
9  93  1  33
10  93  1  67
1  94  1  79
2  94  1  85
3  94  1  42
4  94  1  55
5  94  1  64
6  94  1  47
7  94  1  55
8  94  1  50
9  94  1  74
10  94  1  25
1  95  1  19
2  95  1  72
3  95  1  70
4  95  1  74
5  95  1  11
6  95  1  48
7  95  1  42
8  95  1  47
9  95  1  67
10  95  1  87
1  96  1  54
2  96  1  28
3  96  1  82
4  96  1  12
5  96  1  30
6  96  1  60
7  96  1  62
8  96  1  13
9  96  1  86
10  96  1  68
1  97  1  26
2  97  1  71
3  97  1  88
4  97  1  41
5  97  1  53
6  97  1  58
7  97  1  14
8  97  1  13
9  97  1  57
10  97  1  79
1  98  1  20
2  98  1  55
3  98  1  89
4  98  1  66
5  98  1  86
6  98  1  26
7  98  1  44
8  98  1  43
9  98  1  85
10  98  1  41
1  99  1  90
2  99  1  44
3  99  1  23
4  99  1  56
5  99  1  43
6  99  1  17
7  99  1  79
8  99  1  37
9  99  1  17
10  99  1  31
1  100  1  45
2  100  1  24
3  100  1  63
4  100  1  16
5  100  1  15
6  100  1  35
7  100  1  81
8  100  1  10
9  100  1  75
10  100  1  84
1  101  1  55
2  101  1  74
3  101  1  67
4  101  1  55
5  101  1  67
6  101  1  68
7  101  1  37
8  101  1  47
9  101  1  86
10  101  1  24
1  102  1  49
2  102  1  64
3  102  1  65
4  102  1  24
5  102  1  40
6  102  1  27
7  102  1  71
8  102  1  39
9  102  1  45
10  102  1  58
1  103  1  16
2  103  1  81
3  103  1  47
4  103  1  58
5  103  1  28
6  103  1  78
7  103  1  43
8  103  1  16
9  103  1  22
10  103  1  57
1  104  1  14
2  104  1  68
3  104  1  88
4  104  1  71
5  104  1  11
6  104  1  16
7  104  1  77
8  104  1  44
9  104  1  59
10  104  1  42
1  105  1  10
2  105  1  14
3  105  1  79
4  105  1  37
5  105  1  38
6  105  1  36
7  105  1  34
8  105  1  12
9  105  1  26
10  105  1  69
1  106  1  19
2  106  1  34
3  106  1  69
4  106  1  18
5  106  1  74
6  106  1  23
7  106  1  46
8  106  1  69
9  106  1  38
10  106  1  27
1  107  1  30
2  107  1  66
3  107  1  79
4  107  1  78
5  107  1  36
6  107  1  51
7  107  1  40
8  107  1  58
9  107  1  61
10  107  1  27
1  108  1  52
2  108  1  51
3  108  1  62
4  108  1  56
5  108  1  66
6  108  1  88
7  108  1  80
8  108  1  73
9  108  1  37
10  108  1  66
1  109  1  28
2  109  1  45
3  109  1  53
4  109  1  44
5  109  1  50
6  109  1  54
7  109  1  31
8  109  1  74
9  109  1  56
10  109  1  85
1  110  1  85
2  110  1  68
3  110  1  55
4  110  1  78
5  110  1  37
6  110  1  17
7  110  1  30
8  110  1  13
9  110  1  84
10  110  1  13
1  111  1  48
2  111  1  77
3  111  1  47
4  111  1  30
5  111  1  60
6  111  1  27
7  111  1  12
8  111  1  83
9  111  1  64
10  111  1  52
1  112  1  14
2  112  1  51
3  112  1  48
4  112  1  70
5  112  1  66
6  112  1  33
7  112  1  87
8  112  1  10
9  112  1  53
10  112  1  32
1  113  1  64
2  113  1  29
3  113  1  23
4  113  1  85
5  113  1  81
6  113  1  64
7  113  1  55
8  113  1  76
9  113  1  54
10  113  1  80
1  114  1  67
2  114  1  61
3  114  1  70
4  114  1  22
5  114  1  39
6  114  1  35
7  114  1  59
8  114  1  46
9  114  1  10
10  114  1  51
1  115  1  32
2  115  1  19
3  115  1  69
4  115  1  42
5  115  1  57
6  115  1  50
7  115  1  15
8  115  1  18
9  115  1  17
10  115  1  29
1  116  1  43
2  116  1  20
3  116  1  66
4  116  1  67
5  116  1  78
6  116  1  82
7  116  1  46
8  116  1  28
9  116  1  25
10  116  1  46
1  117  1  68
2  117  1  48
3  117  1  24
4  117  1  55
5  117  1  50
6  117  1  81
7  117  1  29
8  117  1  21
9  117  1  23
10  117  1  11
1  118  1  29
2  118  1  84
3  118  1  68
4  118  1  72
5  118  1  35
6  118  1  59
7  118  1  83
8  118  1  16
9  118  1  54
10  118  1  60
1  119  1  68
2  119  1  25
3  119  1  45
4  119  1  70
5  119  1  39
6  119  1  58
7  119  1  20
8  119  1  20
9  119  1  87
10  119  1  51
1  120  1  84
2  120  1  24
3  120  1  11
4  120  1  58
5  120  1  59
6  120  1  56
7  120  1  34
8  120  1  42
9  120  1  12
10  120  1  35
1  121  1  58
2  121  1  21
3  121  1  87
4  121  1  17
5  121  1  32
6  121  1  53
7  121  1  37
8  121  1  30
9  121  1  33
10  121  1  60
1  122  1  22
2  122  1  19
3  122  1  26
4  122  1  73
5  122  1  82
6  122  1  58
7  122  1  78
8  122  1  52
9  122  1  76
10  122  1  46
1  123  1  41
2  123  1  48
3  123  1  16
4  123  1  68
5  123  1  50
6  123  1  49
7  123  1  63
8  123  1  58
9  123  1  57
10  123  1  15
1  124  1  32
2  124  1  72
3  124  1  50
4  124  1  86
5  124  1  71
6  124  1  48
7  124  1  85
8  124  1  45
9  124  1  41
10  124  1  13
1  125  1  20
2  125  1  35
3  125  1  35
4  125  1  16
5  125  1  52
6  125  1  40
7  125  1  26
8  125  1  10
9  125  1  35
10  125  1  63
1  126  1  75
2  126  1  57
3  126  1  64
4  126  1  30
5  126  1  37
6  126  1  18
7  126  1  27
8  126  1  54
9  126  1  69
10  126  1  16
1  127  1  88
2  127  1  78
3  127  1  89
4  127  1  29
5  127  1  54
6  127  1  83
7  127  1  61
8  127  1  75
9  127  1  76
10  127  1  36
1  128  1  30
2  128  1  14
3  128  1  36
4  128  1  34
5  128  1  75
6  128  1  14
7  128  1  58
8  128  1  30
9  128  1  64
10  128  1  32
1  129  1  15
2  129  1  70
3  129  1  21
4  129  1  31
5  129  1  85
6  129  1  90
7  129  1  75
8  129  1  87
9  129  1  46
10  129  1  70
1  130  1  27
2  130  1  38
3  130  1  75
4  130  1  32
5  130  1  85
6  130  1  51
7  130  1  59
8  130  1  36
9  130  1  32
10  130  1  75
1  131  1  76
2  131  1  88
3  131  1  60
4  131  1  39
5  131  1  38
6  131  1  15
7  131  1  15
8  131  1  39
9  131  1  77
10  131  1  52
1  132  1  88
2  132  1  65
3  132  1  21
4  132  1  60
5  132  1  49
6  132  1  38
7  132  1  56
8  132  1  43
9  132  1  87
10  132  1  17
1  133  1  87
2  133  1  58
3  133  1  45
4  133  1  80
5  133  1  74
6  133  1  74
7  133  1  43
8  133  1  28
9  133  1  22
10  133  1  38
1  134  1  74
2  134  1  48
3  134  1  70
4  134  1  35
5  134  1  63
6  134  1  71
7  134  1  69
8  134  1  73
9  134  1  46
10  134  1  29
1  135  1  34
2  135  1  29
3  135  1  70
4  135  1  53
5  135  1  68
6  135  1  15
7  135  1  89
8  135  1  71
9  135  1  78
10  135  1  26
1  136  1  71
2  136  1  17
3  136  1  72
4  136  1  20
5  136  1  34
6  136  1  84
7  136  1  33
8  136  1  60
9  136  1  36
10  136  1  38
1  137  1  61
2  137  1  63
3  137  1  25
4  137  1  90
5  137  1  82
6  137  1  72
7  137  1  77
8  137  1  63
9  137  1  17
10  137  1  65
1  138  1  76
2  138  1  49
3  138  1  48
4  138  1  31
5  138  1  36
6  138  1  57
7  138  1  34
8  138  1  14
9  138  1  36
10  138  1  14
1  139  1  38
2  139  1  15
3  139  1  48
4  139  1  80
5  139  1  76
6  139  1  24
7  139  1  72
8  139  1  30
9  139  1  41
10  139  1  78
1  140  1  15
2  140  1  12
3  140  1  43
4  140  1  23
5  140  1  48
6  140  1  73
7  140  1  49
8  140  1  24
9  140  1  44
10  140  1  29
1  141  1  54
2  141  1  74
3  141  1  55
4  141  1  68
5  141  1  85
6  141  1  18
7  141  1  13
8  141  1  39
9  141  1  10
10  141  1  13
1  142  1  12
2  142  1  25
3  142  1  16
4  142  1  36
5  142  1  30
6  142  1  73
7  142  1  45
8  142  1  20
9  142  1  34
10  142  1  40
1  143  1  40
2  143  1  31
3  143  1  45
4  143  1  54
5  143  1  86
6  143  1  38
7  143  1  68
8  143  1  87
9  143  1  34
10  143  1  72
1  144  1  85
2  144  1  58
3  144  1  13
4  144  1  38
5  144  1  77
6  144  1  10
7  144  1  85
8  144  1  20
9  144  1  69
10  144  1  24
1  145  1  89
2  145  1  70
3  145  1  49
4  145  1  21
5  145  1  31
6  145  1  18
7  145  1  74
8  145  1  64
9  145  1  19
10  145  1  90
1  146  1  54
2  146  1  43
3  146  1  11
4  146  1  22
5  146  1  77
6  146  1  51
7  146  1  43
8  146  1  59
9  146  1  22
10  146  1  75
1  147  1  53
2  147  1  75
3  147  1  26
4  147  1  30
5  147  1  41
6  147  1  81
7  147  1  89
8  147  1  67
9  147  1  42
10  147  1  73
1  148  1  18
2  148  1  84
3  148  1  76
4  148  1  61
5  148  1  46
6  148  1  52
7  148  1  30
8  148  1  15
9  148  1  29
10  148  1  87
1  149  1  54
2  149  1  21
3  149  1  35
4  149  1  17
5  149  1  53
6  149  1  66
7  149  1  88
8  149  1  71
9  149  1  16
10  149  1  51
1  150  1  71
2  150  1  24
3  150  1  70
4  150  1  78
5  150  1  71
6  150  1  63
7  150  1  30
8  150  1  87
9  150  1  86
10  150  1  68
1  151  1  76
2  151  1  43
3  151  1  58
4  151  1  63
5  151  1  83
6  151  1  10
7  151  1  62
8  151  1  79
9  151  1  58
10  151  1  60
1  152  1  80
2  152  1  65
3  152  1  22
4  152  1  57
5  152  1  15
6  152  1  62
7  152  1  26
8  152  1  30
9  152  1  15
10  152  1  50
1  153  1  70
2  153  1  16
3  153  1  81
4  153  1  35
5  153  1  65
6  153  1  50
7  153  1  57
8  153  1  27
9  153  1  29
10  153  1  29
1  154  1  47
2  154  1  87
3  154  1  65
4  154  1  88
5  154  1  33
6  154  1  72
7  154  1  69
8  154  1  39
9  154  1  47
10  154  1  89
1  155  1  43
2  155  1  22
3  155  1  59
4  155  1  64
5  155  1  10
6  155  1  16
7  155  1  75
8  155  1  49
9  155  1  12
10  155  1  59
1  156  1  76
2  156  1  24
3  156  1  78
4  156  1  72
5  156  1  72
6  156  1  65
7  156  1  82
8  156  1  31
9  156  1  13
10  156  1  15
1  157  1  54
2  157  1  73
3  157  1  73
4  157  1  86
5  157  1  90
6  157  1  64
7  157  1  19
8  157  1  32
9  157  1  15
10  157  1  40
1  158  1  87
2  158  1  34
3  158  1  47
4  158  1  59
5  158  1  59
6  158  1  66
7  158  1  14
8  158  1  36
9  158  1  87
10  158  1  56
1  159  1  52
2  159  1  26
3  159  1  66
4  159  1  57
5  159  1  79
6  159  1  43
7  159  1  69
8  159  1  82
9  159  1  13
10  159  1  15
1  160  1  62
2  160  1  71
3  160  1  11
4  160  1  26
5  160  1  21
6  160  1  85
7  160  1  58
8  160  1  29
9  160  1  31
10  160  1  24
1  161  1  32
2  161  1  26
3  161  1  37
4  161  1  70
5  161  1  82
6  161  1  15
7  161  1  10
8  161  1  48
9  161  1  16
10  161  1  29
1  162  1  70
2  162  1  61
3  162  1  22
4  162  1  48
5  162  1  48
6  162  1  83
7  162  1  83
8  162  1  13
9  162  1  87
10  162  1  83
1  163  1  12
2  163  1  58
3  163  1  33
4  163  1  88
5  163  1  66
6  163  1  16
7  163  1  58
8  163  1  63
9  163  1  27
10  163  1  79
1  164  1  75
2  164  1  58
3  164  1  32
4  164  1  69
5  164  1  47
6  164  1  75
7  164  1  35
8  164  1  73
9  164  1  23
10  164  1  26
1  165  1  38
2  165  1  71
3  165  1  46
4  165  1  31
5  165  1  76
6  165  1  54
7  165  1  75
8  165  1  28
9  165  1  16
10  165  1  48
1  166  1  85
2  166  1  49
3  166  1  66
4  166  1  34
5  166  1  38
6  166  1  33
7  166  1  74
8  166  1  77
9  166  1  88
10  166  1  60
1  167  1  72
2  167  1  88
3  167  1  56
4  167  1  70
5  167  1  81
6  167  1  80
7  167  1  20
8  167  1  15
9  167  1  51
10  167  1  81
1  168  1  66
2  168  1  44
3  168  1  15
4  168  1  86
5  168  1  20
6  168  1  47
7  168  1  67
8  168  1  44
9  168  1  74
10  168  1  87
1  169  1  90
2  169  1  75
3  169  1  88
4  169  1  47
5  169  1  89
6  169  1  12
7  169  1  63
8  169  1  88
9  169  1  67
10  169  1  45
1  170  1  50
2  170  1  28
3  170  1  18
4  170  1  88
5  170  1  10
6  170  1  44
7  170  1  38
8  170  1  75
9  170  1  71
10  170  1  46
1  171  1  59
2  171  1  11
3  171  1  65
4  171  1  68
5  171  1  62
6  171  1  90
7  171  1  10
8  171  1  82
9  171  1  49
10  171  1  47
1  172  1  26
2  172  1  41
3  172  1  70
4  172  1  79
5  172  1  81
6  172  1  21
7  172  1  85
8  172  1  23
9  172  1  74
10  172  1  55
1  173  1  11
2  173  1  16
3  173  1  66
4  173  1  45
5  173  1  23
6  173  1  71
7  173  1  70
8  173  1  13
9  173  1  37
10  173  1  35
1  174  1  31
2  174  1  43
3  174  1  48
4  174  1  90
5  174  1  45
6  174  1  12
7  174  1  68
8  174  1  59
9  174  1  60
10  174  1  56
1  175  1  82
2  175  1  80
3  175  1  67
4  175  1  28
5  175  1  86
6  175  1  71
7  175  1  35
8  175  1  35
9  175  1  23
10  175  1  80
1  176  1  67
2  176  1  55
3  176  1  16
4  176  1  10
5  176  1  39
6  176  1  63
7  176  1  63
8  176  1  19
9  176  1  80
10  176  1  15
1  177  1  45
2  177  1  17
3  177  1  76
4  177  1  19
5  177  1  62
6  177  1  78
7  177  1  28
8  177  1  31
9  177  1  62
10  177  1  55
1  178  1  31
2  178  1  68
3  178  1  68
4  178  1  78
5  178  1  84
6  178  1  41
7  178  1  54
8  178  1  76
9  178  1  11
10  178  1  67
1  179  1  78
2  179  1  46
3  179  1  20
4  179  1  87
5  179  1  66
6  179  1  88
7  179  1  21
8  179  1  14
9  179  1  10
10  179  1  88
1  180  1  21
2  180  1  41
3  180  1  52
4  180  1  59
5  180  1  39
6  180  1  59
7  180  1  76
8  180  1  14
9  180  1  41
10  180  1  80
1  181  1  48
2  181  1  54
3  181  1  57
4  181  1  89
5  181  1  70
6  181  1  70
7  181  1  43
8  181  1  10
9  181  1  74
10  181  1  85
1  182  1  23
2  182  1  17
3  182  1  38
4  182  1  80
5  182  1  33
6  182  1  90
7  182  1  42
8  182  1  29
9  182  1  51
10  182  1  75
1  183  1  62
2  183  1  64
3  183  1  16
4  183  1  42
5  183  1  84
6  183  1  50
7  183  1  75
8  183  1  36
9  183  1  28
10  183  1  48
1  184  1  53
2  184  1  42
3  184  1  61
4  184  1  53
5  184  1  69
6  184  1  50
7  184  1  69
8  184  1  61
9  184  1  23
10  184  1  90
1  185  1  21
2  185  1  23
3  185  1  71
4  185  1  33
5  185  1  82
6  185  1  81
7  185  1  38
8  185  1  78
9  185  1  46
10  185  1  43
1  186  1  67
2  186  1  59
3  186  1  22
4  186  1  40
5  186  1  19
6  186  1  36
7  186  1  17
8  186  1  67
9  186  1  64
10  186  1  39
1  187  1  50
2  187  1  52
3  187  1  10
4  187  1  33
5  187  1  19
6  187  1  26
7  187  1  74
8  187  1  66
9  187  1  21
10  187  1  63
1  188  1  41
2  188  1  17
3  188  1  11
4  188  1  86
5  188  1  74
6  188  1  36
7  188  1  42
8  188  1  34
9  188  1  49
10  188  1  66
1  189  1  66
2  189  1  75
3  189  1  30
4  189  1  53
5  189  1  28
6  189  1  69
7  189  1  51
8  189  1  20
9  189  1  10
10  189  1  69
1  190  1  85
2  190  1  45
3  190  1  63
4  190  1  50
5  190  1  30
6  190  1  77
7  190  1  74
8  190  1  62
9  190  1  46
10  190  1  75
1  191  1  85
2  191  1  53
3  191  1  11
4  191  1  28
5  191  1  38
6  191  1  81
7  191  1  90
8  191  1  75
9  191  1  30
10  191  1  61
1  192  1  30
2  192  1  81
3  192  1  17
4  192  1  46
5  192  1  59
6  192  1  36
7  192  1  12
8  192  1  54
9  192  1  72
10  192  1  72
1  193  1  23
2  193  1  84
3  193  1  50
4  193  1  27
5  193  1  25
6  193  1  62
7  193  1  68
8  193  1  57
9  193  1  64
10  193  1  24
1  194  1  36
2  194  1  66
3  194  1  69
4  194  1  49
5  194  1  46
6  194  1  68
7  194  1  72
8  194  1  20
9  194  1  59
10  194  1  40
1  195  1  12
2  195  1  54
3  195  1  87
4  195  1  38
5  195  1  79
6  195  1  23
7  195  1  50
8  195  1  22
9  195  1  47
10  195  1  63
1  196  1  57
2  196  1  15
3  196  1  50
4  196  1  45
5  196  1  10
6  196  1  61
7  196  1  76
8  196  1  21
9  196  1  30
10  196  1  33
1  197  1  55
2  197  1  14
3  197  1  23
4  197  1  63
5  197  1  27
6  197  1  70
7  197  1  12
8  197  1  24
9  197  1  65
10  197  1  46
1  198  1  90
2  198  1  46
3  198  1  72
4  198  1  15
5  198  1  56
6  198  1  51
7  198  1  87
8  198  1  54
9  198  1  64
10  198  1  26
1  199  1  59
2  199  1  52
3  199  1  35
4  199  1  10
5  199  1  53
6  199  1  79
7  199  1  32
8  199  1  90
9  199  1  87
10  199  1  73
1  200  1  81
2  200  1  23
3  200  1  74
4  200  1  89
5  200  1  85
6  200  1  24
7  200  1  23
8  200  1  23
9  200  1  87
10  200  1  47
1  1  2  23.80
2  1  2  6.77
3  1  2  22.08
4  1  2  12.00
5  1  2  13.34
6  1  2  11.87
7  1  2  21.20
8  1  2  38.30
9  1  2  43.16
10  1  2  6.51
1  2  2  37.16
2  2  2  10.77
3  2  2  10.89
4  2  2  16.41
5  2  2  32.73
6  2  2  18.17
7  2  2  9.15
8  2  2  35.48
9  2  2  21.52
10  2  2  8.94
1  3  2  24.94
2  3  2  12.90
3  3  2  19.10
4  3  2  17.41
5  3  2  20.68
6  3  2  20.27
7  3  2  52.82
8  3  2  34.16
9  3  2  14.49
10  3  2  29.15
1  4  2  42.46
2  4  2  18.74
3  4  2  31.21
4  4  2  11.74
5  4  2  4.04
6  4  2  52.80
7  4  2  19.37
8  4  2  37.11
9  4  2  29.03
10  4  2  38.06
1  5  2  5.81
2  5  2  5.49
3  5  2  6.21
4  5  2  17.20
5  5  2  16.60
6  5  2  31.16
7  5  2  4.26
8  5  2  22.26
9  5  2  9.17
10  5  2  23.18
1  6  2  15.31
2  6  2  19.72
3  6  2  31.57
4  6  2  18.53
5  6  2  44.45
6  6  2  37.44
7  6  2  14.39
8  6  2  14.59
9  6  2  31.09
10  6  2  14.86
1  7  2  15.69
2  7  2  37.90
3  7  2  12.82
4  7  2  7.88
5  7  2  18.02
6  7  2  19.67
7  7  2  22.01
8  7  2  21.84
9  7  2  11.25
10  7  2  12.79
1  8  2  3.54
2  8  2  29.08
3  8  2  15.56
4  8  2  8.57
5  8  2  3.60
6  8  2  10.67
7  8  2  15.67
8  8  2  44.69
9  8  2  50.16
10  8  2  7.52
1  9  2  6.14
2  9  2  18.99
3  9  2  29.11
4  9  2  9.86
5  9  2  25.69
6  9  2  12.80
7  9  2  45.17
8  9  2  29.96
9  9  2  6.12
10  9  2  19.91
1  10  2  26.76
2  10  2  10.83
3  10  2  25.92
4  10  2  46.66
5  10  2  11.82
6  10  2  49.53
7  10  2  41.99
8  10  2  42.11
9  10  2  15.28
10  10  2  15.32
1  11  2  42.19
2  11  2  47.23
3  11  2  48.65
4  11  2  7.88
5  11  2  39.13
6  11  2  13.91
7  11  2  60.78
8  11  2  18.10
9  11  2  35.48
10  11  2  30.84
1  12  2  12.82
2  12  2  11.24
3  12  2  28.72
4  12  2  19.39
5  12  2  21.83
6  12  2  11.48
7  12  2  37.04
8  12  2  24.02
9  12  2  4.25
10  12  2  42.34
1  13  2  26.83
2  13  2  14.59
3  13  2  22.36
4  13  2  19.11
5  13  2  8.72
6  13  2  55.25
7  13  2  29.86
8  13  2  4.89
9  13  2  24.03
10  13  2  14.37
1  14  2  34.05
2  14  2  13.40
3  14  2  10.26
4  14  2  37.68
5  14  2  26.27
6  14  2  15.05
7  14  2  65.28
8  14  2  28.34
9  14  2  20.51
10  14  2  45.24
1  15  2  44.03
2  15  2  46.99
3  15  2  8.51
4  15  2  27.03
5  15  2  47.93
6  15  2  34.46
7  15  2  6.27
8  15  2  7.59
9  15  2  22.53
10  15  2  5.70
1  16  2  46.16
2  16  2  40.95
3  16  2  19.48
4  16  2  21.44
5  16  2  44.53
6  16  2  21.01
7  16  2  32.21
8  16  2  14.66
9  16  2  6.27
10  16  2  24.61
1  17  2  23.97
2  17  2  15.02
3  17  2  3.07
4  17  2  29.28
5  17  2  43.47
6  17  2  19.61
7  17  2  32.53
8  17  2  9.65
9  17  2  17.85
10  17  2  37.86
1  18  2  22.90
2  18  2  15.10
3  18  2  58.63
4  18  2  19.73
5  18  2  46.97
6  18  2  25.53
7  18  2  5.09
8  18  2  41.90
9  18  2  60.65
10  18  2  19.54
1  19  2  44.28
2  19  2  17.35
3  19  2  14.19
4  19  2  12.86
5  19  2  38.36
6  19  2  9.54
7  19  2  8.09
8  19  2  23.98
9  19  2  46.61
10  19  2  23.11
1  20  2  30.77
2  20  2  60.47
3  20  2  19.04
4  20  2  9.94
5  20  2  39.50
6  20  2  34.59
7  20  2  54.61
8  20  2  20.94
9  20  2  14.57
10  20  2  14.33
1  21  2  10.10
2  21  2  28.88
3  21  2  11.93
4  21  2  35.74
5  21  2  6.69
6  21  2  52.85
7  21  2  47.27
8  21  2  24.16
9  21  2  6.36
10  21  2  12.45
1  22  2  30.44
2  22  2  41.15
3  22  2  6.95
4  22  2  29.83
5  22  2  20.91
6  22  2  39.56
7  22  2  19.66
8  22  2  25.91
9  22  2  26.46
10  22  2  10.60
1  23  2  63.42
2  23  2  18.56
3  23  2  15.93
4  23  2  40.66
5  23  2  45.54
6  23  2  5.64
7  23  2  13.09
8  23  2  42.54
9  23  2  51.13
10  23  2  12.50
1  24  2  9.48
2  24  2  10.46
3  24  2  4.90
4  24  2  34.32
5  24  2  31.84
6  24  2  30.14
7  24  2  7.11
8  24  2  17.82
9  24  2  12.00
10  24  2  23.23
1  25  2  14.59
2  25  2  54.63
3  25  2  10.17
4  25  2  32.89
5  25  2  54.81
6  25  2  38.75
7  25  2  22.50
8  25  2  21.21
9  25  2  5.61
10  25  2  10.61
1  26  2  39.44
2  26  2  9.68
3  26  2  21.37
4  26  2  50.73
5  26  2  11.96
6  26  2  4.72
7  26  2  10.25
8  26  2  3.50
9  26  2  30.93
10  26  2  6.93
1  27  2  22.95
2  27  2  35.00
3  27  2  35.80
4  27  2  21.13
5  27  2  7.71
6  27  2  48.15
7  27  2  21.64
8  27  2  21.33
9  27  2  39.36
10  27  2  11.86
1  28  2  23.21
2  28  2  11.82
3  28  2  12.09
4  28  2  38.19
5  28  2  13.11
6  28  2  31.21
7  28  2  21.32
8  28  2  43.96
9  28  2  26.71
10  28  2  10.70
1  29  2  10.61
2  29  2  12.67
3  29  2  33.51
4  29  2  22.08
5  29  2  22.94
6  29  2  32.30
7  29  2  8.74
8  29  2  37.75
9  29  2  15.34
10  29  2  16.16
1  30  2  10.30
2  30  2  20.34
3  30  2  42.00
4  30  2  6.42
5  30  2  17.70
6  30  2  19.82
7  30  2  22.29
8  30  2  36.54
9  30  2  6.71
10  30  2  30.90
1  31  2  35.86
2  31  2  6.01
3  31  2  15.09
4  31  2  25.05
5  31  2  31.95
6  31  2  10.65
7  31  2  12.90
8  31  2  10.44
9  31  2  25.58
10  31  2  52.83
1  32  2  10.83
2  32  2  7.11
3  32  2  10.78
4  32  2  25.11
5  32  2  6.29
6  32  2  16.22
7  32  2  23.15
8  32  2  21.95
9  32  2  17.54
10  32  2  24.63
1  33  2  40.01
2  33  2  23.81
3  33  2  14.96
4  33  2  69.91
5  33  2  23.47
6  33  2  17.89
7  33  2  49.39
8  33  2  10.30
9  33  2  10.40
10  33  2  25.75
1  34  2  57.57
2  34  2  29.96
3  34  2  8.85
4  34  2  40.54
5  34  2  7.29
6  34  2  13.65
7  34  2  11.37
8  34  2  11.80
9  34  2  48.38
10  34  2  45.34
1  35  2  6.46
2  35  2  28.39
3  35  2  17.47
4  35  2  18.28
5  35  2  23.46
6  35  2  9.20
7  35  2  9.63
8  35  2  14.30
9  35  2  50.33
10  35  2  28.55
1  36  2  56.84
2  36  2  10.77
3  36  2  52.89
4  36  2  6.08
5  36  2  15.15
6  36  2  11.92
7  36  2  13.77
8  36  2  12.07
9  36  2  18.88
10  36  2  8.12
1  37  2  13.28
2  37  2  4.12
3  37  2  63.25
4  37  2  34.52
5  37  2  16.39
6  37  2  26.93
7  37  2  33.86
8  37  2  11.26
9  37  2  40.17
10  37  2  23.27
1  38  2  16.15
2  38  2  12.31
3  38  2  32.47
4  38  2  33.10
5  38  2  24.24
6  38  2  14.33
7  38  2  28.57
8  38  2  14.15
9  38  2  4.97
10  38  2  37.95
1  39  2  21.13
2  39  2  4.61
3  39  2  24.20
4  39  2  24.57
5  39  2  54.37
6  39  2  63.99
7  39  2  9.50
8  39  2  14.46
9  39  2  20.58
10  39  2  26.32
1  40  2  14.75
2  40  2  39.06
3  40  2  34.13
4  40  2  7.67
5  40  2  44.68
6  40  2  17.00
7  40  2  54.24
8  40  2  30.34
9  40  2  36.55
10  40  2  25.00
1  41  2  3.71
2  41  2  30.89
3  41  2  3.91
4  41  2  4.53
5  41  2  3.63
6  41  2  7.23
7  41  2  11.66
8  41  2  26.58
9  41  2  32.70
10  41  2  2.94
1  42  2  63.45
2  42  2  27.91
3  42  2  6.88
4  42  2  29.06
5  42  2  32.39
6  42  2  10.06
7  42  2  40.73
8  42  2  19.68
9  42  2  9.80
10  42  2  35.93
1  43  2  45.82
2  43  2  54.72
3  43  2  15.92
4  43  2  41.78
5  43  2  20.13
6  43  2  16.54
7  43  2  23.11
8  43  2  58.57
9  43  2  5.55
10  43  2  27.78
1  44  2  16.85
2  44  2  22.54
3  44  2  62.14
4  44  2  15.86
5  44  2  9.83
6  44  2  29.32
7  44  2  51.34
8  44  2  4.32
9  44  2  7.72
10  44  2  20.64
1  45  2  24.34
2  45  2  14.84
3  45  2  9.78
4  45  2  11.20
5  45  2  16.79
6  45  2  25.39
7  45  2  10.95
8  45  2  13.15
9  45  2  6.05
10  45  2  25.09
1  46  2  5.87
2  46  2  34.63
3  46  2  14.45
4  46  2  21.14
5  46  2  10.35
6  46  2  18.66
7  46  2  27.26
8  46  2  27.34
9  46  2  19.69
10  46  2  43.05
1  47  2  7.77
2  47  2  22.38
3  47  2  23.43
4  47  2  31.80
5  47  2  16.83
6  47  2  37.10
7  47  2  41.55
8  47  2  24.59
9  47  2  34.64
10  47  2  26.21
1  48  2  18.12
2  48  2  4.46
3  48  2  20.98
4  48  2  33.35
5  48  2  18.63
6  48  2  22.71
7  48  2  5.79
8  48  2  19.14
9  48  2  5.83
10  48  2  44.77
1  49  2  16.49
2  49  2  22.17
3  49  2  12.39
4  49  2  62.75
5  49  2  18.54
6  49  2  49.79
7  49  2  5.15
8  49  2  9.57
9  49  2  12.53
10  49  2  42.13
1  50  2  19.96
2  50  2  27.72
3  50  2  20.09
4  50  2  41.63
5  50  2  5.16
6  50  2  21.79
7  50  2  40.47
8  50  2  15.69
9  50  2  7.33
10  50  2  32.64
1  51  2  6.08
2  51  2  5.32
3  51  2  5.89
4  51  2  21.51
5  51  2  24.35
6  51  2  20.15
7  51  2  20.02
8  51  2  29.66
9  51  2  12.69
10  51  2  10.65
1  52  2  20.51
2  52  2  41.36
3  52  2  38.73
4  52  2  28.19
5  52  2  48.19
6  52  2  34.84
7  52  2  18.10
8  52  2  18.51
9  52  2  38.75
10  52  2  6.71
1  53  2  23.11
2  53  2  7.95
3  53  2  29.93
4  53  2  43.60
5  53  2  31.94
6  53  2  12.41
7  53  2  22.51
8  53  2  34.95
9  53  2  8.60
10  53  2  7.94
1  54  2  22.90
2  54  2  53.61
3  54  2  31.26
4  54  2  16.00
5  54  2  39.95
6  54  2  13.05
7  54  2  24.69
8  54  2  30.59
9  54  2  25.45
10  54  2  7.77
1  55  2  53.76
2  55  2  17.97
3  55  2  63.19
4  55  2  28.64
5  55  2  18.66
6  55  2  40.00
7  55  2  23.92
8  55  2  11.16
9  55  2  25.26
10  55  2  5.67
1  56  2  28.38
2  56  2  34.55
3  56  2  42.88
4  56  2  26.79
5  56  2  5.99
6  56  2  21.59
7  56  2  26.02
8  56  2  16.42
9  56  2  54.09
10  56  2  4.24
1  57  2  6.15
2  57  2  40.51
3  57  2  43.23
4  57  2  49.31
5  57  2  10.16
6  57  2  21.95
7  57  2  26.68
8  57  2  42.91
9  57  2  23.57
10  57  2  5.37
1  58  2  31.21
2  58  2  25.49
3  58  2  12.55
4  58  2  43.80
5  58  2  31.76
6  58  2  35.26
7  58  2  34.76
8  58  2  32.10
9  58  2  8.32
10  58  2  5.43
1  59  2  27.33
2  59  2  44.47
3  59  2  22.45
4  59  2  34.54
5  59  2  22.51
6  59  2  21.84
7  59  2  45.41
8  59  2  11.66
9  59  2  7.18
10  59  2  35.55
1  60  2  13.23
2  60  2  8.58
3  60  2  48.60
4  60  2  8.57
5  60  2  8.01
6  60  2  22.02
7  60  2  25.12
8  60  2  44.38
9  60  2  53.27
10  60  2  34.45
1  61  2  10.99
2  61  2  3.71
3  61  2  29.79
4  61  2  30.87
5  61  2  13.83
6  61  2  8.70
7  61  2  19.65
8  61  2  36.21
9  61  2  45.62
10  61  2  3.73
1  62  2  9.46
2  62  2  23.14
3  62  2  40.92
4  62  2  9.12
5  62  2  9.46
6  62  2  21.84
7  62  2  22.01
8  62  2  18.63
9  62  2  15.95
10  62  2  28.52
1  63  2  51.59
2  63  2  29.43
3  63  2  7.91
4  63  2  18.91
5  63  2  12.89
6  63  2  9.02
7  63  2  41.41
8  63  2  17.41
9  63  2  4.36
10  63  2  42.78
1  64  2  38.40
2  64  2  6.61
3  64  2  10.03
4  64  2  7.12
5  64  2  33.08
6  64  2  36.58
7  64  2  8.12
8  64  2  55.17
9  64  2  15.78
10  64  2  45.63
1  65  2  58.31
2  65  2  5.13
3  65  2  17.66
4  65  2  11.66
5  65  2  11.23
6  65  2  7.36
7  65  2  10.14
8  65  2  54.99
9  65  2  60.07
10  65  2  44.49
1  66  2  9.30
2  66  2  11.47
3  66  2  33.20
4  66  2  32.75
5  66  2  8.31
6  66  2  25.96
7  66  2  57.67
8  66  2  25.64
9  66  2  21.65
10  66  2  10.71
1  67  2  24.13
2  67  2  9.69
3  67  2  9.32
4  67  2  10.66
5  67  2  32.27
6  67  2  30.08
7  67  2  38.87
8  67  2  29.56
9  67  2  30.71
10  67  2  19.35
1  68  2  32.22
2  68  2  34.96
3  68  2  5.64
4  68  2  21.34
5  68  2  40.78
6  68  2  33.58
7  68  2  4.99
8  68  2  28.37
9  68  2  5.44
10  68  2  16.67
1  69  2  20.43
2  69  2  41.52
3  69  2  31.42
4  69  2  40.71
5  69  2  6.24
6  69  2  14.02
7  69  2  43.85
8  69  2  5.69
9  69  2  5.83
10  69  2  38.57
1  70  2  17.70
2  70  2  14.51
3  70  2  66.13
4  70  2  6.04
5  70  2  38.56
6  70  2  7.74
7  70  2  14.16
8  70  2  24.78
9  70  2  8.83
10  70  2  22.53
1  71  2  42.78
2  71  2  65.29
3  71  2  9.41
4  71  2  22.36
5  71  2  30.47
6  71  2  40.96
7  71  2  35.13
8  71  2  9.34
9  71  2  46.35
10  71  2  15.25
1  72  2  64.80
2  72  2  11.41
3  72  2  19.07
4  72  2  9.82
5  72  2  28.62
6  72  2  17.03
7  72  2  31.40
8  72  2  4.46
9  72  2  18.63
10  72  2  3.08
1  73  2  5.05
2  73  2  47.91
3  73  2  36.42
4  73  2  47.36
5  73  2  55.09
6  73  2  8.02
7  73  2  12.62
8  73  2  23.56
9  73  2  13.34
10  73  2  5.52
1  74  2  41.11
2  74  2  21.41
3  74  2  15.87
4  74  2  8.86
5  74  2  31.86
6  74  2  23.21
7  74  2  20.01
8  74  2  6.55
9  74  2  25.88
10  74  2  20.86
1  75  2  13.74
2  75  2  16.73
3  75  2  28.56
4  75  2  19.89
5  75  2  30.55
6  75  2  52.36
7  75  2  4.24
8  75  2  21.50
9  75  2  15.31
10  75  2  37.85
1  76  2  8.33
2  76  2  34.04
3  76  2  19.46
4  76  2  9.41
5  76  2  11.66
6  76  2  60.85
7  76  2  6.61
8  76  2  8.09
9  76  2  39.36
10  76  2  22.20
1  77  2  9.75
2  77  2  39.11
3  77  2  15.13
4  77  2  10.00
5  77  2  2.83
6  77  2  18.27
7  77  2  9.49
8  77  2  12.23
9  77  2  25.49
10  77  2  12.63
1  78  2  36.25
2  78  2  42.15
3  78  2  43.14
4  78  2  16.17
5  78  2  19.04
6  78  2  15.64
7  78  2  12.45
8  78  2  7.79
9  78  2  18.79
10  78  2  2.60
1  79  2  8.26
2  79  2  35.95
3  79  2  37.74
4  79  2  38.92
5  79  2  20.36
6  79  2  49.66
7  79  2  4.98
8  79  2  9.67
9  79  2  45.29
10  79  2  7.37
1  80  2  20.36
2  80  2  14.96
3  80  2  42.78
4  80  2  9.70
5  80  2  19.95
6  80  2  41.30
7  80  2  13.59
8  80  2  18.45
9  80  2  38.76
10  80  2  41.76
1  81  2  47.41
2  81  2  44.81
3  81  2  17.95
4  81  2  34.93
5  81  2  23.16
6  81  2  20.64
7  81  2  38.27
8  81  2  50.14
9  81  2  28.33
10  81  2  41.27
1  82  2  30.20
2  82  2  5.13
3  82  2  19.18
4  82  2  24.00
5  82  2  19.48
6  82  2  3.30
7  82  2  15.76
8  82  2  29.92
9  82  2  46.93
10  82  2  69.71
1  83  2  13.11
2  83  2  7.03
3  83  2  26.12
4  83  2  25.17
5  83  2  41.76
6  83  2  32.03
7  83  2  14.40
8  83  2  26.08
9  83  2  35.13
10  83  2  5.84
1  84  2  54.67
2  84  2  34.27
3  84  2  20.82
4  84  2  5.79
5  84  2  45.38
6  84  2  5.22
7  84  2  5.43
8  84  2  25.21
9  84  2  24.35
10  84  2  21.73
1  85  2  8.93
2  85  2  23.73
3  85  2  30.56
4  85  2  8.72
5  85  2  19.90
6  85  2  26.70
7  85  2  12.09
8  85  2  41.70
9  85  2  15.91
10  85  2  32.31
1  86  2  12.06
2  86  2  9.29
3  86  2  57.53
4  86  2  16.80
5  86  2  17.80
6  86  2  6.57
7  86  2  63.71
8  86  2  18.58
9  86  2  54.00
10  86  2  17.11
1  87  2  24.40
2  87  2  6.49
3  87  2  50.04
4  87  2  11.55
5  87  2  20.92
6  87  2  57.07
7  87  2  42.69
8  87  2  7.63
9  87  2  3.37
10  87  2  49.48
1  88  2  26.07
2  88  2  11.69
3  88  2  7.83
4  88  2  2.71
5  88  2  15.16
6  88  2  6.93
7  88  2  42.81
8  88  2  4.76
9  88  2  10.29
10  88  2  46.23
1  89  2  33.88
2  89  2  25.23
3  89  2  6.26
4  89  2  17.80
5  89  2  53.43
6  89  2  38.69
7  89  2  6.77
8  89  2  22.38
9  89  2  34.75
10  89  2  14.46
1  90  2  5.96
2  90  2  35.64
3  90  2  16.19
4  90  2  5.15
5  90  2  4.82
6  90  2  12.73
7  90  2  30.21
8  90  2  7.43
9  90  2  22.08
10  90  2  8.27
1  91  2  25.65
2  91  2  7.71
3  91  2  39.02
4  91  2  36.76
5  91  2  16.50
6  91  2  20.51
7  91  2  11.91
8  91  2  39.94
9  91  2  44.01
10  91  2  4.41
1  92  2  8.82
2  92  2  30.16
3  92  2  12.11
4  92  2  5.05
5  92  2  20.89
6  92  2  13.53
7  92  2  37.49
8  92  2  9.49
9  92  2  40.71
10  92  2  15.59
1  93  2  23.76
2  93  2  62.34
3  93  2  31.76
4  93  2  19.09
5  93  2  9.30
6  93  2  20.26
7  93  2  12.25
8  93  2  35.26
9  93  2  20.78
10  93  2  42.37
1  94  2  31.88
2  94  2  43.97
3  94  2  23.22
4  94  2  28.73
5  94  2  17.21
6  94  2  29.62
7  94  2  16.80
8  94  2  31.97
9  94  2  23.10
10  94  2  5.73
1  95  2  12.19
2  95  2  21.42
3  95  2  24.21
4  95  2  57.51
5  95  2  3.14
6  95  2  19.14
7  95  2  13.72
8  95  2  25.54
9  95  2  44.64
10  95  2  67.20
1  96  2  14.71
2  96  2  7.85
3  96  2  38.44
4  96  2  4.92
5  96  2  6.12
6  96  2  35.09
7  96  2  13.41
8  96  2  7.10
9  96  2  36.20
10  96  2  44.43
1  97  2  16.83
2  97  2  40.53
3  97  2  20.10
4  97  2  25.81
5  97  2  29.56
6  97  2  37.87
7  97  2  4.57
8  97  2  9.31
9  97  2  43.78
10  97  2  63.05
1  98  2  15.47
2  98  2  16.28
3  98  2  31.19
4  98  2  38.98
5  98  2  36.05
6  98  2  15.66
7  98  2  28.26
8  98  2  16.07
9  98  2  60.70
10  98  2  8.85
1  99  2  64.71
2  99  2  16.25
3  99  2  9.14
4  99  2  20.40
5  99  2  8.74
6  99  2  3.77
7  99  2  17.80
8  99  2  9.39
9  99  2  11.68
10  99  2  7.59
1  100  2  26.99
2  100  2  5.99
3  100  2  35.68
4  100  2  4.33
5  100  2  4.89
6  100  2  13.63
7  100  2  56.42
8  100  2  4.27
9  100  2  36.11
10  100  2  23.35
1  101  2  23.15
2  101  2  27.09
3  101  2  18.39
4  101  2  42.03
5  101  2  24.75
6  101  2  14.52
7  101  2  18.31
8  101  2  23.86
9  101  2  67.30
10  101  2  5.71
1  102  2  37.67
2  102  2  37.36
3  102  2  18.21
4  102  2  9.60
5  102  2  14.63
6  102  2  9.14
7  102  2  18.56
8  102  2  12.86
9  102  2  14.20
10  102  2  35.47
1  103  2  11.01
2  103  2  59.27
3  103  2  35.89
4  103  2  34.00
5  103  2  18.82
6  103  2  43.67
7  103  2  19.13
8  103  2  6.81
9  103  2  8.53
10  103  2  34.94
1  104  2  10.21
2  104  2  29.42
3  104  2  43.88
4  104  2  25.87
5  104  2  8.48
6  104  2  12.22
7  104  2  48.71
8  104  2  28.70
9  104  2  33.13
10  104  2  28.33
1  105  2  2.77
2  105  2  4.99
3  105  2  57.58
4  105  2  8.81
5  105  2  11.47
6  105  2  25.09
7  105  2  16.38
8  105  2  8.62
9  105  2  13.26
10  105  2  47.81
1  106  2  11.66
2  106  2  23.08
3  106  2  22.07
4  106  2  3.90
5  106  2  28.10
6  106  2  17.73
7  106  2  32.14
8  106  2  42.94
9  106  2  15.84
10  106  2  15.28
1  107  2  15.66
2  107  2  43.35
3  107  2  51.04
4  107  2  50.33
5  107  2  19.20
6  107  2  15.60
7  107  2  14.34
8  107  2  13.79
9  107  2  12.32
10  107  2  14.30
1  108  2  38.05
2  108  2  14.20
3  108  2  16.84
4  108  2  40.97
5  108  2  23.20
6  108  2  68.24
7  108  2  35.53
8  108  2  26.16
9  108  2  26.99
10  108  2  36.29
1  109  2  19.37
2  109  2  33.96
3  109  2  19.01
4  109  2  30.03
5  109  2  26.34
6  109  2  39.99
7  109  2  9.54
8  109  2  50.56
9  109  2  14.51
10  109  2  61.01
1  110  2  59.26
2  110  2  30.50
3  110  2  13.14
4  110  2  54.54
5  110  2  9.38
6  110  2  6.88
7  110  2  16.73
8  110  2  5.25
9  110  2  56.84
10  110  2  2.99
1  111  2  36.91
2  111  2  37.88
3  111  2  23.60
4  111  2  12.61
5  111  2  24.67
6  111  2  10.09
7  111  2  5.74
8  111  2  24.79
9  111  2  19.57
10  111  2  21.30
1  112  2  3.19
2  112  2  14.14
3  112  2  32.56
4  112  2  31.24
5  112  2  26.88
6  112  2  8.03
7  112  2  64.24
8  112  2  3.74
9  112  2  25.69
10  112  2  13.66
1  113  2  38.45
2  113  2  21.18
3  113  2  5.62
4  113  2  66.66
5  113  2  63.14
6  113  2  42.17
7  113  2  16.36
8  113  2  59.53
9  113  2  28.82
10  113  2  59.67
1  114  2  14.68
2  114  2  16.82
3  114  2  50.19
4  114  2  16.31
5  114  2  19.33
6  114  2  7.30
7  114  2  43.09
8  114  2  9.30
9  114  2  4.26
10  114  2  33.51
1  115  2  9.35
2  115  2  7.54
3  115  2  25.76
4  115  2  15.31
5  115  2  11.74
6  115  2  27.09
7  115  2  3.73
8  115  2  4.46
9  115  2  7.72
10  115  2  18.79
1  116  2  13.08
2  116  2  7.94
3  116  2  33.29
4  116  2  51.20
5  116  2  24.74
6  116  2  44.92
7  116  2  10.63
8  116  2  14.45
9  116  2  8.26
10  116  2  28.95
1  117  2  16.73
2  117  2  25.28
3  117  2  17.76
4  117  2  25.74
5  117  2  13.12
6  117  2  38.24
7  117  2  10.23
8  117  2  6.21
9  117  2  7.33
10  117  2  5.13
1  118  2  12.85
2  118  2  32.65
3  118  2  26.82
4  118  2  45.56
5  118  2  22.13
6  118  2  23.74
7  118  2  22.90
8  118  2  5.52
9  118  2  34.22
10  118  2  31.92
1  119  2  40.99
2  119  2  11.40
3  119  2  16.93
4  119  2  52.41
5  119  2  29.97
6  119  2  16.88
7  119  2  6.70
8  119  2  4.66
9  119  2  56.74
10  119  2  12.38
1  120  2  40.88
2  120  2  15.30
3  120  2  4.21
4  120  2  23.36
5  120  2  38.46
6  120  2  21.94
7  120  2  23.55
8  120  2  27.90
9  120  2  2.70
10  120  2  23.54
1  121  2  22.70
2  121  2  4.25
3  121  2  17.77
4  121  2  10.57
5  121  2  9.20
6  121  2  33.12
7  121  2  18.42
8  121  2  13.91
9  121  2  14.73
10  121  2  17.19
1  122  2  10.17
2  122  2  9.95
3  122  2  13.56
4  122  2  56.82
5  122  2  21.32
6  122  2  24.44
7  122  2  29.99
8  122  2  31.10
9  122  2  16.54
10  122  2  24.47
1  123  2  17.44
2  123  2  32.91
3  123  2  4.53
4  123  2  40.70
5  123  2  23.34
6  123  2  23.11
7  123  2  22.37
8  123  2  15.48
9  123  2  31.94
10  123  2  8.56
1  124  2  21.74
2  124  2  47.20
3  124  2  11.66
4  124  2  61.91
5  124  2  26.52
6  124  2  24.99
7  124  2  22.87
8  124  2  11.23
9  124  2  22.44
10  124  2  3.08
1  125  2  9.02
2  125  2  8.16
3  125  2  25.83
4  125  2  6.55
5  125  2  23.22
6  125  2  25.65
7  125  2  16.95
8  125  2  5.88
9  125  2  19.59
10  125  2  43.37
1  126  2  57.96
2  126  2  29.78
3  126  2  35.78
4  126  2  18.48
5  126  2  21.03
6  126  2  4.32
7  126  2  9.17
8  126  2  18.34
9  126  2  41.71
10  126  2  12.43
1  127  2  35.79
2  127  2  30.73
3  127  2  19.89
4  127  2  21.10
5  127  2  15.17
6  127  2  24.91
7  127  2  44.16
8  127  2  24.72
9  127  2  59.51
10  127  2  25.62
1  128  2  15.33
2  128  2  10.74
3  128  2  23.18
4  128  2  14.40
5  128  2  26.96
6  128  2  3.16
7  128  2  26.19
8  128  2  15.43
9  128  2  47.82
10  128  2  7.18
1  129  2  9.18
2  129  2  55.68
3  129  2  9.73
4  129  2  8.52
5  129  2  17.32
6  129  2  55.96
7  129  2  30.73
8  129  2  19.15
9  129  2  23.65
10  129  2  33.96
1  130  2  19.89
2  130  2  20.80
3  130  2  53.93
4  130  2  13.27
5  130  2  36.20
6  130  2  28.63
7  130  2  36.84
8  130  2  17.54
9  130  2  22.35
10  130  2  29.51
1  131  2  37.06
2  131  2  21.61
3  131  2  42.98
4  131  2  14.61
5  131  2  17.71
6  131  2  4.78
7  131  2  4.37
8  131  2  29.03
9  131  2  41.67
10  131  2  23.22
1  132  2  29.19
2  132  2  35.01
3  132  2  11.72
4  132  2  20.63
5  132  2  24.99
6  132  2  21.17
7  132  2  27.34
8  132  2  22.06
9  132  2  54.32
10  132  2  3.79
1  133  2  56.37
2  133  2  44.39
3  133  2  9.08
4  133  2  57.78
5  133  2  26.30
6  133  2  16.22
7  133  2  34.25
8  133  2  7.47
9  133  2  16.25
10  133  2  30.02
1  134  2  26.78
2  134  2  23.90
3  134  2  32.19
4  134  2  17.35
5  134  2  46.47
6  134  2  53.93
7  134  2  54.06
8  134  2  46.02
9  134  2  31.14
10  134  2  14.44
1  135  2  8.18
2  135  2  21.10
3  135  2  26.04
4  135  2  27.86
5  135  2  46.55
6  135  2  9.84
7  135  2  42.32
8  135  2  50.56
9  135  2  33.33
10  135  2  10.80
1  136  2  26.86
2  136  2  4.32
3  136  2  44.00
4  136  2  13.52
5  136  2  22.66
6  136  2  21.13
7  136  2  16.00
8  136  2  17.44
9  136  2  19.20
10  136  2  11.36
1  137  2  48.09
2  137  2  32.03
3  137  2  11.33
4  137  2  68.50
5  137  2  21.11
6  137  2  20.00
7  137  2  54.81
8  137  2  30.80
9  137  2  13.23
10  137  2  51.73
1  138  2  41.72
2  138  2  26.56
3  138  2  20.35
4  138  2  20.64
5  138  2  20.74
6  138  2  14.63
7  138  2  16.13
8  138  2  6.14
9  138  2  19.17
10  138  2  10.64
1  139  2  15.24
2  139  2  3.06
3  139  2  22.60
4  139  2  48.21
5  139  2  58.54
6  139  2  5.63
7  139  2  16.69
8  139  2  15.88
9  139  2  18.43
10  139  2  62.07
1  140  2  4.13
2  140  2  6.94
3  140  2  14.30
4  140  2  5.62
5  140  2  13.15
6  140  2  26.70
7  140  2  28.53
8  140  2  17.05
9  140  2  12.37
10  140  2  5.85
1  141  2  19.05
2  141  2  51.69
3  141  2  14.32
4  141  2  29.26
5  141  2  26.89
6  141  2  10.11
7  141  2  3.67
8  141  2  24.21
9  141  2  5.18
10  141  2  10.07
1  142  2  3.21
2  142  2  17.92
3  142  2  7.52
4  142  2  25.59
5  142  2  17.48
6  142  2  15.79
7  142  2  13.65
8  142  2  15.13
9  142  2  26.09
10  142  2  29.50
1  143  2  8.89
2  143  2  19.12
3  143  2  22.46
4  143  2  41.48
5  143  2  55.26
6  143  2  12.49
7  143  2  43.10
8  143  2  30.74
9  143  2  13.52
10  143  2  50.29
1  144  2  18.66
2  144  2  35.29
3  144  2  8.39
4  144  2  14.08
5  144  2  17.53
6  144  2  7.78
7  144  2  65.30
8  144  2  12.42
9  144  2  16.54
10  144  2  9.13
1  145  2  55.28
2  145  2  31.73
3  145  2  11.25
4  145  2  6.46
5  145  2  14.86
6  145  2  10.73
7  145  2  34.77
8  145  2  19.99
9  145  2  14.37
10  145  2  37.41
1  146  2  13.39
2  146  2  8.89
3  146  2  4.27
4  146  2  11.94
5  146  2  49.67
6  146  2  36.65
7  146  2  20.30
8  146  2  12.42
9  146  2  6.98
10  146  2  44.66
1  147  2  23.08
2  147  2  53.16
3  147  2  17.44
4  147  2  23.45
5  147  2  28.43
6  147  2  47.91
7  147  2  23.73
8  147  2  38.75
9  147  2  14.60
10  147  2  31.01
1  148  2  6.57
2  148  2  51.70
3  148  2  60.60
4  148  2  29.60
5  148  2  20.29
6  148  2  30.04
7  148  2  20.63
8  148  2  10.77
9  148  2  14.56
10  148  2  23.29
1  149  2  22.30
2  149  2  10.10
3  149  2  7.19
4  149  2  5.46
5  149  2  17.50
6  149  2  19.46
7  149  2  61.37
8  149  2  35.84
9  149  2  4.85
10  149  2  16.04
1  150  2  55.84
2  150  2  15.05
3  150  2  53.31
4  150  2  33.90
5  150  2  43.77
6  150  2  34.03
7  150  2  7.50
8  150  2  53.58
9  150  2  65.38
10  150  2  30.35
1  151  2  23.46
2  151  2  28.74
3  151  2  32.50
4  151  2  34.59
5  151  2  28.07
6  151  2  5.52
7  151  2  36.32
8  151  2  34.23
9  151  2  43.06
10  151  2  15.18
1  152  2  48.45
2  152  2  19.43
3  152  2  6.31
4  152  2  13.90
5  152  2  3.89
6  152  2  30.99
7  152  2  8.59
8  152  2  8.07
9  152  2  10.63
10  152  2  22.45
1  153  2  49.17
2  153  2  10.11
3  153  2  37.06
4  153  2  16.79
5  153  2  16.75
6  153  2  14.98
7  153  2  14.93
8  153  2  18.58
9  153  2  14.64
10  153  2  9.23
1  154  2  32.24
2  154  2  62.30
3  154  2  28.13
4  154  2  49.07
5  154  2  15.25
6  154  2  33.98
7  154  2  52.51
8  154  2  31.15
9  154  2  30.95
10  154  2  32.94
1  155  2  32.01
2  155  2  9.20
3  155  2  12.19
4  155  2  30.99
5  155  2  3.54
6  155  2  9.33
7  155  2  37.79
8  155  2  12.12
9  155  2  2.52
10  155  2  26.41
1  156  2  57.99
2  156  2  10.06
3  156  2  32.49
4  156  2  51.28
5  156  2  53.46
6  156  2  47.71
7  156  2  37.17
8  156  2  14.63
9  156  2  9.85
10  156  2  3.31
1  157  2  32.93
2  157  2  30.76
3  157  2  48.41
4  157  2  38.89
5  157  2  61.51
6  157  2  46.90
7  157  2  7.64
8  157  2  18.26
9  157  2  8.04
10  157  2  18.57
1  158  2  44.38
2  158  2  15.07
3  158  2  28.45
4  158  2  12.61
5  158  2  15.05
6  158  2  37.99
7  158  2  5.63
8  158  2  22.74
9  158  2  19.66
10  158  2  22.41
1  159  2  35.11
2  159  2  20.28
3  159  2  44.34
4  159  2  43.90
5  159  2  51.54
6  159  2  31.31
7  159  2  49.61
8  159  2  18.77
9  159  2  7.76
10  159  2  10.37
1  160  2  30.83
2  160  2  44.21
3  160  2  4.03
4  160  2  8.52
5  160  2  5.51
6  160  2  36.79
7  160  2  21.82
8  160  2  16.20
9  160  2  15.32
10  160  2  8.42
1  161  2  23.98
2  161  2  13.68
3  161  2  11.25
4  161  2  53.82
5  161  2  32.45
6  161  2  3.51
7  161  2  2.96
8  161  2  30.22
9  161  2  4.42
10  161  2  10.07
1  162  2  26.82
2  162  2  33.25
3  162  2  10.89
4  162  2  36.74
5  162  2  11.15
6  162  2  29.65
7  162  2  53.21
8  162  2  4.96
9  162  2  20.76
10  162  2  32.85
1  163  2  7.72
2  163  2  29.12
3  163  2  21.90
4  163  2  61.21
5  163  2  34.43
6  163  2  9.40
7  163  2  46.22
8  163  2  19.10
9  163  2  18.52
10  163  2  47.97
1  164  2  49.27
2  164  2  12.31
3  164  2  14.04
4  164  2  21.98
5  164  2  18.66
6  164  2  59.04
7  164  2  7.86
8  164  2  20.91
9  164  2  6.26
10  164  2  16.30
1  165  2  20.35
2  165  2  39.74
3  165  2  30.14
4  165  2  17.41
5  165  2  55.69
6  165  2  10.80
7  165  2  49.20
8  165  2  6.57
9  165  2  10.47
10  165  2  10.23
1  166  2  31.11
2  166  2  17.50
3  166  2  51.46
4  166  2  17.32
5  166  2  19.78
6  166  2  26.25
7  166  2  43.71
8  166  2  52.78
9  166  2  44.09
10  166  2  15.03
1  167  2  19.89
2  167  2  56.18
3  167  2  40.75
4  167  2  45.05
5  167  2  53.12
6  167  2  17.64
7  167  2  4.09
8  167  2  7.97
9  167  2  33.70
10  167  2  33.91
1  168  2  19.77
2  168  2  21.31
3  168  2  9.04
4  168  2  40.14
5  168  2  8.61
6  168  2  25.13
7  168  2  26.10
8  168  2  19.09
9  168  2  47.56
10  168  2  61.65
1  169  2  29.80
2  169  2  35.06
3  169  2  58.84
4  169  2  18.75
5  169  2  66.34
6  169  2  5.48
7  169  2  30.99
8  169  2  40.22
9  169  2  21.43
10  169  2  11.35
1  170  2  14.55
2  170  2  17.85
3  170  2  12.43
4  170  2  59.02
5  170  2  5.07
6  170  2  23.37
7  170  2  27.92
8  170  2  27.64
9  170  2  38.36
10  170  2  23.54
1  171  2  15.66
2  171  2  6.66
3  171  2  14.22
4  171  2  46.56
5  171  2  31.52
6  171  2  53.59
7  171  2  5.92
8  171  2  56.54
9  171  2  17.03
10  171  2  27.89
1  172  2  15.38
2  172  2  26.14
3  172  2  28.21
4  172  2  23.42
5  172  2  59.12
6  172  2  13.50
7  172  2  58.45
8  172  2  14.15
9  172  2  47.28
10  172  2  32.40
1  173  2  5.34
2  173  2  11.43
3  173  2  51.92
4  173  2  17.10
5  173  2  4.73
6  173  2  51.79
7  173  2  26.25
8  173  2  3.50
9  173  2  25.47
10  173  2  14.92
1  174  2  10.85
2  174  2  25.53
3  174  2  33.03
4  174  2  60.50
5  174  2  14.56
6  174  2  9.49
7  174  2  53.26
8  174  2  44.96
9  174  2  21.60
10  174  2  40.76
1  175  2  27.30
2  175  2  32.99
3  175  2  29.27
4  175  2  13.54
5  175  2  47.97
6  175  2  18.68
7  175  2  13.86
8  175  2  13.21
9  175  2  14.78
10  175  2  31.96
1  176  2  34.14
2  176  2  33.31
3  176  2  11.74
4  176  2  2.04
5  176  2  12.74
6  176  2  37.00
7  176  2  42.13
8  176  2  4.64
9  176  2  32.65
10  176  2  10.92
1  177  2  32.66
2  177  2  3.86
3  177  2  60.16
4  177  2  5.38
5  177  2  49.35
6  177  2  60.28
7  177  2  13.35
8  177  2  8.33
9  177  2  38.36
10  177  2  40.53
1  178  2  24.64
2  178  2  25.22
3  178  2  38.94
4  178  2  34.13
5  178  2  25.99
6  178  2  11.09
7  178  2  26.83
8  178  2  52.83
9  178  2  3.01
10  178  2  16.82
1  179  2  26.17
2  179  2  28.21
3  179  2  6.66
4  179  2  17.43
5  179  2  29.42
6  179  2  22.71
7  179  2  15.77
8  179  2  8.18
9  179  2  6.14
10  179  2  66.89
1  180  2  12.21
2  180  2  30.31
3  180  2  30.36
4  180  2  15.98
5  180  2  14.20
6  180  2  31.86
7  180  2  40.53
8  180  2  3.23
9  180  2  20.89
10  180  2  54.61
1  181  2  17.08
2  181  2  16.46
3  181  2  12.56
4  181  2  66.27
5  181  2  14.65
6  181  2  20.26
7  181  2  32.71
8  181  2  6.82
9  181  2  54.36
10  181  2  51.03
1  182  2  13.90
2  182  2  4.14
3  182  2  29.26
4  182  2  58.35
5  182  2  19.02
6  182  2  32.64
7  182  2  8.78
8  182  2  6.25
9  182  2  16.17
10  182  2  32.99
1  183  2  38.45
2  183  2  29.07
3  183  2  6.13
4  183  2  17.64
5  183  2  59.09
6  183  2  35.40
7  183  2  34.89
8  183  2  24.63
9  183  2  16.62
10  183  2  29.12
1  184  2  20.89
2  184  2  12.15
3  184  2  40.48
4  184  2  31.88
5  184  2  47.75
6  184  2  11.29
7  184  2  16.42
8  184  2  17.81
9  184  2  17.10
10  184  2  37.77
1  185  2  8.12
2  185  2  16.31
3  185  2  56.34
4  185  2  25.46
5  185  2  34.47
6  185  2  41.43
7  185  2  11.05
8  185  2  56.84
9  185  2  28.36
10  185  2  12.17
1  186  2  20.95
2  186  2  37.88
3  186  2  17.47
4  186  2  28.26
5  186  2  5.24
6  186  2  11.54
7  186  2  10.37
8  186  2  28.08
9  186  2  28.25
10  186  2  22.13
1  187  2  28.44
2  187  2  14.73
3  187  2  4.72
4  187  2  9.55
5  187  2  14.72
6  187  2  18.06
7  187  2  36.71
8  187  2  23.35
9  187  2  6.71
10  187  2  13.13
1  188  2  12.48
2  188  2  9.53
3  188  2  6.49
4  188  2  41.45
5  188  2  19.87
6  188  2  12.20
7  188  2  16.80
8  188  2  11.07
9  188  2  18.17
10  188  2  33.99
1  189  2  35.32
2  189  2  35.70
3  189  2  23.31
4  189  2  15.58
5  189  2  9.93
6  189  2  44.74
7  189  2  40.49
8  189  2  14.48
9  189  2  6.08
10  189  2  39.33
1  190  2  44.92
2  190  2  26.59
3  190  2  27.73
4  190  2  16.88
5  190  2  16.81
6  190  2  56.30
7  190  2  34.34
8  190  2  37.73
9  190  2  24.51
10  190  2  46.66
1  191  2  31.04
2  191  2  11.64
3  191  2  2.96
4  191  2  16.15
5  191  2  15.52
6  191  2  57.79
7  191  2  41.46
8  191  2  45.41
9  191  2  21.19
10  191  2  21.61
1  192  2  8.13
2  192  2  62.03
3  192  2  7.74
4  192  2  26.17
5  192  2  14.06
6  192  2  20.79
7  192  2  4.45
8  192  2  11.77
9  192  2  51.55
10  192  2  24.67
1  193  2  17.97
2  193  2  20.82
3  193  2  26.92
4  193  2  14.91
5  193  2  7.15
6  193  2  28.18
7  193  2  13.89
8  193  2  18.96
9  193  2  39.89
10  193  2  12.00
1  194  2  14.72
2  194  2  33.17
3  194  2  28.93
4  194  2  29.17
5  194  2  36.43
6  194  2  15.42
7  194  2  54.33
8  194  2  7.60
9  194  2  19.85
10  194  2  10.53
1  195  2  6.83
2  195  2  37.38
3  195  2  69.27
4  195  2  19.66
5  195  2  45.44
6  195  2  13.09
7  195  2  17.12
8  195  2  15.38
9  195  2  15.57
10  195  2  15.63
1  196  2  41.91
2  196  2  10.28
3  196  2  35.40
4  196  2  22.12
5  196  2  2.14
6  196  2  36.25
7  196  2  20.36
8  196  2  13.25
9  196  2  15.79
10  196  2  16.25
1  197  2  28.94
2  197  2  10.41
3  197  2  13.57
4  197  2  46.99
5  197  2  8.63
6  197  2  42.09
7  197  2  9.53
8  197  2  12.36
9  197  2  44.24
10  197  2  33.61
1  198  2  35.09
2  198  2  10.64
3  198  2  45.84
4  198  2  10.18
5  198  2  17.64
6  198  2  23.81
7  198  2  43.90
8  198  2  41.81
9  198  2  41.14
10  198  2  19.98
1  199  2  43.53
2  199  2  39.48
3  199  2  24.66
4  199  2  5.57
5  199  2  38.39
6  199  2  44.71
7  199  2  16.97
8  199  2  42.11
9  199  2  67.87
10  199  2  34.91
1  200  2  54.57
2  200  2  15.02
3  200  2  43.96
4  200  2  30.92
5  200  2  31.88
6  200  2  10.26
7  200  2  16.75
8  200  2  6.19
9  200  2  38.15
10  200  2  21.40
;

