param com_measure1 := 0.60607;

param com_measure2 := 0.96516;

param kappa_max := 802.369;

param U_tau := 568.2825;

param nT := 2;

param nS := 100;

param nL := 20;

param B := 1021.60;

param w :=
1  3
2  1
3  3
4  3
5  1
6  1
7  3
8  1
9  2
10  2
11  1
12  2
13  1
14  2
15  3
16  2
17  2
18  3
19  2
20  1
;

param h :=
1  1  0
1  2  0
1  3  0
1  4  0
1  5  0
1  6  0
1  7  0
1  8  0
1  9  0
1  10  0
1  11  0
1  12  0
1  13  0
1  14  0
1  15  0
1  16  0
1  17  0
1  18  0
1  19  0
1  20  0
2  1  111.51
2  2  103.31
2  3  101.79
2  4  102.52
2  5  97.96
2  6  102.35
2  7  111.66
2  8  95.92
2  9  96.25
2  10  102.34
2  11  96.68
2  12  111.50
2  13  94.49
2  14  99.86
2  15  99.72
2  16  102.68
2  17  104.38
2  18  97.47
2  19  102.26
2  20  108.55
;

param xi :=
1  1  1  61
2  1  1  88
3  1  1  44
4  1  1  64
5  1  1  85
6  1  1  71
7  1  1  29
8  1  1  89
9  1  1  82
10  1  1  39
11  1  1  45
12  1  1  31
13  1  1  40
14  1  1  50
15  1  1  30
16  1  1  45
17  1  1  26
18  1  1  88
19  1  1  23
20  1  1  66
1  2  1  21
2  2  1  45
3  2  1  53
4  2  1  88
5  2  1  25
6  2  1  88
7  2  1  88
8  2  1  59
9  2  1  25
10  2  1  50
11  2  1  22
12  2  1  82
13  2  1  70
14  2  1  77
15  2  1  42
16  2  1  32
17  2  1  55
18  2  1  14
19  2  1  89
20  2  1  15
1  3  1  77
2  3  1  50
3  3  1  79
4  3  1  78
5  3  1  81
6  3  1  84
7  3  1  82
8  3  1  35
9  3  1  18
10  3  1  89
11  3  1  42
12  3  1  46
13  3  1  58
14  3  1  59
15  3  1  86
16  3  1  36
17  3  1  77
18  3  1  71
19  3  1  74
20  3  1  55
1  4  1  73
2  4  1  58
3  4  1  41
4  4  1  57
5  4  1  74
6  4  1  39
7  4  1  52
8  4  1  25
9  4  1  74
10  4  1  70
11  4  1  19
12  4  1  84
13  4  1  43
14  4  1  25
15  4  1  26
16  4  1  79
17  4  1  14
18  4  1  34
19  4  1  34
20  4  1  52
1  5  1  11
2  5  1  64
3  5  1  35
4  5  1  44
5  5  1  24
6  5  1  30
7  5  1  71
8  5  1  42
9  5  1  57
10  5  1  48
11  5  1  79
12  5  1  78
13  5  1  59
14  5  1  54
15  5  1  62
16  5  1  48
17  5  1  33
18  5  1  48
19  5  1  65
20  5  1  49
1  6  1  82
2  6  1  27
3  6  1  29
4  6  1  53
5  6  1  54
6  6  1  38
7  6  1  65
8  6  1  63
9  6  1  41
10  6  1  68
11  6  1  63
12  6  1  39
13  6  1  28
14  6  1  80
15  6  1  24
16  6  1  15
17  6  1  36
18  6  1  24
19  6  1  42
20  6  1  49
1  7  1  34
2  7  1  73
3  7  1  18
4  7  1  19
5  7  1  25
6  7  1  86
7  7  1  67
8  7  1  45
9  7  1  85
10  7  1  71
11  7  1  89
12  7  1  81
13  7  1  25
14  7  1  75
15  7  1  41
16  7  1  57
17  7  1  88
18  7  1  49
19  7  1  90
20  7  1  13
1  8  1  56
2  8  1  67
3  8  1  16
4  8  1  35
5  8  1  51
6  8  1  32
7  8  1  33
8  8  1  61
9  8  1  25
10  8  1  59
11  8  1  43
12  8  1  31
13  8  1  22
14  8  1  26
15  8  1  39
16  8  1  51
17  8  1  67
18  8  1  68
19  8  1  57
20  8  1  64
1  9  1  62
2  9  1  44
3  9  1  45
4  9  1  32
5  9  1  63
6  9  1  13
7  9  1  31
8  9  1  75
9  9  1  21
10  9  1  14
11  9  1  81
12  9  1  39
13  9  1  61
14  9  1  51
15  9  1  58
16  9  1  16
17  9  1  82
18  9  1  39
19  9  1  83
20  9  1  37
1  10  1  53
2  10  1  52
3  10  1  48
4  10  1  84
5  10  1  87
6  10  1  12
7  10  1  12
8  10  1  32
9  10  1  75
10  10  1  17
11  10  1  67
12  10  1  20
13  10  1  58
14  10  1  54
15  10  1  37
16  10  1  69
17  10  1  55
18  10  1  51
19  10  1  29
20  10  1  85
1  11  1  74
2  11  1  31
3  11  1  77
4  11  1  63
5  11  1  12
6  11  1  16
7  11  1  73
8  11  1  33
9  11  1  34
10  11  1  66
11  11  1  42
12  11  1  38
13  11  1  80
14  11  1  29
15  11  1  48
16  11  1  58
17  11  1  61
18  11  1  11
19  11  1  10
20  11  1  14
1  12  1  87
2  12  1  56
3  12  1  34
4  12  1  44
5  12  1  25
6  12  1  46
7  12  1  68
8  12  1  39
9  12  1  16
10  12  1  14
11  12  1  78
12  12  1  35
13  12  1  62
14  12  1  50
15  12  1  57
16  12  1  39
17  12  1  49
18  12  1  48
19  12  1  86
20  12  1  71
1  13  1  67
2  13  1  73
3  13  1  10
4  13  1  78
5  13  1  56
6  13  1  80
7  13  1  80
8  13  1  79
9  13  1  75
10  13  1  25
11  13  1  68
12  13  1  17
13  13  1  53
14  13  1  54
15  13  1  58
16  13  1  83
17  13  1  15
18  13  1  74
19  13  1  10
20  13  1  56
1  14  1  75
2  14  1  48
3  14  1  11
4  14  1  50
5  14  1  66
6  14  1  34
7  14  1  89
8  14  1  51
9  14  1  89
10  14  1  69
11  14  1  64
12  14  1  53
13  14  1  83
14  14  1  70
15  14  1  74
16  14  1  23
17  14  1  59
18  14  1  90
19  14  1  54
20  14  1  30
1  15  1  35
2  15  1  78
3  15  1  87
4  15  1  78
5  15  1  40
6  15  1  27
7  15  1  67
8  15  1  53
9  15  1  49
10  15  1  51
11  15  1  81
12  15  1  67
13  15  1  31
14  15  1  68
15  15  1  58
16  15  1  85
17  15  1  29
18  15  1  68
19  15  1  22
20  15  1  50
1  16  1  38
2  16  1  15
3  16  1  30
4  16  1  18
5  16  1  36
6  16  1  39
7  16  1  22
8  16  1  89
9  16  1  55
10  16  1  80
11  16  1  35
12  16  1  74
13  16  1  67
14  16  1  76
15  16  1  55
16  16  1  10
17  16  1  60
18  16  1  63
19  16  1  15
20  16  1  23
1  17  1  79
2  17  1  45
3  17  1  61
4  17  1  64
5  17  1  50
6  17  1  84
7  17  1  79
8  17  1  64
9  17  1  85
10  17  1  23
11  17  1  47
12  17  1  41
13  17  1  23
14  17  1  34
15  17  1  27
16  17  1  84
17  17  1  45
18  17  1  79
19  17  1  16
20  17  1  57
1  18  1  64
2  18  1  39
3  18  1  68
4  18  1  59
5  18  1  89
6  18  1  24
7  18  1  77
8  18  1  21
9  18  1  10
10  18  1  64
11  18  1  44
12  18  1  25
13  18  1  28
14  18  1  55
15  18  1  51
16  18  1  62
17  18  1  85
18  18  1  59
19  18  1  25
20  18  1  72
1  19  1  82
2  19  1  58
3  19  1  33
4  19  1  73
5  19  1  68
6  19  1  22
7  19  1  68
8  19  1  34
9  19  1  87
10  19  1  44
11  19  1  78
12  19  1  73
13  19  1  12
14  19  1  28
15  19  1  55
16  19  1  27
17  19  1  29
18  19  1  47
19  19  1  29
20  19  1  69
1  20  1  35
2  20  1  88
3  20  1  32
4  20  1  36
5  20  1  13
6  20  1  77
7  20  1  51
8  20  1  63
9  20  1  16
10  20  1  43
11  20  1  54
12  20  1  59
13  20  1  85
14  20  1  66
15  20  1  16
16  20  1  30
17  20  1  47
18  20  1  18
19  20  1  65
20  20  1  48
1  21  1  30
2  21  1  21
3  21  1  34
4  21  1  78
5  21  1  58
6  21  1  83
7  21  1  20
8  21  1  31
9  21  1  21
10  21  1  87
11  21  1  42
12  21  1  41
13  21  1  16
14  21  1  21
15  21  1  30
16  21  1  23
17  21  1  14
18  21  1  70
19  21  1  18
20  21  1  79
1  22  1  83
2  22  1  38
3  22  1  84
4  22  1  74
5  22  1  64
6  22  1  30
7  22  1  57
8  22  1  30
9  22  1  54
10  22  1  53
11  22  1  56
12  22  1  31
13  22  1  26
14  22  1  87
15  22  1  49
16  22  1  21
17  22  1  71
18  22  1  49
19  22  1  86
20  22  1  39
1  23  1  36
2  23  1  90
3  23  1  69
4  23  1  81
5  23  1  89
6  23  1  33
7  23  1  19
8  23  1  51
9  23  1  26
10  23  1  23
11  23  1  73
12  23  1  17
13  23  1  30
14  23  1  49
15  23  1  48
16  23  1  49
17  23  1  74
18  23  1  42
19  23  1  77
20  23  1  33
1  24  1  30
2  24  1  81
3  24  1  44
4  24  1  33
5  24  1  57
6  24  1  88
7  24  1  67
8  24  1  53
9  24  1  71
10  24  1  47
11  24  1  37
12  24  1  26
13  24  1  75
14  24  1  55
15  24  1  72
16  24  1  36
17  24  1  42
18  24  1  10
19  24  1  76
20  24  1  59
1  25  1  18
2  25  1  81
3  25  1  73
4  25  1  12
5  25  1  46
6  25  1  84
7  25  1  29
8  25  1  60
9  25  1  28
10  25  1  89
11  25  1  65
12  25  1  54
13  25  1  11
14  25  1  27
15  25  1  71
16  25  1  86
17  25  1  34
18  25  1  50
19  25  1  40
20  25  1  20
1  26  1  77
2  26  1  32
3  26  1  17
4  26  1  76
5  26  1  31
6  26  1  29
7  26  1  88
8  26  1  59
9  26  1  21
10  26  1  17
11  26  1  76
12  26  1  88
13  26  1  16
14  26  1  65
15  26  1  12
16  26  1  68
17  26  1  48
18  26  1  46
19  26  1  65
20  26  1  75
1  27  1  59
2  27  1  19
3  27  1  64
4  27  1  51
5  27  1  56
6  27  1  12
7  27  1  23
8  27  1  20
9  27  1  23
10  27  1  27
11  27  1  49
12  27  1  85
13  27  1  84
14  27  1  87
15  27  1  56
16  27  1  66
17  27  1  42
18  27  1  36
19  27  1  18
20  27  1  17
1  28  1  25
2  28  1  68
3  28  1  34
4  28  1  52
5  28  1  87
6  28  1  87
7  28  1  67
8  28  1  56
9  28  1  39
10  28  1  25
11  28  1  53
12  28  1  28
13  28  1  90
14  28  1  86
15  28  1  58
16  28  1  43
17  28  1  39
18  28  1  63
19  28  1  86
20  28  1  87
1  29  1  26
2  29  1  13
3  29  1  46
4  29  1  49
5  29  1  85
6  29  1  90
7  29  1  69
8  29  1  63
9  29  1  36
10  29  1  57
11  29  1  39
12  29  1  55
13  29  1  84
14  29  1  74
15  29  1  46
16  29  1  11
17  29  1  20
18  29  1  61
19  29  1  60
20  29  1  37
1  30  1  68
2  30  1  61
3  30  1  42
4  30  1  35
5  30  1  66
6  30  1  42
7  30  1  22
8  30  1  29
9  30  1  65
10  30  1  79
11  30  1  28
12  30  1  69
13  30  1  17
14  30  1  88
15  30  1  60
16  30  1  47
17  30  1  90
18  30  1  84
19  30  1  32
20  30  1  27
1  31  1  90
2  31  1  77
3  31  1  79
4  31  1  52
5  31  1  27
6  31  1  27
7  31  1  71
8  31  1  84
9  31  1  87
10  31  1  57
11  31  1  57
12  31  1  29
13  31  1  45
14  31  1  32
15  31  1  12
16  31  1  60
17  31  1  85
18  31  1  43
19  31  1  81
20  31  1  82
1  32  1  81
2  32  1  64
3  32  1  80
4  32  1  51
5  32  1  60
6  32  1  60
7  32  1  48
8  32  1  58
9  32  1  30
10  32  1  39
11  32  1  25
12  32  1  65
13  32  1  34
14  32  1  15
15  32  1  59
16  32  1  48
17  32  1  25
18  32  1  37
19  32  1  27
20  32  1  63
1  33  1  45
2  33  1  68
3  33  1  39
4  33  1  24
5  33  1  49
6  33  1  50
7  33  1  81
8  33  1  75
9  33  1  59
10  33  1  23
11  33  1  21
12  33  1  38
13  33  1  74
14  33  1  24
15  33  1  41
16  33  1  90
17  33  1  83
18  33  1  15
19  33  1  23
20  33  1  29
1  34  1  54
2  34  1  63
3  34  1  10
4  34  1  54
5  34  1  75
6  34  1  46
7  34  1  31
8  34  1  18
9  34  1  35
10  34  1  77
11  34  1  46
12  34  1  80
13  34  1  21
14  34  1  57
15  34  1  27
16  34  1  16
17  34  1  32
18  34  1  31
19  34  1  42
20  34  1  19
1  35  1  78
2  35  1  69
3  35  1  50
4  35  1  28
5  35  1  73
6  35  1  67
7  35  1  12
8  35  1  24
9  35  1  86
10  35  1  88
11  35  1  67
12  35  1  77
13  35  1  17
14  35  1  44
15  35  1  18
16  35  1  49
17  35  1  63
18  35  1  74
19  35  1  78
20  35  1  65
1  36  1  52
2  36  1  80
3  36  1  22
4  36  1  73
5  36  1  81
6  36  1  24
7  36  1  49
8  36  1  24
9  36  1  89
10  36  1  77
11  36  1  22
12  36  1  41
13  36  1  79
14  36  1  35
15  36  1  54
16  36  1  49
17  36  1  48
18  36  1  87
19  36  1  50
20  36  1  65
1  37  1  76
2  37  1  78
3  37  1  56
4  37  1  56
5  37  1  40
6  37  1  88
7  37  1  58
8  37  1  85
9  37  1  19
10  37  1  85
11  37  1  37
12  37  1  87
13  37  1  10
14  37  1  51
15  37  1  30
16  37  1  67
17  37  1  88
18  37  1  10
19  37  1  88
20  37  1  43
1  38  1  66
2  38  1  67
3  38  1  38
4  38  1  79
5  38  1  44
6  38  1  30
7  38  1  70
8  38  1  81
9  38  1  56
10  38  1  16
11  38  1  48
12  38  1  27
13  38  1  84
14  38  1  72
15  38  1  73
16  38  1  43
17  38  1  44
18  38  1  19
19  38  1  27
20  38  1  70
1  39  1  83
2  39  1  27
3  39  1  43
4  39  1  20
5  39  1  83
6  39  1  11
7  39  1  75
8  39  1  80
9  39  1  72
10  39  1  84
11  39  1  74
12  39  1  71
13  39  1  85
14  39  1  53
15  39  1  44
16  39  1  72
17  39  1  10
18  39  1  90
19  39  1  30
20  39  1  61
1  40  1  15
2  40  1  84
3  40  1  54
4  40  1  34
5  40  1  88
6  40  1  58
7  40  1  18
8  40  1  57
9  40  1  41
10  40  1  33
11  40  1  22
12  40  1  61
13  40  1  60
14  40  1  72
15  40  1  83
16  40  1  55
17  40  1  48
18  40  1  12
19  40  1  62
20  40  1  68
1  41  1  14
2  41  1  84
3  41  1  23
4  41  1  74
5  41  1  68
6  41  1  39
7  41  1  85
8  41  1  79
9  41  1  42
10  41  1  73
11  41  1  10
12  41  1  36
13  41  1  40
14  41  1  78
15  41  1  50
16  41  1  12
17  41  1  54
18  41  1  24
19  41  1  79
20  41  1  46
1  42  1  28
2  42  1  13
3  42  1  31
4  42  1  30
5  42  1  79
6  42  1  40
7  42  1  59
8  42  1  40
9  42  1  53
10  42  1  61
11  42  1  84
12  42  1  67
13  42  1  38
14  42  1  39
15  42  1  28
16  42  1  23
17  42  1  72
18  42  1  12
19  42  1  79
20  42  1  39
1  43  1  35
2  43  1  19
3  43  1  88
4  43  1  81
5  43  1  63
6  43  1  53
7  43  1  32
8  43  1  60
9  43  1  77
10  43  1  30
11  43  1  42
12  43  1  41
13  43  1  44
14  43  1  43
15  43  1  19
16  43  1  64
17  43  1  87
18  43  1  20
19  43  1  44
20  43  1  84
1  44  1  21
2  44  1  82
3  44  1  16
4  44  1  53
5  44  1  79
6  44  1  68
7  44  1  57
8  44  1  35
9  44  1  22
10  44  1  33
11  44  1  32
12  44  1  31
13  44  1  66
14  44  1  45
15  44  1  81
16  44  1  63
17  44  1  79
18  44  1  49
19  44  1  90
20  44  1  68
1  45  1  22
2  45  1  20
3  45  1  52
4  45  1  86
5  45  1  50
6  45  1  85
7  45  1  41
8  45  1  33
9  45  1  83
10  45  1  14
11  45  1  65
12  45  1  35
13  45  1  42
14  45  1  41
15  45  1  28
16  45  1  20
17  45  1  28
18  45  1  74
19  45  1  28
20  45  1  23
1  46  1  67
2  46  1  86
3  46  1  74
4  46  1  47
5  46  1  51
6  46  1  89
7  46  1  16
8  46  1  15
9  46  1  32
10  46  1  12
11  46  1  55
12  46  1  79
13  46  1  17
14  46  1  88
15  46  1  88
16  46  1  76
17  46  1  43
18  46  1  24
19  46  1  40
20  46  1  33
1  47  1  58
2  47  1  24
3  47  1  82
4  47  1  16
5  47  1  86
6  47  1  28
7  47  1  30
8  47  1  17
9  47  1  17
10  47  1  50
11  47  1  15
12  47  1  68
13  47  1  19
14  47  1  22
15  47  1  57
16  47  1  77
17  47  1  81
18  47  1  67
19  47  1  54
20  47  1  58
1  48  1  85
2  48  1  35
3  48  1  72
4  48  1  64
5  48  1  90
6  48  1  22
7  48  1  85
8  48  1  68
9  48  1  40
10  48  1  40
11  48  1  16
12  48  1  80
13  48  1  75
14  48  1  55
15  48  1  16
16  48  1  26
17  48  1  39
18  48  1  60
19  48  1  41
20  48  1  67
1  49  1  74
2  49  1  83
3  49  1  77
4  49  1  57
5  49  1  60
6  49  1  37
7  49  1  86
8  49  1  43
9  49  1  54
10  49  1  16
11  49  1  47
12  49  1  23
13  49  1  11
14  49  1  32
15  49  1  38
16  49  1  75
17  49  1  16
18  49  1  75
19  49  1  17
20  49  1  54
1  50  1  72
2  50  1  55
3  50  1  55
4  50  1  63
5  50  1  12
6  50  1  64
7  50  1  80
8  50  1  63
9  50  1  26
10  50  1  14
11  50  1  51
12  50  1  80
13  50  1  65
14  50  1  85
15  50  1  75
16  50  1  78
17  50  1  56
18  50  1  28
19  50  1  44
20  50  1  18
1  51  1  71
2  51  1  15
3  51  1  83
4  51  1  13
5  51  1  77
6  51  1  63
7  51  1  53
8  51  1  62
9  51  1  35
10  51  1  89
11  51  1  67
12  51  1  37
13  51  1  15
14  51  1  45
15  51  1  64
16  51  1  12
17  51  1  10
18  51  1  23
19  51  1  63
20  51  1  52
1  52  1  46
2  52  1  72
3  52  1  71
4  52  1  57
5  52  1  34
6  52  1  76
7  52  1  87
8  52  1  65
9  52  1  40
10  52  1  20
11  52  1  81
12  52  1  68
13  52  1  53
14  52  1  86
15  52  1  90
16  52  1  76
17  52  1  45
18  52  1  29
19  52  1  57
20  52  1  88
1  53  1  35
2  53  1  54
3  53  1  45
4  53  1  41
5  53  1  63
6  53  1  41
7  53  1  15
8  53  1  55
9  53  1  60
10  53  1  76
11  53  1  76
12  53  1  75
13  53  1  48
14  53  1  16
15  53  1  50
16  53  1  36
17  53  1  57
18  53  1  38
19  53  1  16
20  53  1  16
1  54  1  28
2  54  1  59
3  54  1  50
4  54  1  73
5  54  1  21
6  54  1  36
7  54  1  73
8  54  1  14
9  54  1  32
10  54  1  70
11  54  1  40
12  54  1  57
13  54  1  50
14  54  1  16
15  54  1  15
16  54  1  46
17  54  1  26
18  54  1  83
19  54  1  12
20  54  1  33
1  55  1  33
2  55  1  69
3  55  1  81
4  55  1  30
5  55  1  65
6  55  1  68
7  55  1  75
8  55  1  27
9  55  1  14
10  55  1  77
11  55  1  72
12  55  1  32
13  55  1  55
14  55  1  65
15  55  1  49
16  55  1  38
17  55  1  45
18  55  1  12
19  55  1  69
20  55  1  45
1  56  1  88
2  56  1  46
3  56  1  33
4  56  1  57
5  56  1  53
6  56  1  39
7  56  1  25
8  56  1  24
9  56  1  44
10  56  1  13
11  56  1  68
12  56  1  32
13  56  1  30
14  56  1  37
15  56  1  75
16  56  1  65
17  56  1  20
18  56  1  73
19  56  1  72
20  56  1  88
1  57  1  90
2  57  1  79
3  57  1  50
4  57  1  78
5  57  1  71
6  57  1  41
7  57  1  60
8  57  1  24
9  57  1  35
10  57  1  46
11  57  1  15
12  57  1  68
13  57  1  45
14  57  1  45
15  57  1  48
16  57  1  22
17  57  1  78
18  57  1  40
19  57  1  34
20  57  1  17
1  58  1  17
2  58  1  34
3  58  1  28
4  58  1  28
5  58  1  66
6  58  1  57
7  58  1  67
8  58  1  88
9  58  1  86
10  58  1  68
11  58  1  57
12  58  1  12
13  58  1  48
14  58  1  17
15  58  1  47
16  58  1  72
17  58  1  24
18  58  1  70
19  58  1  10
20  58  1  88
1  59  1  86
2  59  1  51
3  59  1  43
4  59  1  75
5  59  1  61
6  59  1  58
7  59  1  65
8  59  1  80
9  59  1  69
10  59  1  21
11  59  1  38
12  59  1  87
13  59  1  36
14  59  1  53
15  59  1  51
16  59  1  32
17  59  1  15
18  59  1  37
19  59  1  62
20  59  1  67
1  60  1  24
2  60  1  78
3  60  1  65
4  60  1  57
5  60  1  64
6  60  1  62
7  60  1  55
8  60  1  17
9  60  1  27
10  60  1  86
11  60  1  10
12  60  1  11
13  60  1  75
14  60  1  86
15  60  1  87
16  60  1  67
17  60  1  23
18  60  1  56
19  60  1  55
20  60  1  65
1  61  1  29
2  61  1  36
3  61  1  51
4  61  1  71
5  61  1  39
6  61  1  77
7  61  1  63
8  61  1  24
9  61  1  11
10  61  1  35
11  61  1  11
12  61  1  15
13  61  1  36
14  61  1  27
15  61  1  82
16  61  1  68
17  61  1  77
18  61  1  35
19  61  1  33
20  61  1  88
1  62  1  56
2  62  1  66
3  62  1  40
4  62  1  73
5  62  1  90
6  62  1  21
7  62  1  18
8  62  1  36
9  62  1  12
10  62  1  22
11  62  1  50
12  62  1  56
13  62  1  61
14  62  1  17
15  62  1  18
16  62  1  53
17  62  1  33
18  62  1  11
19  62  1  59
20  62  1  65
1  63  1  29
2  63  1  83
3  63  1  12
4  63  1  41
5  63  1  18
6  63  1  47
7  63  1  45
8  63  1  67
9  63  1  30
10  63  1  88
11  63  1  29
12  63  1  88
13  63  1  57
14  63  1  83
15  63  1  86
16  63  1  57
17  63  1  62
18  63  1  59
19  63  1  19
20  63  1  24
1  64  1  72
2  64  1  82
3  64  1  44
4  64  1  32
5  64  1  18
6  64  1  48
7  64  1  44
8  64  1  70
9  64  1  58
10  64  1  85
11  64  1  61
12  64  1  41
13  64  1  35
14  64  1  43
15  64  1  60
16  64  1  25
17  64  1  83
18  64  1  47
19  64  1  74
20  64  1  75
1  65  1  83
2  65  1  10
3  65  1  11
4  65  1  66
5  65  1  61
6  65  1  76
7  65  1  25
8  65  1  19
9  65  1  21
10  65  1  35
11  65  1  54
12  65  1  49
13  65  1  36
14  65  1  11
15  65  1  86
16  65  1  82
17  65  1  89
18  65  1  14
19  65  1  63
20  65  1  68
1  66  1  64
2  66  1  49
3  66  1  59
4  66  1  19
5  66  1  47
6  66  1  71
7  66  1  57
8  66  1  14
9  66  1  68
10  66  1  21
11  66  1  45
12  66  1  28
13  66  1  22
14  66  1  42
15  66  1  70
16  66  1  52
17  66  1  41
18  66  1  85
19  66  1  28
20  66  1  20
1  67  1  24
2  67  1  41
3  67  1  64
4  67  1  55
5  67  1  29
6  67  1  53
7  67  1  86
8  67  1  10
9  67  1  59
10  67  1  36
11  67  1  55
12  67  1  47
13  67  1  12
14  67  1  38
15  67  1  82
16  67  1  90
17  67  1  48
18  67  1  69
19  67  1  16
20  67  1  33
1  68  1  21
2  68  1  18
3  68  1  65
4  68  1  72
5  68  1  56
6  68  1  53
7  68  1  56
8  68  1  57
9  68  1  32
10  68  1  28
11  68  1  71
12  68  1  75
13  68  1  75
14  68  1  41
15  68  1  65
16  68  1  43
17  68  1  32
18  68  1  69
19  68  1  74
20  68  1  83
1  69  1  18
2  69  1  42
3  69  1  49
4  69  1  24
5  69  1  81
6  69  1  11
7  69  1  83
8  69  1  78
9  69  1  30
10  69  1  16
11  69  1  55
12  69  1  46
13  69  1  17
14  69  1  83
15  69  1  16
16  69  1  59
17  69  1  43
18  69  1  68
19  69  1  56
20  69  1  88
1  70  1  63
2  70  1  15
3  70  1  54
4  70  1  70
5  70  1  13
6  70  1  10
7  70  1  89
8  70  1  14
9  70  1  88
10  70  1  28
11  70  1  46
12  70  1  85
13  70  1  64
14  70  1  44
15  70  1  48
16  70  1  89
17  70  1  12
18  70  1  50
19  70  1  36
20  70  1  61
1  71  1  44
2  71  1  83
3  71  1  60
4  71  1  69
5  71  1  45
6  71  1  90
7  71  1  34
8  71  1  34
9  71  1  25
10  71  1  55
11  71  1  11
12  71  1  38
13  71  1  11
14  71  1  19
15  71  1  88
16  71  1  61
17  71  1  84
18  71  1  80
19  71  1  58
20  71  1  79
1  72  1  55
2  72  1  36
3  72  1  65
4  72  1  36
5  72  1  47
6  72  1  32
7  72  1  68
8  72  1  85
9  72  1  18
10  72  1  62
11  72  1  29
12  72  1  81
13  72  1  76
14  72  1  25
15  72  1  88
16  72  1  14
17  72  1  72
18  72  1  38
19  72  1  47
20  72  1  84
1  73  1  65
2  73  1  28
3  73  1  59
4  73  1  89
5  73  1  40
6  73  1  38
7  73  1  15
8  73  1  34
9  73  1  53
10  73  1  61
11  73  1  42
12  73  1  43
13  73  1  82
14  73  1  18
15  73  1  34
16  73  1  37
17  73  1  23
18  73  1  17
19  73  1  38
20  73  1  52
1  74  1  37
2  74  1  90
3  74  1  23
4  74  1  52
5  74  1  31
6  74  1  72
7  74  1  53
8  74  1  43
9  74  1  45
10  74  1  30
11  74  1  51
12  74  1  86
13  74  1  53
14  74  1  81
15  74  1  17
16  74  1  30
17  74  1  49
18  74  1  36
19  74  1  83
20  74  1  25
1  75  1  61
2  75  1  52
3  75  1  30
4  75  1  55
5  75  1  30
6  75  1  56
7  75  1  33
8  75  1  25
9  75  1  38
10  75  1  46
11  75  1  85
12  75  1  55
13  75  1  18
14  75  1  51
15  75  1  83
16  75  1  24
17  75  1  69
18  75  1  57
19  75  1  39
20  75  1  68
1  76  1  83
2  76  1  30
3  76  1  15
4  76  1  68
5  76  1  41
6  76  1  70
7  76  1  70
8  76  1  37
9  76  1  51
10  76  1  13
11  76  1  63
12  76  1  65
13  76  1  10
14  76  1  10
15  76  1  56
16  76  1  84
17  76  1  41
18  76  1  53
19  76  1  87
20  76  1  44
1  77  1  87
2  77  1  33
3  77  1  47
4  77  1  57
5  77  1  61
6  77  1  15
7  77  1  86
8  77  1  82
9  77  1  40
10  77  1  11
11  77  1  28
12  77  1  17
13  77  1  48
14  77  1  53
15  77  1  18
16  77  1  45
17  77  1  49
18  77  1  39
19  77  1  64
20  77  1  37
1  78  1  71
2  78  1  78
3  78  1  67
4  78  1  66
5  78  1  78
6  78  1  62
7  78  1  40
8  78  1  86
9  78  1  25
10  78  1  70
11  78  1  71
12  78  1  82
13  78  1  23
14  78  1  56
15  78  1  61
16  78  1  34
17  78  1  75
18  78  1  72
19  78  1  44
20  78  1  22
1  79  1  53
2  79  1  35
3  79  1  88
4  79  1  85
5  79  1  78
6  79  1  68
7  79  1  59
8  79  1  25
9  79  1  54
10  79  1  82
11  79  1  68
12  79  1  89
13  79  1  19
14  79  1  11
15  79  1  19
16  79  1  75
17  79  1  58
18  79  1  59
19  79  1  23
20  79  1  75
1  80  1  62
2  80  1  57
3  80  1  30
4  80  1  54
5  80  1  18
6  80  1  54
7  80  1  65
8  80  1  82
9  80  1  82
10  80  1  76
11  80  1  43
12  80  1  56
13  80  1  90
14  80  1  34
15  80  1  13
16  80  1  87
17  80  1  46
18  80  1  42
19  80  1  90
20  80  1  40
1  81  1  66
2  81  1  13
3  81  1  17
4  81  1  31
5  81  1  28
6  81  1  52
7  81  1  37
8  81  1  30
9  81  1  39
10  81  1  70
11  81  1  60
12  81  1  16
13  81  1  88
14  81  1  63
15  81  1  47
16  81  1  50
17  81  1  42
18  81  1  22
19  81  1  30
20  81  1  51
1  82  1  29
2  82  1  53
3  82  1  54
4  82  1  64
5  82  1  49
6  82  1  31
7  82  1  47
8  82  1  51
9  82  1  72
10  82  1  45
11  82  1  16
12  82  1  47
13  82  1  69
14  82  1  71
15  82  1  62
16  82  1  47
17  82  1  55
18  82  1  61
19  82  1  45
20  82  1  82
1  83  1  25
2  83  1  13
3  83  1  72
4  83  1  25
5  83  1  90
6  83  1  10
7  83  1  87
8  83  1  20
9  83  1  30
10  83  1  87
11  83  1  33
12  83  1  29
13  83  1  20
14  83  1  80
15  83  1  69
16  83  1  32
17  83  1  47
18  83  1  33
19  83  1  20
20  83  1  48
1  84  1  65
2  84  1  80
3  84  1  38
4  84  1  43
5  84  1  10
6  84  1  39
7  84  1  27
8  84  1  69
9  84  1  40
10  84  1  85
11  84  1  19
12  84  1  45
13  84  1  89
14  84  1  88
15  84  1  21
16  84  1  14
17  84  1  57
18  84  1  26
19  84  1  55
20  84  1  68
1  85  1  89
2  85  1  11
3  85  1  34
4  85  1  40
5  85  1  70
6  85  1  85
7  85  1  85
8  85  1  70
9  85  1  11
10  85  1  43
11  85  1  90
12  85  1  74
13  85  1  58
14  85  1  19
15  85  1  69
16  85  1  18
17  85  1  45
18  85  1  80
19  85  1  86
20  85  1  78
1  86  1  72
2  86  1  84
3  86  1  57
4  86  1  70
5  86  1  82
6  86  1  43
7  86  1  90
8  86  1  60
9  86  1  58
10  86  1  32
11  86  1  37
12  86  1  33
13  86  1  17
14  86  1  43
15  86  1  48
16  86  1  41
17  86  1  32
18  86  1  82
19  86  1  38
20  86  1  67
1  87  1  70
2  87  1  55
3  87  1  50
4  87  1  26
5  87  1  77
6  87  1  21
7  87  1  59
8  87  1  30
9  87  1  71
10  87  1  11
11  87  1  69
12  87  1  37
13  87  1  69
14  87  1  47
15  87  1  82
16  87  1  78
17  87  1  85
18  87  1  44
19  87  1  85
20  87  1  39
1  88  1  47
2  88  1  82
3  88  1  29
4  88  1  55
5  88  1  20
6  88  1  32
7  88  1  14
8  88  1  52
9  88  1  85
10  88  1  64
11  88  1  31
12  88  1  84
13  88  1  29
14  88  1  23
15  88  1  59
16  88  1  56
17  88  1  17
18  88  1  21
19  88  1  30
20  88  1  74
1  89  1  32
2  89  1  30
3  89  1  67
4  89  1  88
5  89  1  71
6  89  1  51
7  89  1  40
8  89  1  16
9  89  1  10
10  89  1  49
11  89  1  28
12  89  1  56
13  89  1  12
14  89  1  30
15  89  1  18
16  89  1  86
17  89  1  84
18  89  1  76
19  89  1  58
20  89  1  20
1  90  1  53
2  90  1  75
3  90  1  89
4  90  1  30
5  90  1  77
6  90  1  83
7  90  1  76
8  90  1  64
9  90  1  65
10  90  1  74
11  90  1  20
12  90  1  57
13  90  1  69
14  90  1  57
15  90  1  61
16  90  1  42
17  90  1  59
18  90  1  55
19  90  1  22
20  90  1  87
1  91  1  80
2  91  1  87
3  91  1  76
4  91  1  10
5  91  1  32
6  91  1  33
7  91  1  76
8  91  1  61
9  91  1  34
10  91  1  15
11  91  1  55
12  91  1  77
13  91  1  69
14  91  1  82
15  91  1  38
16  91  1  10
17  91  1  40
18  91  1  60
19  91  1  22
20  91  1  75
1  92  1  30
2  92  1  82
3  92  1  18
4  92  1  50
5  92  1  74
6  92  1  14
7  92  1  32
8  92  1  39
9  92  1  32
10  92  1  65
11  92  1  59
12  92  1  60
13  92  1  11
14  92  1  89
15  92  1  58
16  92  1  62
17  92  1  22
18  92  1  13
19  92  1  36
20  92  1  51
1  93  1  65
2  93  1  90
3  93  1  83
4  93  1  63
5  93  1  12
6  93  1  71
7  93  1  80
8  93  1  41
9  93  1  15
10  93  1  84
11  93  1  21
12  93  1  55
13  93  1  87
14  93  1  40
15  93  1  23
16  93  1  47
17  93  1  15
18  93  1  72
19  93  1  64
20  93  1  35
1  94  1  68
2  94  1  43
3  94  1  86
4  94  1  27
5  94  1  27
6  94  1  11
7  94  1  16
8  94  1  19
9  94  1  13
10  94  1  45
11  94  1  10
12  94  1  42
13  94  1  50
14  94  1  85
15  94  1  58
16  94  1  19
17  94  1  61
18  94  1  76
19  94  1  43
20  94  1  81
1  95  1  41
2  95  1  32
3  95  1  68
4  95  1  23
5  95  1  49
6  95  1  61
7  95  1  55
8  95  1  57
9  95  1  80
10  95  1  89
11  95  1  69
12  95  1  86
13  95  1  32
14  95  1  38
15  95  1  58
16  95  1  89
17  95  1  11
18  95  1  74
19  95  1  80
20  95  1  15
1  96  1  10
2  96  1  68
3  96  1  76
4  96  1  58
5  96  1  20
6  96  1  50
7  96  1  39
8  96  1  75
9  96  1  55
10  96  1  90
11  96  1  46
12  96  1  30
13  96  1  56
14  96  1  78
15  96  1  57
16  96  1  19
17  96  1  76
18  96  1  31
19  96  1  71
20  96  1  80
1  97  1  36
2  97  1  28
3  97  1  73
4  97  1  44
5  97  1  61
6  97  1  43
7  97  1  15
8  97  1  59
9  97  1  86
10  97  1  54
11  97  1  42
12  97  1  64
13  97  1  80
14  97  1  11
15  97  1  69
16  97  1  68
17  97  1  69
18  97  1  30
19  97  1  89
20  97  1  73
1  98  1  72
2  98  1  75
3  98  1  66
4  98  1  34
5  98  1  22
6  98  1  39
7  98  1  35
8  98  1  86
9  98  1  74
10  98  1  60
11  98  1  54
12  98  1  17
13  98  1  41
14  98  1  53
15  98  1  19
16  98  1  89
17  98  1  77
18  98  1  27
19  98  1  12
20  98  1  22
1  99  1  88
2  99  1  66
3  99  1  87
4  99  1  80
5  99  1  71
6  99  1  38
7  99  1  61
8  99  1  81
9  99  1  31
10  99  1  64
11  99  1  68
12  99  1  30
13  99  1  48
14  99  1  82
15  99  1  49
16  99  1  26
17  99  1  31
18  99  1  49
19  99  1  24
20  99  1  47
1  100  1  43
2  100  1  51
3  100  1  60
4  100  1  23
5  100  1  21
6  100  1  85
7  100  1  61
8  100  1  85
9  100  1  80
10  100  1  70
11  100  1  57
12  100  1  87
13  100  1  89
14  100  1  22
15  100  1  71
16  100  1  34
17  100  1  78
18  100  1  61
19  100  1  76
20  100  1  33
1  1  2  31.00
2  1  2  43.95
3  1  2  34.14
4  1  2  17.02
5  1  2  47.00
6  1  2  28.89
7  1  2  15.91
8  1  2  31.40
9  1  2  20.28
10  1  2  27.51
11  1  2  23.14
12  1  2  8.82
13  1  2  12.43
14  1  2  10.27
15  1  2  23.27
16  1  2  21.55
17  1  2  18.94
18  1  2  32.98
19  1  2  12.02
20  1  2  35.07
1  2  2  14.44
2  2  2  29.42
3  2  2  20.35
4  2  2  57.73
5  2  2  17.78
6  2  2  54.21
7  2  2  54.42
8  2  2  35.47
9  2  2  19.28
10  2  2  15.13
11  2  2  6.29
12  2  2  56.23
13  2  2  47.14
14  2  2  44.09
15  2  2  18.76
16  2  2  24.91
17  2  2  37.60
18  2  2  7.62
19  2  2  44.78
20  2  2  7.21
1  3  2  29.43
2  3  2  20.03
3  3  2  46.59
4  3  2  20.93
5  3  2  58.24
6  3  2  46.88
7  3  2  37.07
8  3  2  16.96
9  3  2  13.83
10  3  2  50.35
11  3  2  16.79
12  3  2  20.24
13  3  2  18.28
14  3  2  32.23
15  3  2  49.90
16  3  2  11.68
17  3  2  53.87
18  3  2  25.96
19  3  2  25.89
20  3  2  21.55
1  4  2  44.61
2  4  2  46.20
3  4  2  28.18
4  4  2  44.60
5  4  2  58.22
6  4  2  20.06
7  4  2  28.29
8  4  2  6.64
9  4  2  43.47
10  4  2  23.93
11  4  2  12.90
12  4  2  42.67
13  4  2  15.44
14  4  2  17.97
15  4  2  10.22
16  4  2  35.36
17  4  2  9.32
18  4  2  22.59
19  4  2  15.12
20  4  2  31.42
1  5  2  6.80
2  5  2  40.83
3  5  2  23.74
4  5  2  23.56
5  5  2  6.34
6  5  2  10.84
7  5  2  23.77
8  5  2  19.13
9  5  2  37.08
10  5  2  36.90
11  5  2  62.66
12  5  2  18.70
13  5  2  33.70
14  5  2  39.49
15  5  2  49.50
16  5  2  13.07
17  5  2  23.16
18  5  2  28.86
19  5  2  51.67
20  5  2  32.74
1  6  2  43.69
2  6  2  17.02
3  6  2  12.90
4  6  2  37.87
5  6  2  13.10
6  6  2  13.65
7  6  2  15.79
8  6  2  21.01
9  6  2  21.39
10  6  2  41.22
11  6  2  47.66
12  6  2  19.91
13  6  2  19.01
14  6  2  53.89
15  6  2  10.58
16  6  2  9.87
17  6  2  10.26
18  6  2  9.35
19  6  2  28.56
20  6  2  15.10
1  7  2  21.65
2  7  2  48.99
3  7  2  8.58
4  7  2  4.22
5  7  2  13.16
6  7  2  48.76
7  7  2  29.77
8  7  2  24.89
9  7  2  57.98
10  7  2  26.98
11  7  2  57.20
12  7  2  38.29
13  7  2  6.82
14  7  2  42.40
15  7  2  14.01
16  7  2  37.88
17  7  2  32.04
18  7  2  30.74
19  7  2  69.37
20  7  2  2.62
1  8  2  31.60
2  8  2  31.30
3  8  2  12.06
4  8  2  10.63
5  8  2  19.86
6  8  2  16.13
7  8  2  15.77
8  8  2  44.68
9  8  2  10.97
10  8  2  41.84
11  8  2  11.11
12  8  2  10.16
13  8  2  11.39
14  8  2  17.49
15  8  2  21.58
16  8  2  36.80
17  8  2  19.65
18  8  2  42.97
19  8  2  22.61
20  8  2  21.45
1  9  2  32.20
2  9  2  33.44
3  9  2  23.07
4  9  2  17.12
5  9  2  42.82
6  9  2  10.04
7  9  2  22.21
8  9  2  15.55
9  9  2  8.61
10  9  2  3.91
11  9  2  19.15
12  9  2  12.46
13  9  2  19.22
14  9  2  18.20
15  9  2  20.57
16  9  2  5.07
17  9  2  18.21
18  9  2  9.60
19  9  2  48.43
20  9  2  20.41
1  10  2  23.38
2  10  2  29.05
3  10  2  23.17
4  10  2  62.90
5  10  2  21.14
6  10  2  2.98
7  10  2  4.05
8  10  2  14.01
9  10  2  47.65
10  10  2  8.84
11  10  2  20.08
12  10  2  13.76
13  10  2  40.98
14  10  2  42.68
15  10  2  18.42
16  10  2  35.16
17  10  2  35.38
18  10  2  17.85
19  10  2  14.79
20  10  2  47.03
1  11  2  55.73
2  11  2  13.95
3  11  2  24.34
4  11  2  18.13
5  11  2  3.86
6  11  2  5.80
7  11  2  34.52
8  11  2  6.60
9  11  2  12.58
10  11  2  16.33
11  11  2  30.86
12  11  2  12.37
13  11  2  45.44
14  11  2  19.53
15  11  2  27.75
16  11  2  17.71
17  11  2  29.81
18  11  2  6.95
19  11  2  4.30
20  11  2  8.05
1  12  2  40.89
2  12  2  35.03
3  12  2  16.22
4  12  2  27.23
5  12  2  15.55
6  12  2  12.79
7  12  2  21.14
8  12  2  25.82
9  12  2  12.73
10  12  2  6.47
11  12  2  58.97
12  12  2  12.39
13  12  2  45.03
14  12  2  14.17
15  12  2  44.76
16  12  2  18.08
17  12  2  30.28
18  12  2  20.07
19  12  2  45.01
20  12  2  27.53
1  13  2  34.87
2  13  2  34.23
3  13  2  3.53
4  13  2  49.77
5  13  2  41.75
6  13  2  52.13
7  13  2  39.31
8  13  2  48.14
9  13  2  34.58
10  13  2  16.23
11  13  2  16.94
12  13  2  8.31
13  13  2  41.82
14  13  2  33.97
15  13  2  42.70
16  13  2  55.41
17  13  2  10.78
18  13  2  32.36
19  13  2  5.43
20  13  2  24.10
1  14  2  48.08
2  14  2  15.23
3  14  2  4.39
4  14  2  26.97
5  14  2  51.53
6  14  2  6.90
7  14  2  60.67
8  14  2  40.57
9  14  2  40.69
10  14  2  18.67
11  14  2  14.19
12  14  2  21.48
13  14  2  57.97
14  14  2  36.47
15  14  2  17.47
16  14  2  7.30
17  14  2  11.93
18  14  2  34.98
19  14  2  11.33
20  14  2  13.91
1  15  2  9.85
2  15  2  38.74
3  15  2  25.31
4  15  2  47.18
5  15  2  25.94
6  15  2  10.28
7  15  2  48.25
8  15  2  25.17
9  15  2  38.79
10  15  2  15.08
11  15  2  21.91
12  15  2  24.32
13  15  2  12.87
14  15  2  29.00
15  15  2  22.28
16  15  2  22.85
17  15  2  6.14
18  15  2  42.47
19  15  2  12.28
20  15  2  19.63
1  16  2  17.63
2  16  2  3.63
3  16  2  19.35
4  16  2  9.28
5  16  2  10.53
6  16  2  16.28
7  16  2  17.19
8  16  2  57.39
9  16  2  33.93
10  16  2  21.94
11  16  2  16.57
12  16  2  50.39
13  16  2  20.65
14  16  2  39.19
15  16  2  17.40
16  16  2  3.43
17  16  2  17.14
18  16  2  39.47
19  16  2  4.94
20  16  2  8.52
1  17  2  23.82
2  17  2  35.98
3  17  2  24.64
4  17  2  47.76
5  17  2  14.71
6  17  2  55.94
7  17  2  61.72
8  17  2  38.36
9  17  2  19.76
10  17  2  11.54
11  17  2  12.95
12  17  2  15.21
13  17  2  4.66
14  17  2  22.27
15  17  2  14.56
16  17  2  52.29
17  17  2  30.06
18  17  2  30.94
19  17  2  5.23
20  17  2  12.13
1  18  2  45.25
2  18  2  7.97
3  18  2  47.45
4  18  2  16.71
5  18  2  66.27
6  18  2  14.40
7  18  2  47.38
8  18  2  4.84
9  18  2  6.26
10  18  2  33.79
11  18  2  30.73
12  18  2  9.28
13  18  2  16.09
14  18  2  35.07
15  18  2  12.19
16  18  2  25.28
17  18  2  62.64
18  18  2  39.47
19  18  2  16.15
20  18  2  23.51
1  19  2  25.99
2  19  2  26.50
3  19  2  13.15
4  19  2  57.14
5  19  2  40.95
6  19  2  8.66
7  19  2  31.85
8  19  2  24.94
9  19  2  57.01
10  19  2  10.27
11  19  2  56.71
12  19  2  19.89
13  19  2  6.44
14  19  2  8.07
15  19  2  39.40
16  19  2  13.66
17  19  2  21.38
18  19  2  25.29
19  19  2  21.44
20  19  2  41.18
1  20  2  20.07
2  20  2  58.65
3  20  2  15.00
4  20  2  10.11
5  20  2  9.66
6  20  2  32.92
7  20  2  28.85
8  20  2  20.45
9  20  2  3.74
10  20  2  26.14
11  20  2  42.57
12  20  2  13.08
13  20  2  66.01
14  20  2  36.35
15  20  2  3.99
16  20  2  9.23
17  20  2  12.45
18  20  2  8.46
19  20  2  16.71
20  20  2  22.21
1  21  2  20.02
2  21  2  7.06
3  21  2  15.92
4  21  2  45.44
5  21  2  22.19
6  21  2  23.60
7  21  2  15.70
8  21  2  14.02
9  21  2  5.09
10  21  2  51.50
11  21  2  18.06
12  21  2  31.33
13  21  2  8.57
14  21  2  6.29
15  21  2  21.92
16  21  2  16.97
17  21  2  10.48
18  21  2  18.09
19  21  2  4.37
20  21  2  60.98
1  22  2  62.01
2  22  2  12.85
3  22  2  34.20
4  22  2  19.78
5  22  2  38.84
6  22  2  11.26
7  22  2  13.63
8  22  2  19.13
9  22  2  17.10
10  22  2  31.79
11  22  2  30.36
12  22  2  13.83
13  22  2  8.10
14  22  2  42.02
15  22  2  15.91
16  22  2  14.34
17  22  2  30.56
18  22  2  22.32
19  22  2  63.12
20  22  2  19.49
1  23  2  12.84
2  23  2  51.76
3  23  2  14.21
4  23  2  53.63
5  23  2  63.60
6  23  2  9.59
7  23  2  15.05
8  23  2  34.36
9  23  2  9.34
10  23  2  17.79
11  23  2  28.67
12  23  2  12.63
13  23  2  7.53
14  23  2  10.92
15  23  2  27.15
16  23  2  15.06
17  23  2  29.49
18  23  2  18.36
19  23  2  28.93
20  23  2  21.09
1  24  2  14.99
2  24  2  19.64
3  24  2  15.30
4  24  2  9.67
5  24  2  37.38
6  24  2  25.86
7  24  2  50.62
8  24  2  19.96
9  24  2  22.73
10  24  2  9.98
11  24  2  9.15
12  24  2  20.16
13  24  2  53.58
14  24  2  35.49
15  24  2  32.75
16  24  2  15.85
17  24  2  25.29
18  24  2  5.43
19  24  2  26.17
20  24  2  24.32
1  25  2  8.28
2  25  2  39.25
3  25  2  33.46
4  25  2  6.75
5  25  2  26.14
6  25  2  54.55
7  25  2  22.86
8  25  2  47.31
9  25  2  20.29
10  25  2  33.66
11  25  2  36.16
12  25  2  33.49
13  25  2  3.17
14  25  2  13.95
15  25  2  24.77
16  25  2  64.19
17  25  2  6.84
18  25  2  12.72
19  25  2  8.56
20  25  2  11.08
1  26  2  45.23
2  26  2  19.23
3  26  2  11.66
4  26  2  40.43
5  26  2  17.04
6  26  2  15.98
7  26  2  44.37
8  26  2  29.38
9  26  2  8.80
10  26  2  8.99
11  26  2  38.79
12  26  2  40.93
13  26  2  4.86
14  26  2  44.69
15  26  2  8.85
16  26  2  24.51
17  26  2  28.72
18  26  2  15.49
19  26  2  47.40
20  26  2  20.72
1  27  2  22.30
2  27  2  14.75
3  27  2  48.91
4  27  2  39.15
5  27  2  15.45
6  27  2  3.97
7  27  2  14.77
8  27  2  9.56
9  27  2  15.01
10  27  2  19.56
11  27  2  29.46
12  27  2  40.26
13  27  2  34.30
14  27  2  23.95
15  27  2  37.37
16  27  2  30.80
17  27  2  33.06
18  27  2  17.11
19  27  2  11.46
20  27  2  6.78
1  28  2  10.62
2  28  2  28.07
3  28  2  24.07
4  28  2  38.14
5  28  2  47.30
6  28  2  59.25
7  28  2  38.42
8  28  2  33.87
9  28  2  15.95
10  28  2  7.07
11  28  2  38.72
12  28  2  16.34
13  28  2  32.56
14  28  2  22.97
15  28  2  22.74
16  28  2  9.54
17  28  2  19.15
18  28  2  24.00
19  28  2  48.29
20  28  2  45.16
1  29  2  12.69
2  29  2  5.89
3  29  2  10.95
4  29  2  30.82
5  29  2  63.67
6  29  2  53.95
7  29  2  38.72
8  29  2  15.51
9  29  2  11.98
10  29  2  35.63
11  29  2  25.09
12  29  2  29.91
13  29  2  38.86
14  29  2  25.28
15  29  2  35.55
16  29  2  2.36
17  29  2  8.79
18  29  2  33.73
19  29  2  16.30
20  29  2  11.16
1  30  2  24.68
2  30  2  16.45
3  30  2  13.52
4  30  2  12.93
5  30  2  39.84
6  30  2  22.81
7  30  2  7.94
8  30  2  23.04
9  30  2  30.41
10  30  2  53.18
11  30  2  13.54
12  30  2  21.57
13  30  2  3.78
14  30  2  24.59
15  30  2  29.29
16  30  2  34.34
17  30  2  48.67
18  30  2  36.11
19  30  2  21.10
20  30  2  12.43
1  31  2  27.82
2  31  2  25.95
3  31  2  36.95
4  31  2  20.67
5  31  2  16.97
6  31  2  16.87
7  31  2  19.41
8  31  2  66.02
9  31  2  25.70
10  31  2  12.33
11  31  2  30.29
12  31  2  18.69
13  31  2  22.93
14  31  2  12.37
15  31  2  8.10
16  31  2  37.15
17  31  2  60.09
18  31  2  15.39
19  31  2  33.96
20  31  2  24.29
1  32  2  17.39
2  32  2  40.81
3  32  2  47.41
4  32  2  12.63
5  32  2  37.85
6  32  2  21.24
7  32  2  26.12
8  32  2  36.18
9  32  2  7.18
10  32  2  30.46
11  32  2  5.45
12  32  2  28.06
13  32  2  9.20
14  32  2  5.61
15  32  2  13.69
16  32  2  15.53
17  32  2  9.11
18  32  2  8.73
19  32  2  7.21
20  32  2  20.84
1  33  2  30.23
2  33  2  29.83
3  33  2  25.97
4  33  2  14.39
5  33  2  35.40
6  33  2  11.49
7  33  2  62.20
8  33  2  32.81
9  33  2  30.70
10  33  2  12.39
11  33  2  10.79
12  33  2  7.82
13  33  2  15.22
14  33  2  12.00
15  33  2  32.59
16  33  2  53.10
17  33  2  41.71
18  33  2  8.23
19  33  2  14.78
20  33  2  16.21
1  34  2  42.76
2  34  2  27.52
3  34  2  2.46
4  34  2  25.84
5  34  2  35.68
6  34  2  23.74
7  34  2  23.61
8  34  2  8.04
9  34  2  20.79
10  34  2  31.17
11  34  2  12.28
12  34  2  61.60
13  34  2  8.39
14  34  2  38.55
15  34  2  15.45
16  34  2  4.62
17  34  2  16.96
18  34  2  17.91
19  34  2  14.46
20  34  2  3.84
1  35  2  56.05
2  35  2  47.96
3  35  2  37.55
4  35  2  16.42
5  35  2  49.91
6  35  2  38.13
7  35  2  8.07
8  35  2  11.01
9  35  2  27.45
10  35  2  66.47
11  35  2  25.89
12  35  2  34.42
13  35  2  11.41
14  35  2  9.05
15  35  2  13.88
16  35  2  36.98
17  35  2  49.27
18  35  2  39.16
19  35  2  42.15
20  35  2  13.69
1  36  2  38.29
2  36  2  45.60
3  36  2  12.01
4  36  2  32.09
5  36  2  62.30
6  36  2  12.36
7  36  2  12.15
8  36  2  9.70
9  36  2  35.56
10  36  2  35.95
11  36  2  8.42
12  36  2  12.18
13  36  2  62.87
14  36  2  25.10
15  36  2  40.45
16  36  2  24.57
17  36  2  28.19
18  36  2  64.66
19  36  2  24.61
20  36  2  14.30
1  37  2  24.65
2  37  2  59.79
3  37  2  12.80
4  37  2  28.63
5  37  2  10.82
6  37  2  60.77
7  37  2  26.48
8  37  2  34.52
9  37  2  10.98
10  37  2  43.43
11  37  2  28.76
12  37  2  65.25
13  37  2  7.12
14  37  2  37.46
15  37  2  15.41
16  37  2  21.83
17  37  2  20.24
18  37  2  7.61
19  37  2  39.80
20  37  2  33.29
1  38  2  31.15
2  38  2  41.56
3  38  2  23.61
4  38  2  25.92
5  38  2  20.41
6  38  2  20.51
7  38  2  52.40
8  38  2  19.37
9  38  2  32.77
10  38  2  4.14
11  38  2  26.43
12  38  2  11.66
13  38  2  20.49
14  38  2  32.96
15  38  2  15.62
16  38  2  16.97
17  38  2  23.61
18  38  2  10.42
19  38  2  10.56
20  38  2  16.49
1  39  2  18.46
2  39  2  8.24
3  39  2  17.16
4  39  2  15.64
5  39  2  32.99
6  39  2  5.98
7  39  2  29.73
8  39  2  47.46
9  39  2  35.13
10  39  2  28.29
11  39  2  28.76
12  39  2  26.90
13  39  2  29.04
14  39  2  21.17
15  39  2  8.92
16  39  2  39.35
17  39  2  5.44
18  39  2  34.04
19  39  2  10.73
20  39  2  47.35
1  40  2  7.60
2  40  2  58.24
3  40  2  21.86
4  40  2  25.76
5  40  2  62.50
6  40  2  39.75
7  40  2  6.52
8  40  2  33.79
9  40  2  32.71
10  40  2  14.61
11  40  2  9.77
12  40  2  44.64
13  40  2  31.54
14  40  2  49.49
15  40  2  62.99
16  40  2  34.33
17  40  2  24.25
18  40  2  2.76
19  40  2  25.85
20  40  2  17.92
1  41  2  8.32
2  41  2  54.06
3  41  2  5.49
4  41  2  24.61
5  41  2  18.14
6  41  2  9.10
7  41  2  62.75
8  41  2  33.29
9  41  2  24.74
10  41  2  28.03
11  41  2  5.21
12  41  2  19.05
13  41  2  22.45
14  41  2  59.18
15  41  2  24.26
16  41  2  6.03
17  41  2  36.34
18  41  2  9.41
19  41  2  18.74
20  41  2  17.28
1  42  2  10.60
2  42  2  6.74
3  42  2  10.90
4  42  2  20.93
5  42  2  57.27
6  42  2  8.82
7  42  2  23.13
8  42  2  27.70
9  42  2  19.83
10  42  2  47.05
11  42  2  65.41
12  42  2  38.20
13  42  2  25.03
14  42  2  28.07
15  42  2  13.14
16  42  2  14.73
17  42  2  24.62
18  42  2  9.22
19  42  2  18.29
20  42  2  28.52
1  43  2  17.74
2  43  2  5.55
3  43  2  30.75
4  43  2  39.85
5  43  2  23.29
6  43  2  25.01
7  43  2  16.46
8  43  2  29.62
9  43  2  44.30
10  43  2  7.03
11  43  2  20.06
12  43  2  19.88
13  43  2  29.39
14  43  2  24.35
15  43  2  10.60
16  43  2  46.75
17  43  2  50.28
18  43  2  7.49
19  43  2  26.84
20  43  2  40.59
1  44  2  12.27
2  44  2  17.66
3  44  2  8.01
4  44  2  14.68
5  44  2  25.43
6  44  2  17.12
7  44  2  40.07
8  44  2  24.95
9  44  2  8.30
10  44  2  12.92
11  44  2  21.03
12  44  2  19.59
13  44  2  25.64
14  44  2  28.58
15  44  2  32.36
16  44  2  26.15
17  44  2  27.19
18  44  2  17.30
19  44  2  18.70
20  44  2  22.12
1  45  2  5.47
2  45  2  9.31
3  45  2  26.61
4  45  2  43.25
5  45  2  27.60
6  45  2  38.11
7  45  2  10.54
8  45  2  9.24
9  45  2  39.81
10  45  2  3.76
11  45  2  39.04
12  45  2  9.90
13  45  2  10.14
14  45  2  32.02
15  45  2  14.26
16  45  2  6.39
17  45  2  15.10
18  45  2  48.66
19  45  2  18.75
20  45  2  13.20
1  46  2  19.02
2  46  2  52.44
3  46  2  55.81
4  46  2  30.46
5  46  2  13.00
6  46  2  40.45
7  46  2  9.25
8  46  2  3.81
9  46  2  12.22
10  46  2  2.44
11  46  2  11.57
12  46  2  52.69
13  46  2  10.12
14  46  2  63.85
15  46  2  24.22
16  46  2  51.43
17  46  2  12.96
18  46  2  18.33
19  46  2  28.05
20  46  2  20.71
1  47  2  44.17
2  47  2  7.98
3  47  2  36.69
4  47  2  8.68
5  47  2  67.64
6  47  2  17.03
7  47  2  21.71
8  47  2  13.33
9  47  2  5.88
10  47  2  15.50
11  47  2  5.38
12  47  2  21.23
13  47  2  14.36
14  47  2  7.43
15  47  2  43.15
16  47  2  16.12
17  47  2  20.44
18  47  2  19.17
19  47  2  18.85
20  47  2  38.89
1  48  2  23.80
2  48  2  18.18
3  48  2  20.66
4  48  2  18.23
5  48  2  19.81
6  48  2  5.57
7  48  2  48.24
8  48  2  15.74
9  48  2  14.53
10  48  2  23.42
11  48  2  6.69
12  48  2  52.07
13  48  2  36.02
14  48  2  41.69
15  48  2  7.84
16  48  2  14.36
17  48  2  23.00
18  48  2  39.11
19  48  2  11.10
20  48  2  37.70
1  49  2  39.42
2  49  2  37.17
3  49  2  45.69
4  49  2  45.29
5  49  2  39.87
6  49  2  20.14
7  49  2  49.59
8  49  2  29.66
9  49  2  27.07
10  49  2  11.63
11  49  2  12.92
12  49  2  9.86
13  49  2  5.61
14  49  2  23.34
15  49  2  16.70
16  49  2  28.42
17  49  2  3.40
18  49  2  36.28
19  49  2  6.04
20  49  2  21.96
1  50  2  49.55
2  50  2  12.60
3  50  2  41.81
4  50  2  42.15
5  50  2  9.36
6  50  2  32.87
7  50  2  18.03
8  50  2  42.67
9  50  2  6.60
10  50  2  8.85
11  50  2  38.01
12  50  2  38.13
13  50  2  48.27
14  50  2  23.10
15  50  2  36.16
16  50  2  47.60
17  50  2  40.47
18  50  2  12.90
19  50  2  15.31
20  50  2  6.26
1  51  2  32.45
2  51  2  4.54
3  51  2  21.99
4  51  2  5.90
5  51  2  49.34
6  51  2  30.91
7  51  2  24.19
8  51  2  36.83
9  51  2  21.43
10  51  2  62.35
11  51  2  27.72
12  51  2  11.64
13  51  2  3.32
14  51  2  21.61
15  51  2  21.25
16  51  2  7.41
17  51  2  3.71
18  51  2  13.22
19  51  2  17.74
20  51  2  31.32
1  52  2  20.28
2  52  2  33.99
3  52  2  29.07
4  52  2  28.65
5  52  2  26.10
6  52  2  55.18
7  52  2  24.56
8  52  2  28.33
9  52  2  22.94
10  52  2  8.24
11  52  2  50.77
12  52  2  45.27
13  52  2  35.86
14  52  2  29.32
15  52  2  47.92
16  52  2  48.56
17  52  2  35.44
18  52  2  8.29
19  52  2  14.30
20  52  2  43.74
1  53  2  7.04
2  53  2  15.80
3  53  2  18.53
4  53  2  22.16
5  53  2  31.13
6  53  2  19.03
7  53  2  4.21
8  53  2  40.87
9  53  2  13.31
10  53  2  59.60
11  53  2  26.24
12  53  2  25.39
13  53  2  28.28
14  53  2  9.49
15  53  2  14.39
16  53  2  11.46
17  53  2  17.39
18  53  2  14.14
19  53  2  8.83
20  53  2  8.50
1  54  2  6.77
2  54  2  11.96
3  54  2  35.91
4  54  2  41.26
5  54  2  13.28
6  54  2  26.44
7  54  2  41.41
8  54  2  11.15
9  54  2  18.58
10  54  2  50.00
11  54  2  15.73
12  54  2  36.93
13  54  2  25.24
14  54  2  8.92
15  54  2  5.41
16  54  2  21.28
17  54  2  20.68
18  54  2  58.63
19  54  2  4.36
20  54  2  25.48
1  55  2  24.33
2  55  2  48.43
3  55  2  63.98
4  55  2  6.52
5  55  2  51.63
6  55  2  34.53
7  55  2  23.38
8  55  2  6.65
9  55  2  8.45
10  55  2  53.50
11  55  2  47.52
12  55  2  12.29
13  55  2  39.83
14  55  2  45.87
15  55  2  33.42
16  55  2  9.46
17  55  2  15.79
18  55  2  8.31
19  55  2  42.39
20  55  2  29.87
1  56  2  63.49
2  56  2  20.47
3  56  2  25.65
4  56  2  26.37
5  56  2  36.36
6  56  2  18.31
7  56  2  13.13
8  56  2  17.51
9  56  2  27.42
10  56  2  10.08
11  56  2  16.17
12  56  2  9.58
13  56  2  7.12
14  56  2  7.44
15  56  2  49.50
16  56  2  37.70
17  56  2  4.42
18  56  2  34.83
19  56  2  28.22
20  56  2  55.02
1  57  2  26.05
2  57  2  32.57
3  57  2  39.60
4  57  2  54.03
5  57  2  47.07
6  57  2  18.63
7  57  2  22.09
8  57  2  6.75
9  57  2  22.09
10  57  2  22.65
11  57  2  9.13
12  57  2  28.67
13  57  2  30.07
14  57  2  32.85
15  57  2  18.95
16  57  2  9.93
17  57  2  25.48
18  57  2  16.94
19  57  2  26.61
20  57  2  7.78
1  58  2  13.35
2  58  2  25.78
3  58  2  8.32
4  58  2  9.53
5  58  2  32.84
6  58  2  29.16
7  58  2  44.42
8  58  2  61.26
9  58  2  58.64
10  58  2  15.40
11  58  2  23.19
12  58  2  4.27
13  58  2  29.33
14  58  2  5.86
15  58  2  12.73
16  58  2  40.45
17  58  2  13.19
18  58  2  48.60
19  58  2  6.86
20  58  2  28.62
1  59  2  48.13
2  59  2  18.58
3  59  2  30.89
4  59  2  58.69
5  59  2  20.81
6  59  2  19.13
7  59  2  17.79
8  59  2  39.80
9  59  2  22.83
10  59  2  9.09
11  59  2  25.52
12  59  2  46.08
13  59  2  8.54
14  59  2  25.98
15  59  2  11.03
16  59  2  11.39
17  59  2  3.24
18  59  2  7.82
19  59  2  20.95
20  59  2  50.27
1  60  2  6.90
2  60  2  57.85
3  60  2  37.25
4  60  2  45.03
5  60  2  41.19
6  60  2  46.00
7  60  2  29.20
8  60  2  10.54
9  60  2  19.74
10  60  2  36.76
11  60  2  5.71
12  60  2  2.90
13  60  2  58.05
14  60  2  34.38
15  60  2  66.64
16  60  2  47.74
17  60  2  10.76
18  60  2  32.08
19  60  2  31.00
20  60  2  43.13
1  61  2  14.15
2  61  2  17.05
3  61  2  30.68
4  61  2  24.65
5  61  2  18.86
6  61  2  49.34
7  61  2  16.48
8  61  2  6.09
9  61  2  6.93
10  61  2  8.30
11  61  2  6.37
12  61  2  10.87
13  61  2  7.72
14  61  2  15.34
15  61  2  21.75
16  61  2  25.98
17  61  2  36.43
18  61  2  20.33
19  61  2  15.32
20  61  2  29.49
1  62  2  25.05
2  62  2  45.78
3  62  2  21.29
4  62  2  24.59
5  62  2  22.43
6  62  2  14.65
7  62  2  13.06
8  62  2  10.37
9  62  2  9.49
10  62  2  8.06
11  62  2  11.22
12  62  2  14.75
13  62  2  30.15
14  62  2  3.52
15  62  2  12.86
16  62  2  20.92
17  62  2  7.04
18  62  2  4.01
19  62  2  24.63
20  62  2  48.77
1  63  2  19.69
2  63  2  30.10
3  63  2  3.31
4  63  2  20.92
5  63  2  12.56
6  63  2  11.46
7  63  2  24.94
8  63  2  33.87
9  63  2  7.26
10  63  2  67.63
11  63  2  19.41
12  63  2  41.57
13  63  2  43.74
14  63  2  21.17
15  63  2  34.35
16  63  2  23.75
17  63  2  45.13
18  63  2  15.99
19  63  2  7.72
20  63  2  6.06
1  64  2  50.36
2  64  2  36.76
3  64  2  33.56
4  64  2  11.15
5  64  2  12.72
6  64  2  28.51
7  64  2  20.84
8  64  2  18.58
9  64  2  14.96
10  64  2  21.97
11  64  2  37.91
12  64  2  11.39
13  64  2  27.84
14  64  2  19.70
15  64  2  15.20
16  64  2  17.45
17  64  2  40.81
18  64  2  20.80
19  64  2  43.26
20  64  2  42.24
1  65  2  45.02
2  65  2  4.57
3  65  2  6.42
4  65  2  47.64
5  65  2  37.05
6  65  2  56.48
7  65  2  16.27
8  65  2  7.72
9  65  2  4.30
10  65  2  17.09
11  65  2  35.43
12  65  2  23.06
13  65  2  9.02
14  65  2  5.23
15  65  2  38.87
16  65  2  17.61
17  65  2  36.77
18  65  2  6.79
19  65  2  41.48
20  65  2  32.62
1  66  2  22.83
2  66  2  35.82
3  66  2  20.81
4  66  2  14.07
5  66  2  25.70
6  66  2  36.69
7  66  2  42.70
8  66  2  10.14
9  66  2  49.59
10  66  2  12.01
11  66  2  9.66
12  66  2  18.34
13  66  2  4.98
14  66  2  16.47
15  66  2  24.71
16  66  2  15.69
17  66  2  26.65
18  66  2  66.94
19  66  2  15.68
20  66  2  12.52
1  67  2  17.69
2  67  2  30.89
3  67  2  26.72
4  67  2  15.02
5  67  2  19.36
6  67  2  34.01
7  67  2  22.47
8  67  2  4.91
9  67  2  14.23
10  67  2  18.20
11  67  2  27.13
12  67  2  11.93
13  67  2  3.21
14  67  2  12.47
15  67  2  47.19
16  67  2  46.45
17  67  2  22.20
18  67  2  29.01
19  67  2  5.69
20  67  2  24.36
1  68  2  12.85
2  68  2  11.77
3  68  2  44.97
4  68  2  20.00
5  68  2  15.44
6  68  2  30.86
7  68  2  35.92
8  68  2  39.81
9  68  2  14.43
10  68  2  20.16
11  68  2  32.03
12  68  2  25.51
13  68  2  41.29
14  68  2  24.63
15  68  2  36.51
16  68  2  10.08
17  68  2  23.49
18  68  2  47.88
19  68  2  15.88
20  68  2  44.33
1  69  2  4.53
2  69  2  32.36
3  69  2  22.68
4  69  2  17.40
5  69  2  61.14
6  69  2  4.27
7  69  2  47.65
8  69  2  54.45
9  69  2  15.75
10  69  2  6.19
11  69  2  18.00
12  69  2  35.24
13  69  2  4.26
14  69  2  34.77
15  69  2  7.38
16  69  2  23.80
17  69  2  10.31
18  69  2  52.74
19  69  2  29.00
20  69  2  23.41
1  70  2  18.03
2  70  2  4.34
3  70  2  11.11
4  70  2  25.47
5  70  2  7.60
6  70  2  5.40
7  70  2  31.40
8  70  2  5.30
9  70  2  26.32
10  70  2  10.16
11  70  2  13.94
12  70  2  25.52
13  70  2  48.89
14  70  2  16.49
15  70  2  23.47
16  70  2  37.09
17  70  2  6.97
18  70  2  10.31
19  70  2  27.19
20  70  2  20.50
1  71  2  17.55
2  71  2  62.62
3  71  2  44.56
4  71  2  43.28
5  71  2  19.98
6  71  2  22.68
7  71  2  8.16
8  71  2  25.98
9  71  2  18.88
10  71  2  19.51
11  71  2  3.32
12  71  2  16.86
13  71  2  2.48
14  71  2  13.55
15  71  2  64.24
16  71  2  40.97
17  71  2  49.00
18  71  2  44.38
19  71  2  45.19
20  71  2  48.92
1  72  2  36.43
2  72  2  12.83
3  72  2  32.65
4  72  2  23.28
5  72  2  11.16
6  72  2  16.11
7  72  2  40.95
8  72  2  55.96
9  72  2  12.64
10  72  2  26.12
11  72  2  16.29
12  72  2  51.28
13  72  2  40.20
14  72  2  12.24
15  72  2  63.58
16  72  2  5.81
17  72  2  19.75
18  72  2  21.78
19  72  2  37.43
20  72  2  27.13
1  73  2  27.00
2  73  2  6.32
3  73  2  38.16
4  73  2  22.80
5  73  2  14.42
6  73  2  10.41
7  73  2  6.21
8  73  2  20.05
9  73  2  37.51
10  73  2  28.72
11  73  2  11.54
12  73  2  30.47
13  73  2  27.43
14  73  2  12.78
15  73  2  24.64
16  73  2  14.07
17  73  2  11.54
18  73  2  13.12
19  73  2  19.21
20  73  2  37.42
1  74  2  7.41
2  74  2  66.23
3  74  2  14.82
4  74  2  29.97
5  74  2  8.15
6  74  2  23.94
7  74  2  20.83
8  74  2  13.12
9  74  2  27.96
10  74  2  10.65
11  74  2  16.91
12  74  2  31.88
13  74  2  23.87
14  74  2  46.51
15  74  2  10.07
16  74  2  8.63
17  74  2  10.99
18  74  2  12.51
19  74  2  49.49
20  74  2  16.33
1  75  2  28.48
2  75  2  23.08
3  75  2  7.98
4  75  2  42.50
5  75  2  17.76
6  75  2  21.35
7  75  2  15.56
8  75  2  10.78
9  75  2  29.82
10  75  2  27.31
11  75  2  66.40
12  75  2  33.40
13  75  2  7.11
14  75  2  26.52
15  75  2  28.52
16  75  2  14.10
17  75  2  23.07
18  75  2  15.38
19  75  2  26.48
20  75  2  24.85
1  76  2  20.31
2  76  2  16.16
3  76  2  11.72
4  76  2  15.89
5  76  2  24.58
6  76  2  23.00
7  76  2  39.04
8  76  2  28.08
9  76  2  22.52
10  76  2  7.08
11  76  2  43.06
12  76  2  17.04
13  76  2  5.52
14  76  2  6.88
15  76  2  30.99
16  76  2  30.97
17  76  2  15.01
18  76  2  27.67
19  76  2  42.21
20  76  2  11.15
1  77  2  56.39
2  77  2  26.07
3  77  2  22.39
4  77  2  40.16
5  77  2  30.25
6  77  2  4.56
7  77  2  23.13
8  77  2  51.34
9  77  2  20.33
10  77  2  5.22
11  77  2  17.22
12  77  2  13.58
13  77  2  14.47
14  77  2  41.26
15  77  2  9.11
16  77  2  18.43
17  77  2  14.68
18  77  2  30.03
19  77  2  18.75
20  77  2  24.08
1  78  2  21.78
2  78  2  19.83
3  78  2  49.78
4  78  2  25.11
5  78  2  25.76
6  78  2  37.07
7  78  2  9.14
8  78  2  25.62
9  78  2  10.85
10  78  2  23.42
11  78  2  26.97
12  78  2  17.64
13  78  2  5.02
14  78  2  11.81
15  78  2  42.09
16  78  2  9.61
17  78  2  35.19
18  78  2  41.45
19  78  2  18.52
20  78  2  7.31
1  79  2  37.99
2  79  2  7.85
3  79  2  21.99
4  79  2  63.77
5  79  2  39.84
6  79  2  23.56
7  79  2  16.30
8  79  2  16.96
9  79  2  19.91
10  79  2  37.93
11  79  2  42.07
12  79  2  43.81
13  79  2  9.42
14  79  2  3.28
15  79  2  5.07
16  79  2  35.76
17  79  2  16.85
18  79  2  21.66
19  79  2  10.32
20  79  2  43.81
1  80  2  15.57
2  80  2  39.73
3  80  2  17.86
4  80  2  27.65
5  80  2  14.29
6  80  2  10.98
7  80  2  16.17
8  80  2  53.60
9  80  2  23.00
10  80  2  22.75
11  80  2  8.99
12  80  2  16.46
13  80  2  50.40
14  80  2  13.58
15  80  2  9.35
16  80  2  59.26
17  80  2  11.46
18  80  2  11.91
19  80  2  62.79
20  80  2  12.12
1  81  2  13.79
2  81  2  9.46
3  81  2  5.57
4  81  2  16.70
5  81  2  18.88
6  81  2  12.35
7  81  2  19.08
8  81  2  10.04
9  81  2  28.60
10  81  2  53.28
11  81  2  33.05
12  81  2  4.53
13  81  2  34.29
14  81  2  21.86
15  81  2  27.04
16  81  2  15.67
17  81  2  27.27
18  81  2  8.76
19  81  2  17.97
20  81  2  30.80
1  82  2  11.37
2  82  2  17.29
3  82  2  39.65
4  82  2  30.53
5  82  2  28.51
6  82  2  16.46
7  82  2  15.78
8  82  2  25.73
9  82  2  54.93
10  82  2  22.18
11  82  2  8.67
12  82  2  19.08
13  82  2  45.51
14  82  2  51.82
15  82  2  24.77
16  82  2  12.96
17  82  2  13.34
18  82  2  26.28
19  82  2  13.87
20  82  2  34.71
1  83  2  14.41
2  83  2  10.13
3  83  2  56.23
4  83  2  8.76
5  83  2  52.96
6  83  2  5.85
7  83  2  33.63
8  83  2  12.70
9  83  2  12.24
10  83  2  49.37
11  83  2  19.61
12  83  2  6.72
13  83  2  12.63
14  83  2  55.23
15  83  2  46.82
16  83  2  25.30
17  83  2  27.42
18  83  2  15.63
19  83  2  13.51
20  83  2  33.15
1  84  2  15.20
2  84  2  56.49
3  84  2  11.04
4  84  2  19.60
5  84  2  2.75
6  84  2  17.77
7  84  2  9.88
8  84  2  39.63
9  84  2  17.25
10  84  2  51.65
11  84  2  8.41
12  84  2  20.97
13  84  2  38.18
14  84  2  48.99
15  84  2  11.84
16  84  2  10.46
17  84  2  44.93
18  84  2  15.08
19  84  2  26.41
20  84  2  50.73
1  85  2  66.72
2  85  2  7.22
3  85  2  8.20
4  85  2  15.04
5  85  2  17.80
6  85  2  57.70
7  85  2  19.33
8  85  2  31.39
9  85  2  8.41
10  85  2  8.84
11  85  2  30.55
12  85  2  41.07
13  85  2  31.76
14  85  2  11.07
15  85  2  49.17
16  85  2  7.85
17  85  2  20.84
18  85  2  63.45
19  85  2  67.85
20  85  2  46.67
1  86  2  29.28
2  86  2  47.47
3  86  2  19.75
4  86  2  33.66
5  86  2  45.01
6  86  2  34.32
7  86  2  45.24
8  86  2  12.74
9  86  2  18.44
10  86  2  8.09
11  86  2  21.25
12  86  2  11.56
13  86  2  6.69
14  86  2  17.09
15  86  2  9.67
16  86  2  31.13
17  86  2  17.65
18  86  2  26.67
19  86  2  9.35
20  86  2  40.65
1  87  2  51.01
2  87  2  11.05
3  87  2  22.92
4  87  2  13.17
5  87  2  27.66
6  87  2  7.69
7  87  2  39.23
8  87  2  15.82
9  87  2  29.46
10  87  2  7.73
11  87  2  39.07
12  87  2  21.21
13  87  2  19.88
14  87  2  25.47
15  87  2  59.25
16  87  2  18.05
17  87  2  28.62
18  87  2  21.14
19  87  2  42.15
20  87  2  29.29
1  88  2  16.75
2  88  2  62.62
3  88  2  7.15
4  88  2  20.05
5  88  2  12.58
6  88  2  19.03
7  88  2  7.33
8  88  2  38.22
9  88  2  58.57
10  88  2  35.96
11  88  2  6.61
12  88  2  41.93
13  88  2  15.81
14  88  2  11.55
15  88  2  37.47
16  88  2  30.68
17  88  2  8.75
18  88  2  16.36
19  88  2  8.29
20  88  2  44.57
1  89  2  18.20
2  89  2  16.36
3  89  2  50.59
4  89  2  36.39
5  89  2  40.68
6  89  2  30.06
7  89  2  29.72
8  89  2  12.40
9  89  2  3.39
10  89  2  37.98
11  89  2  12.18
12  89  2  40.26
13  89  2  6.17
14  89  2  19.44
15  89  2  9.81
16  89  2  58.51
17  89  2  63.95
18  89  2  57.66
19  89  2  21.47
20  89  2  8.41
1  90  2  15.52
2  90  2  23.81
3  90  2  36.36
4  90  2  20.73
5  90  2  61.39
6  90  2  25.87
7  90  2  23.68
8  90  2  45.73
9  90  2  29.71
10  90  2  51.87
11  90  2  7.11
12  90  2  37.07
13  90  2  34.73
14  90  2  15.51
15  90  2  15.87
16  90  2  16.88
17  90  2  11.84
18  90  2  28.33
19  90  2  16.10
20  90  2  39.27
1  91  2  34.86
2  91  2  51.38
3  91  2  25.38
4  91  2  4.60
5  91  2  10.77
6  91  2  8.64
7  91  2  47.15
8  91  2  33.29
9  91  2  10.54
10  91  2  9.74
11  91  2  41.34
12  91  2  24.11
13  91  2  31.21
14  91  2  56.35
15  91  2  19.20
16  91  2  3.67
17  91  2  11.64
18  91  2  33.91
19  91  2  10.88
20  91  2  57.85
1  92  2  22.32
2  92  2  29.58
3  92  2  12.00
4  92  2  16.04
5  92  2  32.22
6  92  2  6.33
7  92  2  13.63
8  92  2  8.39
9  92  2  22.86
10  92  2  13.67
11  92  2  39.42
12  92  2  17.79
13  92  2  5.52
14  92  2  49.78
15  92  2  35.62
16  92  2  26.67
17  92  2  16.45
18  92  2  5.92
19  92  2  22.62
20  92  2  32.51
1  93  2  37.26
2  93  2  61.45
3  93  2  37.40
4  93  2  34.45
5  93  2  6.07
6  93  2  52.47
7  93  2  16.94
8  93  2  25.93
9  93  2  11.41
10  93  2  46.75
11  93  2  5.19
12  93  2  28.94
13  93  2  60.38
14  93  2  9.08
15  93  2  17.46
16  93  2  34.51
17  93  2  5.18
18  93  2  28.70
19  93  2  39.31
20  93  2  25.43
1  94  2  43.21
2  94  2  33.31
3  94  2  21.08
4  94  2  17.98
5  94  2  20.36
6  94  2  8.22
7  94  2  12.12
8  94  2  14.33
9  94  2  3.20
10  94  2  32.42
11  94  2  4.52
12  94  2  19.76
13  94  2  36.51
14  94  2  65.56
15  94  2  12.62
16  94  2  8.61
17  94  2  25.85
18  94  2  56.02
19  94  2  25.18
20  94  2  54.11
1  95  2  20.29
2  95  2  18.96
3  95  2  14.97
4  95  2  9.14
5  95  2  29.99
6  95  2  30.55
7  95  2  43.65
8  95  2  28.56
9  95  2  45.86
10  95  2  40.21
11  95  2  18.83
12  95  2  54.04
13  95  2  15.82
14  95  2  23.54
15  95  2  31.89
16  95  2  36.06
17  95  2  3.13
18  95  2  21.13
19  95  2  39.05
20  95  2  5.40
1  96  2  5.43
2  96  2  41.85
3  96  2  55.06
4  96  2  36.14
5  96  2  14.04
6  96  2  15.43
7  96  2  12.00
8  96  2  39.97
9  96  2  19.51
10  96  2  29.11
11  96  2  28.10
12  96  2  16.26
13  96  2  30.40
14  96  2  15.78
15  96  2  26.59
16  96  2  10.38
17  96  2  57.33
18  96  2  19.41
19  96  2  51.72
20  96  2  29.50
1  97  2  27.71
2  97  2  8.21
3  97  2  19.22
4  97  2  12.42
5  97  2  21.95
6  97  2  20.56
7  97  2  11.64
8  97  2  12.14
9  97  2  37.63
10  97  2  42.08
11  97  2  33.35
12  97  2  17.88
13  97  2  43.28
14  97  2  5.65
15  97  2  55.14
16  97  2  37.36
17  97  2  20.00
18  97  2  14.72
19  97  2  28.89
20  97  2  19.47
1  98  2  15.90
2  98  2  20.65
3  98  2  32.88
4  98  2  10.83
5  98  2  17.47
6  98  2  14.57
7  98  2  12.13
8  98  2  40.96
9  98  2  50.12
10  98  2  46.84
11  98  2  43.16
12  98  2  5.84
13  98  2  17.64
14  98  2  12.47
15  98  2  5.65
16  98  2  30.03
17  98  2  48.08
18  98  2  17.32
19  98  2  4.05
20  98  2  5.53
1  99  2  43.53
2  99  2  52.57
3  99  2  51.37
4  99  2  46.61
5  99  2  55.19
6  99  2  16.56
7  99  2  16.72
8  99  2  29.35
9  99  2  7.80
10  99  2  29.93
11  99  2  37.95
12  99  2  10.26
13  99  2  24.60
14  99  2  31.50
15  99  2  33.02
16  99  2  7.24
17  99  2  11.18
18  99  2  20.98
19  99  2  5.33
20  99  2  13.84
1  100  2  12.23
2  100  2  25.09
3  100  2  46.32
4  100  2  18.12
5  100  2  9.93
6  100  2  26.63
7  100  2  46.62
8  100  2  61.13
9  100  2  28.03
10  100  2  27.52
11  100  2  44.59
12  100  2  49.29
13  100  2  18.19
14  100  2  14.52
15  100  2  30.41
16  100  2  26.30
17  100  2  47.72
18  100  2  28.12
19  100  2  32.56
20  100  2  18.22
;

