param com_measure1 := 1;

param com_measure2 := 1;

param kappa_max := 1197.12;

param U_tau := 613.6495;

param nT := 2;

param nS := 50;

param nL := 30;

param B := 2215.82;

param w :=
1  2
2  3
3  1
4  2
5  2
6  3
7  2
8  1
9  1
10  3
11  3
12  1
13  2
14  1
15  3
16  3
17  1
18  3
19  3
20  2
21  3
22  1
23  2
24  1
25  2
26  2
27  3
28  2
29  1
30  3
;

param h :=
1  1  0
1  2  0
1  3  0
1  4  0
1  5  0
1  6  0
1  7  0
1  8  0
1  9  0
1  10  0
1  11  0
1  12  0
1  13  0
1  14  0
1  15  0
1  16  0
1  17  0
1  18  0
1  19  0
1  20  0
1  21  0
1  22  0
1  23  0
1  24  0
1  25  0
1  26  0
1  27  0
1  28  0
1  29  0
1  30  0
2  1  157.77
2  2  130.79
2  3  117.15
2  4  156.00
2  5  124.62
2  6  155.16
2  7  165.85
2  8  133.86
2  9  170.98
2  10  125.60
2  11  187.56
2  12  137.47
2  13  156.82
2  14  143.09
2  15  125.35
2  16  131.06
2  17  120.34
2  18  141.00
2  19  166.45
2  20  164.16
2  21  136.68
2  22  163.68
2  23  161.45
2  24  183.60
2  25  136.28
2  26  165.59
2  27  121.97
2  28  137.10
2  29  146.88
2  30  167.33
;

param xi :=
1  1  1  24
2  1  1  89
3  1  1  49
4  1  1  82
5  1  1  68
6  1  1  22
7  1  1  71
8  1  1  76
9  1  1  67
10  1  1  56
11  1  1  81
12  1  1  31
13  1  1  65
14  1  1  29
15  1  1  81
16  1  1  17
17  1  1  40
18  1  1  87
19  1  1  28
20  1  1  32
21  1  1  31
22  1  1  55
23  1  1  70
24  1  1  20
25  1  1  33
26  1  1  60
27  1  1  10
28  1  1  59
29  1  1  66
30  1  1  70
1  2  1  90
2  2  1  75
3  2  1  24
4  2  1  32
5  2  1  58
6  2  1  89
7  2  1  63
8  2  1  80
9  2  1  24
10  2  1  27
11  2  1  63
12  2  1  22
13  2  1  46
14  2  1  38
15  2  1  47
16  2  1  76
17  2  1  67
18  2  1  55
19  2  1  69
20  2  1  78
21  2  1  55
22  2  1  51
23  2  1  88
24  2  1  83
25  2  1  60
26  2  1  15
27  2  1  70
28  2  1  54
29  2  1  26
30  2  1  33
1  3  1  36
2  3  1  88
3  3  1  77
4  3  1  66
5  3  1  88
6  3  1  87
7  3  1  78
8  3  1  73
9  3  1  83
10  3  1  70
11  3  1  40
12  3  1  62
13  3  1  85
14  3  1  46
15  3  1  13
16  3  1  60
17  3  1  60
18  3  1  61
19  3  1  23
20  3  1  25
21  3  1  71
22  3  1  31
23  3  1  15
24  3  1  76
25  3  1  61
26  3  1  20
27  3  1  67
28  3  1  15
29  3  1  61
30  3  1  29
1  4  1  19
2  4  1  45
3  4  1  12
4  4  1  60
5  4  1  63
6  4  1  79
7  4  1  15
8  4  1  83
9  4  1  14
10  4  1  65
11  4  1  34
12  4  1  25
13  4  1  72
14  4  1  20
15  4  1  60
16  4  1  49
17  4  1  34
18  4  1  10
19  4  1  55
20  4  1  35
21  4  1  23
22  4  1  76
23  4  1  77
24  4  1  29
25  4  1  72
26  4  1  74
27  4  1  35
28  4  1  17
29  4  1  11
30  4  1  31
1  5  1  72
2  5  1  66
3  5  1  64
4  5  1  33
5  5  1  22
6  5  1  45
7  5  1  10
8  5  1  38
9  5  1  74
10  5  1  52
11  5  1  34
12  5  1  73
13  5  1  10
14  5  1  52
15  5  1  85
16  5  1  47
17  5  1  65
18  5  1  50
19  5  1  63
20  5  1  72
21  5  1  86
22  5  1  46
23  5  1  59
24  5  1  21
25  5  1  61
26  5  1  49
27  5  1  88
28  5  1  74
29  5  1  75
30  5  1  39
1  6  1  87
2  6  1  59
3  6  1  68
4  6  1  83
5  6  1  20
6  6  1  48
7  6  1  15
8  6  1  80
9  6  1  10
10  6  1  61
11  6  1  81
12  6  1  28
13  6  1  85
14  6  1  78
15  6  1  61
16  6  1  53
17  6  1  31
18  6  1  35
19  6  1  13
20  6  1  52
21  6  1  45
22  6  1  41
23  6  1  40
24  6  1  74
25  6  1  66
26  6  1  14
27  6  1  58
28  6  1  33
29  6  1  11
30  6  1  82
1  7  1  41
2  7  1  41
3  7  1  14
4  7  1  73
5  7  1  83
6  7  1  76
7  7  1  16
8  7  1  59
9  7  1  15
10  7  1  86
11  7  1  22
12  7  1  47
13  7  1  18
14  7  1  64
15  7  1  67
16  7  1  39
17  7  1  13
18  7  1  64
19  7  1  23
20  7  1  39
21  7  1  14
22  7  1  73
23  7  1  77
24  7  1  83
25  7  1  23
26  7  1  64
27  7  1  46
28  7  1  25
29  7  1  78
30  7  1  78
1  8  1  64
2  8  1  20
3  8  1  59
4  8  1  85
5  8  1  84
6  8  1  44
7  8  1  82
8  8  1  90
9  8  1  38
10  8  1  12
11  8  1  83
12  8  1  31
13  8  1  43
14  8  1  85
15  8  1  12
16  8  1  65
17  8  1  27
18  8  1  20
19  8  1  21
20  8  1  83
21  8  1  42
22  8  1  39
23  8  1  32
24  8  1  64
25  8  1  88
26  8  1  14
27  8  1  75
28  8  1  24
29  8  1  22
30  8  1  51
1  9  1  34
2  9  1  62
3  9  1  10
4  9  1  82
5  9  1  21
6  9  1  10
7  9  1  34
8  9  1  32
9  9  1  42
10  9  1  39
11  9  1  51
12  9  1  72
13  9  1  15
14  9  1  46
15  9  1  47
16  9  1  85
17  9  1  59
18  9  1  11
19  9  1  67
20  9  1  15
21  9  1  79
22  9  1  15
23  9  1  17
24  9  1  38
25  9  1  63
26  9  1  74
27  9  1  44
28  9  1  24
29  9  1  67
30  9  1  18
1  10  1  28
2  10  1  55
3  10  1  62
4  10  1  37
5  10  1  13
6  10  1  16
7  10  1  19
8  10  1  33
9  10  1  45
10  10  1  47
11  10  1  37
12  10  1  77
13  10  1  68
14  10  1  25
15  10  1  33
16  10  1  49
17  10  1  30
18  10  1  53
19  10  1  79
20  10  1  72
21  10  1  14
22  10  1  29
23  10  1  57
24  10  1  80
25  10  1  29
26  10  1  60
27  10  1  27
28  10  1  73
29  10  1  40
30  10  1  58
1  11  1  78
2  11  1  33
3  11  1  45
4  11  1  60
5  11  1  30
6  11  1  46
7  11  1  22
8  11  1  80
9  11  1  25
10  11  1  30
11  11  1  14
12  11  1  34
13  11  1  86
14  11  1  43
15  11  1  88
16  11  1  56
17  11  1  37
18  11  1  44
19  11  1  48
20  11  1  30
21  11  1  13
22  11  1  55
23  11  1  70
24  11  1  56
25  11  1  27
26  11  1  44
27  11  1  38
28  11  1  52
29  11  1  56
30  11  1  55
1  12  1  41
2  12  1  13
3  12  1  59
4  12  1  47
5  12  1  86
6  12  1  87
7  12  1  71
8  12  1  36
9  12  1  14
10  12  1  37
11  12  1  78
12  12  1  42
13  12  1  64
14  12  1  18
15  12  1  43
16  12  1  33
17  12  1  47
18  12  1  65
19  12  1  49
20  12  1  79
21  12  1  34
22  12  1  17
23  12  1  30
24  12  1  27
25  12  1  89
26  12  1  21
27  12  1  58
28  12  1  72
29  12  1  87
30  12  1  10
1  13  1  60
2  13  1  67
3  13  1  22
4  13  1  19
5  13  1  42
6  13  1  33
7  13  1  42
8  13  1  26
9  13  1  85
10  13  1  82
11  13  1  84
12  13  1  85
13  13  1  47
14  13  1  21
15  13  1  13
16  13  1  62
17  13  1  35
18  13  1  89
19  13  1  51
20  13  1  37
21  13  1  45
22  13  1  55
23  13  1  41
24  13  1  30
25  13  1  69
26  13  1  60
27  13  1  61
28  13  1  44
29  13  1  60
30  13  1  51
1  14  1  76
2  14  1  20
3  14  1  21
4  14  1  85
5  14  1  41
6  14  1  36
7  14  1  60
8  14  1  47
9  14  1  58
10  14  1  79
11  14  1  86
12  14  1  26
13  14  1  22
14  14  1  19
15  14  1  60
16  14  1  82
17  14  1  39
18  14  1  37
19  14  1  38
20  14  1  84
21  14  1  43
22  14  1  20
23  14  1  55
24  14  1  13
25  14  1  48
26  14  1  77
27  14  1  28
28  14  1  75
29  14  1  15
30  14  1  31
1  15  1  87
2  15  1  82
3  15  1  89
4  15  1  52
5  15  1  71
6  15  1  68
7  15  1  16
8  15  1  57
9  15  1  87
10  15  1  56
11  15  1  34
12  15  1  72
13  15  1  16
14  15  1  74
15  15  1  47
16  15  1  74
17  15  1  43
18  15  1  41
19  15  1  25
20  15  1  40
21  15  1  46
22  15  1  70
23  15  1  88
24  15  1  39
25  15  1  62
26  15  1  18
27  15  1  11
28  15  1  85
29  15  1  26
30  15  1  47
1  16  1  50
2  16  1  14
3  16  1  69
4  16  1  83
5  16  1  22
6  16  1  21
7  16  1  67
8  16  1  10
9  16  1  53
10  16  1  12
11  16  1  39
12  16  1  60
13  16  1  47
14  16  1  84
15  16  1  28
16  16  1  10
17  16  1  87
18  16  1  70
19  16  1  35
20  16  1  84
21  16  1  25
22  16  1  59
23  16  1  85
24  16  1  63
25  16  1  28
26  16  1  70
27  16  1  64
28  16  1  49
29  16  1  15
30  16  1  27
1  17  1  78
2  17  1  31
3  17  1  11
4  17  1  29
5  17  1  78
6  17  1  71
7  17  1  82
8  17  1  18
9  17  1  88
10  17  1  32
11  17  1  34
12  17  1  30
13  17  1  42
14  17  1  45
15  17  1  87
16  17  1  61
17  17  1  58
18  17  1  68
19  17  1  73
20  17  1  39
21  17  1  13
22  17  1  70
23  17  1  74
24  17  1  69
25  17  1  87
26  17  1  27
27  17  1  56
28  17  1  39
29  17  1  11
30  17  1  82
1  18  1  54
2  18  1  16
3  18  1  36
4  18  1  36
5  18  1  37
6  18  1  76
7  18  1  30
8  18  1  68
9  18  1  23
10  18  1  71
11  18  1  42
12  18  1  41
13  18  1  82
14  18  1  38
15  18  1  59
16  18  1  14
17  18  1  46
18  18  1  89
19  18  1  14
20  18  1  26
21  18  1  60
22  18  1  23
23  18  1  26
24  18  1  16
25  18  1  30
26  18  1  65
27  18  1  16
28  18  1  44
29  18  1  53
30  18  1  26
1  19  1  58
2  19  1  85
3  19  1  39
4  19  1  62
5  19  1  61
6  19  1  64
7  19  1  82
8  19  1  14
9  19  1  10
10  19  1  73
11  19  1  22
12  19  1  30
13  19  1  53
14  19  1  70
15  19  1  76
16  19  1  43
17  19  1  32
18  19  1  45
19  19  1  58
20  19  1  58
21  19  1  74
22  19  1  24
23  19  1  54
24  19  1  23
25  19  1  90
26  19  1  62
27  19  1  87
28  19  1  41
29  19  1  83
30  19  1  63
1  20  1  45
2  20  1  10
3  20  1  26
4  20  1  41
5  20  1  12
6  20  1  27
7  20  1  23
8  20  1  36
9  20  1  79
10  20  1  65
11  20  1  23
12  20  1  82
13  20  1  30
14  20  1  48
15  20  1  22
16  20  1  85
17  20  1  71
18  20  1  54
19  20  1  71
20  20  1  28
21  20  1  55
22  20  1  85
23  20  1  28
24  20  1  79
25  20  1  78
26  20  1  26
27  20  1  76
28  20  1  63
29  20  1  76
30  20  1  27
1  21  1  65
2  21  1  20
3  21  1  49
4  21  1  14
5  21  1  61
6  21  1  90
7  21  1  82
8  21  1  33
9  21  1  35
10  21  1  78
11  21  1  79
12  21  1  42
13  21  1  50
14  21  1  55
15  21  1  58
16  21  1  12
17  21  1  42
18  21  1  83
19  21  1  72
20  21  1  35
21  21  1  67
22  21  1  31
23  21  1  65
24  21  1  82
25  21  1  57
26  21  1  53
27  21  1  14
28  21  1  88
29  21  1  45
30  21  1  63
1  22  1  64
2  22  1  90
3  22  1  22
4  22  1  73
5  22  1  73
6  22  1  80
7  22  1  65
8  22  1  84
9  22  1  25
10  22  1  62
11  22  1  72
12  22  1  80
13  22  1  28
14  22  1  25
15  22  1  71
16  22  1  73
17  22  1  39
18  22  1  19
19  22  1  29
20  22  1  29
21  22  1  28
22  22  1  80
23  22  1  79
24  22  1  82
25  22  1  72
26  22  1  47
27  22  1  87
28  22  1  70
29  22  1  17
30  22  1  32
1  23  1  84
2  23  1  36
3  23  1  78
4  23  1  64
5  23  1  45
6  23  1  75
7  23  1  88
8  23  1  66
9  23  1  90
10  23  1  70
11  23  1  49
12  23  1  18
13  23  1  23
14  23  1  42
15  23  1  19
16  23  1  66
17  23  1  43
18  23  1  16
19  23  1  66
20  23  1  21
21  23  1  15
22  23  1  60
23  23  1  50
24  23  1  31
25  23  1  32
26  23  1  59
27  23  1  65
28  23  1  58
29  23  1  42
30  23  1  44
1  24  1  59
2  24  1  11
3  24  1  52
4  24  1  59
5  24  1  18
6  24  1  50
7  24  1  43
8  24  1  18
9  24  1  27
10  24  1  65
11  24  1  90
12  24  1  63
13  24  1  35
14  24  1  40
15  24  1  90
16  24  1  10
17  24  1  53
18  24  1  78
19  24  1  36
20  24  1  40
21  24  1  42
22  24  1  15
23  24  1  48
24  24  1  59
25  24  1  30
26  24  1  25
27  24  1  29
28  24  1  89
29  24  1  41
30  24  1  89
1  25  1  28
2  25  1  24
3  25  1  58
4  25  1  16
5  25  1  16
6  25  1  52
7  25  1  84
8  25  1  30
9  25  1  32
10  25  1  11
11  25  1  43
12  25  1  49
13  25  1  58
14  25  1  17
15  25  1  15
16  25  1  49
17  25  1  69
18  25  1  36
19  25  1  85
20  25  1  60
21  25  1  35
22  25  1  78
23  25  1  18
24  25  1  76
25  25  1  16
26  25  1  73
27  25  1  51
28  25  1  54
29  25  1  62
30  25  1  17
1  26  1  21
2  26  1  28
3  26  1  35
4  26  1  31
5  26  1  60
6  26  1  28
7  26  1  36
8  26  1  27
9  26  1  86
10  26  1  29
11  26  1  69
12  26  1  18
13  26  1  48
14  26  1  85
15  26  1  26
16  26  1  29
17  26  1  89
18  26  1  47
19  26  1  51
20  26  1  72
21  26  1  30
22  26  1  69
23  26  1  77
24  26  1  70
25  26  1  61
26  26  1  35
27  26  1  87
28  26  1  71
29  26  1  55
30  26  1  72
1  27  1  24
2  27  1  87
3  27  1  37
4  27  1  58
5  27  1  35
6  27  1  52
7  27  1  14
8  27  1  36
9  27  1  11
10  27  1  36
11  27  1  82
12  27  1  63
13  27  1  72
14  27  1  70
15  27  1  28
16  27  1  58
17  27  1  69
18  27  1  67
19  27  1  29
20  27  1  48
21  27  1  20
22  27  1  56
23  27  1  64
24  27  1  27
25  27  1  63
26  27  1  16
27  27  1  88
28  27  1  31
29  27  1  25
30  27  1  88
1  28  1  70
2  28  1  20
3  28  1  47
4  28  1  87
5  28  1  78
6  28  1  28
7  28  1  61
8  28  1  38
9  28  1  81
10  28  1  38
11  28  1  50
12  28  1  15
13  28  1  76
14  28  1  17
15  28  1  35
16  28  1  61
17  28  1  89
18  28  1  46
19  28  1  18
20  28  1  14
21  28  1  54
22  28  1  10
23  28  1  16
24  28  1  48
25  28  1  32
26  28  1  59
27  28  1  72
28  28  1  78
29  28  1  59
30  28  1  19
1  29  1  16
2  29  1  38
3  29  1  15
4  29  1  29
5  29  1  16
6  29  1  36
7  29  1  25
8  29  1  78
9  29  1  62
10  29  1  12
11  29  1  56
12  29  1  68
13  29  1  32
14  29  1  37
15  29  1  51
16  29  1  65
17  29  1  21
18  29  1  35
19  29  1  72
20  29  1  81
21  29  1  35
22  29  1  74
23  29  1  26
24  29  1  85
25  29  1  42
26  29  1  30
27  29  1  14
28  29  1  59
29  29  1  36
30  29  1  66
1  30  1  15
2  30  1  84
3  30  1  33
4  30  1  24
5  30  1  71
6  30  1  27
7  30  1  12
8  30  1  18
9  30  1  87
10  30  1  41
11  30  1  69
12  30  1  54
13  30  1  63
14  30  1  31
15  30  1  41
16  30  1  39
17  30  1  27
18  30  1  11
19  30  1  82
20  30  1  40
21  30  1  34
22  30  1  87
23  30  1  69
24  30  1  59
25  30  1  59
26  30  1  67
27  30  1  52
28  30  1  50
29  30  1  80
30  30  1  60
1  31  1  30
2  31  1  42
3  31  1  65
4  31  1  42
5  31  1  66
6  31  1  48
7  31  1  57
8  31  1  21
9  31  1  41
10  31  1  25
11  31  1  77
12  31  1  89
13  31  1  19
14  31  1  48
15  31  1  87
16  31  1  62
17  31  1  72
18  31  1  10
19  31  1  52
20  31  1  44
21  31  1  63
22  31  1  72
23  31  1  23
24  31  1  38
25  31  1  17
26  31  1  86
27  31  1  56
28  31  1  45
29  31  1  71
30  31  1  36
1  32  1  22
2  32  1  81
3  32  1  21
4  32  1  44
5  32  1  67
6  32  1  50
7  32  1  51
8  32  1  26
9  32  1  58
10  32  1  44
11  32  1  62
12  32  1  14
13  32  1  71
14  32  1  49
15  32  1  36
16  32  1  57
17  32  1  86
18  32  1  15
19  32  1  45
20  32  1  26
21  32  1  43
22  32  1  37
23  32  1  34
24  32  1  88
25  32  1  40
26  32  1  68
27  32  1  69
28  32  1  25
29  32  1  70
30  32  1  61
1  33  1  25
2  33  1  58
3  33  1  89
4  33  1  58
5  33  1  23
6  33  1  77
7  33  1  61
8  33  1  13
9  33  1  30
10  33  1  35
11  33  1  46
12  33  1  47
13  33  1  11
14  33  1  84
15  33  1  63
16  33  1  10
17  33  1  77
18  33  1  13
19  33  1  66
20  33  1  67
21  33  1  49
22  33  1  69
23  33  1  81
24  33  1  34
25  33  1  38
26  33  1  53
27  33  1  77
28  33  1  80
29  33  1  53
30  33  1  60
1  34  1  62
2  34  1  52
3  34  1  90
4  34  1  17
5  34  1  36
6  34  1  38
7  34  1  76
8  34  1  56
9  34  1  58
10  34  1  61
11  34  1  33
12  34  1  13
13  34  1  47
14  34  1  23
15  34  1  75
16  34  1  18
17  34  1  29
18  34  1  50
19  34  1  87
20  34  1  53
21  34  1  18
22  34  1  90
23  34  1  73
24  34  1  28
25  34  1  42
26  34  1  82
27  34  1  62
28  34  1  17
29  34  1  53
30  34  1  29
1  35  1  73
2  35  1  17
3  35  1  21
4  35  1  87
5  35  1  70
6  35  1  13
7  35  1  74
8  35  1  78
9  35  1  26
10  35  1  23
11  35  1  17
12  35  1  88
13  35  1  30
14  35  1  77
15  35  1  16
16  35  1  78
17  35  1  54
18  35  1  29
19  35  1  60
20  35  1  72
21  35  1  17
22  35  1  25
23  35  1  49
24  35  1  47
25  35  1  47
26  35  1  70
27  35  1  42
28  35  1  71
29  35  1  16
30  35  1  64
1  36  1  10
2  36  1  87
3  36  1  44
4  36  1  25
5  36  1  19
6  36  1  75
7  36  1  43
8  36  1  35
9  36  1  65
10  36  1  18
11  36  1  68
12  36  1  45
13  36  1  68
14  36  1  72
15  36  1  16
16  36  1  22
17  36  1  60
18  36  1  39
19  36  1  13
20  36  1  21
21  36  1  29
22  36  1  25
23  36  1  15
24  36  1  66
25  36  1  21
26  36  1  49
27  36  1  40
28  36  1  10
29  36  1  37
30  36  1  32
1  37  1  89
2  37  1  53
3  37  1  65
4  37  1  88
5  37  1  80
6  37  1  65
7  37  1  32
8  37  1  11
9  37  1  22
10  37  1  34
11  37  1  81
12  37  1  18
13  37  1  78
14  37  1  53
15  37  1  14
16  37  1  19
17  37  1  87
18  37  1  79
19  37  1  73
20  37  1  31
21  37  1  67
22  37  1  46
23  37  1  48
24  37  1  17
25  37  1  39
26  37  1  56
27  37  1  14
28  37  1  16
29  37  1  66
30  37  1  85
1  38  1  10
2  38  1  75
3  38  1  58
4  38  1  39
5  38  1  54
6  38  1  76
7  38  1  63
8  38  1  44
9  38  1  36
10  38  1  35
11  38  1  62
12  38  1  57
13  38  1  15
14  38  1  21
15  38  1  40
16  38  1  52
17  38  1  87
18  38  1  84
19  38  1  58
20  38  1  51
21  38  1  75
22  38  1  12
23  38  1  59
24  38  1  12
25  38  1  19
26  38  1  82
27  38  1  42
28  38  1  20
29  38  1  32
30  38  1  67
1  39  1  75
2  39  1  53
3  39  1  83
4  39  1  89
5  39  1  80
6  39  1  20
7  39  1  52
8  39  1  65
9  39  1  72
10  39  1  12
11  39  1  52
12  39  1  14
13  39  1  64
14  39  1  58
15  39  1  60
16  39  1  43
17  39  1  26
18  39  1  86
19  39  1  47
20  39  1  41
21  39  1  68
22  39  1  36
23  39  1  49
24  39  1  52
25  39  1  44
26  39  1  13
27  39  1  26
28  39  1  85
29  39  1  21
30  39  1  48
1  40  1  18
2  40  1  66
3  40  1  23
4  40  1  21
5  40  1  88
6  40  1  14
7  40  1  13
8  40  1  21
9  40  1  37
10  40  1  31
11  40  1  25
12  40  1  82
13  40  1  64
14  40  1  82
15  40  1  77
16  40  1  65
17  40  1  33
18  40  1  10
19  40  1  29
20  40  1  20
21  40  1  13
22  40  1  36
23  40  1  76
24  40  1  81
25  40  1  23
26  40  1  20
27  40  1  75
28  40  1  72
29  40  1  59
30  40  1  43
1  41  1  84
2  41  1  89
3  41  1  38
4  41  1  30
5  41  1  60
6  41  1  78
7  41  1  64
8  41  1  29
9  41  1  15
10  41  1  36
11  41  1  30
12  41  1  32
13  41  1  13
14  41  1  28
15  41  1  41
16  41  1  67
17  41  1  56
18  41  1  85
19  41  1  48
20  41  1  18
21  41  1  18
22  41  1  56
23  41  1  13
24  41  1  18
25  41  1  36
26  41  1  18
27  41  1  24
28  41  1  54
29  41  1  54
30  41  1  71
1  42  1  12
2  42  1  17
3  42  1  48
4  42  1  24
5  42  1  32
6  42  1  73
7  42  1  32
8  42  1  26
9  42  1  69
10  42  1  88
11  42  1  54
12  42  1  48
13  42  1  46
14  42  1  58
15  42  1  51
16  42  1  88
17  42  1  50
18  42  1  32
19  42  1  70
20  42  1  19
21  42  1  90
22  42  1  43
23  42  1  34
24  42  1  71
25  42  1  30
26  42  1  48
27  42  1  40
28  42  1  74
29  42  1  17
30  42  1  34
1  43  1  59
2  43  1  86
3  43  1  38
4  43  1  43
5  43  1  10
6  43  1  90
7  43  1  39
8  43  1  31
9  43  1  58
10  43  1  44
11  43  1  36
12  43  1  68
13  43  1  19
14  43  1  66
15  43  1  32
16  43  1  42
17  43  1  13
18  43  1  17
19  43  1  38
20  43  1  86
21  43  1  77
22  43  1  64
23  43  1  10
24  43  1  78
25  43  1  30
26  43  1  78
27  43  1  31
28  43  1  55
29  43  1  65
30  43  1  86
1  44  1  68
2  44  1  13
3  44  1  56
4  44  1  49
5  44  1  87
6  44  1  12
7  44  1  75
8  44  1  61
9  44  1  13
10  44  1  69
11  44  1  23
12  44  1  54
13  44  1  46
14  44  1  12
15  44  1  41
16  44  1  52
17  44  1  27
18  44  1  76
19  44  1  83
20  44  1  36
21  44  1  79
22  44  1  44
23  44  1  77
24  44  1  17
25  44  1  52
26  44  1  69
27  44  1  11
28  44  1  83
29  44  1  35
30  44  1  49
1  45  1  16
2  45  1  86
3  45  1  55
4  45  1  74
5  45  1  66
6  45  1  71
7  45  1  86
8  45  1  34
9  45  1  74
10  45  1  25
11  45  1  83
12  45  1  26
13  45  1  83
14  45  1  36
15  45  1  74
16  45  1  67
17  45  1  33
18  45  1  61
19  45  1  62
20  45  1  13
21  45  1  29
22  45  1  86
23  45  1  84
24  45  1  35
25  45  1  69
26  45  1  60
27  45  1  57
28  45  1  78
29  45  1  84
30  45  1  65
1  46  1  68
2  46  1  25
3  46  1  87
4  46  1  56
5  46  1  22
6  46  1  23
7  46  1  41
8  46  1  40
9  46  1  74
10  46  1  29
11  46  1  77
12  46  1  49
13  46  1  11
14  46  1  58
15  46  1  18
16  46  1  81
17  46  1  13
18  46  1  56
19  46  1  52
20  46  1  42
21  46  1  90
22  46  1  49
23  46  1  86
24  46  1  23
25  46  1  18
26  46  1  90
27  46  1  28
28  46  1  77
29  46  1  73
30  46  1  36
1  47  1  84
2  47  1  26
3  47  1  49
4  47  1  48
5  47  1  61
6  47  1  34
7  47  1  89
8  47  1  58
9  47  1  84
10  47  1  57
11  47  1  64
12  47  1  63
13  47  1  83
14  47  1  55
15  47  1  22
16  47  1  90
17  47  1  61
18  47  1  10
19  47  1  57
20  47  1  89
21  47  1  41
22  47  1  70
23  47  1  35
24  47  1  78
25  47  1  70
26  47  1  80
27  47  1  63
28  47  1  26
29  47  1  53
30  47  1  41
1  48  1  66
2  48  1  37
3  48  1  48
4  48  1  53
5  48  1  26
6  48  1  39
7  48  1  18
8  48  1  28
9  48  1  55
10  48  1  61
11  48  1  47
12  48  1  19
13  48  1  34
14  48  1  31
15  48  1  14
16  48  1  44
17  48  1  38
18  48  1  34
19  48  1  58
20  48  1  29
21  48  1  62
22  48  1  23
23  48  1  73
24  48  1  49
25  48  1  58
26  48  1  15
27  48  1  13
28  48  1  62
29  48  1  42
30  48  1  52
1  49  1  81
2  49  1  11
3  49  1  55
4  49  1  13
5  49  1  85
6  49  1  44
7  49  1  84
8  49  1  54
9  49  1  21
10  49  1  44
11  49  1  14
12  49  1  27
13  49  1  78
14  49  1  29
15  49  1  45
16  49  1  37
17  49  1  55
18  49  1  81
19  49  1  61
20  49  1  10
21  49  1  79
22  49  1  34
23  49  1  62
24  49  1  66
25  49  1  30
26  49  1  24
27  49  1  23
28  49  1  15
29  49  1  75
30  49  1  22
1  50  1  58
2  50  1  39
3  50  1  66
4  50  1  47
5  50  1  28
6  50  1  83
7  50  1  10
8  50  1  36
9  50  1  37
10  50  1  61
11  50  1  13
12  50  1  45
13  50  1  15
14  50  1  36
15  50  1  89
16  50  1  24
17  50  1  27
18  50  1  45
19  50  1  20
20  50  1  64
21  50  1  43
22  50  1  69
23  50  1  62
24  50  1  50
25  50  1  15
26  50  1  70
27  50  1  53
28  50  1  82
29  50  1  23
30  50  1  51
1  1  2  11.76
2  1  2  48.95
3  1  2  28.91
4  1  2  40.18
5  1  2  40.12
6  1  2  11
7  1  2  31.24
8  1  2  38
9  1  2  27.47
10  1  2  30.8
11  1  2  32.4
12  1  2  15.81
13  1  2  29.25
14  1  2  14.21
15  1  2  45.36
16  1  2  9.69
17  1  2  23.6
18  1  2  44.37
19  1  2  12.6
20  1  2  12.8
21  1  2  15.5
22  1  2  24.75
23  1  2  34.3
24  1  2  8
25  1  2  17.16
26  1  2  27
27  1  2  5.8
28  1  2  33.63
29  1  2  32.34
30  1  2  30.8
1  2  2  44.1
2  2  2  41.25
3  2  2  14.16
4  2  2  15.68
5  2  2  34.22
6  2  2  44.5
7  2  2  27.72
8  2  2  40
9  2  2  9.84
10  2  2  14.85
11  2  2  25.2
12  2  2  11.22
13  2  2  20.7
14  2  2  18.62
15  2  2  26.32
16  2  2  43.32
17  2  2  39.53
18  2  2  28.05
19  2  2  31.05
20  2  2  31.2
21  2  2  27.5
22  2  2  22.95
23  2  2  43.12
24  2  2  33.2
25  2  2  31.2
26  2  2  6.75
27  2  2  40.6
28  2  2  30.78
29  2  2  12.74
30  2  2  14.52
1  3  2  17.64
2  3  2  48.4
3  3  2  45.43
4  3  2  32.34
5  3  2  51.92
6  3  2  43.5
7  3  2  34.32
8  3  2  36.5
9  3  2  34.03
10  3  2  38.5
11  3  2  16
12  3  2  31.62
13  3  2  38.25
14  3  2  22.54
15  3  2  7.28
16  3  2  34.2
17  3  2  35.4
18  3  2  31.11
19  3  2  10.35
20  3  2  10
21  3  2  35.5
22  3  2  13.95
23  3  2  7.35
24  3  2  30.4
25  3  2  31.72
26  3  2  9
27  3  2  38.86
28  3  2  8.55
29  3  2  29.89
30  3  2  12.76
1  4  2  9.31
2  4  2  24.75
3  4  2  7.08
4  4  2  29.4
5  4  2  37.17
6  4  2  39.5
7  4  2  6.6
8  4  2  41.5
9  4  2  5.74
10  4  2  35.75
11  4  2  13.6
12  4  2  12.75
13  4  2  32.4
14  4  2  9.8
15  4  2  33.6
16  4  2  27.93
17  4  2  20.06
18  4  2  5.1
19  4  2  24.75
20  4  2  14
21  4  2  11.5
22  4  2  34.2
23  4  2  37.73
24  4  2  11.6
25  4  2  37.44
26  4  2  33.3
27  4  2  20.3
28  4  2  9.69
29  4  2  5.39
30  4  2  13.64
1  5  2  35.28
2  5  2  36.3
3  5  2  37.76
4  5  2  16.17
5  5  2  12.98
6  5  2  22.5
7  5  2  4.4
8  5  2  19
9  5  2  30.34
10  5  2  28.6
11  5  2  13.6
12  5  2  37.23
13  5  2  4.5
14  5  2  25.48
15  5  2  47.6
16  5  2  26.79
17  5  2  38.35
18  5  2  25.5
19  5  2  28.35
20  5  2  28.8
21  5  2  43
22  5  2  20.7
23  5  2  28.91
24  5  2  8.4
25  5  2  31.72
26  5  2  22.05
27  5  2  51.04
28  5  2  42.18
29  5  2  36.75
30  5  2  17.16
1  6  2  42.63
2  6  2  32.45
3  6  2  40.12
4  6  2  40.67
5  6  2  11.8
6  6  2  24
7  6  2  6.6
8  6  2  40
9  6  2  4.1
10  6  2  33.55
11  6  2  32.4
12  6  2  14.28
13  6  2  38.25
14  6  2  38.22
15  6  2  34.16
16  6  2  30.21
17  6  2  18.29
18  6  2  17.85
19  6  2  5.85
20  6  2  20.8
21  6  2  22.5
22  6  2  18.45
23  6  2  19.6
24  6  2  29.6
25  6  2  34.32
26  6  2  6.3
27  6  2  33.64
28  6  2  18.81
29  6  2  5.39
30  6  2  36.08
1  7  2  20.09
2  7  2  22.55
3  7  2  8.26
4  7  2  35.77
5  7  2  48.97
6  7  2  38
7  7  2  7.04
8  7  2  29.5
9  7  2  6.15
10  7  2  47.3
11  7  2  8.8
12  7  2  23.97
13  7  2  8.1
14  7  2  31.36
15  7  2  37.52
16  7  2  22.23
17  7  2  7.67
18  7  2  32.64
19  7  2  10.35
20  7  2  15.6
21  7  2  7
22  7  2  32.85
23  7  2  37.73
24  7  2  33.2
25  7  2  11.96
26  7  2  28.8
27  7  2  26.68
28  7  2  14.25
29  7  2  38.22
30  7  2  34.32
1  8  2  31.36
2  8  2  11
3  8  2  34.81
4  8  2  41.65
5  8  2  49.56
6  8  2  22
7  8  2  36.08
8  8  2  45
9  8  2  15.58
10  8  2  6.6
11  8  2  33.2
12  8  2  15.81
13  8  2  19.35
14  8  2  41.65
15  8  2  6.72
16  8  2  37.05
17  8  2  15.93
18  8  2  10.2
19  8  2  9.45
20  8  2  33.2
21  8  2  21
22  8  2  17.55
23  8  2  15.68
24  8  2  25.6
25  8  2  45.76
26  8  2  6.3
27  8  2  43.5
28  8  2  13.68
29  8  2  10.78
30  8  2  22.44
1  9  2  16.66
2  9  2  34.1
3  9  2  5.9
4  9  2  40.18
5  9  2  12.39
6  9  2  5
7  9  2  14.96
8  9  2  16
9  9  2  17.22
10  9  2  21.45
11  9  2  20.4
12  9  2  36.72
13  9  2  6.75
14  9  2  22.54
15  9  2  26.32
16  9  2  48.45
17  9  2  34.81
18  9  2  5.61
19  9  2  30.15
20  9  2  6
21  9  2  39.5
22  9  2  6.75
23  9  2  8.33
24  9  2  15.2
25  9  2  32.76
26  9  2  33.3
27  9  2  25.52
28  9  2  13.68
29  9  2  32.83
30  9  2  7.92
1  10  2  13.72
2  10  2  30.25
3  10  2  36.58
4  10  2  18.13
5  10  2  7.67
6  10  2  8
7  10  2  8.36
8  10  2  16.5
9  10  2  18.45
10  10  2  25.85
11  10  2  14.8
12  10  2  39.27
13  10  2  30.6
14  10  2  12.25
15  10  2  18.48
16  10  2  27.93
17  10  2  17.7
18  10  2  27.03
19  10  2  35.55
20  10  2  28.8
21  10  2  7
22  10  2  13.05
23  10  2  27.93
24  10  2  32
25  10  2  15.08
26  10  2  27
27  10  2  15.66
28  10  2  41.61
29  10  2  19.6
30  10  2  25.52
1  11  2  38.22
2  11  2  18.15
3  11  2  26.55
4  11  2  29.4
5  11  2  17.7
6  11  2  23
7  11  2  9.68
8  11  2  40
9  11  2  10.25
10  11  2  16.5
11  11  2  5.6
12  11  2  17.34
13  11  2  38.7
14  11  2  21.07
15  11  2  49.28
16  11  2  31.92
17  11  2  21.83
18  11  2  22.44
19  11  2  21.6
20  11  2  12
21  11  2  6.5
22  11  2  24.75
23  11  2  34.3
24  11  2  22.4
25  11  2  14.04
26  11  2  19.8
27  11  2  22.04
28  11  2  29.64
29  11  2  27.44
30  11  2  24.2
1  12  2  20.09
2  12  2  7.15
3  12  2  34.81
4  12  2  23.03
5  12  2  50.74
6  12  2  43.5
7  12  2  31.24
8  12  2  18
9  12  2  5.74
10  12  2  20.35
11  12  2  31.2
12  12  2  21.42
13  12  2  28.8
14  12  2  8.82
15  12  2  24.08
16  12  2  18.81
17  12  2  27.73
18  12  2  33.15
19  12  2  22.05
20  12  2  31.6
21  12  2  17
22  12  2  7.65
23  12  2  14.7
24  12  2  10.8
25  12  2  46.28
26  12  2  9.45
27  12  2  33.64
28  12  2  41.04
29  12  2  42.63
30  12  2  4.4
1  13  2  29.4
2  13  2  36.85
3  13  2  12.98
4  13  2  9.31
5  13  2  24.78
6  13  2  16.5
7  13  2  18.48
8  13  2  13
9  13  2  34.85
10  13  2  45.1
11  13  2  33.6
12  13  2  43.35
13  13  2  21.15
14  13  2  10.29
15  13  2  7.28
16  13  2  35.34
17  13  2  20.65
18  13  2  45.39
19  13  2  22.95
20  13  2  14.8
21  13  2  22.5
22  13  2  24.75
23  13  2  20.09
24  13  2  12
25  13  2  35.88
26  13  2  27
27  13  2  35.38
28  13  2  25.08
29  13  2  29.4
30  13  2  22.44
1  14  2  37.24
2  14  2  11
3  14  2  12.39
4  14  2  41.65
5  14  2  24.19
6  14  2  18
7  14  2  26.4
8  14  2  23.5
9  14  2  23.78
10  14  2  43.45
11  14  2  34.4
12  14  2  13.26
13  14  2  9.9
14  14  2  9.31
15  14  2  33.6
16  14  2  46.74
17  14  2  23.01
18  14  2  18.87
19  14  2  17.1
20  14  2  33.6
21  14  2  21.5
22  14  2  9
23  14  2  26.95
24  14  2  5.2
25  14  2  24.96
26  14  2  34.65
27  14  2  16.24
28  14  2  42.75
29  14  2  7.35
30  14  2  13.64
1  15  2  42.63
2  15  2  45.1
3  15  2  52.51
4  15  2  25.48
5  15  2  41.89
6  15  2  34
7  15  2  7.04
8  15  2  28.5
9  15  2  35.67
10  15  2  30.8
11  15  2  13.6
12  15  2  36.72
13  15  2  7.2
14  15  2  36.26
15  15  2  26.32
16  15  2  42.18
17  15  2  25.37
18  15  2  20.91
19  15  2  11.25
20  15  2  16
21  15  2  23
22  15  2  31.5
23  15  2  43.12
24  15  2  15.6
25  15  2  32.24
26  15  2  8.1
27  15  2  6.38
28  15  2  48.45
29  15  2  12.74
30  15  2  20.68
1  16  2  24.5
2  16  2  7.7
3  16  2  40.71
4  16  2  40.67
5  16  2  12.98
6  16  2  10.5
7  16  2  29.48
8  16  2  5
9  16  2  21.73
10  16  2  6.6
11  16  2  15.6
12  16  2  30.6
13  16  2  21.15
14  16  2  41.16
15  16  2  15.68
16  16  2  5.7
17  16  2  51.33
18  16  2  35.7
19  16  2  15.75
20  16  2  33.6
21  16  2  12.5
22  16  2  26.55
23  16  2  41.65
24  16  2  25.2
25  16  2  14.56
26  16  2  31.5
27  16  2  37.12
28  16  2  27.93
29  16  2  7.35
30  16  2  11.88
1  17  2  38.22
2  17  2  17.05
3  17  2  6.49
4  17  2  14.21
5  17  2  46.02
6  17  2  35.5
7  17  2  36.08
8  17  2  9
9  17  2  36.08
10  17  2  17.6
11  17  2  13.6
12  17  2  15.3
13  17  2  18.9
14  17  2  22.05
15  17  2  48.72
16  17  2  34.77
17  17  2  34.22
18  17  2  34.68
19  17  2  32.85
20  17  2  15.6
21  17  2  6.5
22  17  2  31.5
23  17  2  36.26
24  17  2  27.6
25  17  2  45.24
26  17  2  12.15
27  17  2  32.48
28  17  2  22.23
29  17  2  5.39
30  17  2  36.08
1  18  2  26.46
2  18  2  8.8
3  18  2  21.24
4  18  2  17.64
5  18  2  21.83
6  18  2  38
7  18  2  13.2
8  18  2  34
9  18  2  9.43
10  18  2  39.05
11  18  2  16.8
12  18  2  20.91
13  18  2  36.9
14  18  2  18.62
15  18  2  33.04
16  18  2  7.98
17  18  2  27.14
18  18  2  45.39
19  18  2  6.3
20  18  2  10.4
21  18  2  30
22  18  2  10.35
23  18  2  12.74
24  18  2  6.4
25  18  2  15.6
26  18  2  29.25
27  18  2  9.28
28  18  2  25.08
29  18  2  25.97
30  18  2  11.44
1  19  2  28.42
2  19  2  46.75
3  19  2  23.01
4  19  2  30.38
5  19  2  35.99
6  19  2  32
7  19  2  36.08
8  19  2  7
9  19  2  4.1
10  19  2  40.15
11  19  2  8.8
12  19  2  15.3
13  19  2  23.85
14  19  2  34.3
15  19  2  42.56
16  19  2  24.51
17  19  2  18.88
18  19  2  22.95
19  19  2  26.1
20  19  2  23.2
21  19  2  37
22  19  2  10.8
23  19  2  26.46
24  19  2  9.2
25  19  2  46.8
26  19  2  27.9
27  19  2  50.46
28  19  2  23.37
29  19  2  40.67
30  19  2  27.72
1  20  2  22.05
2  20  2  5.5
3  20  2  15.34
4  20  2  20.09
5  20  2  7.08
6  20  2  13.5
7  20  2  10.12
8  20  2  18
9  20  2  32.39
10  20  2  35.75
11  20  2  9.2
12  20  2  41.82
13  20  2  13.5
14  20  2  23.52
15  20  2  12.32
16  20  2  48.45
17  20  2  41.89
18  20  2  27.54
19  20  2  31.95
20  20  2  11.2
21  20  2  27.5
22  20  2  38.25
23  20  2  13.72
24  20  2  31.6
25  20  2  40.56
26  20  2  11.7
27  20  2  44.08
28  20  2  35.91
29  20  2  37.24
30  20  2  11.88
1  21  2  31.85
2  21  2  11
3  21  2  28.91
4  21  2  6.86
5  21  2  35.99
6  21  2  45
7  21  2  36.08
8  21  2  16.5
9  21  2  14.35
10  21  2  42.9
11  21  2  31.6
12  21  2  21.42
13  21  2  22.5
14  21  2  26.95
15  21  2  32.48
16  21  2  6.84
17  21  2  24.78
18  21  2  42.33
19  21  2  32.4
20  21  2  14
21  21  2  33.5
22  21  2  13.95
23  21  2  31.85
24  21  2  32.8
25  21  2  29.64
26  21  2  23.85
27  21  2  8.12
28  21  2  50.16
29  21  2  22.05
30  21  2  27.72
1  22  2  31.36
2  22  2  49.5
3  22  2  12.98
4  22  2  35.77
5  22  2  43.07
6  22  2  40
7  22  2  28.6
8  22  2  42
9  22  2  10.25
10  22  2  34.1
11  22  2  28.8
12  22  2  40.8
13  22  2  12.6
14  22  2  12.25
15  22  2  39.76
16  22  2  41.61
17  22  2  23.01
18  22  2  9.69
19  22  2  13.05
20  22  2  11.6
21  22  2  14
22  22  2  36
23  22  2  38.71
24  22  2  32.8
25  22  2  37.44
26  22  2  21.15
27  22  2  50.46
28  22  2  39.9
29  22  2  8.33
30  22  2  14.08
1  23  2  41.16
2  23  2  19.8
3  23  2  46.02
4  23  2  31.36
5  23  2  26.55
6  23  2  37.5
7  23  2  38.72
8  23  2  33
9  23  2  36.9
10  23  2  38.5
11  23  2  19.6
12  23  2  9.18
13  23  2  10.35
14  23  2  20.58
15  23  2  10.64
16  23  2  37.62
17  23  2  25.37
18  23  2  8.16
19  23  2  29.7
20  23  2  8.4
21  23  2  7.5
22  23  2  27
23  23  2  24.5
24  23  2  12.4
25  23  2  16.64
26  23  2  26.55
27  23  2  37.7
28  23  2  33.06
29  23  2  20.58
30  23  2  19.36
1  24  2  28.91
2  24  2  6.05
3  24  2  30.68
4  24  2  28.91
5  24  2  10.62
6  24  2  25
7  24  2  18.92
8  24  2  9
9  24  2  11.07
10  24  2  35.75
11  24  2  36
12  24  2  32.13
13  24  2  15.75
14  24  2  19.6
15  24  2  50.4
16  24  2  5.7
17  24  2  31.27
18  24  2  39.78
19  24  2  16.2
20  24  2  16
21  24  2  21
22  24  2  6.75
23  24  2  23.52
24  24  2  23.6
25  24  2  15.6
26  24  2  11.25
27  24  2  16.82
28  24  2  50.73
29  24  2  20.09
30  24  2  39.16
1  25  2  13.72
2  25  2  13.2
3  25  2  34.22
4  25  2  7.84
5  25  2  9.44
6  25  2  26
7  25  2  36.96
8  25  2  15
9  25  2  13.12
10  25  2  6.05
11  25  2  17.2
12  25  2  24.99
13  25  2  26.1
14  25  2  8.33
15  25  2  8.4
16  25  2  27.93
17  25  2  40.71
18  25  2  18.36
19  25  2  38.25
20  25  2  24
21  25  2  17.5
22  25  2  35.1
23  25  2  8.82
24  25  2  30.4
25  25  2  8.32
26  25  2  32.85
27  25  2  29.58
28  25  2  30.78
29  25  2  30.38
30  25  2  7.48
1  26  2  10.29
2  26  2  15.4
3  26  2  20.65
4  26  2  15.19
5  26  2  35.4
6  26  2  14
7  26  2  15.84
8  26  2  13.5
9  26  2  35.26
10  26  2  15.95
11  26  2  27.6
12  26  2  9.18
13  26  2  21.6
14  26  2  41.65
15  26  2  14.56
16  26  2  16.53
17  26  2  52.51
18  26  2  23.97
19  26  2  22.95
20  26  2  28.8
21  26  2  15
22  26  2  31.05
23  26  2  37.73
24  26  2  28
25  26  2  31.72
26  26  2  15.75
27  26  2  50.46
28  26  2  40.47
29  26  2  26.95
30  26  2  31.68
1  27  2  11.76
2  27  2  47.85
3  27  2  21.83
4  27  2  28.42
5  27  2  20.65
6  27  2  26
7  27  2  6.16
8  27  2  18
9  27  2  4.51
10  27  2  19.8
11  27  2  32.8
12  27  2  32.13
13  27  2  32.4
14  27  2  34.3
15  27  2  15.68
16  27  2  33.06
17  27  2  40.71
18  27  2  34.17
19  27  2  13.05
20  27  2  19.2
21  27  2  10
22  27  2  25.2
23  27  2  31.36
24  27  2  10.8
25  27  2  32.76
26  27  2  7.2
27  27  2  51.04
28  27  2  17.67
29  27  2  12.25
30  27  2  38.72
1  28  2  34.3
2  28  2  11
3  28  2  27.73
4  28  2  42.63
5  28  2  46.02
6  28  2  14
7  28  2  26.84
8  28  2  19
9  28  2  33.21
10  28  2  20.9
11  28  2  20
12  28  2  7.65
13  28  2  34.2
14  28  2  8.33
15  28  2  19.6
16  28  2  34.77
17  28  2  52.51
18  28  2  23.46
19  28  2  8.1
20  28  2  5.6
21  28  2  27
22  28  2  4.5
23  28  2  7.84
24  28  2  19.2
25  28  2  16.64
26  28  2  26.55
27  28  2  41.76
28  28  2  44.46
29  28  2  28.91
30  28  2  8.36
1  29  2  7.84
2  29  2  20.9
3  29  2  8.85
4  29  2  14.21
5  29  2  9.44
6  29  2  18
7  29  2  11
8  29  2  39
9  29  2  25.42
10  29  2  6.6
11  29  2  22.4
12  29  2  34.68
13  29  2  14.4
14  29  2  18.13
15  29  2  28.56
16  29  2  37.05
17  29  2  12.39
18  29  2  17.85
19  29  2  32.4
20  29  2  32.4
21  29  2  17.5
22  29  2  33.3
23  29  2  12.74
24  29  2  34
25  29  2  21.84
26  29  2  13.5
27  29  2  8.12
28  29  2  33.63
29  29  2  17.64
30  29  2  29.04
1  30  2  7.35
2  30  2  46.2
3  30  2  19.47
4  30  2  11.76
5  30  2  41.89
6  30  2  13.5
7  30  2  5.28
8  30  2  9
9  30  2  35.67
10  30  2  22.55
11  30  2  27.6
12  30  2  27.54
13  30  2  28.35
14  30  2  15.19
15  30  2  22.96
16  30  2  22.23
17  30  2  15.93
18  30  2  5.61
19  30  2  36.9
20  30  2  16
21  30  2  17
22  30  2  39.15
23  30  2  33.81
24  30  2  23.6
25  30  2  30.68
26  30  2  30.15
27  30  2  30.16
28  30  2  28.5
29  30  2  39.2
30  30  2  26.4
1  31  2  14.7
2  31  2  23.1
3  31  2  38.35
4  31  2  20.58
5  31  2  38.94
6  31  2  24
7  31  2  25.08
8  31  2  10.5
9  31  2  16.81
10  31  2  13.75
11  31  2  30.8
12  31  2  45.39
13  31  2  8.55
14  31  2  23.52
15  31  2  48.72
16  31  2  35.34
17  31  2  42.48
18  31  2  5.1
19  31  2  23.4
20  31  2  17.6
21  31  2  31.5
22  31  2  32.4
23  31  2  11.27
24  31  2  15.2
25  31  2  8.84
26  31  2  38.7
27  31  2  32.48
28  31  2  25.65
29  31  2  34.79
30  31  2  15.84
1  32  2  10.78
2  32  2  44.55
3  32  2  12.39
4  32  2  21.56
5  32  2  39.53
6  32  2  25
7  32  2  22.44
8  32  2  13
9  32  2  23.78
10  32  2  24.2
11  32  2  24.8
12  32  2  7.14
13  32  2  31.95
14  32  2  24.01
15  32  2  20.16
16  32  2  32.49
17  32  2  50.74
18  32  2  7.65
19  32  2  20.25
20  32  2  10.4
21  32  2  21.5
22  32  2  16.65
23  32  2  16.66
24  32  2  35.2
25  32  2  20.8
26  32  2  30.6
27  32  2  40.02
28  32  2  14.25
29  32  2  34.3
30  32  2  26.84
1  33  2  12.25
2  33  2  31.9
3  33  2  52.51
4  33  2  28.42
5  33  2  13.57
6  33  2  38.5
7  33  2  26.84
8  33  2  6.5
9  33  2  12.3
10  33  2  19.25
11  33  2  18.4
12  33  2  23.97
13  33  2  4.95
14  33  2  41.16
15  33  2  35.28
16  33  2  5.7
17  33  2  45.43
18  33  2  6.63
19  33  2  29.7
20  33  2  26.8
21  33  2  24.5
22  33  2  31.05
23  33  2  39.69
24  33  2  13.6
25  33  2  19.76
26  33  2  23.85
27  33  2  44.66
28  33  2  45.6
29  33  2  25.97
30  33  2  26.4
1  34  2  30.38
2  34  2  28.6
3  34  2  53.1
4  34  2  8.33
5  34  2  21.24
6  34  2  19
7  34  2  33.44
8  34  2  28
9  34  2  23.78
10  34  2  33.55
11  34  2  13.2
12  34  2  6.63
13  34  2  21.15
14  34  2  11.27
15  34  2  42
16  34  2  10.26
17  34  2  17.11
18  34  2  25.5
19  34  2  39.15
20  34  2  21.2
21  34  2  9
22  34  2  40.5
23  34  2  35.77
24  34  2  11.2
25  34  2  21.84
26  34  2  36.9
27  34  2  35.96
28  34  2  9.69
29  34  2  25.97
30  34  2  12.76
1  35  2  35.77
2  35  2  9.35
3  35  2  12.39
4  35  2  42.63
5  35  2  41.3
6  35  2  6.5
7  35  2  32.56
8  35  2  39
9  35  2  10.66
10  35  2  12.65
11  35  2  6.8
12  35  2  44.88
13  35  2  13.5
14  35  2  37.73
15  35  2  8.96
16  35  2  44.46
17  35  2  31.86
18  35  2  14.79
19  35  2  27
20  35  2  28.8
21  35  2  8.5
22  35  2  11.25
23  35  2  24.01
24  35  2  18.8
25  35  2  24.44
26  35  2  31.5
27  35  2  24.36
28  35  2  40.47
29  35  2  7.84
30  35  2  28.16
1  36  2  4.9
2  36  2  47.85
3  36  2  25.96
4  36  2  12.25
5  36  2  11.21
6  36  2  37.5
7  36  2  18.92
8  36  2  17.5
9  36  2  26.65
10  36  2  9.9
11  36  2  27.2
12  36  2  22.95
13  36  2  30.6
14  36  2  35.28
15  36  2  8.96
16  36  2  12.54
17  36  2  35.4
18  36  2  19.89
19  36  2  5.85
20  36  2  8.4
21  36  2  14.5
22  36  2  11.25
23  36  2  7.35
24  36  2  26.4
25  36  2  10.92
26  36  2  22.05
27  36  2  23.2
28  36  2  5.7
29  36  2  18.13
30  36  2  14.08
1  37  2  43.61
2  37  2  29.15
3  37  2  38.35
4  37  2  43.12
5  37  2  47.2
6  37  2  32.5
7  37  2  14.08
8  37  2  5.5
9  37  2  9.02
10  37  2  18.7
11  37  2  32.4
12  37  2  9.18
13  37  2  35.1
14  37  2  25.97
15  37  2  7.84
16  37  2  10.83
17  37  2  51.33
18  37  2  40.29
19  37  2  32.85
20  37  2  12.4
21  37  2  33.5
22  37  2  20.7
23  37  2  23.52
24  37  2  6.8
25  37  2  20.28
26  37  2  25.2
27  37  2  8.12
28  37  2  9.12
29  37  2  32.34
30  37  2  37.4
1  38  2  4.9
2  38  2  41.25
3  38  2  34.22
4  38  2  19.11
5  38  2  31.86
6  38  2  38
7  38  2  27.72
8  38  2  22
9  38  2  14.76
10  38  2  19.25
11  38  2  24.8
12  38  2  29.07
13  38  2  6.75
14  38  2  10.29
15  38  2  22.4
16  38  2  29.64
17  38  2  51.33
18  38  2  42.84
19  38  2  26.1
20  38  2  20.4
21  38  2  37.5
22  38  2  5.4
23  38  2  28.91
24  38  2  4.8
25  38  2  9.88
26  38  2  36.9
27  38  2  24.36
28  38  2  11.4
29  38  2  15.68
30  38  2  29.48
1  39  2  36.75
2  39  2  29.15
3  39  2  48.97
4  39  2  43.61
5  39  2  47.2
6  39  2  10
7  39  2  22.88
8  39  2  32.5
9  39  2  29.52
10  39  2  6.6
11  39  2  20.8
12  39  2  7.14
13  39  2  28.8
14  39  2  28.42
15  39  2  33.6
16  39  2  24.51
17  39  2  15.34
18  39  2  43.86
19  39  2  21.15
20  39  2  16.4
21  39  2  34
22  39  2  16.2
23  39  2  24.01
24  39  2  20.8
25  39  2  22.88
26  39  2  5.85
27  39  2  15.08
28  39  2  48.45
29  39  2  10.29
30  39  2  21.12
1  40  2  8.82
2  40  2  36.3
3  40  2  13.57
4  40  2  10.29
5  40  2  51.92
6  40  2  7
7  40  2  5.72
8  40  2  10.5
9  40  2  15.17
10  40  2  17.05
11  40  2  10
12  40  2  41.82
13  40  2  28.8
14  40  2  40.18
15  40  2  43.12
16  40  2  37.05
17  40  2  19.47
18  40  2  5.1
19  40  2  13.05
20  40  2  8
21  40  2  6.5
22  40  2  16.2
23  40  2  37.24
24  40  2  32.4
25  40  2  11.96
26  40  2  9
27  40  2  43.5
28  40  2  41.04
29  40  2  28.91
30  40  2  18.92
1  41  2  41.16
2  41  2  48.95
3  41  2  22.42
4  41  2  14.7
5  41  2  35.4
6  41  2  39
7  41  2  28.16
8  41  2  14.5
9  41  2  6.15
10  41  2  19.8
11  41  2  12
12  41  2  16.32
13  41  2  5.85
14  41  2  13.72
15  41  2  22.96
16  41  2  38.19
17  41  2  33.04
18  41  2  43.35
19  41  2  21.6
20  41  2  7.2
21  41  2  9
22  41  2  25.2
23  41  2  6.37
24  41  2  7.2
25  41  2  18.72
26  41  2  8.1
27  41  2  13.92
28  41  2  30.78
29  41  2  26.46
30  41  2  31.24
1  42  2  5.88
2  42  2  9.35
3  42  2  28.32
4  42  2  11.76
5  42  2  18.88
6  42  2  36.5
7  42  2  14.08
8  42  2  13
9  42  2  28.29
10  42  2  48.4
11  42  2  21.6
12  42  2  24.48
13  42  2  20.7
14  42  2  28.42
15  42  2  28.56
16  42  2  50.16
17  42  2  29.5
18  42  2  16.32
19  42  2  31.5
20  42  2  7.6
21  42  2  45
22  42  2  19.35
23  42  2  16.66
24  42  2  28.4
25  42  2  15.6
26  42  2  21.6
27  42  2  23.2
28  42  2  42.18
29  42  2  8.33
30  42  2  14.96
1  43  2  28.91
2  43  2  47.3
3  43  2  22.42
4  43  2  21.07
5  43  2  5.9
6  43  2  45
7  43  2  17.16
8  43  2  15.5
9  43  2  23.78
10  43  2  24.2
11  43  2  14.4
12  43  2  34.68
13  43  2  8.55
14  43  2  32.34
15  43  2  17.92
16  43  2  23.94
17  43  2  7.67
18  43  2  8.67
19  43  2  17.1
20  43  2  34.4
21  43  2  38.5
22  43  2  28.8
23  43  2  4.9
24  43  2  31.2
25  43  2  15.6
26  43  2  35.1
27  43  2  17.98
28  43  2  31.35
29  43  2  31.85
30  43  2  37.84
1  44  2  33.32
2  44  2  7.15
3  44  2  33.04
4  44  2  24.01
5  44  2  51.33
6  44  2  6
7  44  2  33
8  44  2  30.5
9  44  2  5.33
10  44  2  37.95
11  44  2  9.2
12  44  2  27.54
13  44  2  20.7
14  44  2  5.88
15  44  2  22.96
16  44  2  29.64
17  44  2  15.93
18  44  2  38.76
19  44  2  37.35
20  44  2  14.4
21  44  2  39.5
22  44  2  19.8
23  44  2  37.73
24  44  2  6.8
25  44  2  27.04
26  44  2  31.05
27  44  2  6.38
28  44  2  47.31
29  44  2  17.15
30  44  2  21.56
1  45  2  7.84
2  45  2  47.3
3  45  2  32.45
4  45  2  36.26
5  45  2  38.94
6  45  2  35.5
7  45  2  37.84
8  45  2  17
9  45  2  30.34
10  45  2  13.75
11  45  2  33.2
12  45  2  13.26
13  45  2  37.35
14  45  2  17.64
15  45  2  41.44
16  45  2  38.19
17  45  2  19.47
18  45  2  31.11
19  45  2  27.9
20  45  2  5.2
21  45  2  14.5
22  45  2  38.7
23  45  2  41.16
24  45  2  14
25  45  2  35.88
26  45  2  27
27  45  2  33.06
28  45  2  44.46
29  45  2  41.16
30  45  2  28.6
1  46  2  33.32
2  46  2  13.75
3  46  2  51.33
4  46  2  27.44
5  46  2  12.98
6  46  2  11.5
7  46  2  18.04
8  46  2  20
9  46  2  30.34
10  46  2  15.95
11  46  2  30.8
12  46  2  24.99
13  46  2  4.95
14  46  2  28.42
15  46  2  10.08
16  46  2  46.17
17  46  2  7.67
18  46  2  28.56
19  46  2  23.4
20  46  2  16.8
21  46  2  45
22  46  2  22.05
23  46  2  42.14
24  46  2  9.2
25  46  2  9.36
26  46  2  40.5
27  46  2  16.24
28  46  2  43.89
29  46  2  35.77
30  46  2  15.84
1  47  2  41.16
2  47  2  14.3
3  47  2  28.91
4  47  2  23.52
5  47  2  35.99
6  47  2  17
7  47  2  39.16
8  47  2  29
9  47  2  34.44
10  47  2  31.35
11  47  2  25.6
12  47  2  32.13
13  47  2  37.35
14  47  2  26.95
15  47  2  12.32
16  47  2  51.3
17  47  2  35.99
18  47  2  5.1
19  47  2  25.65
20  47  2  35.6
21  47  2  20.5
22  47  2  31.5
23  47  2  17.15
24  47  2  31.2
25  47  2  36.4
26  47  2  36
27  47  2  36.54
28  47  2  14.82
29  47  2  25.97
30  47  2  18.04
1  48  2  32.34
2  48  2  20.35
3  48  2  28.32
4  48  2  25.97
5  48  2  15.34
6  48  2  19.5
7  48  2  7.92
8  48  2  14
9  48  2  22.55
10  48  2  33.55
11  48  2  18.8
12  48  2  9.69
13  48  2  15.3
14  48  2  15.19
15  48  2  7.84
16  48  2  25.08
17  48  2  22.42
18  48  2  17.34
19  48  2  26.1
20  48  2  11.6
21  48  2  31
22  48  2  10.35
23  48  2  35.77
24  48  2  19.6
25  48  2  30.16
26  48  2  6.75
27  48  2  7.54
28  48  2  35.34
29  48  2  20.58
30  48  2  22.88
1  49  2  39.69
2  49  2  6.05
3  49  2  32.45
4  49  2  6.37
5  49  2  50.15
6  49  2  22
7  49  2  36.96
8  49  2  27
9  49  2  8.61
10  49  2  24.2
11  49  2  5.6
12  49  2  13.77
13  49  2  35.1
14  49  2  14.21
15  49  2  25.2
16  49  2  21.09
17  49  2  32.45
18  49  2  41.31
19  49  2  27.45
20  49  2  4
21  49  2  39.5
22  49  2  15.3
23  49  2  30.38
24  49  2  26.4
25  49  2  15.6
26  49  2  10.8
27  49  2  13.34
28  49  2  8.55
29  49  2  36.75
30  49  2  9.68
1  50  2  28.42
2  50  2  21.45
3  50  2  38.94
4  50  2  23.03
5  50  2  16.52
6  50  2  41.5
7  50  2  4.4
8  50  2  18
9  50  2  15.17
10  50  2  33.55
11  50  2  5.2
12  50  2  22.95
13  50  2  6.75
14  50  2  17.64
15  50  2  49.84
16  50  2  13.68
17  50  2  15.93
18  50  2  22.95
19  50  2  9
20  50  2  25.6
21  50  2  21.5
22  50  2  31.05
23  50  2  30.38
24  50  2  20
25  50  2  7.8
26  50  2  31.5
27  50  2  30.74
28  50  2  46.74
29  50  2  11.27
30  50  2  22.44
;

param xi_base :=
1  1  24
2  1  89
3  1  49
4  1  82
5  1  68
6  1  22
7  1  71
8  1  76
9  1  67
10  1  56
11  1  81
12  1  31
13  1  65
14  1  29
15  1  81
16  1  17
17  1  40
18  1  87
19  1  28
20  1  32
21  1  31
22  1  55
23  1  70
24  1  20
25  1  33
26  1  60
27  1  10
28  1  59
29  1  66
30  1  70
1  2  90
2  2  75
3  2  24
4  2  32
5  2  58
6  2  89
7  2  63
8  2  80
9  2  24
10  2  27
11  2  63
12  2  22
13  2  46
14  2  38
15  2  47
16  2  76
17  2  67
18  2  55
19  2  69
20  2  78
21  2  55
22  2  51
23  2  88
24  2  83
25  2  60
26  2  15
27  2  70
28  2  54
29  2  26
30  2  33
1  3  36
2  3  88
3  3  77
4  3  66
5  3  88
6  3  87
7  3  78
8  3  73
9  3  83
10  3  70
11  3  40
12  3  62
13  3  85
14  3  46
15  3  13
16  3  60
17  3  60
18  3  61
19  3  23
20  3  25
21  3  71
22  3  31
23  3  15
24  3  76
25  3  61
26  3  20
27  3  67
28  3  15
29  3  61
30  3  29
1  4  19
2  4  45
3  4  12
4  4  60
5  4  63
6  4  79
7  4  15
8  4  83
9  4  14
10  4  65
11  4  34
12  4  25
13  4  72
14  4  20
15  4  60
16  4  49
17  4  34
18  4  10
19  4  55
20  4  35
21  4  23
22  4  76
23  4  77
24  4  29
25  4  72
26  4  74
27  4  35
28  4  17
29  4  11
30  4  31
1  5  72
2  5  66
3  5  64
4  5  33
5  5  22
6  5  45
7  5  10
8  5  38
9  5  74
10  5  52
11  5  34
12  5  73
13  5  10
14  5  52
15  5  85
16  5  47
17  5  65
18  5  50
19  5  63
20  5  72
21  5  86
22  5  46
23  5  59
24  5  21
25  5  61
26  5  49
27  5  88
28  5  74
29  5  75
30  5  39
1  6  87
2  6  59
3  6  68
4  6  83
5  6  20
6  6  48
7  6  15
8  6  80
9  6  10
10  6  61
11  6  81
12  6  28
13  6  85
14  6  78
15  6  61
16  6  53
17  6  31
18  6  35
19  6  13
20  6  52
21  6  45
22  6  41
23  6  40
24  6  74
25  6  66
26  6  14
27  6  58
28  6  33
29  6  11
30  6  82
1  7  41
2  7  41
3  7  14
4  7  73
5  7  83
6  7  76
7  7  16
8  7  59
9  7  15
10  7  86
11  7  22
12  7  47
13  7  18
14  7  64
15  7  67
16  7  39
17  7  13
18  7  64
19  7  23
20  7  39
21  7  14
22  7  73
23  7  77
24  7  83
25  7  23
26  7  64
27  7  46
28  7  25
29  7  78
30  7  78
1  8  64
2  8  20
3  8  59
4  8  85
5  8  84
6  8  44
7  8  82
8  8  90
9  8  38
10  8  12
11  8  83
12  8  31
13  8  43
14  8  85
15  8  12
16  8  65
17  8  27
18  8  20
19  8  21
20  8  83
21  8  42
22  8  39
23  8  32
24  8  64
25  8  88
26  8  14
27  8  75
28  8  24
29  8  22
30  8  51
1  9  34
2  9  62
3  9  10
4  9  82
5  9  21
6  9  10
7  9  34
8  9  32
9  9  42
10  9  39
11  9  51
12  9  72
13  9  15
14  9  46
15  9  47
16  9  85
17  9  59
18  9  11
19  9  67
20  9  15
21  9  79
22  9  15
23  9  17
24  9  38
25  9  63
26  9  74
27  9  44
28  9  24
29  9  67
30  9  18
1  10  28
2  10  55
3  10  62
4  10  37
5  10  13
6  10  16
7  10  19
8  10  33
9  10  45
10  10  47
11  10  37
12  10  77
13  10  68
14  10  25
15  10  33
16  10  49
17  10  30
18  10  53
19  10  79
20  10  72
21  10  14
22  10  29
23  10  57
24  10  80
25  10  29
26  10  60
27  10  27
28  10  73
29  10  40
30  10  58
1  11  78
2  11  33
3  11  45
4  11  60
5  11  30
6  11  46
7  11  22
8  11  80
9  11  25
10  11  30
11  11  14
12  11  34
13  11  86
14  11  43
15  11  88
16  11  56
17  11  37
18  11  44
19  11  48
20  11  30
21  11  13
22  11  55
23  11  70
24  11  56
25  11  27
26  11  44
27  11  38
28  11  52
29  11  56
30  11  55
1  12  41
2  12  13
3  12  59
4  12  47
5  12  86
6  12  87
7  12  71
8  12  36
9  12  14
10  12  37
11  12  78
12  12  42
13  12  64
14  12  18
15  12  43
16  12  33
17  12  47
18  12  65
19  12  49
20  12  79
21  12  34
22  12  17
23  12  30
24  12  27
25  12  89
26  12  21
27  12  58
28  12  72
29  12  87
30  12  10
1  13  60
2  13  67
3  13  22
4  13  19
5  13  42
6  13  33
7  13  42
8  13  26
9  13  85
10  13  82
11  13  84
12  13  85
13  13  47
14  13  21
15  13  13
16  13  62
17  13  35
18  13  89
19  13  51
20  13  37
21  13  45
22  13  55
23  13  41
24  13  30
25  13  69
26  13  60
27  13  61
28  13  44
29  13  60
30  13  51
1  14  76
2  14  20
3  14  21
4  14  85
5  14  41
6  14  36
7  14  60
8  14  47
9  14  58
10  14  79
11  14  86
12  14  26
13  14  22
14  14  19
15  14  60
16  14  82
17  14  39
18  14  37
19  14  38
20  14  84
21  14  43
22  14  20
23  14  55
24  14  13
25  14  48
26  14  77
27  14  28
28  14  75
29  14  15
30  14  31
1  15  87
2  15  82
3  15  89
4  15  52
5  15  71
6  15  68
7  15  16
8  15  57
9  15  87
10  15  56
11  15  34
12  15  72
13  15  16
14  15  74
15  15  47
16  15  74
17  15  43
18  15  41
19  15  25
20  15  40
21  15  46
22  15  70
23  15  88
24  15  39
25  15  62
26  15  18
27  15  11
28  15  85
29  15  26
30  15  47
1  16  50
2  16  14
3  16  69
4  16  83
5  16  22
6  16  21
7  16  67
8  16  10
9  16  53
10  16  12
11  16  39
12  16  60
13  16  47
14  16  84
15  16  28
16  16  10
17  16  87
18  16  70
19  16  35
20  16  84
21  16  25
22  16  59
23  16  85
24  16  63
25  16  28
26  16  70
27  16  64
28  16  49
29  16  15
30  16  27
1  17  78
2  17  31
3  17  11
4  17  29
5  17  78
6  17  71
7  17  82
8  17  18
9  17  88
10  17  32
11  17  34
12  17  30
13  17  42
14  17  45
15  17  87
16  17  61
17  17  58
18  17  68
19  17  73
20  17  39
21  17  13
22  17  70
23  17  74
24  17  69
25  17  87
26  17  27
27  17  56
28  17  39
29  17  11
30  17  82
1  18  54
2  18  16
3  18  36
4  18  36
5  18  37
6  18  76
7  18  30
8  18  68
9  18  23
10  18  71
11  18  42
12  18  41
13  18  82
14  18  38
15  18  59
16  18  14
17  18  46
18  18  89
19  18  14
20  18  26
21  18  60
22  18  23
23  18  26
24  18  16
25  18  30
26  18  65
27  18  16
28  18  44
29  18  53
30  18  26
1  19  58
2  19  85
3  19  39
4  19  62
5  19  61
6  19  64
7  19  82
8  19  14
9  19  10
10  19  73
11  19  22
12  19  30
13  19  53
14  19  70
15  19  76
16  19  43
17  19  32
18  19  45
19  19  58
20  19  58
21  19  74
22  19  24
23  19  54
24  19  23
25  19  90
26  19  62
27  19  87
28  19  41
29  19  83
30  19  63
1  20  45
2  20  10
3  20  26
4  20  41
5  20  12
6  20  27
7  20  23
8  20  36
9  20  79
10  20  65
11  20  23
12  20  82
13  20  30
14  20  48
15  20  22
16  20  85
17  20  71
18  20  54
19  20  71
20  20  28
21  20  55
22  20  85
23  20  28
24  20  79
25  20  78
26  20  26
27  20  76
28  20  63
29  20  76
30  20  27
1  21  65
2  21  20
3  21  49
4  21  14
5  21  61
6  21  90
7  21  82
8  21  33
9  21  35
10  21  78
11  21  79
12  21  42
13  21  50
14  21  55
15  21  58
16  21  12
17  21  42
18  21  83
19  21  72
20  21  35
21  21  67
22  21  31
23  21  65
24  21  82
25  21  57
26  21  53
27  21  14
28  21  88
29  21  45
30  21  63
1  22  64
2  22  90
3  22  22
4  22  73
5  22  73
6  22  80
7  22  65
8  22  84
9  22  25
10  22  62
11  22  72
12  22  80
13  22  28
14  22  25
15  22  71
16  22  73
17  22  39
18  22  19
19  22  29
20  22  29
21  22  28
22  22  80
23  22  79
24  22  82
25  22  72
26  22  47
27  22  87
28  22  70
29  22  17
30  22  32
1  23  84
2  23  36
3  23  78
4  23  64
5  23  45
6  23  75
7  23  88
8  23  66
9  23  90
10  23  70
11  23  49
12  23  18
13  23  23
14  23  42
15  23  19
16  23  66
17  23  43
18  23  16
19  23  66
20  23  21
21  23  15
22  23  60
23  23  50
24  23  31
25  23  32
26  23  59
27  23  65
28  23  58
29  23  42
30  23  44
1  24  59
2  24  11
3  24  52
4  24  59
5  24  18
6  24  50
7  24  43
8  24  18
9  24  27
10  24  65
11  24  90
12  24  63
13  24  35
14  24  40
15  24  90
16  24  10
17  24  53
18  24  78
19  24  36
20  24  40
21  24  42
22  24  15
23  24  48
24  24  59
25  24  30
26  24  25
27  24  29
28  24  89
29  24  41
30  24  89
1  25  28
2  25  24
3  25  58
4  25  16
5  25  16
6  25  52
7  25  84
8  25  30
9  25  32
10  25  11
11  25  43
12  25  49
13  25  58
14  25  17
15  25  15
16  25  49
17  25  69
18  25  36
19  25  85
20  25  60
21  25  35
22  25  78
23  25  18
24  25  76
25  25  16
26  25  73
27  25  51
28  25  54
29  25  62
30  25  17
1  26  21
2  26  28
3  26  35
4  26  31
5  26  60
6  26  28
7  26  36
8  26  27
9  26  86
10  26  29
11  26  69
12  26  18
13  26  48
14  26  85
15  26  26
16  26  29
17  26  89
18  26  47
19  26  51
20  26  72
21  26  30
22  26  69
23  26  77
24  26  70
25  26  61
26  26  35
27  26  87
28  26  71
29  26  55
30  26  72
1  27  24
2  27  87
3  27  37
4  27  58
5  27  35
6  27  52
7  27  14
8  27  36
9  27  11
10  27  36
11  27  82
12  27  63
13  27  72
14  27  70
15  27  28
16  27  58
17  27  69
18  27  67
19  27  29
20  27  48
21  27  20
22  27  56
23  27  64
24  27  27
25  27  63
26  27  16
27  27  88
28  27  31
29  27  25
30  27  88
1  28  70
2  28  20
3  28  47
4  28  87
5  28  78
6  28  28
7  28  61
8  28  38
9  28  81
10  28  38
11  28  50
12  28  15
13  28  76
14  28  17
15  28  35
16  28  61
17  28  89
18  28  46
19  28  18
20  28  14
21  28  54
22  28  10
23  28  16
24  28  48
25  28  32
26  28  59
27  28  72
28  28  78
29  28  59
30  28  19
1  29  16
2  29  38
3  29  15
4  29  29
5  29  16
6  29  36
7  29  25
8  29  78
9  29  62
10  29  12
11  29  56
12  29  68
13  29  32
14  29  37
15  29  51
16  29  65
17  29  21
18  29  35
19  29  72
20  29  81
21  29  35
22  29  74
23  29  26
24  29  85
25  29  42
26  29  30
27  29  14
28  29  59
29  29  36
30  29  66
1  30  15
2  30  84
3  30  33
4  30  24
5  30  71
6  30  27
7  30  12
8  30  18
9  30  87
10  30  41
11  30  69
12  30  54
13  30  63
14  30  31
15  30  41
16  30  39
17  30  27
18  30  11
19  30  82
20  30  40
21  30  34
22  30  87
23  30  69
24  30  59
25  30  59
26  30  67
27  30  52
28  30  50
29  30  80
30  30  60
1  31  30
2  31  42
3  31  65
4  31  42
5  31  66
6  31  48
7  31  57
8  31  21
9  31  41
10  31  25
11  31  77
12  31  89
13  31  19
14  31  48
15  31  87
16  31  62
17  31  72
18  31  10
19  31  52
20  31  44
21  31  63
22  31  72
23  31  23
24  31  38
25  31  17
26  31  86
27  31  56
28  31  45
29  31  71
30  31  36
1  32  22
2  32  81
3  32  21
4  32  44
5  32  67
6  32  50
7  32  51
8  32  26
9  32  58
10  32  44
11  32  62
12  32  14
13  32  71
14  32  49
15  32  36
16  32  57
17  32  86
18  32  15
19  32  45
20  32  26
21  32  43
22  32  37
23  32  34
24  32  88
25  32  40
26  32  68
27  32  69
28  32  25
29  32  70
30  32  61
1  33  25
2  33  58
3  33  89
4  33  58
5  33  23
6  33  77
7  33  61
8  33  13
9  33  30
10  33  35
11  33  46
12  33  47
13  33  11
14  33  84
15  33  63
16  33  10
17  33  77
18  33  13
19  33  66
20  33  67
21  33  49
22  33  69
23  33  81
24  33  34
25  33  38
26  33  53
27  33  77
28  33  80
29  33  53
30  33  60
1  34  62
2  34  52
3  34  90
4  34  17
5  34  36
6  34  38
7  34  76
8  34  56
9  34  58
10  34  61
11  34  33
12  34  13
13  34  47
14  34  23
15  34  75
16  34  18
17  34  29
18  34  50
19  34  87
20  34  53
21  34  18
22  34  90
23  34  73
24  34  28
25  34  42
26  34  82
27  34  62
28  34  17
29  34  53
30  34  29
1  35  73
2  35  17
3  35  21
4  35  87
5  35  70
6  35  13
7  35  74
8  35  78
9  35  26
10  35  23
11  35  17
12  35  88
13  35  30
14  35  77
15  35  16
16  35  78
17  35  54
18  35  29
19  35  60
20  35  72
21  35  17
22  35  25
23  35  49
24  35  47
25  35  47
26  35  70
27  35  42
28  35  71
29  35  16
30  35  64
1  36  10
2  36  87
3  36  44
4  36  25
5  36  19
6  36  75
7  36  43
8  36  35
9  36  65
10  36  18
11  36  68
12  36  45
13  36  68
14  36  72
15  36  16
16  36  22
17  36  60
18  36  39
19  36  13
20  36  21
21  36  29
22  36  25
23  36  15
24  36  66
25  36  21
26  36  49
27  36  40
28  36  10
29  36  37
30  36  32
1  37  89
2  37  53
3  37  65
4  37  88
5  37  80
6  37  65
7  37  32
8  37  11
9  37  22
10  37  34
11  37  81
12  37  18
13  37  78
14  37  53
15  37  14
16  37  19
17  37  87
18  37  79
19  37  73
20  37  31
21  37  67
22  37  46
23  37  48
24  37  17
25  37  39
26  37  56
27  37  14
28  37  16
29  37  66
30  37  85
1  38  10
2  38  75
3  38  58
4  38  39
5  38  54
6  38  76
7  38  63
8  38  44
9  38  36
10  38  35
11  38  62
12  38  57
13  38  15
14  38  21
15  38  40
16  38  52
17  38  87
18  38  84
19  38  58
20  38  51
21  38  75
22  38  12
23  38  59
24  38  12
25  38  19
26  38  82
27  38  42
28  38  20
29  38  32
30  38  67
1  39  75
2  39  53
3  39  83
4  39  89
5  39  80
6  39  20
7  39  52
8  39  65
9  39  72
10  39  12
11  39  52
12  39  14
13  39  64
14  39  58
15  39  60
16  39  43
17  39  26
18  39  86
19  39  47
20  39  41
21  39  68
22  39  36
23  39  49
24  39  52
25  39  44
26  39  13
27  39  26
28  39  85
29  39  21
30  39  48
1  40  18
2  40  66
3  40  23
4  40  21
5  40  88
6  40  14
7  40  13
8  40  21
9  40  37
10  40  31
11  40  25
12  40  82
13  40  64
14  40  82
15  40  77
16  40  65
17  40  33
18  40  10
19  40  29
20  40  20
21  40  13
22  40  36
23  40  76
24  40  81
25  40  23
26  40  20
27  40  75
28  40  72
29  40  59
30  40  43
1  41  84
2  41  89
3  41  38
4  41  30
5  41  60
6  41  78
7  41  64
8  41  29
9  41  15
10  41  36
11  41  30
12  41  32
13  41  13
14  41  28
15  41  41
16  41  67
17  41  56
18  41  85
19  41  48
20  41  18
21  41  18
22  41  56
23  41  13
24  41  18
25  41  36
26  41  18
27  41  24
28  41  54
29  41  54
30  41  71
1  42  12
2  42  17
3  42  48
4  42  24
5  42  32
6  42  73
7  42  32
8  42  26
9  42  69
10  42  88
11  42  54
12  42  48
13  42  46
14  42  58
15  42  51
16  42  88
17  42  50
18  42  32
19  42  70
20  42  19
21  42  90
22  42  43
23  42  34
24  42  71
25  42  30
26  42  48
27  42  40
28  42  74
29  42  17
30  42  34
1  43  59
2  43  86
3  43  38
4  43  43
5  43  10
6  43  90
7  43  39
8  43  31
9  43  58
10  43  44
11  43  36
12  43  68
13  43  19
14  43  66
15  43  32
16  43  42
17  43  13
18  43  17
19  43  38
20  43  86
21  43  77
22  43  64
23  43  10
24  43  78
25  43  30
26  43  78
27  43  31
28  43  55
29  43  65
30  43  86
1  44  68
2  44  13
3  44  56
4  44  49
5  44  87
6  44  12
7  44  75
8  44  61
9  44  13
10  44  69
11  44  23
12  44  54
13  44  46
14  44  12
15  44  41
16  44  52
17  44  27
18  44  76
19  44  83
20  44  36
21  44  79
22  44  44
23  44  77
24  44  17
25  44  52
26  44  69
27  44  11
28  44  83
29  44  35
30  44  49
1  45  16
2  45  86
3  45  55
4  45  74
5  45  66
6  45  71
7  45  86
8  45  34
9  45  74
10  45  25
11  45  83
12  45  26
13  45  83
14  45  36
15  45  74
16  45  67
17  45  33
18  45  61
19  45  62
20  45  13
21  45  29
22  45  86
23  45  84
24  45  35
25  45  69
26  45  60
27  45  57
28  45  78
29  45  84
30  45  65
1  46  68
2  46  25
3  46  87
4  46  56
5  46  22
6  46  23
7  46  41
8  46  40
9  46  74
10  46  29
11  46  77
12  46  49
13  46  11
14  46  58
15  46  18
16  46  81
17  46  13
18  46  56
19  46  52
20  46  42
21  46  90
22  46  49
23  46  86
24  46  23
25  46  18
26  46  90
27  46  28
28  46  77
29  46  73
30  46  36
1  47  84
2  47  26
3  47  49
4  47  48
5  47  61
6  47  34
7  47  89
8  47  58
9  47  84
10  47  57
11  47  64
12  47  63
13  47  83
14  47  55
15  47  22
16  47  90
17  47  61
18  47  10
19  47  57
20  47  89
21  47  41
22  47  70
23  47  35
24  47  78
25  47  70
26  47  80
27  47  63
28  47  26
29  47  53
30  47  41
1  48  66
2  48  37
3  48  48
4  48  53
5  48  26
6  48  39
7  48  18
8  48  28
9  48  55
10  48  61
11  48  47
12  48  19
13  48  34
14  48  31
15  48  14
16  48  44
17  48  38
18  48  34
19  48  58
20  48  29
21  48  62
22  48  23
23  48  73
24  48  49
25  48  58
26  48  15
27  48  13
28  48  62
29  48  42
30  48  52
1  49  81
2  49  11
3  49  55
4  49  13
5  49  85
6  49  44
7  49  84
8  49  54
9  49  21
10  49  44
11  49  14
12  49  27
13  49  78
14  49  29
15  49  45
16  49  37
17  49  55
18  49  81
19  49  61
20  49  10
21  49  79
22  49  34
23  49  62
24  49  66
25  49  30
26  49  24
27  49  23
28  49  15
29  49  75
30  49  22
1  50  58
2  50  39
3  50  66
4  50  47
5  50  28
6  50  83
7  50  10
8  50  36
9  50  37
10  50  61
11  50  13
12  50  45
13  50  15
14  50  36
15  50  89
16  50  24
17  50  27
18  50  45
19  50  20
20  50  64
21  50  43
22  50  69
23  50  62
24  50  50
25  50  15
26  50  70
27  50  53
28  50  82
29  50  23
30  50  51
;

param a :=
1  1  1
2  1  0.49
1  2  1
2  2  0.55
1  3  1
2  3  0.59
1  4  1
2  4  0.49
1  5  1
2  5  0.59
1  6  1
2  6  0.5
1  7  1
2  7  0.44
1  8  1
2  8  0.5
1  9  1
2  9  0.41
1  10  1
2  10  0.55
1  11  1
2  11  0.4
1  12  1
2  12  0.51
1  13  1
2  13  0.45
1  14  1
2  14  0.49
1  15  1
2  15  0.56
1  16  1
2  16  0.57
1  17  1
2  17  0.59
1  18  1
2  18  0.51
1  19  1
2  19  0.45
1  20  1
2  20  0.4
1  21  1
2  21  0.5
1  22  1
2  22  0.45
1  23  1
2  23  0.49
1  24  1
2  24  0.4
1  25  1
2  25  0.52
1  26  1
2  26  0.45
1  27  1
2  27  0.58
1  28  1
2  28  0.57
1  29  1
2  29  0.49
1  30  1
2  30  0.44
;

