param com_measure1 := 1;

param com_measure2 := 1;

param kappa_max := 779.44;

param U_tau := 535.3626;

param nT := 2;

param nS := 100;

param nL := 20;

param B := 992.19;

param w :=
1  3
2  1
3  1
4  1
5  1
6  1
7  3
8  2
9  1
10  1
11  2
12  1
13  2
14  2
15  1
16  2
17  1
18  2
19  1
20  1
;

param h :=
1  1  0
1  2  0
1  3  0
1  4  0
1  5  0
1  6  0
1  7  0
1  8  0
1  9  0
1  10  0
1  11  0
1  12  0
1  13  0
1  14  0
1  15  0
1  16  0
1  17  0
1  18  0
1  19  0
1  20  0
2  1  101.96
2  2  105.08
2  3  82.49
2  4  92.63
2  5  99.62
2  6  91.12
2  7  104.08
2  8  94.16
2  9  101.02
2  10  96.30
2  11  110.31
2  12  120.76
2  13  112.14
2  14  118.69
2  15  97.68
2  16  95.22
2  17  84.60
2  18  89.25
2  19  110.66
2  20  76.62
;

param xi :=
1  1  1  34
2  1  1  49
3  1  1  78
4  1  1  52
5  1  1  83
6  1  1  71
7  1  1  56
8  1  1  89
9  1  1  83
10  1  1  68
11  1  1  44
12  1  1  20
13  1  1  65
14  1  1  38
15  1  1  16
16  1  1  73
17  1  1  59
18  1  1  29
19  1  1  60
20  1  1  18
1  2  1  18
2  2  1  25
3  2  1  82
4  2  1  77
5  2  1  35
6  2  1  70
7  2  1  59
8  2  1  11
9  2  1  47
10  2  1  18
11  2  1  53
12  2  1  86
13  2  1  87
14  2  1  86
15  2  1  26
16  2  1  10
17  2  1  45
18  2  1  69
19  2  1  83
20  2  1  53
1  3  1  62
2  3  1  79
3  3  1  30
4  3  1  45
5  3  1  10
6  3  1  65
7  3  1  59
8  3  1  73
9  3  1  72
10  3  1  11
11  3  1  11
12  3  1  71
13  3  1  80
14  3  1  20
15  3  1  84
16  3  1  30
17  3  1  14
18  3  1  35
19  3  1  26
20  3  1  79
1  4  1  33
2  4  1  12
3  4  1  41
4  4  1  42
5  4  1  89
6  4  1  76
7  4  1  62
8  4  1  56
9  4  1  57
10  4  1  82
11  4  1  17
12  4  1  25
13  4  1  54
14  4  1  77
15  4  1  29
16  4  1  45
17  4  1  53
18  4  1  55
19  4  1  52
20  4  1  82
1  5  1  88
2  5  1  27
3  5  1  10
4  5  1  67
5  5  1  40
6  5  1  24
7  5  1  70
8  5  1  63
9  5  1  32
10  5  1  58
11  5  1  54
12  5  1  24
13  5  1  78
14  5  1  27
15  5  1  38
16  5  1  80
17  5  1  70
18  5  1  40
19  5  1  22
20  5  1  33
1  6  1  19
2  6  1  87
3  6  1  55
4  6  1  62
5  6  1  84
6  6  1  65
7  6  1  88
8  6  1  75
9  6  1  49
10  6  1  61
11  6  1  89
12  6  1  83
13  6  1  26
14  6  1  66
15  6  1  12
16  6  1  11
17  6  1  58
18  6  1  71
19  6  1  33
20  6  1  17
1  7  1  41
2  7  1  73
3  7  1  50
4  7  1  28
5  7  1  87
6  7  1  70
7  7  1  81
8  7  1  90
9  7  1  18
10  7  1  41
11  7  1  73
12  7  1  28
13  7  1  45
14  7  1  50
15  7  1  84
16  7  1  82
17  7  1  61
18  7  1  47
19  7  1  58
20  7  1  64
1  8  1  89
2  8  1  60
3  8  1  57
4  8  1  42
5  8  1  66
6  8  1  31
7  8  1  17
8  8  1  18
9  8  1  50
10  8  1  87
11  8  1  52
12  8  1  58
13  8  1  54
14  8  1  62
15  8  1  57
16  8  1  23
17  8  1  28
18  8  1  64
19  8  1  26
20  8  1  47
1  9  1  55
2  9  1  67
3  9  1  80
4  9  1  88
5  9  1  41
6  9  1  18
7  9  1  14
8  9  1  86
9  9  1  87
10  9  1  27
11  9  1  64
12  9  1  69
13  9  1  81
14  9  1  68
15  9  1  14
16  9  1  36
17  9  1  78
18  9  1  75
19  9  1  38
20  9  1  16
1  10  1  72
2  10  1  90
3  10  1  76
4  10  1  72
5  10  1  35
6  10  1  82
7  10  1  60
8  10  1  12
9  10  1  85
10  10  1  84
11  10  1  51
12  10  1  66
13  10  1  84
14  10  1  27
15  10  1  61
16  10  1  67
17  10  1  10
18  10  1  25
19  10  1  38
20  10  1  27
1  11  1  71
2  11  1  47
3  11  1  15
4  11  1  86
5  11  1  75
6  11  1  23
7  11  1  77
8  11  1  60
9  11  1  68
10  11  1  32
11  11  1  72
12  11  1  61
13  11  1  80
14  11  1  20
15  11  1  50
16  11  1  69
17  11  1  13
18  11  1  50
19  11  1  16
20  11  1  56
1  12  1  63
2  12  1  35
3  12  1  54
4  12  1  56
5  12  1  24
6  12  1  12
7  12  1  84
8  12  1  51
9  12  1  47
10  12  1  78
11  12  1  78
12  12  1  37
13  12  1  76
14  12  1  45
15  12  1  34
16  12  1  25
17  12  1  29
18  12  1  51
19  12  1  56
20  12  1  67
1  13  1  32
2  13  1  83
3  13  1  30
4  13  1  75
5  13  1  68
6  13  1  80
7  13  1  46
8  13  1  41
9  13  1  29
10  13  1  28
11  13  1  48
12  13  1  15
13  13  1  52
14  13  1  22
15  13  1  28
16  13  1  53
17  13  1  59
18  13  1  58
19  13  1  76
20  13  1  58
1  14  1  19
2  14  1  85
3  14  1  82
4  14  1  25
5  14  1  66
6  14  1  22
7  14  1  38
8  14  1  48
9  14  1  66
10  14  1  47
11  14  1  69
12  14  1  54
13  14  1  73
14  14  1  34
15  14  1  19
16  14  1  22
17  14  1  62
18  14  1  54
19  14  1  13
20  14  1  10
1  15  1  20
2  15  1  54
3  15  1  15
4  15  1  60
5  15  1  35
6  15  1  35
7  15  1  39
8  15  1  64
9  15  1  83
10  15  1  14
11  15  1  26
12  15  1  48
13  15  1  40
14  15  1  22
15  15  1  19
16  15  1  67
17  15  1  62
18  15  1  61
19  15  1  79
20  15  1  31
1  16  1  34
2  16  1  58
3  16  1  85
4  16  1  67
5  16  1  26
6  16  1  63
7  16  1  63
8  16  1  72
9  16  1  40
10  16  1  61
11  16  1  72
12  16  1  17
13  16  1  10
14  16  1  48
15  16  1  65
16  16  1  59
17  16  1  89
18  16  1  25
19  16  1  77
20  16  1  23
1  17  1  19
2  17  1  79
3  17  1  19
4  17  1  89
5  17  1  12
6  17  1  13
7  17  1  66
8  17  1  31
9  17  1  38
10  17  1  81
11  17  1  40
12  17  1  34
13  17  1  54
14  17  1  61
15  17  1  86
16  17  1  65
17  17  1  80
18  17  1  13
19  17  1  23
20  17  1  52
1  18  1  16
2  18  1  81
3  18  1  68
4  18  1  80
5  18  1  41
6  18  1  25
7  18  1  29
8  18  1  66
9  18  1  42
10  18  1  68
11  18  1  81
12  18  1  73
13  18  1  59
14  18  1  88
15  18  1  84
16  18  1  37
17  18  1  19
18  18  1  33
19  18  1  57
20  18  1  35
1  19  1  63
2  19  1  17
3  19  1  38
4  19  1  10
5  19  1  12
6  19  1  66
7  19  1  32
8  19  1  33
9  19  1  85
10  19  1  23
11  19  1  62
12  19  1  39
13  19  1  87
14  19  1  17
15  19  1  80
16  19  1  46
17  19  1  25
18  19  1  66
19  19  1  21
20  19  1  22
1  20  1  40
2  20  1  68
3  20  1  24
4  20  1  32
5  20  1  65
6  20  1  77
7  20  1  63
8  20  1  90
9  20  1  24
10  20  1  60
11  20  1  51
12  20  1  15
13  20  1  42
14  20  1  49
15  20  1  65
16  20  1  65
17  20  1  83
18  20  1  21
19  20  1  80
20  20  1  72
1  21  1  31
2  21  1  80
3  21  1  80
4  21  1  79
5  21  1  17
6  21  1  50
7  21  1  44
8  21  1  84
9  21  1  48
10  21  1  64
11  21  1  44
12  21  1  84
13  21  1  87
14  21  1  47
15  21  1  75
16  21  1  11
17  21  1  39
18  21  1  12
19  21  1  77
20  21  1  70
1  22  1  10
2  22  1  72
3  22  1  19
4  22  1  88
5  22  1  19
6  22  1  70
7  22  1  86
8  22  1  54
9  22  1  10
10  22  1  73
11  22  1  61
12  22  1  27
13  22  1  50
14  22  1  81
15  22  1  85
16  22  1  48
17  22  1  54
18  22  1  73
19  22  1  32
20  22  1  70
1  23  1  10
2  23  1  41
3  23  1  17
4  23  1  89
5  23  1  14
6  23  1  77
7  23  1  14
8  23  1  86
9  23  1  20
10  23  1  24
11  23  1  15
12  23  1  33
13  23  1  65
14  23  1  45
15  23  1  46
16  23  1  73
17  23  1  85
18  23  1  53
19  23  1  71
20  23  1  71
1  24  1  90
2  24  1  78
3  24  1  27
4  24  1  11
5  24  1  17
6  24  1  34
7  24  1  69
8  24  1  58
9  24  1  74
10  24  1  69
11  24  1  86
12  24  1  17
13  24  1  60
14  24  1  46
15  24  1  70
16  24  1  11
17  24  1  37
18  24  1  19
19  24  1  34
20  24  1  39
1  25  1  30
2  25  1  71
3  25  1  46
4  25  1  45
5  25  1  60
6  25  1  20
7  25  1  46
8  25  1  49
9  25  1  63
10  25  1  17
11  25  1  54
12  25  1  76
13  25  1  16
14  25  1  56
15  25  1  55
16  25  1  26
17  25  1  14
18  25  1  50
19  25  1  87
20  25  1  70
1  26  1  55
2  26  1  79
3  26  1  30
4  26  1  12
5  26  1  24
6  26  1  16
7  26  1  44
8  26  1  61
9  26  1  28
10  26  1  61
11  26  1  10
12  26  1  73
13  26  1  58
14  26  1  27
15  26  1  84
16  26  1  75
17  26  1  32
18  26  1  42
19  26  1  12
20  26  1  22
1  27  1  17
2  27  1  23
3  27  1  55
4  27  1  49
5  27  1  52
6  27  1  89
7  27  1  88
8  27  1  61
9  27  1  28
10  27  1  31
11  27  1  85
12  27  1  49
13  27  1  68
14  27  1  68
15  27  1  53
16  27  1  69
17  27  1  26
18  27  1  71
19  27  1  49
20  27  1  70
1  28  1  84
2  28  1  86
3  28  1  13
4  28  1  49
5  28  1  74
6  28  1  47
7  28  1  83
8  28  1  81
9  28  1  87
10  28  1  55
11  28  1  29
12  28  1  14
13  28  1  76
14  28  1  79
15  28  1  23
16  28  1  56
17  28  1  80
18  28  1  73
19  28  1  22
20  28  1  73
1  29  1  82
2  29  1  40
3  29  1  77
4  29  1  15
5  29  1  36
6  29  1  75
7  29  1  12
8  29  1  48
9  29  1  49
10  29  1  79
11  29  1  62
12  29  1  41
13  29  1  79
14  29  1  32
15  29  1  41
16  29  1  67
17  29  1  59
18  29  1  75
19  29  1  86
20  29  1  38
1  30  1  45
2  30  1  40
3  30  1  89
4  30  1  73
5  30  1  37
6  30  1  59
7  30  1  46
8  30  1  89
9  30  1  64
10  30  1  12
11  30  1  67
12  30  1  88
13  30  1  25
14  30  1  85
15  30  1  34
16  30  1  88
17  30  1  68
18  30  1  83
19  30  1  13
20  30  1  26
1  31  1  81
2  31  1  73
3  31  1  49
4  31  1  19
5  31  1  10
6  31  1  31
7  31  1  60
8  31  1  34
9  31  1  83
10  31  1  61
11  31  1  79
12  31  1  49
13  31  1  59
14  31  1  71
15  31  1  74
16  31  1  41
17  31  1  87
18  31  1  81
19  31  1  15
20  31  1  14
1  32  1  57
2  32  1  74
3  32  1  52
4  32  1  21
5  32  1  26
6  32  1  48
7  32  1  76
8  32  1  88
9  32  1  81
10  32  1  84
11  32  1  26
12  32  1  79
13  32  1  48
14  32  1  63
15  32  1  10
16  32  1  44
17  32  1  63
18  32  1  21
19  32  1  33
20  32  1  27
1  33  1  21
2  33  1  74
3  33  1  54
4  33  1  31
5  33  1  84
6  33  1  49
7  33  1  24
8  33  1  10
9  33  1  86
10  33  1  52
11  33  1  83
12  33  1  41
13  33  1  17
14  33  1  80
15  33  1  80
16  33  1  35
17  33  1  35
18  33  1  68
19  33  1  15
20  33  1  51
1  34  1  44
2  34  1  69
3  34  1  28
4  34  1  20
5  34  1  36
6  34  1  65
7  34  1  60
8  34  1  25
9  34  1  43
10  34  1  43
11  34  1  38
12  34  1  74
13  34  1  28
14  34  1  63
15  34  1  64
16  34  1  59
17  34  1  82
18  34  1  58
19  34  1  61
20  34  1  45
1  35  1  57
2  35  1  10
3  35  1  11
4  35  1  21
5  35  1  22
6  35  1  72
7  35  1  72
8  35  1  69
9  35  1  55
10  35  1  13
11  35  1  25
12  35  1  82
13  35  1  27
14  35  1  78
15  35  1  53
16  35  1  67
17  35  1  59
18  35  1  44
19  35  1  76
20  35  1  11
1  36  1  16
2  36  1  22
3  36  1  86
4  36  1  86
5  36  1  37
6  36  1  81
7  36  1  28
8  36  1  76
9  36  1  47
10  36  1  78
11  36  1  60
12  36  1  33
13  36  1  90
14  36  1  73
15  36  1  54
16  36  1  20
17  36  1  28
18  36  1  90
19  36  1  81
20  36  1  64
1  37  1  33
2  37  1  60
3  37  1  90
4  37  1  90
5  37  1  85
6  37  1  48
7  37  1  65
8  37  1  75
9  37  1  23
10  37  1  19
11  37  1  81
12  37  1  25
13  37  1  74
14  37  1  50
15  37  1  71
16  37  1  81
17  37  1  51
18  37  1  33
19  37  1  80
20  37  1  84
1  38  1  13
2  38  1  11
3  38  1  73
4  38  1  67
5  38  1  43
6  38  1  61
7  38  1  14
8  38  1  78
9  38  1  78
10  38  1  21
11  38  1  66
12  38  1  85
13  38  1  72
14  38  1  53
15  38  1  46
16  38  1  38
17  38  1  54
18  38  1  76
19  38  1  33
20  38  1  51
1  39  1  29
2  39  1  69
3  39  1  25
4  39  1  83
5  39  1  29
6  39  1  26
7  39  1  36
8  39  1  77
9  39  1  48
10  39  1  60
11  39  1  49
12  39  1  49
13  39  1  47
14  39  1  77
15  39  1  80
16  39  1  77
17  39  1  65
18  39  1  35
19  39  1  20
20  39  1  55
1  40  1  21
2  40  1  72
3  40  1  89
4  40  1  80
5  40  1  72
6  40  1  18
7  40  1  56
8  40  1  70
9  40  1  23
10  40  1  65
11  40  1  38
12  40  1  23
13  40  1  72
14  40  1  73
15  40  1  34
16  40  1  10
17  40  1  28
18  40  1  59
19  40  1  40
20  40  1  51
1  41  1  42
2  41  1  81
3  41  1  83
4  41  1  18
5  41  1  23
6  41  1  90
7  41  1  50
8  41  1  41
9  41  1  72
10  41  1  35
11  41  1  38
12  41  1  52
13  41  1  70
14  41  1  14
15  41  1  81
16  41  1  38
17  41  1  56
18  41  1  35
19  41  1  60
20  41  1  73
1  42  1  90
2  42  1  18
3  42  1  85
4  42  1  10
5  42  1  71
6  42  1  58
7  42  1  45
8  42  1  73
9  42  1  31
10  42  1  24
11  42  1  70
12  42  1  53
13  42  1  68
14  42  1  90
15  42  1  59
16  42  1  11
17  42  1  10
18  42  1  74
19  42  1  83
20  42  1  32
1  43  1  39
2  43  1  49
3  43  1  82
4  43  1  40
5  43  1  55
6  43  1  68
7  43  1  68
8  43  1  82
9  43  1  41
10  43  1  45
11  43  1  48
12  43  1  18
13  43  1  16
14  43  1  73
15  43  1  54
16  43  1  50
17  43  1  13
18  43  1  44
19  43  1  73
20  43  1  33
1  44  1  22
2  44  1  10
3  44  1  68
4  44  1  23
5  44  1  70
6  44  1  70
7  44  1  23
8  44  1  42
9  44  1  38
10  44  1  67
11  44  1  43
12  44  1  49
13  44  1  57
14  44  1  88
15  44  1  80
16  44  1  83
17  44  1  54
18  44  1  10
19  44  1  46
20  44  1  54
1  45  1  75
2  45  1  26
3  45  1  12
4  45  1  70
5  45  1  32
6  45  1  27
7  45  1  75
8  45  1  12
9  45  1  41
10  45  1  69
11  45  1  68
12  45  1  69
13  45  1  18
14  45  1  62
15  45  1  77
16  45  1  61
17  45  1  79
18  45  1  86
19  45  1  68
20  45  1  66
1  46  1  88
2  46  1  36
3  46  1  79
4  46  1  65
5  46  1  76
6  46  1  88
7  46  1  18
8  46  1  60
9  46  1  69
10  46  1  80
11  46  1  72
12  46  1  10
13  46  1  25
14  46  1  26
15  46  1  89
16  46  1  49
17  46  1  47
18  46  1  49
19  46  1  38
20  46  1  28
1  47  1  23
2  47  1  64
3  47  1  66
4  47  1  34
5  47  1  68
6  47  1  27
7  47  1  72
8  47  1  16
9  47  1  73
10  47  1  32
11  47  1  65
12  47  1  75
13  47  1  74
14  47  1  52
15  47  1  47
16  47  1  80
17  47  1  86
18  47  1  88
19  47  1  11
20  47  1  63
1  48  1  86
2  48  1  37
3  48  1  42
4  48  1  78
5  48  1  30
6  48  1  34
7  48  1  36
8  48  1  50
9  48  1  25
10  48  1  90
11  48  1  50
12  48  1  26
13  48  1  90
14  48  1  71
15  48  1  81
16  48  1  33
17  48  1  61
18  48  1  41
19  48  1  71
20  48  1  81
1  49  1  24
2  49  1  10
3  49  1  39
4  49  1  40
5  49  1  27
6  49  1  30
7  49  1  51
8  49  1  17
9  49  1  10
10  49  1  80
11  49  1  33
12  49  1  60
13  49  1  69
14  49  1  30
15  49  1  33
16  49  1  14
17  49  1  69
18  49  1  48
19  49  1  71
20  49  1  84
1  50  1  12
2  50  1  45
3  50  1  27
4  50  1  78
5  50  1  28
6  50  1  60
7  50  1  65
8  50  1  63
9  50  1  21
10  50  1  54
11  50  1  13
12  50  1  42
13  50  1  63
14  50  1  82
15  50  1  78
16  50  1  39
17  50  1  60
18  50  1  59
19  50  1  31
20  50  1  89
1  51  1  19
2  51  1  89
3  51  1  83
4  51  1  75
5  51  1  10
6  51  1  29
7  51  1  87
8  51  1  83
9  51  1  59
10  51  1  15
11  51  1  64
12  51  1  59
13  51  1  73
14  51  1  45
15  51  1  32
16  51  1  31
17  51  1  74
18  51  1  22
19  51  1  13
20  51  1  66
1  52  1  60
2  52  1  48
3  52  1  29
4  52  1  72
5  52  1  80
6  52  1  52
7  52  1  59
8  52  1  53
9  52  1  32
10  52  1  43
11  52  1  48
12  52  1  87
13  52  1  38
14  52  1  11
15  52  1  28
16  52  1  33
17  52  1  23
18  52  1  72
19  52  1  77
20  52  1  55
1  53  1  17
2  53  1  44
3  53  1  33
4  53  1  16
5  53  1  82
6  53  1  73
7  53  1  63
8  53  1  45
9  53  1  18
10  53  1  37
11  53  1  35
12  53  1  51
13  53  1  61
14  53  1  53
15  53  1  46
16  53  1  17
17  53  1  24
18  53  1  38
19  53  1  34
20  53  1  85
1  54  1  68
2  54  1  43
3  54  1  56
4  54  1  26
5  54  1  24
6  54  1  34
7  54  1  83
8  54  1  41
9  54  1  53
10  54  1  65
11  54  1  45
12  54  1  65
13  54  1  56
14  54  1  15
15  54  1  85
16  54  1  73
17  54  1  59
18  54  1  74
19  54  1  46
20  54  1  84
1  55  1  83
2  55  1  67
3  55  1  11
4  55  1  56
5  55  1  43
6  55  1  46
7  55  1  10
8  55  1  33
9  55  1  46
10  55  1  60
11  55  1  90
12  55  1  11
13  55  1  44
14  55  1  56
15  55  1  31
16  55  1  38
17  55  1  10
18  55  1  68
19  55  1  46
20  55  1  21
1  56  1  84
2  56  1  17
3  56  1  68
4  56  1  78
5  56  1  59
6  56  1  87
7  56  1  58
8  56  1  29
9  56  1  47
10  56  1  23
11  56  1  46
12  56  1  77
13  56  1  15
14  56  1  88
15  56  1  65
16  56  1  20
17  56  1  69
18  56  1  69
19  56  1  45
20  56  1  14
1  57  1  66
2  57  1  82
3  57  1  43
4  57  1  80
5  57  1  53
6  57  1  44
7  57  1  89
8  57  1  36
9  57  1  80
10  57  1  88
11  57  1  43
12  57  1  40
13  57  1  61
14  57  1  21
15  57  1  59
16  57  1  78
17  57  1  24
18  57  1  89
19  57  1  62
20  57  1  78
1  58  1  47
2  58  1  37
3  58  1  48
4  58  1  12
5  58  1  25
6  58  1  86
7  58  1  20
8  58  1  84
9  58  1  81
10  58  1  59
11  58  1  58
12  58  1  15
13  58  1  76
14  58  1  62
15  58  1  58
16  58  1  70
17  58  1  14
18  58  1  40
19  58  1  40
20  58  1  38
1  59  1  78
2  59  1  70
3  59  1  50
4  59  1  65
5  59  1  33
6  59  1  26
7  59  1  87
8  59  1  15
9  59  1  72
10  59  1  44
11  59  1  16
12  59  1  25
13  59  1  75
14  59  1  86
15  59  1  48
16  59  1  43
17  59  1  45
18  59  1  53
19  59  1  43
20  59  1  32
1  60  1  48
2  60  1  81
3  60  1  13
4  60  1  56
5  60  1  61
6  60  1  17
7  60  1  78
8  60  1  61
9  60  1  62
10  60  1  59
11  60  1  88
12  60  1  41
13  60  1  67
14  60  1  45
15  60  1  60
16  60  1  25
17  60  1  28
18  60  1  62
19  60  1  71
20  60  1  65
1  61  1  69
2  61  1  41
3  61  1  88
4  61  1  77
5  61  1  60
6  61  1  59
7  61  1  34
8  61  1  45
9  61  1  72
10  61  1  24
11  61  1  13
12  61  1  58
13  61  1  71
14  61  1  14
15  61  1  20
16  61  1  49
17  61  1  41
18  61  1  23
19  61  1  72
20  61  1  58
1  62  1  89
2  62  1  42
3  62  1  50
4  62  1  35
5  62  1  21
6  62  1  68
7  62  1  81
8  62  1  82
9  62  1  44
10  62  1  78
11  62  1  74
12  62  1  62
13  62  1  66
14  62  1  89
15  62  1  32
16  62  1  52
17  62  1  20
18  62  1  68
19  62  1  23
20  62  1  13
1  63  1  40
2  63  1  60
3  63  1  34
4  63  1  35
5  63  1  67
6  63  1  84
7  63  1  59
8  63  1  88
9  63  1  32
10  63  1  65
11  63  1  39
12  63  1  22
13  63  1  61
14  63  1  69
15  63  1  65
16  63  1  34
17  63  1  42
18  63  1  81
19  63  1  54
20  63  1  35
1  64  1  83
2  64  1  16
3  64  1  22
4  64  1  27
5  64  1  73
6  64  1  30
7  64  1  71
8  64  1  80
9  64  1  44
10  64  1  52
11  64  1  44
12  64  1  68
13  64  1  13
14  64  1  55
15  64  1  35
16  64  1  90
17  64  1  88
18  64  1  36
19  64  1  59
20  64  1  55
1  65  1  60
2  65  1  15
3  65  1  43
4  65  1  61
5  65  1  28
6  65  1  37
7  65  1  70
8  65  1  45
9  65  1  12
10  65  1  89
11  65  1  40
12  65  1  82
13  65  1  84
14  65  1  72
15  65  1  44
16  65  1  81
17  65  1  24
18  65  1  51
19  65  1  50
20  65  1  43
1  66  1  77
2  66  1  88
3  66  1  64
4  66  1  47
5  66  1  15
6  66  1  36
7  66  1  21
8  66  1  67
9  66  1  43
10  66  1  68
11  66  1  82
12  66  1  33
13  66  1  22
14  66  1  29
15  66  1  56
16  66  1  40
17  66  1  22
18  66  1  88
19  66  1  18
20  66  1  30
1  67  1  43
2  67  1  56
3  67  1  86
4  67  1  57
5  67  1  29
6  67  1  24
7  67  1  25
8  67  1  60
9  67  1  85
10  67  1  59
11  67  1  84
12  67  1  71
13  67  1  60
14  67  1  47
15  67  1  66
16  67  1  30
17  67  1  73
18  67  1  75
19  67  1  27
20  67  1  49
1  68  1  11
2  68  1  83
3  68  1  30
4  68  1  12
5  68  1  56
6  68  1  85
7  68  1  12
8  68  1  24
9  68  1  10
10  68  1  66
11  68  1  13
12  68  1  77
13  68  1  85
14  68  1  73
15  68  1  81
16  68  1  29
17  68  1  61
18  68  1  80
19  68  1  43
20  68  1  56
1  69  1  12
2  69  1  77
3  69  1  62
4  69  1  76
5  69  1  19
6  69  1  25
7  69  1  47
8  69  1  49
9  69  1  62
10  69  1  87
11  69  1  78
12  69  1  36
13  69  1  11
14  69  1  64
15  69  1  36
16  69  1  90
17  69  1  59
18  69  1  57
19  69  1  23
20  69  1  31
1  70  1  55
2  70  1  32
3  70  1  37
4  70  1  18
5  70  1  61
6  70  1  19
7  70  1  74
8  70  1  46
9  70  1  22
10  70  1  40
11  70  1  29
12  70  1  75
13  70  1  67
14  70  1  59
15  70  1  46
16  70  1  29
17  70  1  20
18  70  1  54
19  70  1  27
20  70  1  60
1  71  1  43
2  71  1  13
3  71  1  62
4  71  1  36
5  71  1  63
6  71  1  22
7  71  1  45
8  71  1  72
9  71  1  72
10  71  1  39
11  71  1  84
12  71  1  78
13  71  1  73
14  71  1  74
15  71  1  32
16  71  1  39
17  71  1  54
18  71  1  76
19  71  1  27
20  71  1  31
1  72  1  79
2  72  1  63
3  72  1  86
4  72  1  24
5  72  1  57
6  72  1  72
7  72  1  28
8  72  1  15
9  72  1  71
10  72  1  67
11  72  1  90
12  72  1  62
13  72  1  58
14  72  1  62
15  72  1  20
16  72  1  22
17  72  1  28
18  72  1  72
19  72  1  48
20  72  1  43
1  73  1  51
2  73  1  28
3  73  1  57
4  73  1  51
5  73  1  14
6  73  1  57
7  73  1  86
8  73  1  74
9  73  1  73
10  73  1  20
11  73  1  17
12  73  1  21
13  73  1  76
14  73  1  56
15  73  1  51
16  73  1  46
17  73  1  24
18  73  1  67
19  73  1  41
20  73  1  10
1  74  1  88
2  74  1  87
3  74  1  86
4  74  1  69
5  74  1  15
6  74  1  45
7  74  1  75
8  74  1  13
9  74  1  13
10  74  1  14
11  74  1  45
12  74  1  70
13  74  1  16
14  74  1  76
15  74  1  77
16  74  1  70
17  74  1  68
18  74  1  51
19  74  1  40
20  74  1  44
1  75  1  68
2  75  1  70
3  75  1  63
4  75  1  33
5  75  1  17
6  75  1  32
7  75  1  56
8  75  1  28
9  75  1  31
10  75  1  47
11  75  1  27
12  75  1  52
13  75  1  87
14  75  1  77
15  75  1  34
16  75  1  48
17  75  1  14
18  75  1  80
19  75  1  69
20  75  1  57
1  76  1  62
2  76  1  53
3  76  1  18
4  76  1  63
5  76  1  78
6  76  1  61
7  76  1  51
8  76  1  16
9  76  1  88
10  76  1  50
11  76  1  12
12  76  1  11
13  76  1  53
14  76  1  56
15  76  1  44
16  76  1  52
17  76  1  60
18  76  1  18
19  76  1  42
20  76  1  47
1  77  1  54
2  77  1  45
3  77  1  21
4  77  1  44
5  77  1  72
6  77  1  67
7  77  1  70
8  77  1  49
9  77  1  46
10  77  1  88
11  77  1  60
12  77  1  55
13  77  1  29
14  77  1  39
15  77  1  41
16  77  1  90
17  77  1  39
18  77  1  41
19  77  1  28
20  77  1  38
1  78  1  14
2  78  1  66
3  78  1  84
4  78  1  57
5  78  1  63
6  78  1  14
7  78  1  70
8  78  1  63
9  78  1  16
10  78  1  71
11  78  1  63
12  78  1  61
13  78  1  63
14  78  1  76
15  78  1  12
16  78  1  16
17  78  1  74
18  78  1  15
19  78  1  12
20  78  1  77
1  79  1  19
2  79  1  15
3  79  1  14
4  79  1  34
5  79  1  88
6  79  1  30
7  79  1  84
8  79  1  59
9  79  1  57
10  79  1  61
11  79  1  57
12  79  1  48
13  79  1  61
14  79  1  71
15  79  1  68
16  79  1  33
17  79  1  16
18  79  1  55
19  79  1  69
20  79  1  26
1  80  1  17
2  80  1  90
3  80  1  63
4  80  1  55
5  80  1  53
6  80  1  76
7  80  1  84
8  80  1  22
9  80  1  51
10  80  1  17
11  80  1  45
12  80  1  25
13  80  1  31
14  80  1  53
15  80  1  53
16  80  1  78
17  80  1  30
18  80  1  69
19  80  1  42
20  80  1  64
1  81  1  39
2  81  1  45
3  81  1  60
4  81  1  90
5  81  1  40
6  81  1  33
7  81  1  43
8  81  1  25
9  81  1  79
10  81  1  79
11  81  1  36
12  81  1  79
13  81  1  68
14  81  1  55
15  81  1  63
16  81  1  47
17  81  1  19
18  81  1  85
19  81  1  35
20  81  1  47
1  82  1  25
2  82  1  24
3  82  1  25
4  82  1  53
5  82  1  20
6  82  1  40
7  82  1  27
8  82  1  65
9  82  1  38
10  82  1  84
11  82  1  77
12  82  1  70
13  82  1  56
14  82  1  52
15  82  1  38
16  82  1  57
17  82  1  86
18  82  1  43
19  82  1  11
20  82  1  27
1  83  1  26
2  83  1  17
3  83  1  12
4  83  1  80
5  83  1  80
6  83  1  27
7  83  1  37
8  83  1  61
9  83  1  60
10  83  1  75
11  83  1  58
12  83  1  79
13  83  1  10
14  83  1  74
15  83  1  74
16  83  1  47
17  83  1  90
18  83  1  65
19  83  1  32
20  83  1  58
1  84  1  66
2  84  1  28
3  84  1  74
4  84  1  10
5  84  1  41
6  84  1  87
7  84  1  84
8  84  1  27
9  84  1  79
10  84  1  41
11  84  1  25
12  84  1  61
13  84  1  22
14  84  1  10
15  84  1  69
16  84  1  53
17  84  1  41
18  84  1  52
19  84  1  12
20  84  1  67
1  85  1  15
2  85  1  73
3  85  1  16
4  85  1  41
5  85  1  12
6  85  1  75
7  85  1  72
8  85  1  57
9  85  1  50
10  85  1  75
11  85  1  57
12  85  1  43
13  85  1  11
14  85  1  50
15  85  1  38
16  85  1  30
17  85  1  60
18  85  1  13
19  85  1  87
20  85  1  56
1  86  1  50
2  86  1  61
3  86  1  19
4  86  1  30
5  86  1  89
6  86  1  27
7  86  1  54
8  86  1  19
9  86  1  53
10  86  1  66
11  86  1  56
12  86  1  25
13  86  1  47
14  86  1  12
15  86  1  61
16  86  1  74
17  86  1  45
18  86  1  85
19  86  1  89
20  86  1  45
1  87  1  25
2  87  1  11
3  87  1  21
4  87  1  52
5  87  1  51
6  87  1  81
7  87  1  13
8  87  1  47
9  87  1  86
10  87  1  60
11  87  1  32
12  87  1  80
13  87  1  73
14  87  1  52
15  87  1  50
16  87  1  28
17  87  1  68
18  87  1  55
19  87  1  83
20  87  1  44
1  88  1  45
2  88  1  33
3  88  1  24
4  88  1  41
5  88  1  81
6  88  1  32
7  88  1  45
8  88  1  58
9  88  1  89
10  88  1  86
11  88  1  16
12  88  1  23
13  88  1  77
14  88  1  83
15  88  1  38
16  88  1  62
17  88  1  61
18  88  1  43
19  88  1  52
20  88  1  29
1  89  1  46
2  89  1  60
3  89  1  50
4  89  1  42
5  89  1  54
6  89  1  75
7  89  1  33
8  89  1  50
9  89  1  51
10  89  1  40
11  89  1  43
12  89  1  34
13  89  1  54
14  89  1  51
15  89  1  19
16  89  1  82
17  89  1  23
18  89  1  72
19  89  1  44
20  89  1  72
1  90  1  19
2  90  1  62
3  90  1  58
4  90  1  66
5  90  1  75
6  90  1  52
7  90  1  31
8  90  1  24
9  90  1  29
10  90  1  76
11  90  1  21
12  90  1  43
13  90  1  53
14  90  1  20
15  90  1  41
16  90  1  51
17  90  1  87
18  90  1  61
19  90  1  44
20  90  1  82
1  91  1  42
2  91  1  38
3  91  1  31
4  91  1  19
5  91  1  79
6  91  1  31
7  91  1  59
8  91  1  76
9  91  1  57
10  91  1  39
11  91  1  43
12  91  1  57
13  91  1  71
14  91  1  43
15  91  1  37
16  91  1  87
17  91  1  25
18  91  1  52
19  91  1  44
20  91  1  46
1  92  1  34
2  92  1  40
3  92  1  31
4  92  1  43
5  92  1  74
6  92  1  72
7  92  1  62
8  92  1  52
9  92  1  37
10  92  1  74
11  92  1  14
12  92  1  88
13  92  1  41
14  92  1  13
15  92  1  15
16  92  1  16
17  92  1  28
18  92  1  72
19  92  1  32
20  92  1  74
1  93  1  55
2  93  1  68
3  93  1  24
4  93  1  37
5  93  1  45
6  93  1  64
7  93  1  63
8  93  1  21
9  93  1  46
10  93  1  49
11  93  1  47
12  93  1  59
13  93  1  36
14  93  1  79
15  93  1  85
16  93  1  56
17  93  1  86
18  93  1  85
19  93  1  61
20  93  1  15
1  94  1  74
2  94  1  69
3  94  1  31
4  94  1  31
5  94  1  14
6  94  1  34
7  94  1  47
8  94  1  21
9  94  1  25
10  94  1  12
11  94  1  16
12  94  1  66
13  94  1  27
14  94  1  80
15  94  1  56
16  94  1  46
17  94  1  71
18  94  1  44
19  94  1  52
20  94  1  50
1  95  1  23
2  95  1  69
3  95  1  20
4  95  1  49
5  95  1  34
6  95  1  25
7  95  1  50
8  95  1  56
9  95  1  45
10  95  1  43
11  95  1  55
12  95  1  33
13  95  1  87
14  95  1  59
15  95  1  73
16  95  1  44
17  95  1  25
18  95  1  26
19  95  1  19
20  95  1  26
1  96  1  31
2  96  1  42
3  96  1  55
4  96  1  10
5  96  1  31
6  96  1  68
7  96  1  28
8  96  1  59
9  96  1  44
10  96  1  53
11  96  1  66
12  96  1  72
13  96  1  85
14  96  1  47
15  96  1  68
16  96  1  52
17  96  1  17
18  96  1  30
19  96  1  85
20  96  1  13
1  97  1  28
2  97  1  33
3  97  1  39
4  97  1  43
5  97  1  16
6  97  1  88
7  97  1  12
8  97  1  11
9  97  1  81
10  97  1  10
11  97  1  13
12  97  1  39
13  97  1  12
14  97  1  79
15  97  1  13
16  97  1  26
17  97  1  37
18  97  1  58
19  97  1  52
20  97  1  30
1  98  1  64
2  98  1  30
3  98  1  49
4  98  1  56
5  98  1  90
6  98  1  59
7  98  1  29
8  98  1  60
9  98  1  64
10  98  1  88
11  98  1  27
12  98  1  86
13  98  1  86
14  98  1  79
15  98  1  74
16  98  1  72
17  98  1  24
18  98  1  57
19  98  1  80
20  98  1  70
1  99  1  13
2  99  1  64
3  99  1  29
4  99  1  82
5  99  1  26
6  99  1  13
7  99  1  72
8  99  1  19
9  99  1  30
10  99  1  45
11  99  1  57
12  99  1  89
13  99  1  67
14  99  1  51
15  99  1  38
16  99  1  22
17  99  1  80
18  99  1  44
19  99  1  22
20  99  1  12
1  100  1  13
2  100  1  73
3  100  1  42
4  100  1  73
5  100  1  60
6  100  1  66
7  100  1  43
8  100  1  88
9  100  1  56
10  100  1  74
11  100  1  61
12  100  1  34
13  100  1  76
14  100  1  51
15  100  1  59
16  100  1  41
17  100  1  29
18  100  1  64
19  100  1  39
20  100  1  54
1  1  2  14.96
2  1  2  24.5
3  1  2  44.46
4  1  2  28.08
5  1  2  39.01
6  1  2  39.05
7  1  2  28.56
8  1  2  48.95
9  1  2  42.33
10  1  2  37.4
11  1  2  19.8
12  1  2  8.2
13  1  2  32.5
14  1  2  17.48
15  1  2  8.48
16  1  2  37.23
17  1  2  33.04
18  1  2  17.11
19  1  2  24.6
20  1  2  10.8
1  2  2  7.92
2  2  2  12.5
3  2  2  46.74
4  2  2  41.58
5  2  2  16.45
6  2  2  38.5
7  2  2  30.09
8  2  2  6.05
9  2  2  23.97
10  2  2  9.9
11  2  2  23.85
12  2  2  35.26
13  2  2  43.5
14  2  2  39.56
15  2  2  13.78
16  2  2  5.1
17  2  2  25.2
18  2  2  40.71
19  2  2  34.03
20  2  2  31.8
1  3  2  27.28
2  3  2  39.5
3  3  2  17.1
4  3  2  24.3
5  3  2  4.7
6  3  2  35.75
7  3  2  30.09
8  3  2  40.15
9  3  2  36.72
10  3  2  6.05
11  3  2  4.95
12  3  2  29.11
13  3  2  40
14  3  2  9.2
15  3  2  44.52
16  3  2  15.3
17  3  2  7.84
18  3  2  20.65
19  3  2  10.66
20  3  2  47.4
1  4  2  14.52
2  4  2  6
3  4  2  23.37
4  4  2  22.68
5  4  2  41.83
6  4  2  41.8
7  4  2  31.62
8  4  2  30.8
9  4  2  29.07
10  4  2  45.1
11  4  2  7.65
12  4  2  10.25
13  4  2  27
14  4  2  35.42
15  4  2  15.37
16  4  2  22.95
17  4  2  29.68
18  4  2  32.45
19  4  2  21.32
20  4  2  49.2
1  5  2  38.72
2  5  2  13.5
3  5  2  5.7
4  5  2  36.18
5  5  2  18.8
6  5  2  13.2
7  5  2  35.7
8  5  2  34.65
9  5  2  16.32
10  5  2  31.9
11  5  2  24.3
12  5  2  9.84
13  5  2  39
14  5  2  12.42
15  5  2  20.14
16  5  2  40.8
17  5  2  39.2
18  5  2  23.6
19  5  2  9.02
20  5  2  19.8
1  6  2  8.36
2  6  2  43.5
3  6  2  31.35
4  6  2  33.48
5  6  2  39.48
6  6  2  35.75
7  6  2  44.88
8  6  2  41.25
9  6  2  24.99
10  6  2  33.55
11  6  2  40.05
12  6  2  34.03
13  6  2  13
14  6  2  30.36
15  6  2  6.36
16  6  2  5.61
17  6  2  32.48
18  6  2  41.89
19  6  2  13.53
20  6  2  10.2
1  7  2  18.04
2  7  2  36.5
3  7  2  28.5
4  7  2  15.12
5  7  2  40.89
6  7  2  38.5
7  7  2  41.31
8  7  2  49.5
9  7  2  9.18
10  7  2  22.55
11  7  2  32.85
12  7  2  11.48
13  7  2  22.5
14  7  2  23
15  7  2  44.52
16  7  2  41.82
17  7  2  34.16
18  7  2  27.73
19  7  2  23.78
20  7  2  38.4
1  8  2  39.16
2  8  2  30
3  8  2  32.49
4  8  2  22.68
5  8  2  31.02
6  8  2  17.05
7  8  2  8.67
8  8  2  9.9
9  8  2  25.5
10  8  2  47.85
11  8  2  23.4
12  8  2  23.78
13  8  2  27
14  8  2  28.52
15  8  2  30.21
16  8  2  11.73
17  8  2  15.68
18  8  2  37.76
19  8  2  10.66
20  8  2  28.2
1  9  2  24.2
2  9  2  33.5
3  9  2  45.6
4  9  2  47.52
5  9  2  19.27
6  9  2  9.9
7  9  2  7.14
8  9  2  47.3
9  9  2  44.37
10  9  2  14.85
11  9  2  28.8
12  9  2  28.29
13  9  2  40.5
14  9  2  31.28
15  9  2  7.42
16  9  2  18.36
17  9  2  43.68
18  9  2  44.25
19  9  2  15.58
20  9  2  9.6
1  10  2  31.68
2  10  2  45
3  10  2  43.32
4  10  2  38.88
5  10  2  16.45
6  10  2  45.1
7  10  2  30.6
8  10  2  6.6
9  10  2  43.35
10  10  2  46.2
11  10  2  22.95
12  10  2  27.06
13  10  2  42
14  10  2  12.42
15  10  2  32.33
16  10  2  34.17
17  10  2  5.6
18  10  2  14.75
19  10  2  15.58
20  10  2  16.2
1  11  2  31.24
2  11  2  23.5
3  11  2  8.55
4  11  2  46.44
5  11  2  35.25
6  11  2  12.65
7  11  2  39.27
8  11  2  33
9  11  2  34.68
10  11  2  17.6
11  11  2  32.4
12  11  2  25.01
13  11  2  40
14  11  2  9.2
15  11  2  26.5
16  11  2  35.19
17  11  2  7.28
18  11  2  29.5
19  11  2  6.56
20  11  2  33.6
1  12  2  27.72
2  12  2  17.5
3  12  2  30.78
4  12  2  30.24
5  12  2  11.28
6  12  2  6.6
7  12  2  42.84
8  12  2  28.05
9  12  2  23.97
10  12  2  42.9
11  12  2  35.1
12  12  2  15.17
13  12  2  38
14  12  2  20.7
15  12  2  18.02
16  12  2  12.75
17  12  2  16.24
18  12  2  30.09
19  12  2  22.96
20  12  2  40.2
1  13  2  14.08
2  13  2  41.5
3  13  2  17.1
4  13  2  40.5
5  13  2  31.96
6  13  2  44
7  13  2  23.46
8  13  2  22.55
9  13  2  14.79
10  13  2  15.4
11  13  2  21.6
12  13  2  6.15
13  13  2  26
14  13  2  10.12
15  13  2  14.84
16  13  2  27.03
17  13  2  33.04
18  13  2  34.22
19  13  2  31.16
20  13  2  34.8
1  14  2  8.36
2  14  2  42.5
3  14  2  46.74
4  14  2  13.5
5  14  2  31.02
6  14  2  12.1
7  14  2  19.38
8  14  2  26.4
9  14  2  33.66
10  14  2  25.85
11  14  2  31.05
12  14  2  22.14
13  14  2  36.5
14  14  2  15.64
15  14  2  10.07
16  14  2  11.22
17  14  2  34.72
18  14  2  31.86
19  14  2  5.33
20  14  2  6
1  15  2  8.8
2  15  2  27
3  15  2  8.55
4  15  2  32.4
5  15  2  16.45
6  15  2  19.25
7  15  2  19.89
8  15  2  35.2
9  15  2  42.33
10  15  2  7.7
11  15  2  11.7
12  15  2  19.68
13  15  2  20
14  15  2  10.12
15  15  2  10.07
16  15  2  34.17
17  15  2  34.72
18  15  2  35.99
19  15  2  32.39
20  15  2  18.6
1  16  2  14.96
2  16  2  29
3  16  2  48.45
4  16  2  36.18
5  16  2  12.22
6  16  2  34.65
7  16  2  32.13
8  16  2  39.6
9  16  2  20.4
10  16  2  33.55
11  16  2  32.4
12  16  2  6.97
13  16  2  5
14  16  2  22.08
15  16  2  34.45
16  16  2  30.09
17  16  2  49.84
18  16  2  14.75
19  16  2  31.57
20  16  2  13.8
1  17  2  8.36
2  17  2  39.5
3  17  2  10.83
4  17  2  48.06
5  17  2  5.64
6  17  2  7.15
7  17  2  33.66
8  17  2  17.05
9  17  2  19.38
10  17  2  44.55
11  17  2  18
12  17  2  13.94
13  17  2  27
14  17  2  28.06
15  17  2  45.58
16  17  2  33.15
17  17  2  44.8
18  17  2  7.67
19  17  2  9.43
20  17  2  31.2
1  18  2  7.04
2  18  2  40.5
3  18  2  38.76
4  18  2  43.2
5  18  2  19.27
6  18  2  13.75
7  18  2  14.79
8  18  2  36.3
9  18  2  21.42
10  18  2  37.4
11  18  2  36.45
12  18  2  29.93
13  18  2  29.5
14  18  2  40.48
15  18  2  44.52
16  18  2  18.87
17  18  2  10.64
18  18  2  19.47
19  18  2  23.37
20  18  2  21
1  19  2  27.72
2  19  2  8.5
3  19  2  21.66
4  19  2  5.4
5  19  2  5.64
6  19  2  36.3
7  19  2  16.32
8  19  2  18.15
9  19  2  43.35
10  19  2  12.65
11  19  2  27.9
12  19  2  15.99
13  19  2  43.5
14  19  2  7.82
15  19  2  42.4
16  19  2  23.46
17  19  2  14
18  19  2  38.94
19  19  2  8.61
20  19  2  13.2
1  20  2  17.6
2  20  2  34
3  20  2  13.68
4  20  2  17.28
5  20  2  30.55
6  20  2  42.35
7  20  2  32.13
8  20  2  49.5
9  20  2  12.24
10  20  2  33
11  20  2  22.95
12  20  2  6.15
13  20  2  21
14  20  2  22.54
15  20  2  34.45
16  20  2  33.15
17  20  2  46.48
18  20  2  12.39
19  20  2  32.8
20  20  2  43.2
1  21  2  13.64
2  21  2  40
3  21  2  45.6
4  21  2  42.66
5  21  2  7.99
6  21  2  27.5
7  21  2  22.44
8  21  2  46.2
9  21  2  24.48
10  21  2  35.2
11  21  2  19.8
12  21  2  34.44
13  21  2  43.5
14  21  2  21.62
15  21  2  39.75
16  21  2  5.61
17  21  2  21.84
18  21  2  7.08
19  21  2  31.57
20  21  2  42
1  22  2  4.4
2  22  2  36
3  22  2  10.83
4  22  2  47.52
5  22  2  8.93
6  22  2  38.5
7  22  2  43.86
8  22  2  29.7
9  22  2  5.1
10  22  2  40.15
11  22  2  27.45
12  22  2  11.07
13  22  2  25
14  22  2  37.26
15  22  2  45.05
16  22  2  24.48
17  22  2  30.24
18  22  2  43.07
19  22  2  13.12
20  22  2  42
1  23  2  4.4
2  23  2  20.5
3  23  2  9.69
4  23  2  48.06
5  23  2  6.58
6  23  2  42.35
7  23  2  7.14
8  23  2  47.3
9  23  2  10.2
10  23  2  13.2
11  23  2  6.75
12  23  2  13.53
13  23  2  32.5
14  23  2  20.7
15  23  2  24.38
16  23  2  37.23
17  23  2  47.6
18  23  2  31.27
19  23  2  29.11
20  23  2  42.6
1  24  2  39.6
2  24  2  39
3  24  2  15.39
4  24  2  5.94
5  24  2  7.99
6  24  2  18.7
7  24  2  35.19
8  24  2  31.9
9  24  2  37.74
10  24  2  37.95
11  24  2  38.7
12  24  2  6.97
13  24  2  30
14  24  2  21.16
15  24  2  37.1
16  24  2  5.61
17  24  2  20.72
18  24  2  11.21
19  24  2  13.94
20  24  2  23.4
1  25  2  13.2
2  25  2  35.5
3  25  2  26.22
4  25  2  24.3
5  25  2  28.2
6  25  2  11
7  25  2  23.46
8  25  2  26.95
9  25  2  32.13
10  25  2  9.35
11  25  2  24.3
12  25  2  31.16
13  25  2  8
14  25  2  25.76
15  25  2  29.15
16  25  2  13.26
17  25  2  7.84
18  25  2  29.5
19  25  2  35.67
20  25  2  42
1  26  2  24.2
2  26  2  39.5
3  26  2  17.1
4  26  2  6.48
5  26  2  11.28
6  26  2  8.8
7  26  2  22.44
8  26  2  33.55
9  26  2  14.28
10  26  2  33.55
11  26  2  4.5
12  26  2  29.93
13  26  2  29
14  26  2  12.42
15  26  2  44.52
16  26  2  38.25
17  26  2  17.92
18  26  2  24.78
19  26  2  4.92
20  26  2  13.2
1  27  2  7.48
2  27  2  11.5
3  27  2  31.35
4  27  2  26.46
5  27  2  24.44
6  27  2  48.95
7  27  2  44.88
8  27  2  33.55
9  27  2  14.28
10  27  2  17.05
11  27  2  38.25
12  27  2  20.09
13  27  2  34
14  27  2  31.28
15  27  2  28.09
16  27  2  35.19
17  27  2  14.56
18  27  2  41.89
19  27  2  20.09
20  27  2  42
1  28  2  36.96
2  28  2  43
3  28  2  7.41
4  28  2  26.46
5  28  2  34.78
6  28  2  25.85
7  28  2  42.33
8  28  2  44.55
9  28  2  44.37
10  28  2  30.25
11  28  2  13.05
12  28  2  5.74
13  28  2  38
14  28  2  36.34
15  28  2  12.19
16  28  2  28.56
17  28  2  44.8
18  28  2  43.07
19  28  2  9.02
20  28  2  43.8
1  29  2  36.08
2  29  2  20
3  29  2  43.89
4  29  2  8.1
5  29  2  16.92
6  29  2  41.25
7  29  2  6.12
8  29  2  26.4
9  29  2  24.99
10  29  2  43.45
11  29  2  27.9
12  29  2  16.81
13  29  2  39.5
14  29  2  14.72
15  29  2  21.73
16  29  2  34.17
17  29  2  33.04
18  29  2  44.25
19  29  2  35.26
20  29  2  22.8
1  30  2  19.8
2  30  2  20
3  30  2  50.73
4  30  2  39.42
5  30  2  17.39
6  30  2  32.45
7  30  2  23.46
8  30  2  48.95
9  30  2  32.64
10  30  2  6.6
11  30  2  30.15
12  30  2  36.08
13  30  2  12.5
14  30  2  39.1
15  30  2  18.02
16  30  2  44.88
17  30  2  38.08
18  30  2  48.97
19  30  2  5.33
20  30  2  15.6
1  31  2  35.64
2  31  2  36.5
3  31  2  27.93
4  31  2  10.26
5  31  2  4.7
6  31  2  17.05
7  31  2  30.6
8  31  2  18.7
9  31  2  42.33
10  31  2  33.55
11  31  2  35.55
12  31  2  20.09
13  31  2  29.5
14  31  2  32.66
15  31  2  39.22
16  31  2  20.91
17  31  2  48.72
18  31  2  47.79
19  31  2  6.15
20  31  2  8.4
1  32  2  25.08
2  32  2  37
3  32  2  29.64
4  32  2  11.34
5  32  2  12.22
6  32  2  26.4
7  32  2  38.76
8  32  2  48.4
9  32  2  41.31
10  32  2  46.2
11  32  2  11.7
12  32  2  32.39
13  32  2  24
14  32  2  28.98
15  32  2  5.3
16  32  2  22.44
17  32  2  35.28
18  32  2  12.39
19  32  2  13.53
20  32  2  16.2
1  33  2  9.24
2  33  2  37
3  33  2  30.78
4  33  2  16.74
5  33  2  39.48
6  33  2  26.95
7  33  2  12.24
8  33  2  5.5
9  33  2  43.86
10  33  2  28.6
11  33  2  37.35
12  33  2  16.81
13  33  2  8.5
14  33  2  36.8
15  33  2  42.4
16  33  2  17.85
17  33  2  19.6
18  33  2  40.12
19  33  2  6.15
20  33  2  30.6
1  34  2  19.36
2  34  2  34.5
3  34  2  15.96
4  34  2  10.8
5  34  2  16.92
6  34  2  35.75
7  34  2  30.6
8  34  2  13.75
9  34  2  21.93
10  34  2  23.65
11  34  2  17.1
12  34  2  30.34
13  34  2  14
14  34  2  28.98
15  34  2  33.92
16  34  2  30.09
17  34  2  45.92
18  34  2  34.22
19  34  2  25.01
20  34  2  27
1  35  2  25.08
2  35  2  5
3  35  2  6.27
4  35  2  11.34
5  35  2  10.34
6  35  2  39.6
7  35  2  36.72
8  35  2  37.95
9  35  2  28.05
10  35  2  7.15
11  35  2  11.25
12  35  2  33.62
13  35  2  13.5
14  35  2  35.88
15  35  2  28.09
16  35  2  34.17
17  35  2  33.04
18  35  2  25.96
19  35  2  31.16
20  35  2  6.6
1  36  2  7.04
2  36  2  11
3  36  2  49.02
4  36  2  46.44
5  36  2  17.39
6  36  2  44.55
7  36  2  14.28
8  36  2  41.8
9  36  2  23.97
10  36  2  42.9
11  36  2  27
12  36  2  13.53
13  36  2  45
14  36  2  33.58
15  36  2  28.62
16  36  2  10.2
17  36  2  15.68
18  36  2  53.1
19  36  2  33.21
20  36  2  38.4
1  37  2  14.52
2  37  2  30
3  37  2  51.3
4  37  2  48.6
5  37  2  39.95
6  37  2  26.4
7  37  2  33.15
8  37  2  41.25
9  37  2  11.73
10  37  2  10.45
11  37  2  36.45
12  37  2  10.25
13  37  2  37
14  37  2  23
15  37  2  37.63
16  37  2  41.31
17  37  2  28.56
18  37  2  19.47
19  37  2  32.8
20  37  2  50.4
1  38  2  5.72
2  38  2  5.5
3  38  2  41.61
4  38  2  36.18
5  38  2  20.21
6  38  2  33.55
7  38  2  7.14
8  38  2  42.9
9  38  2  39.78
10  38  2  11.55
11  38  2  29.7
12  38  2  34.85
13  38  2  36
14  38  2  24.38
15  38  2  24.38
16  38  2  19.38
17  38  2  30.24
18  38  2  44.84
19  38  2  13.53
20  38  2  30.6
1  39  2  12.76
2  39  2  34.5
3  39  2  14.25
4  39  2  44.82
5  39  2  13.63
6  39  2  14.3
7  39  2  18.36
8  39  2  42.35
9  39  2  24.48
10  39  2  33
11  39  2  22.05
12  39  2  20.09
13  39  2  23.5
14  39  2  35.42
15  39  2  42.4
16  39  2  39.27
17  39  2  36.4
18  39  2  20.65
19  39  2  8.2
20  39  2  33
1  40  2  9.24
2  40  2  36
3  40  2  50.73
4  40  2  43.2
5  40  2  33.84
6  40  2  9.9
7  40  2  28.56
8  40  2  38.5
9  40  2  11.73
10  40  2  35.75
11  40  2  17.1
12  40  2  9.43
13  40  2  36
14  40  2  33.58
15  40  2  18.02
16  40  2  5.1
17  40  2  15.68
18  40  2  34.81
19  40  2  16.4
20  40  2  30.6
1  41  2  18.48
2  41  2  40.5
3  41  2  47.31
4  41  2  9.72
5  41  2  10.81
6  41  2  49.5
7  41  2  25.5
8  41  2  22.55
9  41  2  36.72
10  41  2  19.25
11  41  2  17.1
12  41  2  21.32
13  41  2  35
14  41  2  6.44
15  41  2  42.93
16  41  2  19.38
17  41  2  31.36
18  41  2  20.65
19  41  2  24.6
20  41  2  43.8
1  42  2  39.6
2  42  2  9
3  42  2  48.45
4  42  2  5.4
5  42  2  33.37
6  42  2  31.9
7  42  2  22.95
8  42  2  40.15
9  42  2  15.81
10  42  2  13.2
11  42  2  31.5
12  42  2  21.73
13  42  2  34
14  42  2  41.4
15  42  2  31.27
16  42  2  5.61
17  42  2  5.6
18  42  2  43.66
19  42  2  34.03
20  42  2  19.2
1  43  2  17.16
2  43  2  24.5
3  43  2  46.74
4  43  2  21.6
5  43  2  25.85
6  43  2  37.4
7  43  2  34.68
8  43  2  45.1
9  43  2  20.91
10  43  2  24.75
11  43  2  21.6
12  43  2  7.38
13  43  2  8
14  43  2  33.58
15  43  2  28.62
16  43  2  25.5
17  43  2  7.28
18  43  2  25.96
19  43  2  29.93
20  43  2  19.8
1  44  2  9.68
2  44  2  5
3  44  2  38.76
4  44  2  12.42
5  44  2  32.9
6  44  2  38.5
7  44  2  11.73
8  44  2  23.1
9  44  2  19.38
10  44  2  36.85
11  44  2  19.35
12  44  2  20.09
13  44  2  28.5
14  44  2  40.48
15  44  2  42.4
16  44  2  42.33
17  44  2  30.24
18  44  2  5.9
19  44  2  18.86
20  44  2  32.4
1  45  2  33
2  45  2  13
3  45  2  6.84
4  45  2  37.8
5  45  2  15.04
6  45  2  14.85
7  45  2  38.25
8  45  2  6.6
9  45  2  20.91
10  45  2  37.95
11  45  2  30.6
12  45  2  28.29
13  45  2  9
14  45  2  28.52
15  45  2  40.81
16  45  2  31.11
17  45  2  44.24
18  45  2  50.74
19  45  2  27.88
20  45  2  39.6
1  46  2  38.72
2  46  2  18
3  46  2  45.03
4  46  2  35.1
5  46  2  35.72
6  46  2  48.4
7  46  2  9.18
8  46  2  33
9  46  2  35.19
10  46  2  44
11  46  2  32.4
12  46  2  4.1
13  46  2  12.5
14  46  2  11.96
15  46  2  47.17
16  46  2  24.99
17  46  2  26.32
18  46  2  28.91
19  46  2  15.58
20  46  2  16.8
1  47  2  10.12
2  47  2  32
3  47  2  37.62
4  47  2  18.36
5  47  2  31.96
6  47  2  14.85
7  47  2  36.72
8  47  2  8.8
9  47  2  37.23
10  47  2  17.6
11  47  2  29.25
12  47  2  30.75
13  47  2  37
14  47  2  23.92
15  47  2  24.91
16  47  2  40.8
17  47  2  48.16
18  47  2  51.92
19  47  2  4.51
20  47  2  37.8
1  48  2  37.84
2  48  2  18.5
3  48  2  23.94
4  48  2  42.12
5  48  2  14.1
6  48  2  18.7
7  48  2  18.36
8  48  2  27.5
9  48  2  12.75
10  48  2  49.5
11  48  2  22.5
12  48  2  10.66
13  48  2  45
14  48  2  32.66
15  48  2  42.93
16  48  2  16.83
17  48  2  34.16
18  48  2  24.19
19  48  2  29.11
20  48  2  48.6
1  49  2  10.56
2  49  2  5
3  49  2  22.23
4  49  2  21.6
5  49  2  12.69
6  49  2  16.5
7  49  2  26.01
8  49  2  9.35
9  49  2  5.1
10  49  2  44
11  49  2  14.85
12  49  2  24.6
13  49  2  34.5
14  49  2  13.8
15  49  2  17.49
16  49  2  7.14
17  49  2  38.64
18  49  2  28.32
19  49  2  29.11
20  49  2  50.4
1  50  2  5.28
2  50  2  22.5
3  50  2  15.39
4  50  2  42.12
5  50  2  13.16
6  50  2  33
7  50  2  33.15
8  50  2  34.65
9  50  2  10.71
10  50  2  29.7
11  50  2  5.85
12  50  2  17.22
13  50  2  31.5
14  50  2  37.72
15  50  2  41.34
16  50  2  19.89
17  50  2  33.6
18  50  2  34.81
19  50  2  12.71
20  50  2  53.4
1  51  2  8.36
2  51  2  44.5
3  51  2  47.31
4  51  2  40.5
5  51  2  4.7
6  51  2  15.95
7  51  2  44.37
8  51  2  45.65
9  51  2  30.09
10  51  2  8.25
11  51  2  28.8
12  51  2  24.19
13  51  2  36.5
14  51  2  20.7
15  51  2  16.96
16  51  2  15.81
17  51  2  41.44
18  51  2  12.98
19  51  2  5.33
20  51  2  39.6
1  52  2  26.4
2  52  2  24
3  52  2  16.53
4  52  2  38.88
5  52  2  37.6
6  52  2  28.6
7  52  2  30.09
8  52  2  29.15
9  52  2  16.32
10  52  2  23.65
11  52  2  21.6
12  52  2  35.67
13  52  2  19
14  52  2  5.06
15  52  2  14.84
16  52  2  16.83
17  52  2  12.88
18  52  2  42.48
19  52  2  31.57
20  52  2  33
1  53  2  7.48
2  53  2  22
3  53  2  18.81
4  53  2  8.64
5  53  2  38.54
6  53  2  40.15
7  53  2  32.13
8  53  2  24.75
9  53  2  9.18
10  53  2  20.35
11  53  2  15.75
12  53  2  20.91
13  53  2  30.5
14  53  2  24.38
15  53  2  24.38
16  53  2  8.67
17  53  2  13.44
18  53  2  22.42
19  53  2  13.94
20  53  2  51
1  54  2  29.92
2  54  2  21.5
3  54  2  31.92
4  54  2  14.04
5  54  2  11.28
6  54  2  18.7
7  54  2  42.33
8  54  2  22.55
9  54  2  27.03
10  54  2  35.75
11  54  2  20.25
12  54  2  26.65
13  54  2  28
14  54  2  6.9
15  54  2  45.05
16  54  2  37.23
17  54  2  33.04
18  54  2  43.66
19  54  2  18.86
20  54  2  50.4
1  55  2  36.52
2  55  2  33.5
3  55  2  6.27
4  55  2  30.24
5  55  2  20.21
6  55  2  25.3
7  55  2  5.1
8  55  2  18.15
9  55  2  23.46
10  55  2  33
11  55  2  40.5
12  55  2  4.51
13  55  2  22
14  55  2  25.76
15  55  2  16.43
16  55  2  19.38
17  55  2  5.6
18  55  2  40.12
19  55  2  18.86
20  55  2  12.6
1  56  2  36.96
2  56  2  8.5
3  56  2  38.76
4  56  2  42.12
5  56  2  27.73
6  56  2  47.85
7  56  2  29.58
8  56  2  15.95
9  56  2  23.97
10  56  2  12.65
11  56  2  20.7
12  56  2  31.57
13  56  2  7.5
14  56  2  40.48
15  56  2  34.45
16  56  2  10.2
17  56  2  38.64
18  56  2  40.71
19  56  2  18.45
20  56  2  8.4
1  57  2  29.04
2  57  2  41
3  57  2  24.51
4  57  2  43.2
5  57  2  24.91
6  57  2  24.2
7  57  2  45.39
8  57  2  19.8
9  57  2  40.8
10  57  2  48.4
11  57  2  19.35
12  57  2  16.4
13  57  2  30.5
14  57  2  9.66
15  57  2  31.27
16  57  2  39.78
17  57  2  13.44
18  57  2  52.51
19  57  2  25.42
20  57  2  46.8
1  58  2  20.68
2  58  2  18.5
3  58  2  27.36
4  58  2  6.48
5  58  2  11.75
6  58  2  47.3
7  58  2  10.2
8  58  2  46.2
9  58  2  41.31
10  58  2  32.45
11  58  2  26.1
12  58  2  6.15
13  58  2  38
14  58  2  28.52
15  58  2  30.74
16  58  2  35.7
17  58  2  7.84
18  58  2  23.6
19  58  2  16.4
20  58  2  22.8
1  59  2  34.32
2  59  2  35
3  59  2  28.5
4  59  2  35.1
5  59  2  15.51
6  59  2  14.3
7  59  2  44.37
8  59  2  8.25
9  59  2  36.72
10  59  2  24.2
11  59  2  7.2
12  59  2  10.25
13  59  2  37.5
14  59  2  39.56
15  59  2  25.44
16  59  2  21.93
17  59  2  25.2
18  59  2  31.27
19  59  2  17.63
20  59  2  19.2
1  60  2  21.12
2  60  2  40.5
3  60  2  7.41
4  60  2  30.24
5  60  2  28.67
6  60  2  9.35
7  60  2  39.78
8  60  2  33.55
9  60  2  31.62
10  60  2  32.45
11  60  2  39.6
12  60  2  16.81
13  60  2  33.5
14  60  2  20.7
15  60  2  31.8
16  60  2  12.75
17  60  2  15.68
18  60  2  36.58
19  60  2  29.11
20  60  2  39
1  61  2  30.36
2  61  2  20.5
3  61  2  50.16
4  61  2  41.58
5  61  2  28.2
6  61  2  32.45
7  61  2  17.34
8  61  2  24.75
9  61  2  36.72
10  61  2  13.2
11  61  2  5.85
12  61  2  23.78
13  61  2  35.5
14  61  2  6.44
15  61  2  10.6
16  61  2  24.99
17  61  2  22.96
18  61  2  13.57
19  61  2  29.52
20  61  2  34.8
1  62  2  39.16
2  62  2  21
3  62  2  28.5
4  62  2  18.9
5  62  2  9.87
6  62  2  37.4
7  62  2  41.31
8  62  2  45.1
9  62  2  22.44
10  62  2  42.9
11  62  2  33.3
12  62  2  25.42
13  62  2  33
14  62  2  40.94
15  62  2  16.96
16  62  2  26.52
17  62  2  11.2
18  62  2  40.12
19  62  2  9.43
20  62  2  7.8
1  63  2  17.6
2  63  2  30
3  63  2  19.38
4  63  2  18.9
5  63  2  31.49
6  63  2  46.2
7  63  2  30.09
8  63  2  48.4
9  63  2  16.32
10  63  2  35.75
11  63  2  17.55
12  63  2  9.02
13  63  2  30.5
14  63  2  31.74
15  63  2  34.45
16  63  2  17.34
17  63  2  23.52
18  63  2  47.79
19  63  2  22.14
20  63  2  21
1  64  2  36.52
2  64  2  8
3  64  2  12.54
4  64  2  14.58
5  64  2  34.31
6  64  2  16.5
7  64  2  36.21
8  64  2  44
9  64  2  22.44
10  64  2  28.6
11  64  2  19.8
12  64  2  27.88
13  64  2  6.5
14  64  2  25.3
15  64  2  18.55
16  64  2  45.9
17  64  2  49.28
18  64  2  21.24
19  64  2  24.19
20  64  2  33
1  65  2  26.4
2  65  2  7.5
3  65  2  24.51
4  65  2  32.94
5  65  2  13.16
6  65  2  20.35
7  65  2  35.7
8  65  2  24.75
9  65  2  6.12
10  65  2  48.95
11  65  2  18
12  65  2  33.62
13  65  2  42
14  65  2  33.12
15  65  2  23.32
16  65  2  41.31
17  65  2  13.44
18  65  2  30.09
19  65  2  20.5
20  65  2  25.8
1  66  2  33.88
2  66  2  44
3  66  2  36.48
4  66  2  25.38
5  66  2  7.05
6  66  2  19.8
7  66  2  10.71
8  66  2  36.85
9  66  2  21.93
10  66  2  37.4
11  66  2  36.9
12  66  2  13.53
13  66  2  11
14  66  2  13.34
15  66  2  29.68
16  66  2  20.4
17  66  2  12.32
18  66  2  51.92
19  66  2  7.38
20  66  2  18
1  67  2  18.92
2  67  2  28
3  67  2  49.02
4  67  2  30.78
5  67  2  13.63
6  67  2  13.2
7  67  2  12.75
8  67  2  33
9  67  2  43.35
10  67  2  32.45
11  67  2  37.8
12  67  2  29.11
13  67  2  30
14  67  2  21.62
15  67  2  34.98
16  67  2  15.3
17  67  2  40.88
18  67  2  44.25
19  67  2  11.07
20  67  2  29.4
1  68  2  4.84
2  68  2  41.5
3  68  2  17.1
4  68  2  6.48
5  68  2  26.32
6  68  2  46.75
7  68  2  6.12
8  68  2  13.2
9  68  2  5.1
10  68  2  36.3
11  68  2  5.85
12  68  2  31.57
13  68  2  42.5
14  68  2  33.58
15  68  2  42.93
16  68  2  14.79
17  68  2  34.16
18  68  2  47.2
19  68  2  17.63
20  68  2  33.6
1  69  2  5.28
2  69  2  38.5
3  69  2  35.34
4  69  2  41.04
5  69  2  8.93
6  69  2  13.75
7  69  2  23.97
8  69  2  26.95
9  69  2  31.62
10  69  2  47.85
11  69  2  35.1
12  69  2  14.76
13  69  2  5.5
14  69  2  29.44
15  69  2  19.08
16  69  2  45.9
17  69  2  33.04
18  69  2  33.63
19  69  2  9.43
20  69  2  18.6
1  70  2  24.2
2  70  2  16
3  70  2  21.09
4  70  2  9.72
5  70  2  28.67
6  70  2  10.45
7  70  2  37.74
8  70  2  25.3
9  70  2  11.22
10  70  2  22
11  70  2  13.05
12  70  2  30.75
13  70  2  33.5
14  70  2  27.14
15  70  2  24.38
16  70  2  14.79
17  70  2  11.2
18  70  2  31.86
19  70  2  11.07
20  70  2  36
1  71  2  18.92
2  71  2  6.5
3  71  2  35.34
4  71  2  19.44
5  71  2  29.61
6  71  2  12.1
7  71  2  22.95
8  71  2  39.6
9  71  2  36.72
10  71  2  21.45
11  71  2  37.8
12  71  2  31.98
13  71  2  36.5
14  71  2  34.04
15  71  2  16.96
16  71  2  19.89
17  71  2  30.24
18  71  2  44.84
19  71  2  11.07
20  71  2  18.6
1  72  2  34.76
2  72  2  31.5
3  72  2  49.02
4  72  2  12.96
5  72  2  26.79
6  72  2  39.6
7  72  2  14.28
8  72  2  8.25
9  72  2  36.21
10  72  2  36.85
11  72  2  40.5
12  72  2  25.42
13  72  2  29
14  72  2  28.52
15  72  2  10.6
16  72  2  11.22
17  72  2  15.68
18  72  2  42.48
19  72  2  19.68
20  72  2  25.8
1  73  2  22.44
2  73  2  14
3  73  2  32.49
4  73  2  27.54
5  73  2  6.58
6  73  2  31.35
7  73  2  43.86
8  73  2  40.7
9  73  2  37.23
10  73  2  11
11  73  2  7.65
12  73  2  8.61
13  73  2  38
14  73  2  25.76
15  73  2  27.03
16  73  2  23.46
17  73  2  13.44
18  73  2  39.53
19  73  2  16.81
20  73  2  6
1  74  2  38.72
2  74  2  43.5
3  74  2  49.02
4  74  2  37.26
5  74  2  7.05
6  74  2  24.75
7  74  2  38.25
8  74  2  7.15
9  74  2  6.63
10  74  2  7.7
11  74  2  20.25
12  74  2  28.7
13  74  2  8
14  74  2  34.96
15  74  2  40.81
16  74  2  35.7
17  74  2  38.08
18  74  2  30.09
19  74  2  16.4
20  74  2  26.4
1  75  2  29.92
2  75  2  35
3  75  2  35.91
4  75  2  17.82
5  75  2  7.99
6  75  2  17.6
7  75  2  28.56
8  75  2  15.4
9  75  2  15.81
10  75  2  25.85
11  75  2  12.15
12  75  2  21.32
13  75  2  43.5
14  75  2  35.42
15  75  2  18.02
16  75  2  24.48
17  75  2  7.84
18  75  2  47.2
19  75  2  28.29
20  75  2  34.2
1  76  2  27.28
2  76  2  26.5
3  76  2  10.26
4  76  2  34.02
5  76  2  36.66
6  76  2  33.55
7  76  2  26.01
8  76  2  8.8
9  76  2  44.88
10  76  2  27.5
11  76  2  5.4
12  76  2  4.51
13  76  2  26.5
14  76  2  25.76
15  76  2  23.32
16  76  2  26.52
17  76  2  33.6
18  76  2  10.62
19  76  2  17.22
20  76  2  28.2
1  77  2  23.76
2  77  2  22.5
3  77  2  11.97
4  77  2  23.76
5  77  2  33.84
6  77  2  36.85
7  77  2  35.7
8  77  2  26.95
9  77  2  23.46
10  77  2  48.4
11  77  2  27
12  77  2  22.55
13  77  2  14.5
14  77  2  17.94
15  77  2  21.73
16  77  2  45.9
17  77  2  21.84
18  77  2  24.19
19  77  2  11.48
20  77  2  22.8
1  78  2  6.16
2  78  2  33
3  78  2  47.88
4  78  2  30.78
5  78  2  29.61
6  78  2  7.7
7  78  2  35.7
8  78  2  34.65
9  78  2  8.16
10  78  2  39.05
11  78  2  28.35
12  78  2  25.01
13  78  2  31.5
14  78  2  34.96
15  78  2  6.36
16  78  2  8.16
17  78  2  41.44
18  78  2  8.85
19  78  2  4.92
20  78  2  46.2
1  79  2  8.36
2  79  2  7.5
3  79  2  7.98
4  79  2  18.36
5  79  2  41.36
6  79  2  16.5
7  79  2  42.84
8  79  2  32.45
9  79  2  29.07
10  79  2  33.55
11  79  2  25.65
12  79  2  19.68
13  79  2  30.5
14  79  2  32.66
15  79  2  36.04
16  79  2  16.83
17  79  2  8.96
18  79  2  32.45
19  79  2  28.29
20  79  2  15.6
1  80  2  7.48
2  80  2  45
3  80  2  35.91
4  80  2  29.7
5  80  2  24.91
6  80  2  41.8
7  80  2  42.84
8  80  2  12.1
9  80  2  26.01
10  80  2  9.35
11  80  2  20.25
12  80  2  10.25
13  80  2  15.5
14  80  2  24.38
15  80  2  28.09
16  80  2  39.78
17  80  2  16.8
18  80  2  40.71
19  80  2  17.22
20  80  2  38.4
1  81  2  17.16
2  81  2  22.5
3  81  2  34.2
4  81  2  48.6
5  81  2  18.8
6  81  2  18.15
7  81  2  21.93
8  81  2  13.75
9  81  2  40.29
10  81  2  43.45
11  81  2  16.2
12  81  2  32.39
13  81  2  34
14  81  2  25.3
15  81  2  33.39
16  81  2  23.97
17  81  2  10.64
18  81  2  50.15
19  81  2  14.35
20  81  2  28.2
1  82  2  11
2  82  2  12
3  82  2  14.25
4  82  2  28.62
5  82  2  9.4
6  82  2  22
7  82  2  13.77
8  82  2  35.75
9  82  2  19.38
10  82  2  46.2
11  82  2  34.65
12  82  2  28.7
13  82  2  28
14  82  2  23.92
15  82  2  20.14
16  82  2  29.07
17  82  2  48.16
18  82  2  25.37
19  82  2  4.51
20  82  2  16.2
1  83  2  11.44
2  83  2  8.5
3  83  2  6.84
4  83  2  43.2
5  83  2  37.6
6  83  2  14.85
7  83  2  18.87
8  83  2  33.55
9  83  2  30.6
10  83  2  41.25
11  83  2  26.1
12  83  2  32.39
13  83  2  5
14  83  2  34.04
15  83  2  39.22
16  83  2  23.97
17  83  2  50.4
18  83  2  38.35
19  83  2  13.12
20  83  2  34.8
1  84  2  29.04
2  84  2  14
3  84  2  42.18
4  84  2  5.4
5  84  2  19.27
6  84  2  47.85
7  84  2  42.84
8  84  2  14.85
9  84  2  40.29
10  84  2  22.55
11  84  2  11.25
12  84  2  25.01
13  84  2  11
14  84  2  4.6
15  84  2  36.57
16  84  2  27.03
17  84  2  22.96
18  84  2  30.68
19  84  2  4.92
20  84  2  40.2
1  85  2  6.6
2  85  2  36.5
3  85  2  9.12
4  85  2  22.14
5  85  2  5.64
6  85  2  41.25
7  85  2  36.72
8  85  2  31.35
9  85  2  25.5
10  85  2  41.25
11  85  2  25.65
12  85  2  17.63
13  85  2  5.5
14  85  2  23
15  85  2  20.14
16  85  2  15.3
17  85  2  33.6
18  85  2  7.67
19  85  2  35.67
20  85  2  33.6
1  86  2  22
2  86  2  30.5
3  86  2  10.83
4  86  2  16.2
5  86  2  41.83
6  86  2  14.85
7  86  2  27.54
8  86  2  10.45
9  86  2  27.03
10  86  2  36.3
11  86  2  25.2
12  86  2  10.25
13  86  2  23.5
14  86  2  5.52
15  86  2  32.33
16  86  2  37.74
17  86  2  25.2
18  86  2  50.15
19  86  2  36.49
20  86  2  27
1  87  2  11
2  87  2  5.5
3  87  2  11.97
4  87  2  28.08
5  87  2  23.97
6  87  2  44.55
7  87  2  6.63
8  87  2  25.85
9  87  2  43.86
10  87  2  33
11  87  2  14.4
12  87  2  32.8
13  87  2  36.5
14  87  2  23.92
15  87  2  26.5
16  87  2  14.28
17  87  2  38.08
18  87  2  32.45
19  87  2  34.03
20  87  2  26.4
1  88  2  19.8
2  88  2  16.5
3  88  2  13.68
4  88  2  22.14
5  88  2  38.07
6  88  2  17.6
7  88  2  22.95
8  88  2  31.9
9  88  2  45.39
10  88  2  47.3
11  88  2  7.2
12  88  2  9.43
13  88  2  38.5
14  88  2  38.18
15  88  2  20.14
16  88  2  31.62
17  88  2  34.16
18  88  2  25.37
19  88  2  21.32
20  88  2  17.4
1  89  2  20.24
2  89  2  30
3  89  2  28.5
4  89  2  22.68
5  89  2  25.38
6  89  2  41.25
7  89  2  16.83
8  89  2  27.5
9  89  2  26.01
10  89  2  22
11  89  2  19.35
12  89  2  13.94
13  89  2  27
14  89  2  23.46
15  89  2  10.07
16  89  2  41.82
17  89  2  12.88
18  89  2  42.48
19  89  2  18.04
20  89  2  43.2
1  90  2  8.36
2  90  2  31
3  90  2  33.06
4  90  2  35.64
5  90  2  35.25
6  90  2  28.6
7  90  2  15.81
8  90  2  13.2
9  90  2  14.79
10  90  2  41.8
11  90  2  9.45
12  90  2  17.63
13  90  2  26.5
14  90  2  9.2
15  90  2  21.73
16  90  2  26.01
17  90  2  48.72
18  90  2  35.99
19  90  2  18.04
20  90  2  49.2
1  91  2  18.48
2  91  2  19
3  91  2  17.67
4  91  2  10.26
5  91  2  37.13
6  91  2  17.05
7  91  2  30.09
8  91  2  41.8
9  91  2  29.07
10  91  2  21.45
11  91  2  19.35
12  91  2  23.37
13  91  2  35.5
14  91  2  19.78
15  91  2  19.61
16  91  2  44.37
17  91  2  14
18  91  2  30.68
19  91  2  18.04
20  91  2  27.6
1  92  2  14.96
2  92  2  20
3  92  2  17.67
4  92  2  23.22
5  92  2  34.78
6  92  2  39.6
7  92  2  31.62
8  92  2  28.6
9  92  2  18.87
10  92  2  40.7
11  92  2  6.3
12  92  2  36.08
13  92  2  20.5
14  92  2  5.98
15  92  2  7.95
16  92  2  8.16
17  92  2  15.68
18  92  2  42.48
19  92  2  13.12
20  92  2  44.4
1  93  2  24.2
2  93  2  34
3  93  2  13.68
4  93  2  19.98
5  93  2  21.15
6  93  2  35.2
7  93  2  32.13
8  93  2  11.55
9  93  2  23.46
10  93  2  26.95
11  93  2  21.15
12  93  2  24.19
13  93  2  18
14  93  2  36.34
15  93  2  45.05
16  93  2  28.56
17  93  2  48.16
18  93  2  50.15
19  93  2  25.01
20  93  2  9
1  94  2  32.56
2  94  2  34.5
3  94  2  17.67
4  94  2  16.74
5  94  2  6.58
6  94  2  18.7
7  94  2  23.97
8  94  2  11.55
9  94  2  12.75
10  94  2  6.6
11  94  2  7.2
12  94  2  27.06
13  94  2  13.5
14  94  2  36.8
15  94  2  29.68
16  94  2  23.46
17  94  2  39.76
18  94  2  25.96
19  94  2  21.32
20  94  2  30
1  95  2  10.12
2  95  2  34.5
3  95  2  11.4
4  95  2  26.46
5  95  2  15.98
6  95  2  13.75
7  95  2  25.5
8  95  2  30.8
9  95  2  22.95
10  95  2  23.65
11  95  2  24.75
12  95  2  13.53
13  95  2  43.5
14  95  2  27.14
15  95  2  38.69
16  95  2  22.44
17  95  2  14
18  95  2  15.34
19  95  2  7.79
20  95  2  15.6
1  96  2  13.64
2  96  2  21
3  96  2  31.35
4  96  2  5.4
5  96  2  14.57
6  96  2  37.4
7  96  2  14.28
8  96  2  32.45
9  96  2  22.44
10  96  2  29.15
11  96  2  29.7
12  96  2  29.52
13  96  2  42.5
14  96  2  21.62
15  96  2  36.04
16  96  2  26.52
17  96  2  9.52
18  96  2  17.7
19  96  2  34.85
20  96  2  7.8
1  97  2  12.32
2  97  2  16.5
3  97  2  22.23
4  97  2  23.22
5  97  2  7.52
6  97  2  48.4
7  97  2  6.12
8  97  2  6.05
9  97  2  41.31
10  97  2  5.5
11  97  2  5.85
12  97  2  15.99
13  97  2  6
14  97  2  36.34
15  97  2  6.89
16  97  2  13.26
17  97  2  20.72
18  97  2  34.22
19  97  2  21.32
20  97  2  18
1  98  2  28.16
2  98  2  15
3  98  2  27.93
4  98  2  30.24
5  98  2  42.3
6  98  2  32.45
7  98  2  14.79
8  98  2  33
9  98  2  32.64
10  98  2  48.4
11  98  2  12.15
12  98  2  35.26
13  98  2  43
14  98  2  36.34
15  98  2  39.22
16  98  2  36.72
17  98  2  13.44
18  98  2  33.63
19  98  2  32.8
20  98  2  42
1  99  2  5.72
2  99  2  32
3  99  2  16.53
4  99  2  44.28
5  99  2  12.22
6  99  2  7.15
7  99  2  36.72
8  99  2  10.45
9  99  2  15.3
10  99  2  24.75
11  99  2  25.65
12  99  2  36.49
13  99  2  33.5
14  99  2  23.46
15  99  2  20.14
16  99  2  11.22
17  99  2  44.8
18  99  2  25.96
19  99  2  9.02
20  99  2  7.2
1  100  2  5.72
2  100  2  36.5
3  100  2  23.94
4  100  2  39.42
5  100  2  28.2
6  100  2  36.3
7  100  2  21.93
8  100  2  48.4
9  100  2  28.56
10  100  2  40.7
11  100  2  27.45
12  100  2  13.94
13  100  2  38
14  100  2  23.46
15  100  2  31.27
16  100  2  20.91
17  100  2  16.24
18  100  2  37.76
19  100  2  15.99
20  100  2  32.4
;

param xi_base :=
1  1  34
2  1  49
3  1  78
4  1  52
5  1  83
6  1  71
7  1  56
8  1  89
9  1  83
10  1  68
11  1  44
12  1  20
13  1  65
14  1  38
15  1  16
16  1  73
17  1  59
18  1  29
19  1  60
20  1  18
1  2  18
2  2  25
3  2  82
4  2  77
5  2  35
6  2  70
7  2  59
8  2  11
9  2  47
10  2  18
11  2  53
12  2  86
13  2  87
14  2  86
15  2  26
16  2  10
17  2  45
18  2  69
19  2  83
20  2  53
1  3  62
2  3  79
3  3  30
4  3  45
5  3  10
6  3  65
7  3  59
8  3  73
9  3  72
10  3  11
11  3  11
12  3  71
13  3  80
14  3  20
15  3  84
16  3  30
17  3  14
18  3  35
19  3  26
20  3  79
1  4  33
2  4  12
3  4  41
4  4  42
5  4  89
6  4  76
7  4  62
8  4  56
9  4  57
10  4  82
11  4  17
12  4  25
13  4  54
14  4  77
15  4  29
16  4  45
17  4  53
18  4  55
19  4  52
20  4  82
1  5  88
2  5  27
3  5  10
4  5  67
5  5  40
6  5  24
7  5  70
8  5  63
9  5  32
10  5  58
11  5  54
12  5  24
13  5  78
14  5  27
15  5  38
16  5  80
17  5  70
18  5  40
19  5  22
20  5  33
1  6  19
2  6  87
3  6  55
4  6  62
5  6  84
6  6  65
7  6  88
8  6  75
9  6  49
10  6  61
11  6  89
12  6  83
13  6  26
14  6  66
15  6  12
16  6  11
17  6  58
18  6  71
19  6  33
20  6  17
1  7  41
2  7  73
3  7  50
4  7  28
5  7  87
6  7  70
7  7  81
8  7  90
9  7  18
10  7  41
11  7  73
12  7  28
13  7  45
14  7  50
15  7  84
16  7  82
17  7  61
18  7  47
19  7  58
20  7  64
1  8  89
2  8  60
3  8  57
4  8  42
5  8  66
6  8  31
7  8  17
8  8  18
9  8  50
10  8  87
11  8  52
12  8  58
13  8  54
14  8  62
15  8  57
16  8  23
17  8  28
18  8  64
19  8  26
20  8  47
1  9  55
2  9  67
3  9  80
4  9  88
5  9  41
6  9  18
7  9  14
8  9  86
9  9  87
10  9  27
11  9  64
12  9  69
13  9  81
14  9  68
15  9  14
16  9  36
17  9  78
18  9  75
19  9  38
20  9  16
1  10  72
2  10  90
3  10  76
4  10  72
5  10  35
6  10  82
7  10  60
8  10  12
9  10  85
10  10  84
11  10  51
12  10  66
13  10  84
14  10  27
15  10  61
16  10  67
17  10  10
18  10  25
19  10  38
20  10  27
1  11  71
2  11  47
3  11  15
4  11  86
5  11  75
6  11  23
7  11  77
8  11  60
9  11  68
10  11  32
11  11  72
12  11  61
13  11  80
14  11  20
15  11  50
16  11  69
17  11  13
18  11  50
19  11  16
20  11  56
1  12  63
2  12  35
3  12  54
4  12  56
5  12  24
6  12  12
7  12  84
8  12  51
9  12  47
10  12  78
11  12  78
12  12  37
13  12  76
14  12  45
15  12  34
16  12  25
17  12  29
18  12  51
19  12  56
20  12  67
1  13  32
2  13  83
3  13  30
4  13  75
5  13  68
6  13  80
7  13  46
8  13  41
9  13  29
10  13  28
11  13  48
12  13  15
13  13  52
14  13  22
15  13  28
16  13  53
17  13  59
18  13  58
19  13  76
20  13  58
1  14  19
2  14  85
3  14  82
4  14  25
5  14  66
6  14  22
7  14  38
8  14  48
9  14  66
10  14  47
11  14  69
12  14  54
13  14  73
14  14  34
15  14  19
16  14  22
17  14  62
18  14  54
19  14  13
20  14  10
1  15  20
2  15  54
3  15  15
4  15  60
5  15  35
6  15  35
7  15  39
8  15  64
9  15  83
10  15  14
11  15  26
12  15  48
13  15  40
14  15  22
15  15  19
16  15  67
17  15  62
18  15  61
19  15  79
20  15  31
1  16  34
2  16  58
3  16  85
4  16  67
5  16  26
6  16  63
7  16  63
8  16  72
9  16  40
10  16  61
11  16  72
12  16  17
13  16  10
14  16  48
15  16  65
16  16  59
17  16  89
18  16  25
19  16  77
20  16  23
1  17  19
2  17  79
3  17  19
4  17  89
5  17  12
6  17  13
7  17  66
8  17  31
9  17  38
10  17  81
11  17  40
12  17  34
13  17  54
14  17  61
15  17  86
16  17  65
17  17  80
18  17  13
19  17  23
20  17  52
1  18  16
2  18  81
3  18  68
4  18  80
5  18  41
6  18  25
7  18  29
8  18  66
9  18  42
10  18  68
11  18  81
12  18  73
13  18  59
14  18  88
15  18  84
16  18  37
17  18  19
18  18  33
19  18  57
20  18  35
1  19  63
2  19  17
3  19  38
4  19  10
5  19  12
6  19  66
7  19  32
8  19  33
9  19  85
10  19  23
11  19  62
12  19  39
13  19  87
14  19  17
15  19  80
16  19  46
17  19  25
18  19  66
19  19  21
20  19  22
1  20  40
2  20  68
3  20  24
4  20  32
5  20  65
6  20  77
7  20  63
8  20  90
9  20  24
10  20  60
11  20  51
12  20  15
13  20  42
14  20  49
15  20  65
16  20  65
17  20  83
18  20  21
19  20  80
20  20  72
1  21  31
2  21  80
3  21  80
4  21  79
5  21  17
6  21  50
7  21  44
8  21  84
9  21  48
10  21  64
11  21  44
12  21  84
13  21  87
14  21  47
15  21  75
16  21  11
17  21  39
18  21  12
19  21  77
20  21  70
1  22  10
2  22  72
3  22  19
4  22  88
5  22  19
6  22  70
7  22  86
8  22  54
9  22  10
10  22  73
11  22  61
12  22  27
13  22  50
14  22  81
15  22  85
16  22  48
17  22  54
18  22  73
19  22  32
20  22  70
1  23  10
2  23  41
3  23  17
4  23  89
5  23  14
6  23  77
7  23  14
8  23  86
9  23  20
10  23  24
11  23  15
12  23  33
13  23  65
14  23  45
15  23  46
16  23  73
17  23  85
18  23  53
19  23  71
20  23  71
1  24  90
2  24  78
3  24  27
4  24  11
5  24  17
6  24  34
7  24  69
8  24  58
9  24  74
10  24  69
11  24  86
12  24  17
13  24  60
14  24  46
15  24  70
16  24  11
17  24  37
18  24  19
19  24  34
20  24  39
1  25  30
2  25  71
3  25  46
4  25  45
5  25  60
6  25  20
7  25  46
8  25  49
9  25  63
10  25  17
11  25  54
12  25  76
13  25  16
14  25  56
15  25  55
16  25  26
17  25  14
18  25  50
19  25  87
20  25  70
1  26  55
2  26  79
3  26  30
4  26  12
5  26  24
6  26  16
7  26  44
8  26  61
9  26  28
10  26  61
11  26  10
12  26  73
13  26  58
14  26  27
15  26  84
16  26  75
17  26  32
18  26  42
19  26  12
20  26  22
1  27  17
2  27  23
3  27  55
4  27  49
5  27  52
6  27  89
7  27  88
8  27  61
9  27  28
10  27  31
11  27  85
12  27  49
13  27  68
14  27  68
15  27  53
16  27  69
17  27  26
18  27  71
19  27  49
20  27  70
1  28  84
2  28  86
3  28  13
4  28  49
5  28  74
6  28  47
7  28  83
8  28  81
9  28  87
10  28  55
11  28  29
12  28  14
13  28  76
14  28  79
15  28  23
16  28  56
17  28  80
18  28  73
19  28  22
20  28  73
1  29  82
2  29  40
3  29  77
4  29  15
5  29  36
6  29  75
7  29  12
8  29  48
9  29  49
10  29  79
11  29  62
12  29  41
13  29  79
14  29  32
15  29  41
16  29  67
17  29  59
18  29  75
19  29  86
20  29  38
1  30  45
2  30  40
3  30  89
4  30  73
5  30  37
6  30  59
7  30  46
8  30  89
9  30  64
10  30  12
11  30  67
12  30  88
13  30  25
14  30  85
15  30  34
16  30  88
17  30  68
18  30  83
19  30  13
20  30  26
1  31  81
2  31  73
3  31  49
4  31  19
5  31  10
6  31  31
7  31  60
8  31  34
9  31  83
10  31  61
11  31  79
12  31  49
13  31  59
14  31  71
15  31  74
16  31  41
17  31  87
18  31  81
19  31  15
20  31  14
1  32  57
2  32  74
3  32  52
4  32  21
5  32  26
6  32  48
7  32  76
8  32  88
9  32  81
10  32  84
11  32  26
12  32  79
13  32  48
14  32  63
15  32  10
16  32  44
17  32  63
18  32  21
19  32  33
20  32  27
1  33  21
2  33  74
3  33  54
4  33  31
5  33  84
6  33  49
7  33  24
8  33  10
9  33  86
10  33  52
11  33  83
12  33  41
13  33  17
14  33  80
15  33  80
16  33  35
17  33  35
18  33  68
19  33  15
20  33  51
1  34  44
2  34  69
3  34  28
4  34  20
5  34  36
6  34  65
7  34  60
8  34  25
9  34  43
10  34  43
11  34  38
12  34  74
13  34  28
14  34  63
15  34  64
16  34  59
17  34  82
18  34  58
19  34  61
20  34  45
1  35  57
2  35  10
3  35  11
4  35  21
5  35  22
6  35  72
7  35  72
8  35  69
9  35  55
10  35  13
11  35  25
12  35  82
13  35  27
14  35  78
15  35  53
16  35  67
17  35  59
18  35  44
19  35  76
20  35  11
1  36  16
2  36  22
3  36  86
4  36  86
5  36  37
6  36  81
7  36  28
8  36  76
9  36  47
10  36  78
11  36  60
12  36  33
13  36  90
14  36  73
15  36  54
16  36  20
17  36  28
18  36  90
19  36  81
20  36  64
1  37  33
2  37  60
3  37  90
4  37  90
5  37  85
6  37  48
7  37  65
8  37  75
9  37  23
10  37  19
11  37  81
12  37  25
13  37  74
14  37  50
15  37  71
16  37  81
17  37  51
18  37  33
19  37  80
20  37  84
1  38  13
2  38  11
3  38  73
4  38  67
5  38  43
6  38  61
7  38  14
8  38  78
9  38  78
10  38  21
11  38  66
12  38  85
13  38  72
14  38  53
15  38  46
16  38  38
17  38  54
18  38  76
19  38  33
20  38  51
1  39  29
2  39  69
3  39  25
4  39  83
5  39  29
6  39  26
7  39  36
8  39  77
9  39  48
10  39  60
11  39  49
12  39  49
13  39  47
14  39  77
15  39  80
16  39  77
17  39  65
18  39  35
19  39  20
20  39  55
1  40  21
2  40  72
3  40  89
4  40  80
5  40  72
6  40  18
7  40  56
8  40  70
9  40  23
10  40  65
11  40  38
12  40  23
13  40  72
14  40  73
15  40  34
16  40  10
17  40  28
18  40  59
19  40  40
20  40  51
1  41  42
2  41  81
3  41  83
4  41  18
5  41  23
6  41  90
7  41  50
8  41  41
9  41  72
10  41  35
11  41  38
12  41  52
13  41  70
14  41  14
15  41  81
16  41  38
17  41  56
18  41  35
19  41  60
20  41  73
1  42  90
2  42  18
3  42  85
4  42  10
5  42  71
6  42  58
7  42  45
8  42  73
9  42  31
10  42  24
11  42  70
12  42  53
13  42  68
14  42  90
15  42  59
16  42  11
17  42  10
18  42  74
19  42  83
20  42  32
1  43  39
2  43  49
3  43  82
4  43  40
5  43  55
6  43  68
7  43  68
8  43  82
9  43  41
10  43  45
11  43  48
12  43  18
13  43  16
14  43  73
15  43  54
16  43  50
17  43  13
18  43  44
19  43  73
20  43  33
1  44  22
2  44  10
3  44  68
4  44  23
5  44  70
6  44  70
7  44  23
8  44  42
9  44  38
10  44  67
11  44  43
12  44  49
13  44  57
14  44  88
15  44  80
16  44  83
17  44  54
18  44  10
19  44  46
20  44  54
1  45  75
2  45  26
3  45  12
4  45  70
5  45  32
6  45  27
7  45  75
8  45  12
9  45  41
10  45  69
11  45  68
12  45  69
13  45  18
14  45  62
15  45  77
16  45  61
17  45  79
18  45  86
19  45  68
20  45  66
1  46  88
2  46  36
3  46  79
4  46  65
5  46  76
6  46  88
7  46  18
8  46  60
9  46  69
10  46  80
11  46  72
12  46  10
13  46  25
14  46  26
15  46  89
16  46  49
17  46  47
18  46  49
19  46  38
20  46  28
1  47  23
2  47  64
3  47  66
4  47  34
5  47  68
6  47  27
7  47  72
8  47  16
9  47  73
10  47  32
11  47  65
12  47  75
13  47  74
14  47  52
15  47  47
16  47  80
17  47  86
18  47  88
19  47  11
20  47  63
1  48  86
2  48  37
3  48  42
4  48  78
5  48  30
6  48  34
7  48  36
8  48  50
9  48  25
10  48  90
11  48  50
12  48  26
13  48  90
14  48  71
15  48  81
16  48  33
17  48  61
18  48  41
19  48  71
20  48  81
1  49  24
2  49  10
3  49  39
4  49  40
5  49  27
6  49  30
7  49  51
8  49  17
9  49  10
10  49  80
11  49  33
12  49  60
13  49  69
14  49  30
15  49  33
16  49  14
17  49  69
18  49  48
19  49  71
20  49  84
1  50  12
2  50  45
3  50  27
4  50  78
5  50  28
6  50  60
7  50  65
8  50  63
9  50  21
10  50  54
11  50  13
12  50  42
13  50  63
14  50  82
15  50  78
16  50  39
17  50  60
18  50  59
19  50  31
20  50  89
1  51  19
2  51  89
3  51  83
4  51  75
5  51  10
6  51  29
7  51  87
8  51  83
9  51  59
10  51  15
11  51  64
12  51  59
13  51  73
14  51  45
15  51  32
16  51  31
17  51  74
18  51  22
19  51  13
20  51  66
1  52  60
2  52  48
3  52  29
4  52  72
5  52  80
6  52  52
7  52  59
8  52  53
9  52  32
10  52  43
11  52  48
12  52  87
13  52  38
14  52  11
15  52  28
16  52  33
17  52  23
18  52  72
19  52  77
20  52  55
1  53  17
2  53  44
3  53  33
4  53  16
5  53  82
6  53  73
7  53  63
8  53  45
9  53  18
10  53  37
11  53  35
12  53  51
13  53  61
14  53  53
15  53  46
16  53  17
17  53  24
18  53  38
19  53  34
20  53  85
1  54  68
2  54  43
3  54  56
4  54  26
5  54  24
6  54  34
7  54  83
8  54  41
9  54  53
10  54  65
11  54  45
12  54  65
13  54  56
14  54  15
15  54  85
16  54  73
17  54  59
18  54  74
19  54  46
20  54  84
1  55  83
2  55  67
3  55  11
4  55  56
5  55  43
6  55  46
7  55  10
8  55  33
9  55  46
10  55  60
11  55  90
12  55  11
13  55  44
14  55  56
15  55  31
16  55  38
17  55  10
18  55  68
19  55  46
20  55  21
1  56  84
2  56  17
3  56  68
4  56  78
5  56  59
6  56  87
7  56  58
8  56  29
9  56  47
10  56  23
11  56  46
12  56  77
13  56  15
14  56  88
15  56  65
16  56  20
17  56  69
18  56  69
19  56  45
20  56  14
1  57  66
2  57  82
3  57  43
4  57  80
5  57  53
6  57  44
7  57  89
8  57  36
9  57  80
10  57  88
11  57  43
12  57  40
13  57  61
14  57  21
15  57  59
16  57  78
17  57  24
18  57  89
19  57  62
20  57  78
1  58  47
2  58  37
3  58  48
4  58  12
5  58  25
6  58  86
7  58  20
8  58  84
9  58  81
10  58  59
11  58  58
12  58  15
13  58  76
14  58  62
15  58  58
16  58  70
17  58  14
18  58  40
19  58  40
20  58  38
1  59  78
2  59  70
3  59  50
4  59  65
5  59  33
6  59  26
7  59  87
8  59  15
9  59  72
10  59  44
11  59  16
12  59  25
13  59  75
14  59  86
15  59  48
16  59  43
17  59  45
18  59  53
19  59  43
20  59  32
1  60  48
2  60  81
3  60  13
4  60  56
5  60  61
6  60  17
7  60  78
8  60  61
9  60  62
10  60  59
11  60  88
12  60  41
13  60  67
14  60  45
15  60  60
16  60  25
17  60  28
18  60  62
19  60  71
20  60  65
1  61  69
2  61  41
3  61  88
4  61  77
5  61  60
6  61  59
7  61  34
8  61  45
9  61  72
10  61  24
11  61  13
12  61  58
13  61  71
14  61  14
15  61  20
16  61  49
17  61  41
18  61  23
19  61  72
20  61  58
1  62  89
2  62  42
3  62  50
4  62  35
5  62  21
6  62  68
7  62  81
8  62  82
9  62  44
10  62  78
11  62  74
12  62  62
13  62  66
14  62  89
15  62  32
16  62  52
17  62  20
18  62  68
19  62  23
20  62  13
1  63  40
2  63  60
3  63  34
4  63  35
5  63  67
6  63  84
7  63  59
8  63  88
9  63  32
10  63  65
11  63  39
12  63  22
13  63  61
14  63  69
15  63  65
16  63  34
17  63  42
18  63  81
19  63  54
20  63  35
1  64  83
2  64  16
3  64  22
4  64  27
5  64  73
6  64  30
7  64  71
8  64  80
9  64  44
10  64  52
11  64  44
12  64  68
13  64  13
14  64  55
15  64  35
16  64  90
17  64  88
18  64  36
19  64  59
20  64  55
1  65  60
2  65  15
3  65  43
4  65  61
5  65  28
6  65  37
7  65  70
8  65  45
9  65  12
10  65  89
11  65  40
12  65  82
13  65  84
14  65  72
15  65  44
16  65  81
17  65  24
18  65  51
19  65  50
20  65  43
1  66  77
2  66  88
3  66  64
4  66  47
5  66  15
6  66  36
7  66  21
8  66  67
9  66  43
10  66  68
11  66  82
12  66  33
13  66  22
14  66  29
15  66  56
16  66  40
17  66  22
18  66  88
19  66  18
20  66  30
1  67  43
2  67  56
3  67  86
4  67  57
5  67  29
6  67  24
7  67  25
8  67  60
9  67  85
10  67  59
11  67  84
12  67  71
13  67  60
14  67  47
15  67  66
16  67  30
17  67  73
18  67  75
19  67  27
20  67  49
1  68  11
2  68  83
3  68  30
4  68  12
5  68  56
6  68  85
7  68  12
8  68  24
9  68  10
10  68  66
11  68  13
12  68  77
13  68  85
14  68  73
15  68  81
16  68  29
17  68  61
18  68  80
19  68  43
20  68  56
1  69  12
2  69  77
3  69  62
4  69  76
5  69  19
6  69  25
7  69  47
8  69  49
9  69  62
10  69  87
11  69  78
12  69  36
13  69  11
14  69  64
15  69  36
16  69  90
17  69  59
18  69  57
19  69  23
20  69  31
1  70  55
2  70  32
3  70  37
4  70  18
5  70  61
6  70  19
7  70  74
8  70  46
9  70  22
10  70  40
11  70  29
12  70  75
13  70  67
14  70  59
15  70  46
16  70  29
17  70  20
18  70  54
19  70  27
20  70  60
1  71  43
2  71  13
3  71  62
4  71  36
5  71  63
6  71  22
7  71  45
8  71  72
9  71  72
10  71  39
11  71  84
12  71  78
13  71  73
14  71  74
15  71  32
16  71  39
17  71  54
18  71  76
19  71  27
20  71  31
1  72  79
2  72  63
3  72  86
4  72  24
5  72  57
6  72  72
7  72  28
8  72  15
9  72  71
10  72  67
11  72  90
12  72  62
13  72  58
14  72  62
15  72  20
16  72  22
17  72  28
18  72  72
19  72  48
20  72  43
1  73  51
2  73  28
3  73  57
4  73  51
5  73  14
6  73  57
7  73  86
8  73  74
9  73  73
10  73  20
11  73  17
12  73  21
13  73  76
14  73  56
15  73  51
16  73  46
17  73  24
18  73  67
19  73  41
20  73  10
1  74  88
2  74  87
3  74  86
4  74  69
5  74  15
6  74  45
7  74  75
8  74  13
9  74  13
10  74  14
11  74  45
12  74  70
13  74  16
14  74  76
15  74  77
16  74  70
17  74  68
18  74  51
19  74  40
20  74  44
1  75  68
2  75  70
3  75  63
4  75  33
5  75  17
6  75  32
7  75  56
8  75  28
9  75  31
10  75  47
11  75  27
12  75  52
13  75  87
14  75  77
15  75  34
16  75  48
17  75  14
18  75  80
19  75  69
20  75  57
1  76  62
2  76  53
3  76  18
4  76  63
5  76  78
6  76  61
7  76  51
8  76  16
9  76  88
10  76  50
11  76  12
12  76  11
13  76  53
14  76  56
15  76  44
16  76  52
17  76  60
18  76  18
19  76  42
20  76  47
1  77  54
2  77  45
3  77  21
4  77  44
5  77  72
6  77  67
7  77  70
8  77  49
9  77  46
10  77  88
11  77  60
12  77  55
13  77  29
14  77  39
15  77  41
16  77  90
17  77  39
18  77  41
19  77  28
20  77  38
1  78  14
2  78  66
3  78  84
4  78  57
5  78  63
6  78  14
7  78  70
8  78  63
9  78  16
10  78  71
11  78  63
12  78  61
13  78  63
14  78  76
15  78  12
16  78  16
17  78  74
18  78  15
19  78  12
20  78  77
1  79  19
2  79  15
3  79  14
4  79  34
5  79  88
6  79  30
7  79  84
8  79  59
9  79  57
10  79  61
11  79  57
12  79  48
13  79  61
14  79  71
15  79  68
16  79  33
17  79  16
18  79  55
19  79  69
20  79  26
1  80  17
2  80  90
3  80  63
4  80  55
5  80  53
6  80  76
7  80  84
8  80  22
9  80  51
10  80  17
11  80  45
12  80  25
13  80  31
14  80  53
15  80  53
16  80  78
17  80  30
18  80  69
19  80  42
20  80  64
1  81  39
2  81  45
3  81  60
4  81  90
5  81  40
6  81  33
7  81  43
8  81  25
9  81  79
10  81  79
11  81  36
12  81  79
13  81  68
14  81  55
15  81  63
16  81  47
17  81  19
18  81  85
19  81  35
20  81  47
1  82  25
2  82  24
3  82  25
4  82  53
5  82  20
6  82  40
7  82  27
8  82  65
9  82  38
10  82  84
11  82  77
12  82  70
13  82  56
14  82  52
15  82  38
16  82  57
17  82  86
18  82  43
19  82  11
20  82  27
1  83  26
2  83  17
3  83  12
4  83  80
5  83  80
6  83  27
7  83  37
8  83  61
9  83  60
10  83  75
11  83  58
12  83  79
13  83  10
14  83  74
15  83  74
16  83  47
17  83  90
18  83  65
19  83  32
20  83  58
1  84  66
2  84  28
3  84  74
4  84  10
5  84  41
6  84  87
7  84  84
8  84  27
9  84  79
10  84  41
11  84  25
12  84  61
13  84  22
14  84  10
15  84  69
16  84  53
17  84  41
18  84  52
19  84  12
20  84  67
1  85  15
2  85  73
3  85  16
4  85  41
5  85  12
6  85  75
7  85  72
8  85  57
9  85  50
10  85  75
11  85  57
12  85  43
13  85  11
14  85  50
15  85  38
16  85  30
17  85  60
18  85  13
19  85  87
20  85  56
1  86  50
2  86  61
3  86  19
4  86  30
5  86  89
6  86  27
7  86  54
8  86  19
9  86  53
10  86  66
11  86  56
12  86  25
13  86  47
14  86  12
15  86  61
16  86  74
17  86  45
18  86  85
19  86  89
20  86  45
1  87  25
2  87  11
3  87  21
4  87  52
5  87  51
6  87  81
7  87  13
8  87  47
9  87  86
10  87  60
11  87  32
12  87  80
13  87  73
14  87  52
15  87  50
16  87  28
17  87  68
18  87  55
19  87  83
20  87  44
1  88  45
2  88  33
3  88  24
4  88  41
5  88  81
6  88  32
7  88  45
8  88  58
9  88  89
10  88  86
11  88  16
12  88  23
13  88  77
14  88  83
15  88  38
16  88  62
17  88  61
18  88  43
19  88  52
20  88  29
1  89  46
2  89  60
3  89  50
4  89  42
5  89  54
6  89  75
7  89  33
8  89  50
9  89  51
10  89  40
11  89  43
12  89  34
13  89  54
14  89  51
15  89  19
16  89  82
17  89  23
18  89  72
19  89  44
20  89  72
1  90  19
2  90  62
3  90  58
4  90  66
5  90  75
6  90  52
7  90  31
8  90  24
9  90  29
10  90  76
11  90  21
12  90  43
13  90  53
14  90  20
15  90  41
16  90  51
17  90  87
18  90  61
19  90  44
20  90  82
1  91  42
2  91  38
3  91  31
4  91  19
5  91  79
6  91  31
7  91  59
8  91  76
9  91  57
10  91  39
11  91  43
12  91  57
13  91  71
14  91  43
15  91  37
16  91  87
17  91  25
18  91  52
19  91  44
20  91  46
1  92  34
2  92  40
3  92  31
4  92  43
5  92  74
6  92  72
7  92  62
8  92  52
9  92  37
10  92  74
11  92  14
12  92  88
13  92  41
14  92  13
15  92  15
16  92  16
17  92  28
18  92  72
19  92  32
20  92  74
1  93  55
2  93  68
3  93  24
4  93  37
5  93  45
6  93  64
7  93  63
8  93  21
9  93  46
10  93  49
11  93  47
12  93  59
13  93  36
14  93  79
15  93  85
16  93  56
17  93  86
18  93  85
19  93  61
20  93  15
1  94  74
2  94  69
3  94  31
4  94  31
5  94  14
6  94  34
7  94  47
8  94  21
9  94  25
10  94  12
11  94  16
12  94  66
13  94  27
14  94  80
15  94  56
16  94  46
17  94  71
18  94  44
19  94  52
20  94  50
1  95  23
2  95  69
3  95  20
4  95  49
5  95  34
6  95  25
7  95  50
8  95  56
9  95  45
10  95  43
11  95  55
12  95  33
13  95  87
14  95  59
15  95  73
16  95  44
17  95  25
18  95  26
19  95  19
20  95  26
1  96  31
2  96  42
3  96  55
4  96  10
5  96  31
6  96  68
7  96  28
8  96  59
9  96  44
10  96  53
11  96  66
12  96  72
13  96  85
14  96  47
15  96  68
16  96  52
17  96  17
18  96  30
19  96  85
20  96  13
1  97  28
2  97  33
3  97  39
4  97  43
5  97  16
6  97  88
7  97  12
8  97  11
9  97  81
10  97  10
11  97  13
12  97  39
13  97  12
14  97  79
15  97  13
16  97  26
17  97  37
18  97  58
19  97  52
20  97  30
1  98  64
2  98  30
3  98  49
4  98  56
5  98  90
6  98  59
7  98  29
8  98  60
9  98  64
10  98  88
11  98  27
12  98  86
13  98  86
14  98  79
15  98  74
16  98  72
17  98  24
18  98  57
19  98  80
20  98  70
1  99  13
2  99  64
3  99  29
4  99  82
5  99  26
6  99  13
7  99  72
8  99  19
9  99  30
10  99  45
11  99  57
12  99  89
13  99  67
14  99  51
15  99  38
16  99  22
17  99  80
18  99  44
19  99  22
20  99  12
1  100  13
2  100  73
3  100  42
4  100  73
5  100  60
6  100  66
7  100  43
8  100  88
9  100  56
10  100  74
11  100  61
12  100  34
13  100  76
14  100  51
15  100  59
16  100  41
17  100  29
18  100  64
19  100  39
20  100  54
;

param a :=
1  1  1
2  1  0.44
1  2  1
2  2  0.5
1  3  1
2  3  0.57
1  4  1
2  4  0.54
1  5  1
2  5  0.47
1  6  1
2  6  0.55
1  7  1
2  7  0.51
1  8  1
2  8  0.55
1  9  1
2  9  0.51
1  10  1
2  10  0.55
1  11  1
2  11  0.45
1  12  1
2  12  0.41
1  13  1
2  13  0.5
1  14  1
2  14  0.46
1  15  1
2  15  0.53
1  16  1
2  16  0.51
1  17  1
2  17  0.56
1  18  1
2  18  0.59
1  19  1
2  19  0.41
1  20  1
2  20  0.6
;

