param com_measure1 := 0.62143;

param com_measure2 := 0.96766;

param kappa_max := 643.7203;

param U_tau := 492.2501;

param nT := 2;

param nS := 150;

param nL := 15;

param B := 554.98;

param w :=
1  1
2  3
3  3
4  1
5  3
6  1
7  2
8  1
9  1
10  1
11  2
12  1
13  3
14  3
15  1
;

param h :=
1  1  0
1  2  0
1  3  0
1  4  0
1  5  0
1  6  0
1  7  0
1  8  0
1  9  0
1  10  0
1  11  0
1  12  0
1  13  0
1  14  0
1  15  0
2  1  77.21
2  2  68.62
2  3  77.07
2  4  76.56
2  5  70.63
2  6  75.05
2  7  73.84
2  8  74.78
2  9  70.33
2  10  71.49
2  11  75.11
2  12  76.80
2  13  69.00
2  14  83.94
2  15  69.52
;

param xi :=
1  1  1  56
2  1  1  42
3  1  1  63
4  1  1  74
5  1  1  31
6  1  1  25
7  1  1  56
8  1  1  33
9  1  1  85
10  1  1  51
11  1  1  32
12  1  1  90
13  1  1  25
14  1  1  23
15  1  1  18
1  2  1  68
2  2  1  24
3  2  1  18
4  2  1  80
5  2  1  63
6  2  1  89
7  2  1  49
8  2  1  76
9  2  1  17
10  2  1  11
11  2  1  25
12  2  1  48
13  2  1  52
14  2  1  56
15  2  1  75
1  3  1  32
2  3  1  79
3  3  1  71
4  3  1  88
5  3  1  37
6  3  1  23
7  3  1  83
8  3  1  31
9  3  1  74
10  3  1  16
11  3  1  32
12  3  1  58
13  3  1  54
14  3  1  25
15  3  1  32
1  4  1  15
2  4  1  52
3  4  1  25
4  4  1  33
5  4  1  73
6  4  1  32
7  4  1  41
8  4  1  13
9  4  1  84
10  4  1  77
11  4  1  90
12  4  1  27
13  4  1  72
14  4  1  58
15  4  1  81
1  5  1  12
2  5  1  27
3  5  1  21
4  5  1  77
5  5  1  53
6  5  1  33
7  5  1  35
8  5  1  88
9  5  1  52
10  5  1  49
11  5  1  22
12  5  1  86
13  5  1  45
14  5  1  47
15  5  1  90
1  6  1  15
2  6  1  29
3  6  1  75
4  6  1  65
5  6  1  83
6  6  1  59
7  6  1  13
8  6  1  87
9  6  1  16
10  6  1  37
11  6  1  33
12  6  1  32
13  6  1  38
14  6  1  76
15  6  1  31
1  7  1  75
2  7  1  85
3  7  1  68
4  7  1  22
5  7  1  38
6  7  1  43
7  7  1  43
8  7  1  76
9  7  1  55
10  7  1  59
11  7  1  51
12  7  1  60
13  7  1  32
14  7  1  85
15  7  1  70
1  8  1  50
2  8  1  40
3  8  1  21
4  8  1  83
5  8  1  35
6  8  1  78
7  8  1  41
8  8  1  48
9  8  1  33
10  8  1  40
11  8  1  84
12  8  1  35
13  8  1  44
14  8  1  84
15  8  1  15
1  9  1  12
2  9  1  35
3  9  1  39
4  9  1  18
5  9  1  17
6  9  1  22
7  9  1  90
8  9  1  64
9  9  1  78
10  9  1  76
11  9  1  32
12  9  1  81
13  9  1  41
14  9  1  36
15  9  1  16
1  10  1  30
2  10  1  34
3  10  1  78
4  10  1  62
5  10  1  59
6  10  1  63
7  10  1  21
8  10  1  88
9  10  1  29
10  10  1  75
11  10  1  89
12  10  1  88
13  10  1  10
14  10  1  86
15  10  1  64
1  11  1  13
2  11  1  62
3  11  1  27
4  11  1  38
5  11  1  44
6  11  1  30
7  11  1  29
8  11  1  72
9  11  1  21
10  11  1  90
11  11  1  11
12  11  1  62
13  11  1  27
14  11  1  36
15  11  1  37
1  12  1  65
2  12  1  46
3  12  1  61
4  12  1  72
5  12  1  59
6  12  1  46
7  12  1  90
8  12  1  65
9  12  1  28
10  12  1  81
11  12  1  47
12  12  1  62
13  12  1  22
14  12  1  28
15  12  1  85
1  13  1  52
2  13  1  84
3  13  1  82
4  13  1  76
5  13  1  30
6  13  1  11
7  13  1  49
8  13  1  15
9  13  1  22
10  13  1  89
11  13  1  62
12  13  1  80
13  13  1  78
14  13  1  89
15  13  1  60
1  14  1  13
2  14  1  66
3  14  1  88
4  14  1  64
5  14  1  26
6  14  1  83
7  14  1  85
8  14  1  35
9  14  1  32
10  14  1  56
11  14  1  69
12  14  1  71
13  14  1  85
14  14  1  88
15  14  1  18
1  15  1  38
2  15  1  31
3  15  1  37
4  15  1  35
5  15  1  55
6  15  1  30
7  15  1  23
8  15  1  66
9  15  1  46
10  15  1  55
11  15  1  75
12  15  1  64
13  15  1  21
14  15  1  10
15  15  1  21
1  16  1  19
2  16  1  53
3  16  1  70
4  16  1  69
5  16  1  75
6  16  1  72
7  16  1  82
8  16  1  33
9  16  1  48
10  16  1  81
11  16  1  28
12  16  1  71
13  16  1  69
14  16  1  41
15  16  1  19
1  17  1  48
2  17  1  19
3  17  1  50
4  17  1  85
5  17  1  84
6  17  1  27
7  17  1  82
8  17  1  19
9  17  1  71
10  17  1  87
11  17  1  62
12  17  1  18
13  17  1  74
14  17  1  54
15  17  1  82
1  18  1  32
2  18  1  48
3  18  1  24
4  18  1  39
5  18  1  85
6  18  1  45
7  18  1  50
8  18  1  31
9  18  1  65
10  18  1  70
11  18  1  62
12  18  1  61
13  18  1  58
14  18  1  33
15  18  1  14
1  19  1  89
2  19  1  70
3  19  1  31
4  19  1  23
5  19  1  61
6  19  1  40
7  19  1  43
8  19  1  46
9  19  1  10
10  19  1  63
11  19  1  51
12  19  1  63
13  19  1  88
14  19  1  44
15  19  1  83
1  20  1  21
2  20  1  18
3  20  1  20
4  20  1  73
5  20  1  40
6  20  1  70
7  20  1  21
8  20  1  64
9  20  1  42
10  20  1  39
11  20  1  75
12  20  1  33
13  20  1  77
14  20  1  65
15  20  1  14
1  21  1  17
2  21  1  53
3  21  1  58
4  21  1  75
5  21  1  34
6  21  1  42
7  21  1  45
8  21  1  75
9  21  1  33
10  21  1  19
11  21  1  76
12  21  1  77
13  21  1  14
14  21  1  25
15  21  1  32
1  22  1  77
2  22  1  45
3  22  1  35
4  22  1  48
5  22  1  59
6  22  1  12
7  22  1  40
8  22  1  46
9  22  1  85
10  22  1  22
11  22  1  78
12  22  1  75
13  22  1  27
14  22  1  85
15  22  1  10
1  23  1  49
2  23  1  28
3  23  1  54
4  23  1  23
5  23  1  17
6  23  1  17
7  23  1  22
8  23  1  48
9  23  1  61
10  23  1  75
11  23  1  59
12  23  1  43
13  23  1  15
14  23  1  77
15  23  1  20
1  24  1  23
2  24  1  34
3  24  1  30
4  24  1  60
5  24  1  56
6  24  1  18
7  24  1  19
8  24  1  41
9  24  1  33
10  24  1  76
11  24  1  85
12  24  1  55
13  24  1  66
14  24  1  82
15  24  1  29
1  25  1  87
2  25  1  18
3  25  1  82
4  25  1  17
5  25  1  19
6  25  1  70
7  25  1  16
8  25  1  12
9  25  1  14
10  25  1  77
11  25  1  45
12  25  1  62
13  25  1  60
14  25  1  73
15  25  1  39
1  26  1  17
2  26  1  57
3  26  1  48
4  26  1  64
5  26  1  70
6  26  1  63
7  26  1  69
8  26  1  70
9  26  1  26
10  26  1  59
11  26  1  17
12  26  1  83
13  26  1  39
14  26  1  73
15  26  1  40
1  27  1  45
2  27  1  21
3  27  1  77
4  27  1  36
5  27  1  45
6  27  1  43
7  27  1  21
8  27  1  24
9  27  1  42
10  27  1  20
11  27  1  56
12  27  1  23
13  27  1  43
14  27  1  16
15  27  1  87
1  28  1  64
2  28  1  56
3  28  1  78
4  28  1  23
5  28  1  42
6  28  1  27
7  28  1  35
8  28  1  78
9  28  1  16
10  28  1  76
11  28  1  22
12  28  1  49
13  28  1  76
14  28  1  61
15  28  1  26
1  29  1  57
2  29  1  66
3  29  1  88
4  29  1  22
5  29  1  20
6  29  1  64
7  29  1  53
8  29  1  15
9  29  1  74
10  29  1  83
11  29  1  76
12  29  1  62
13  29  1  18
14  29  1  71
15  29  1  64
1  30  1  67
2  30  1  56
3  30  1  26
4  30  1  54
5  30  1  89
6  30  1  10
7  30  1  61
8  30  1  87
9  30  1  86
10  30  1  44
11  30  1  45
12  30  1  25
13  30  1  51
14  30  1  78
15  30  1  21
1  31  1  90
2  31  1  31
3  31  1  50
4  31  1  68
5  31  1  46
6  31  1  49
7  31  1  55
8  31  1  13
9  31  1  40
10  31  1  83
11  31  1  63
12  31  1  35
13  31  1  22
14  31  1  24
15  31  1  32
1  32  1  37
2  32  1  78
3  32  1  69
4  32  1  41
5  32  1  83
6  32  1  37
7  32  1  58
8  32  1  14
9  32  1  90
10  32  1  32
11  32  1  71
12  32  1  45
13  32  1  12
14  32  1  45
15  32  1  62
1  33  1  42
2  33  1  34
3  33  1  68
4  33  1  38
5  33  1  71
6  33  1  83
7  33  1  36
8  33  1  66
9  33  1  26
10  33  1  71
11  33  1  61
12  33  1  11
13  33  1  28
14  33  1  16
15  33  1  85
1  34  1  84
2  34  1  37
3  34  1  48
4  34  1  73
5  34  1  23
6  34  1  10
7  34  1  80
8  34  1  90
9  34  1  48
10  34  1  29
11  34  1  19
12  34  1  42
13  34  1  69
14  34  1  77
15  34  1  47
1  35  1  55
2  35  1  31
3  35  1  39
4  35  1  15
5  35  1  49
6  35  1  62
7  35  1  28
8  35  1  70
9  35  1  63
10  35  1  42
11  35  1  62
12  35  1  68
13  35  1  22
14  35  1  40
15  35  1  46
1  36  1  13
2  36  1  63
3  36  1  43
4  36  1  20
5  36  1  25
6  36  1  87
7  36  1  76
8  36  1  63
9  36  1  14
10  36  1  50
11  36  1  22
12  36  1  29
13  36  1  76
14  36  1  87
15  36  1  29
1  37  1  85
2  37  1  25
3  37  1  88
4  37  1  70
5  37  1  14
6  37  1  60
7  37  1  16
8  37  1  16
9  37  1  35
10  37  1  28
11  37  1  74
12  37  1  77
13  37  1  12
14  37  1  47
15  37  1  14
1  38  1  46
2  38  1  46
3  38  1  16
4  38  1  74
5  38  1  28
6  38  1  61
7  38  1  73
8  38  1  38
9  38  1  15
10  38  1  13
11  38  1  54
12  38  1  36
13  38  1  72
14  38  1  14
15  38  1  29
1  39  1  33
2  39  1  14
3  39  1  49
4  39  1  46
5  39  1  28
6  39  1  53
7  39  1  49
8  39  1  27
9  39  1  66
10  39  1  60
11  39  1  40
12  39  1  63
13  39  1  85
14  39  1  63
15  39  1  61
1  40  1  30
2  40  1  77
3  40  1  18
4  40  1  67
5  40  1  50
6  40  1  20
7  40  1  10
8  40  1  48
9  40  1  81
10  40  1  85
11  40  1  57
12  40  1  68
13  40  1  25
14  40  1  37
15  40  1  66
1  41  1  54
2  41  1  60
3  41  1  61
4  41  1  32
5  41  1  71
6  41  1  65
7  41  1  24
8  41  1  24
9  41  1  49
10  41  1  40
11  41  1  18
12  41  1  83
13  41  1  24
14  41  1  59
15  41  1  12
1  42  1  12
2  42  1  22
3  42  1  34
4  42  1  34
5  42  1  48
6  42  1  84
7  42  1  65
8  42  1  79
9  42  1  88
10  42  1  52
11  42  1  77
12  42  1  30
13  42  1  39
14  42  1  79
15  42  1  52
1  43  1  85
2  43  1  80
3  43  1  36
4  43  1  29
5  43  1  32
6  43  1  82
7  43  1  25
8  43  1  39
9  43  1  11
10  43  1  70
11  43  1  41
12  43  1  42
13  43  1  71
14  43  1  81
15  43  1  54
1  44  1  72
2  44  1  56
3  44  1  41
4  44  1  82
5  44  1  57
6  44  1  42
7  44  1  12
8  44  1  80
9  44  1  45
10  44  1  10
11  44  1  42
12  44  1  17
13  44  1  10
14  44  1  75
15  44  1  61
1  45  1  14
2  45  1  72
3  45  1  67
4  45  1  33
5  45  1  19
6  45  1  27
7  45  1  19
8  45  1  42
9  45  1  31
10  45  1  79
11  45  1  61
12  45  1  83
13  45  1  32
14  45  1  32
15  45  1  74
1  46  1  71
2  46  1  57
3  46  1  59
4  46  1  73
5  46  1  71
6  46  1  23
7  46  1  48
8  46  1  47
9  46  1  75
10  46  1  37
11  46  1  22
12  46  1  59
13  46  1  44
14  46  1  70
15  46  1  44
1  47  1  90
2  47  1  40
3  47  1  63
4  47  1  52
5  47  1  74
6  47  1  52
7  47  1  58
8  47  1  73
9  47  1  77
10  47  1  23
11  47  1  79
12  47  1  65
13  47  1  10
14  47  1  51
15  47  1  26
1  48  1  89
2  48  1  20
3  48  1  73
4  48  1  13
5  48  1  86
6  48  1  42
7  48  1  34
8  48  1  33
9  48  1  19
10  48  1  74
11  48  1  24
12  48  1  60
13  48  1  69
14  48  1  40
15  48  1  16
1  49  1  40
2  49  1  17
3  49  1  88
4  49  1  63
5  49  1  73
6  49  1  22
7  49  1  15
8  49  1  76
9  49  1  14
10  49  1  71
11  49  1  77
12  49  1  12
13  49  1  71
14  49  1  76
15  49  1  11
1  50  1  55
2  50  1  39
3  50  1  18
4  50  1  41
5  50  1  30
6  50  1  48
7  50  1  55
8  50  1  13
9  50  1  70
10  50  1  75
11  50  1  57
12  50  1  40
13  50  1  76
14  50  1  69
15  50  1  19
1  51  1  27
2  51  1  38
3  51  1  17
4  51  1  56
5  51  1  37
6  51  1  30
7  51  1  80
8  51  1  86
9  51  1  61
10  51  1  17
11  51  1  22
12  51  1  12
13  51  1  40
14  51  1  26
15  51  1  55
1  52  1  35
2  52  1  57
3  52  1  13
4  52  1  30
5  52  1  37
6  52  1  62
7  52  1  27
8  52  1  60
9  52  1  79
10  52  1  34
11  52  1  76
12  52  1  52
13  52  1  85
14  52  1  17
15  52  1  53
1  53  1  32
2  53  1  89
3  53  1  45
4  53  1  49
5  53  1  83
6  53  1  49
7  53  1  15
8  53  1  31
9  53  1  49
10  53  1  75
11  53  1  18
12  53  1  79
13  53  1  19
14  53  1  77
15  53  1  51
1  54  1  48
2  54  1  47
3  54  1  49
4  54  1  52
5  54  1  15
6  54  1  40
7  54  1  24
8  54  1  62
9  54  1  60
10  54  1  26
11  54  1  53
12  54  1  90
13  54  1  60
14  54  1  90
15  54  1  90
1  55  1  15
2  55  1  80
3  55  1  48
4  55  1  50
5  55  1  37
6  55  1  86
7  55  1  73
8  55  1  46
9  55  1  10
10  55  1  20
11  55  1  34
12  55  1  13
13  55  1  16
14  55  1  80
15  55  1  84
1  56  1  36
2  56  1  34
3  56  1  41
4  56  1  70
5  56  1  37
6  56  1  49
7  56  1  21
8  56  1  28
9  56  1  74
10  56  1  34
11  56  1  71
12  56  1  34
13  56  1  85
14  56  1  84
15  56  1  41
1  57  1  38
2  57  1  38
3  57  1  72
4  57  1  50
5  57  1  75
6  57  1  58
7  57  1  88
8  57  1  84
9  57  1  45
10  57  1  89
11  57  1  78
12  57  1  22
13  57  1  74
14  57  1  28
15  57  1  73
1  58  1  64
2  58  1  43
3  58  1  31
4  58  1  22
5  58  1  80
6  58  1  58
7  58  1  15
8  58  1  86
9  58  1  61
10  58  1  17
11  58  1  11
12  58  1  83
13  58  1  47
14  58  1  55
15  58  1  58
1  59  1  67
2  59  1  75
3  59  1  23
4  59  1  32
5  59  1  39
6  59  1  12
7  59  1  75
8  59  1  13
9  59  1  17
10  59  1  83
11  59  1  87
12  59  1  18
13  59  1  35
14  59  1  12
15  59  1  41
1  60  1  74
2  60  1  30
3  60  1  81
4  60  1  45
5  60  1  65
6  60  1  19
7  60  1  89
8  60  1  57
9  60  1  70
10  60  1  44
11  60  1  73
12  60  1  38
13  60  1  84
14  60  1  76
15  60  1  31
1  61  1  49
2  61  1  78
3  61  1  60
4  61  1  61
5  61  1  17
6  61  1  61
7  61  1  74
8  61  1  67
9  61  1  56
10  61  1  65
11  61  1  31
12  61  1  29
13  61  1  75
14  61  1  89
15  61  1  13
1  62  1  41
2  62  1  14
3  62  1  18
4  62  1  80
5  62  1  35
6  62  1  59
7  62  1  30
8  62  1  79
9  62  1  77
10  62  1  79
11  62  1  42
12  62  1  22
13  62  1  70
14  62  1  37
15  62  1  10
1  63  1  69
2  63  1  90
3  63  1  82
4  63  1  17
5  63  1  58
6  63  1  77
7  63  1  22
8  63  1  36
9  63  1  37
10  63  1  46
11  63  1  40
12  63  1  17
13  63  1  21
14  63  1  53
15  63  1  38
1  64  1  67
2  64  1  67
3  64  1  11
4  64  1  63
5  64  1  24
6  64  1  26
7  64  1  79
8  64  1  49
9  64  1  34
10  64  1  14
11  64  1  19
12  64  1  16
13  64  1  64
14  64  1  46
15  64  1  42
1  65  1  73
2  65  1  30
3  65  1  49
4  65  1  44
5  65  1  47
6  65  1  41
7  65  1  66
8  65  1  16
9  65  1  71
10  65  1  28
11  65  1  17
12  65  1  70
13  65  1  40
14  65  1  81
15  65  1  80
1  66  1  81
2  66  1  72
3  66  1  60
4  66  1  14
5  66  1  39
6  66  1  17
7  66  1  62
8  66  1  12
9  66  1  38
10  66  1  62
11  66  1  60
12  66  1  51
13  66  1  28
14  66  1  71
15  66  1  77
1  67  1  59
2  67  1  48
3  67  1  55
4  67  1  70
5  67  1  78
6  67  1  27
7  67  1  56
8  67  1  22
9  67  1  37
10  67  1  64
11  67  1  79
12  67  1  71
13  67  1  40
14  67  1  46
15  67  1  73
1  68  1  72
2  68  1  84
3  68  1  15
4  68  1  90
5  68  1  68
6  68  1  45
7  68  1  51
8  68  1  46
9  68  1  12
10  68  1  48
11  68  1  87
12  68  1  57
13  68  1  90
14  68  1  60
15  68  1  51
1  69  1  41
2  69  1  20
3  69  1  89
4  69  1  70
5  69  1  49
6  69  1  27
7  69  1  68
8  69  1  32
9  69  1  13
10  69  1  16
11  69  1  55
12  69  1  40
13  69  1  17
14  69  1  67
15  69  1  63
1  70  1  12
2  70  1  53
3  70  1  81
4  70  1  80
5  70  1  10
6  70  1  20
7  70  1  73
8  70  1  82
9  70  1  19
10  70  1  48
11  70  1  89
12  70  1  87
13  70  1  14
14  70  1  17
15  70  1  53
1  71  1  89
2  71  1  63
3  71  1  43
4  71  1  49
5  71  1  48
6  71  1  35
7  71  1  62
8  71  1  74
9  71  1  54
10  71  1  23
11  71  1  67
12  71  1  36
13  71  1  74
14  71  1  77
15  71  1  13
1  72  1  46
2  72  1  23
3  72  1  77
4  72  1  28
5  72  1  18
6  72  1  26
7  72  1  90
8  72  1  65
9  72  1  10
10  72  1  30
11  72  1  42
12  72  1  85
13  72  1  59
14  72  1  27
15  72  1  22
1  73  1  89
2  73  1  49
3  73  1  50
4  73  1  40
5  73  1  36
6  73  1  56
7  73  1  75
8  73  1  34
9  73  1  38
10  73  1  19
11  73  1  55
12  73  1  34
13  73  1  80
14  73  1  74
15  73  1  36
1  74  1  68
2  74  1  16
3  74  1  39
4  74  1  66
5  74  1  68
6  74  1  69
7  74  1  65
8  74  1  77
9  74  1  40
10  74  1  55
11  74  1  50
12  74  1  28
13  74  1  27
14  74  1  61
15  74  1  10
1  75  1  83
2  75  1  47
3  75  1  66
4  75  1  52
5  75  1  22
6  75  1  75
7  75  1  46
8  75  1  38
9  75  1  22
10  75  1  30
11  75  1  56
12  75  1  59
13  75  1  79
14  75  1  15
15  75  1  21
1  76  1  11
2  76  1  69
3  76  1  65
4  76  1  19
5  76  1  26
6  76  1  90
7  76  1  78
8  76  1  16
9  76  1  86
10  76  1  34
11  76  1  18
12  76  1  30
13  76  1  22
14  76  1  20
15  76  1  47
1  77  1  56
2  77  1  25
3  77  1  36
4  77  1  61
5  77  1  61
6  77  1  14
7  77  1  39
8  77  1  42
9  77  1  48
10  77  1  67
11  77  1  24
12  77  1  69
13  77  1  69
14  77  1  38
15  77  1  86
1  78  1  42
2  78  1  63
3  78  1  47
4  78  1  38
5  78  1  66
6  78  1  27
7  78  1  89
8  78  1  82
9  78  1  46
10  78  1  15
11  78  1  87
12  78  1  79
13  78  1  32
14  78  1  62
15  78  1  82
1  79  1  12
2  79  1  22
3  79  1  15
4  79  1  59
5  79  1  67
6  79  1  34
7  79  1  49
8  79  1  68
9  79  1  87
10  79  1  24
11  79  1  35
12  79  1  69
13  79  1  72
14  79  1  22
15  79  1  56
1  80  1  36
2  80  1  77
3  80  1  36
4  80  1  79
5  80  1  16
6  80  1  58
7  80  1  47
8  80  1  12
9  80  1  35
10  80  1  59
11  80  1  69
12  80  1  19
13  80  1  12
14  80  1  81
15  80  1  14
1  81  1  11
2  81  1  35
3  81  1  38
4  81  1  34
5  81  1  58
6  81  1  32
7  81  1  48
8  81  1  51
9  81  1  18
10  81  1  11
11  81  1  46
12  81  1  77
13  81  1  88
14  81  1  71
15  81  1  40
1  82  1  17
2  82  1  59
3  82  1  86
4  82  1  16
5  82  1  18
6  82  1  88
7  82  1  52
8  82  1  54
9  82  1  20
10  82  1  42
11  82  1  71
12  82  1  30
13  82  1  23
14  82  1  59
15  82  1  29
1  83  1  50
2  83  1  81
3  83  1  77
4  83  1  82
5  83  1  74
6  83  1  56
7  83  1  32
8  83  1  52
9  83  1  81
10  83  1  82
11  83  1  41
12  83  1  67
13  83  1  10
14  83  1  38
15  83  1  66
1  84  1  10
2  84  1  26
3  84  1  49
4  84  1  69
5  84  1  24
6  84  1  82
7  84  1  14
8  84  1  76
9  84  1  42
10  84  1  21
11  84  1  63
12  84  1  60
13  84  1  39
14  84  1  81
15  84  1  40
1  85  1  66
2  85  1  12
3  85  1  31
4  85  1  88
5  85  1  82
6  85  1  55
7  85  1  43
8  85  1  13
9  85  1  50
10  85  1  52
11  85  1  67
12  85  1  12
13  85  1  79
14  85  1  24
15  85  1  63
1  86  1  65
2  86  1  44
3  86  1  55
4  86  1  67
5  86  1  90
6  86  1  75
7  86  1  13
8  86  1  60
9  86  1  76
10  86  1  69
11  86  1  24
12  86  1  22
13  86  1  63
14  86  1  76
15  86  1  37
1  87  1  29
2  87  1  45
3  87  1  76
4  87  1  85
5  87  1  62
6  87  1  31
7  87  1  22
8  87  1  30
9  87  1  10
10  87  1  12
11  87  1  39
12  87  1  58
13  87  1  36
14  87  1  64
15  87  1  54
1  88  1  24
2  88  1  46
3  88  1  42
4  88  1  44
5  88  1  38
6  88  1  28
7  88  1  75
8  88  1  39
9  88  1  72
10  88  1  60
11  88  1  14
12  88  1  66
13  88  1  81
14  88  1  39
15  88  1  77
1  89  1  70
2  89  1  79
3  89  1  72
4  89  1  15
5  89  1  27
6  89  1  37
7  89  1  20
8  89  1  29
9  89  1  89
10  89  1  62
11  89  1  17
12  89  1  77
13  89  1  52
14  89  1  23
15  89  1  33
1  90  1  57
2  90  1  78
3  90  1  77
4  90  1  43
5  90  1  53
6  90  1  46
7  90  1  43
8  90  1  86
9  90  1  89
10  90  1  18
11  90  1  27
12  90  1  53
13  90  1  42
14  90  1  32
15  90  1  46
1  91  1  81
2  91  1  74
3  91  1  40
4  91  1  59
5  91  1  72
6  91  1  72
7  91  1  26
8  91  1  56
9  91  1  29
10  91  1  25
11  91  1  84
12  91  1  80
13  91  1  17
14  91  1  26
15  91  1  40
1  92  1  26
2  92  1  37
3  92  1  79
4  92  1  59
5  92  1  54
6  92  1  21
7  92  1  37
8  92  1  79
9  92  1  58
10  92  1  35
11  92  1  80
12  92  1  37
13  92  1  15
14  92  1  85
15  92  1  70
1  93  1  24
2  93  1  52
3  93  1  84
4  93  1  65
5  93  1  87
6  93  1  44
7  93  1  27
8  93  1  27
9  93  1  65
10  93  1  20
11  93  1  37
12  93  1  82
13  93  1  64
14  93  1  53
15  93  1  59
1  94  1  52
2  94  1  33
3  94  1  79
4  94  1  69
5  94  1  25
6  94  1  53
7  94  1  83
8  94  1  44
9  94  1  65
10  94  1  85
11  94  1  16
12  94  1  85
13  94  1  69
14  94  1  43
15  94  1  40
1  95  1  12
2  95  1  19
3  95  1  69
4  95  1  74
5  95  1  68
6  95  1  25
7  95  1  28
8  95  1  67
9  95  1  10
10  95  1  38
11  95  1  80
12  95  1  32
13  95  1  50
14  95  1  58
15  95  1  20
1  96  1  42
2  96  1  17
3  96  1  22
4  96  1  73
5  96  1  16
6  96  1  47
7  96  1  50
8  96  1  78
9  96  1  21
10  96  1  49
11  96  1  58
12  96  1  54
13  96  1  49
14  96  1  84
15  96  1  21
1  97  1  24
2  97  1  20
3  97  1  51
4  97  1  28
5  97  1  57
6  97  1  51
7  97  1  70
8  97  1  89
9  97  1  16
10  97  1  20
11  97  1  11
12  97  1  70
13  97  1  18
14  97  1  39
15  97  1  31
1  98  1  26
2  98  1  81
3  98  1  82
4  98  1  50
5  98  1  52
6  98  1  32
7  98  1  53
8  98  1  65
9  98  1  54
10  98  1  85
11  98  1  10
12  98  1  82
13  98  1  37
14  98  1  42
15  98  1  76
1  99  1  53
2  99  1  58
3  99  1  15
4  99  1  38
5  99  1  34
6  99  1  79
7  99  1  40
8  99  1  57
9  99  1  41
10  99  1  57
11  99  1  90
12  99  1  60
13  99  1  79
14  99  1  77
15  99  1  53
1  100  1  78
2  100  1  18
3  100  1  89
4  100  1  83
5  100  1  33
6  100  1  65
7  100  1  54
8  100  1  30
9  100  1  80
10  100  1  84
11  100  1  28
12  100  1  68
13  100  1  81
14  100  1  37
15  100  1  17
1  101  1  35
2  101  1  11
3  101  1  39
4  101  1  75
5  101  1  64
6  101  1  56
7  101  1  39
8  101  1  36
9  101  1  21
10  101  1  43
11  101  1  53
12  101  1  52
13  101  1  72
14  101  1  84
15  101  1  58
1  102  1  16
2  102  1  46
3  102  1  11
4  102  1  60
5  102  1  90
6  102  1  25
7  102  1  44
8  102  1  17
9  102  1  52
10  102  1  55
11  102  1  43
12  102  1  24
13  102  1  18
14  102  1  47
15  102  1  23
1  103  1  41
2  103  1  87
3  103  1  10
4  103  1  81
5  103  1  69
6  103  1  66
7  103  1  25
8  103  1  85
9  103  1  73
10  103  1  36
11  103  1  69
12  103  1  39
13  103  1  12
14  103  1  38
15  103  1  80
1  104  1  45
2  104  1  53
3  104  1  38
4  104  1  41
5  104  1  54
6  104  1  81
7  104  1  27
8  104  1  79
9  104  1  79
10  104  1  64
11  104  1  35
12  104  1  84
13  104  1  27
14  104  1  68
15  104  1  35
1  105  1  90
2  105  1  57
3  105  1  90
4  105  1  12
5  105  1  74
6  105  1  41
7  105  1  86
8  105  1  29
9  105  1  77
10  105  1  81
11  105  1  74
12  105  1  84
13  105  1  52
14  105  1  84
15  105  1  38
1  106  1  32
2  106  1  25
3  106  1  85
4  106  1  44
5  106  1  87
6  106  1  48
7  106  1  22
8  106  1  65
9  106  1  65
10  106  1  16
11  106  1  61
12  106  1  72
13  106  1  66
14  106  1  53
15  106  1  30
1  107  1  76
2  107  1  69
3  107  1  30
4  107  1  12
5  107  1  14
6  107  1  76
7  107  1  36
8  107  1  78
9  107  1  86
10  107  1  84
11  107  1  27
12  107  1  77
13  107  1  77
14  107  1  89
15  107  1  51
1  108  1  65
2  108  1  61
3  108  1  16
4  108  1  23
5  108  1  77
6  108  1  54
7  108  1  25
8  108  1  32
9  108  1  89
10  108  1  75
11  108  1  13
12  108  1  70
13  108  1  43
14  108  1  22
15  108  1  32
1  109  1  27
2  109  1  22
3  109  1  50
4  109  1  82
5  109  1  58
6  109  1  53
7  109  1  72
8  109  1  36
9  109  1  26
10  109  1  50
11  109  1  55
12  109  1  68
13  109  1  55
14  109  1  18
15  109  1  28
1  110  1  19
2  110  1  43
3  110  1  30
4  110  1  36
5  110  1  34
6  110  1  33
7  110  1  52
8  110  1  59
9  110  1  45
10  110  1  31
11  110  1  62
12  110  1  65
13  110  1  68
14  110  1  66
15  110  1  90
1  111  1  69
2  111  1  26
3  111  1  83
4  111  1  64
5  111  1  69
6  111  1  84
7  111  1  65
8  111  1  11
9  111  1  39
10  111  1  17
11  111  1  29
12  111  1  15
13  111  1  34
14  111  1  60
15  111  1  60
1  112  1  85
2  112  1  68
3  112  1  13
4  112  1  47
5  112  1  44
6  112  1  40
7  112  1  33
8  112  1  76
9  112  1  44
10  112  1  87
11  112  1  77
12  112  1  34
13  112  1  58
14  112  1  15
15  112  1  75
1  113  1  76
2  113  1  39
3  113  1  57
4  113  1  61
5  113  1  40
6  113  1  31
7  113  1  17
8  113  1  20
9  113  1  28
10  113  1  37
11  113  1  47
12  113  1  16
13  113  1  72
14  113  1  73
15  113  1  85
1  114  1  34
2  114  1  61
3  114  1  82
4  114  1  20
5  114  1  16
6  114  1  88
7  114  1  49
8  114  1  49
9  114  1  24
10  114  1  50
11  114  1  64
12  114  1  17
13  114  1  27
14  114  1  54
15  114  1  35
1  115  1  71
2  115  1  39
3  115  1  82
4  115  1  12
5  115  1  57
6  115  1  20
7  115  1  23
8  115  1  21
9  115  1  19
10  115  1  78
11  115  1  38
12  115  1  87
13  115  1  15
14  115  1  82
15  115  1  57
1  116  1  69
2  116  1  48
3  116  1  28
4  116  1  74
5  116  1  89
6  116  1  11
7  116  1  60
8  116  1  83
9  116  1  21
10  116  1  81
11  116  1  45
12  116  1  53
13  116  1  55
14  116  1  36
15  116  1  57
1  117  1  23
2  117  1  47
3  117  1  41
4  117  1  46
5  117  1  25
6  117  1  54
7  117  1  34
8  117  1  36
9  117  1  55
10  117  1  38
11  117  1  86
12  117  1  25
13  117  1  63
14  117  1  23
15  117  1  40
1  118  1  80
2  118  1  27
3  118  1  37
4  118  1  51
5  118  1  65
6  118  1  11
7  118  1  80
8  118  1  47
9  118  1  32
10  118  1  22
11  118  1  34
12  118  1  41
13  118  1  24
14  118  1  32
15  118  1  59
1  119  1  19
2  119  1  11
3  119  1  18
4  119  1  10
5  119  1  68
6  119  1  66
7  119  1  64
8  119  1  69
9  119  1  29
10  119  1  14
11  119  1  75
12  119  1  53
13  119  1  46
14  119  1  52
15  119  1  74
1  120  1  48
2  120  1  70
3  120  1  44
4  120  1  28
5  120  1  54
6  120  1  62
7  120  1  42
8  120  1  65
9  120  1  26
10  120  1  66
11  120  1  17
12  120  1  38
13  120  1  39
14  120  1  55
15  120  1  79
1  121  1  18
2  121  1  22
3  121  1  36
4  121  1  42
5  121  1  20
6  121  1  10
7  121  1  70
8  121  1  40
9  121  1  18
10  121  1  11
11  121  1  75
12  121  1  83
13  121  1  12
14  121  1  70
15  121  1  30
1  122  1  61
2  122  1  20
3  122  1  34
4  122  1  10
5  122  1  53
6  122  1  22
7  122  1  80
8  122  1  41
9  122  1  41
10  122  1  65
11  122  1  21
12  122  1  17
13  122  1  85
14  122  1  31
15  122  1  28
1  123  1  29
2  123  1  63
3  123  1  14
4  123  1  89
5  123  1  56
6  123  1  34
7  123  1  77
8  123  1  27
9  123  1  47
10  123  1  12
11  123  1  17
12  123  1  64
13  123  1  13
14  123  1  60
15  123  1  46
1  124  1  85
2  124  1  42
3  124  1  33
4  124  1  34
5  124  1  88
6  124  1  45
7  124  1  36
8  124  1  60
9  124  1  20
10  124  1  75
11  124  1  30
12  124  1  67
13  124  1  24
14  124  1  31
15  124  1  76
1  125  1  54
2  125  1  16
3  125  1  69
4  125  1  25
5  125  1  24
6  125  1  88
7  125  1  11
8  125  1  86
9  125  1  87
10  125  1  64
11  125  1  84
12  125  1  22
13  125  1  15
14  125  1  44
15  125  1  64
1  126  1  48
2  126  1  41
3  126  1  86
4  126  1  30
5  126  1  48
6  126  1  85
7  126  1  84
8  126  1  40
9  126  1  15
10  126  1  46
11  126  1  71
12  126  1  49
13  126  1  17
14  126  1  86
15  126  1  85
1  127  1  52
2  127  1  39
3  127  1  89
4  127  1  51
5  127  1  80
6  127  1  49
7  127  1  30
8  127  1  75
9  127  1  86
10  127  1  48
11  127  1  76
12  127  1  32
13  127  1  58
14  127  1  63
15  127  1  65
1  128  1  83
2  128  1  81
3  128  1  44
4  128  1  50
5  128  1  80
6  128  1  70
7  128  1  60
8  128  1  35
9  128  1  68
10  128  1  71
11  128  1  44
12  128  1  26
13  128  1  11
14  128  1  66
15  128  1  88
1  129  1  15
2  129  1  32
3  129  1  17
4  129  1  68
5  129  1  15
6  129  1  38
7  129  1  90
8  129  1  62
9  129  1  39
10  129  1  82
11  129  1  30
12  129  1  81
13  129  1  31
14  129  1  17
15  129  1  58
1  130  1  61
2  130  1  58
3  130  1  39
4  130  1  31
5  130  1  79
6  130  1  66
7  130  1  45
8  130  1  21
9  130  1  39
10  130  1  13
11  130  1  71
12  130  1  12
13  130  1  22
14  130  1  16
15  130  1  23
1  131  1  86
2  131  1  71
3  131  1  82
4  131  1  17
5  131  1  67
6  131  1  12
7  131  1  39
8  131  1  14
9  131  1  35
10  131  1  40
11  131  1  55
12  131  1  70
13  131  1  88
14  131  1  64
15  131  1  88
1  132  1  42
2  132  1  14
3  132  1  83
4  132  1  31
5  132  1  29
6  132  1  78
7  132  1  18
8  132  1  61
9  132  1  71
10  132  1  23
11  132  1  41
12  132  1  86
13  132  1  34
14  132  1  40
15  132  1  18
1  133  1  69
2  133  1  55
3  133  1  87
4  133  1  75
5  133  1  36
6  133  1  31
7  133  1  72
8  133  1  78
9  133  1  39
10  133  1  60
11  133  1  47
12  133  1  23
13  133  1  47
14  133  1  74
15  133  1  12
1  134  1  35
2  134  1  72
3  134  1  58
4  134  1  65
5  134  1  13
6  134  1  45
7  134  1  28
8  134  1  71
9  134  1  13
10  134  1  74
11  134  1  52
12  134  1  23
13  134  1  20
14  134  1  81
15  134  1  74
1  135  1  61
2  135  1  90
3  135  1  57
4  135  1  81
5  135  1  47
6  135  1  10
7  135  1  59
8  135  1  81
9  135  1  88
10  135  1  19
11  135  1  68
12  135  1  83
13  135  1  53
14  135  1  55
15  135  1  24
1  136  1  42
2  136  1  47
3  136  1  51
4  136  1  90
5  136  1  13
6  136  1  56
7  136  1  13
8  136  1  20
9  136  1  81
10  136  1  58
11  136  1  41
12  136  1  21
13  136  1  50
14  136  1  76
15  136  1  34
1  137  1  47
2  137  1  72
3  137  1  38
4  137  1  75
5  137  1  34
6  137  1  46
7  137  1  75
8  137  1  55
9  137  1  53
10  137  1  69
11  137  1  37
12  137  1  64
13  137  1  60
14  137  1  51
15  137  1  84
1  138  1  35
2  138  1  44
3  138  1  68
4  138  1  45
5  138  1  60
6  138  1  90
7  138  1  44
8  138  1  81
9  138  1  41
10  138  1  42
11  138  1  88
12  138  1  22
13  138  1  52
14  138  1  78
15  138  1  16
1  139  1  61
2  139  1  14
3  139  1  90
4  139  1  50
5  139  1  23
6  139  1  80
7  139  1  25
8  139  1  33
9  139  1  58
10  139  1  23
11  139  1  17
12  139  1  10
13  139  1  56
14  139  1  67
15  139  1  75
1  140  1  40
2  140  1  29
3  140  1  43
4  140  1  25
5  140  1  48
6  140  1  62
7  140  1  82
8  140  1  85
9  140  1  90
10  140  1  27
11  140  1  58
12  140  1  52
13  140  1  29
14  140  1  65
15  140  1  36
1  141  1  20
2  141  1  89
3  141  1  15
4  141  1  82
5  141  1  70
6  141  1  34
7  141  1  43
8  141  1  46
9  141  1  76
10  141  1  22
11  141  1  48
12  141  1  80
13  141  1  87
14  141  1  35
15  141  1  90
1  142  1  51
2  142  1  57
3  142  1  42
4  142  1  29
5  142  1  57
6  142  1  19
7  142  1  15
8  142  1  21
9  142  1  90
10  142  1  75
11  142  1  40
12  142  1  82
13  142  1  78
14  142  1  79
15  142  1  39
1  143  1  15
2  143  1  19
3  143  1  69
4  143  1  30
5  143  1  41
6  143  1  35
7  143  1  44
8  143  1  14
9  143  1  19
10  143  1  51
11  143  1  31
12  143  1  39
13  143  1  78
14  143  1  29
15  143  1  42
1  144  1  50
2  144  1  31
3  144  1  12
4  144  1  75
5  144  1  53
6  144  1  19
7  144  1  37
8  144  1  33
9  144  1  89
10  144  1  88
11  144  1  90
12  144  1  38
13  144  1  74
14  144  1  44
15  144  1  55
1  145  1  79
2  145  1  61
3  145  1  24
4  145  1  25
5  145  1  61
6  145  1  37
7  145  1  85
8  145  1  62
9  145  1  60
10  145  1  69
11  145  1  20
12  145  1  87
13  145  1  89
14  145  1  39
15  145  1  22
1  146  1  44
2  146  1  22
3  146  1  18
4  146  1  12
5  146  1  19
6  146  1  57
7  146  1  67
8  146  1  69
9  146  1  57
10  146  1  25
11  146  1  45
12  146  1  43
13  146  1  66
14  146  1  62
15  146  1  51
1  147  1  15
2  147  1  14
3  147  1  40
4  147  1  60
5  147  1  51
6  147  1  82
7  147  1  87
8  147  1  36
9  147  1  27
10  147  1  10
11  147  1  28
12  147  1  48
13  147  1  89
14  147  1  68
15  147  1  50
1  148  1  16
2  148  1  26
3  148  1  11
4  148  1  42
5  148  1  42
6  148  1  18
7  148  1  76
8  148  1  15
9  148  1  80
10  148  1  70
11  148  1  46
12  148  1  71
13  148  1  66
14  148  1  34
15  148  1  26
1  149  1  52
2  149  1  47
3  149  1  49
4  149  1  42
5  149  1  40
6  149  1  73
7  149  1  58
8  149  1  18
9  149  1  71
10  149  1  57
11  149  1  40
12  149  1  70
13  149  1  46
14  149  1  63
15  149  1  65
1  150  1  29
2  150  1  82
3  150  1  36
4  150  1  51
5  150  1  12
6  150  1  54
7  150  1  47
8  150  1  14
9  150  1  73
10  150  1  18
11  150  1  36
12  150  1  23
13  150  1  24
14  150  1  57
15  150  1  89
1  1  2  17.71
2  1  2  11.93
3  1  2  36.49
4  1  2  39.59
5  1  2  10.76
6  1  2  19.41
7  1  2  26.95
8  1  2  13.43
9  1  2  34.19
10  1  2  24.79
11  1  2  10.39
12  1  2  32.61
13  1  2  17.02
14  1  2  10.18
15  1  2  13.59
1  2  2  13.60
2  2  2  15.25
3  2  2  12.41
4  2  2  17.59
5  2  2  32.53
6  2  2  18.45
7  2  2  38.40
8  2  2  59.19
9  2  2  12.11
10  2  2  7.56
11  2  2  8.78
12  2  2  15.75
13  2  2  23.96
14  2  2  22.70
15  2  2  45.14
1  3  2  24.55
2  3  2  63.14
3  3  2  39.44
4  3  2  67.68
5  3  2  11.51
6  3  2  9.61
7  3  2  41.80
8  3  2  24.07
9  3  2  43.44
10  3  2  5.04
11  3  2  7.14
12  3  2  40.47
13  3  2  30.47
14  3  2  16.67
15  3  2  10.94
1  4  2  6.67
2  4  2  32.78
3  4  2  12.31
4  4  2  17.10
5  4  2  35.44
6  4  2  19.70
7  4  2  17.53
8  4  2  5.24
9  4  2  33.75
10  4  2  37.82
11  4  2  58.27
12  4  2  6.21
13  4  2  41.49
14  4  2  35.88
15  4  2  25.62
1  5  2  2.90
2  5  2  11.68
3  5  2  13.94
4  5  2  36.37
5  5  2  25.88
6  5  2  21.25
7  5  2  13.12
8  5  2  28.06
9  5  2  16.02
10  5  2  26.82
11  5  2  9.41
12  5  2  64.33
13  5  2  25.56
14  5  2  23.71
15  5  2  27.09
1  6  2  4.68
2  6  2  10.42
3  6  2  19.63
4  6  2  34.73
5  6  2  43.16
6  6  2  44.41
7  6  2  4.74
8  6  2  19.98
9  6  2  8.32
10  6  2  9.59
11  6  2  18.13
12  6  2  12.75
13  6  2  25.44
14  6  2  29.05
15  6  2  13.72
1  7  2  15.21
2  7  2  59.56
3  7  2  17.14
4  7  2  7.24
5  7  2  27.51
6  7  2  22.43
7  7  2  14.16
8  7  2  29.32
9  7  2  41.01
10  7  2  36.06
11  7  2  36.88
12  7  2  47.09
13  7  2  18.65
14  7  2  43.11
15  7  2  45.95
1  8  2  35.00
2  8  2  22.19
3  8  2  14.72
4  8  2  57.96
5  8  2  20.61
6  8  2  36.10
7  8  2  19.37
8  8  2  14.38
9  8  2  21.50
10  8  2  28.15
11  8  2  32.71
12  8  2  7.44
13  8  2  11.03
14  8  2  42.09
15  8  2  11.13
1  9  2  7.02
2  9  2  23.18
3  9  2  29.38
4  9  2  7.00
5  9  2  7.60
6  9  2  9.36
7  9  2  62.07
8  9  2  36.26
9  9  2  44.98
10  9  2  43.49
11  9  2  18.30
12  9  2  49.17
13  9  2  8.95
14  9  2  18.66
15  9  2  8.06
1  10  2  23.26
2  10  2  24.99
3  10  2  18.80
4  10  2  40.20
5  10  2  14.09
6  10  2  41.31
7  10  2  12.59
8  10  2  47.49
9  10  2  22.48
10  10  2  49.53
11  10  2  67.85
12  10  2  51.10
13  10  2  2.45
14  10  2  41.78
15  10  2  47.92
1  11  2  6.63
2  11  2  26.39
3  11  2  14.84
4  11  2  8.59
5  11  2  24.31
6  11  2  20.43
7  11  2  7.06
8  11  2  25.18
9  11  2  6.06
10  11  2  51.87
11  11  2  5.76
12  11  2  21.53
13  11  2  20.26
14  11  2  10.71
15  11  2  15.59
1  12  2  15.39
2  12  2  25.54
3  12  2  21.77
4  12  2  46.13
5  12  2  25.27
6  12  2  26.98
7  12  2  40.56
8  12  2  42.67
9  12  2  17.77
10  12  2  16.48
11  12  2  29.86
12  12  2  18.97
13  12  2  12.66
14  12  2  6.99
15  12  2  20.17
1  13  2  27.15
2  13  2  58.51
3  13  2  30.63
4  13  2  48.05
5  13  2  23.04
6  13  2  8.03
7  13  2  10.36
8  13  2  3.33
9  13  2  11.84
10  13  2  27.30
11  13  2  31.34
12  13  2  59.55
13  13  2  56.65
14  13  2  20.70
15  13  2  45.31
1  14  2  7.33
2  14  2  27.49
3  14  2  59.54
4  14  2  16.12
5  14  2  14.04
6  14  2  41.85
7  14  2  19.04
8  14  2  19.66
9  14  2  21.25
10  14  2  15.19
11  14  2  50.77
12  14  2  21.43
13  14  2  54.12
14  14  2  27.87
15  14  2  9.32
1  15  2  9.56
2  15  2  14.02
3  15  2  23.50
4  15  2  18.55
5  15  2  20.60
6  15  2  8.45
7  15  2  14.22
8  15  2  31.06
9  15  2  29.43
10  15  2  35.57
11  15  2  36.20
12  15  2  39.15
13  15  2  4.83
14  15  2  5.95
15  15  2  4.42
1  16  2  11.19
2  16  2  31.11
3  16  2  31.64
4  16  2  54.06
5  16  2  41.63
6  16  2  56.26
7  16  2  51.52
8  16  2  9.44
9  16  2  35.69
10  16  2  22.25
11  16  2  8.88
12  16  2  53.87
13  16  2  42.26
14  16  2  29.44
15  16  2  13.51
1  17  2  34.75
2  17  2  7.57
3  17  2  34.12
4  17  2  61.67
5  17  2  62.90
6  17  2  6.74
7  17  2  21.51
8  17  2  4.38
9  17  2  22.29
10  17  2  46.22
11  17  2  42.61
12  17  2  9.20
13  17  2  40.64
14  17  2  39.41
15  17  2  36.46
1  18  2  9.55
2  18  2  9.71
3  18  2  18.36
4  18  2  29.98
5  18  2  60.92
6  18  2  34.19
7  18  2  36.51
8  18  2  9.76
9  18  2  21.83
10  18  2  39.74
11  18  2  16.72
12  18  2  14.96
13  18  2  42.77
14  18  2  14.63
15  18  2  8.47
1  19  2  70.66
2  19  2  40.95
3  19  2  16.23
4  19  2  5.43
5  19  2  25.02
6  19  2  22.03
7  19  2  24.81
8  19  2  10.65
9  19  2  4.60
10  19  2  34.41
11  19  2  11.26
12  19  2  21.26
13  19  2  27.63
14  19  2  13.75
15  19  2  43.30
1  20  2  12.84
2  20  2  9.25
3  20  2  5.94
4  20  2  25.76
5  20  2  12.31
6  20  2  24.02
7  20  2  14.95
8  20  2  13.46
9  20  2  25.35
10  20  2  30.53
11  20  2  49.32
12  20  2  8.48
13  20  2  23.79
14  20  2  45.55
15  20  2  10.69
1  21  2  10.84
2  21  2  40.24
3  21  2  27.38
4  21  2  35.69
5  21  2  22.77
6  21  2  22.80
7  21  2  12.03
8  21  2  20.34
9  21  2  25.76
10  21  2  11.82
11  21  2  44.42
12  21  2  55.53
13  21  2  10.84
14  21  2  13.70
15  21  2  12.40
1  22  2  32.78
2  22  2  15.69
3  22  2  19.00
4  22  2  14.93
5  22  2  29.39
6  22  2  3.04
7  22  2  14.97
8  22  2  26.37
9  22  2  66.62
10  22  2  9.65
11  22  2  50.46
12  22  2  57.16
13  22  2  15.56
14  22  2  17.24
15  22  2  7.51
1  23  2  32.65
2  23  2  8.05
3  23  2  29.97
4  23  2  5.48
5  23  2  6.06
6  23  2  4.67
7  23  2  16.07
8  23  2  34.10
9  23  2  31.44
10  23  2  59.46
11  23  2  26.78
12  23  2  14.86
13  23  2  7.65
14  23  2  24.79
15  23  2  7.00
1  24  2  11.00
2  24  2  17.37
3  24  2  23.88
4  24  2  37.93
5  24  2  20.63
6  24  2  5.14
7  24  2  8.00
8  24  2  31.06
9  24  2  16.50
10  24  2  25.64
11  24  2  66.03
12  24  2  34.42
13  24  2  31.98
14  24  2  34.93
15  24  2  10.53
1  25  2  34.78
2  25  2  6.50
3  25  2  17.50
4  25  2  7.97
5  25  2  4.27
6  25  2  21.27
7  25  2  6.67
8  25  2  4.05
9  25  2  8.24
10  25  2  56.80
11  25  2  20.20
12  25  2  27.05
13  25  2  37.50
14  25  2  41.80
15  25  2  8.13
1  26  2  7.51
2  26  2  37.20
3  26  2  11.88
4  26  2  35.72
5  26  2  16.83
6  26  2  23.64
7  26  2  43.87
8  26  2  22.28
9  26  2  16.93
10  26  2  32.30
11  26  2  10.08
12  26  2  36.41
13  26  2  17.12
14  26  2  44.49
15  26  2  11.45
1  27  2  17.22
2  27  2  9.43
3  27  2  27.58
4  27  2  15.17
5  27  2  10.05
6  27  2  21.06
7  27  2  5.51
8  27  2  16.32
9  27  2  20.04
10  27  2  4.53
11  27  2  21.42
12  27  2  10.28
13  27  2  21.08
14  27  2  11.69
15  27  2  54.61
1  28  2  25.86
2  28  2  11.50
3  28  2  15.62
4  28  2  10.94
5  28  2  27.91
6  28  2  19.21
7  28  2  11.25
8  28  2  40.60
9  28  2  8.72
10  28  2  16.03
11  28  2  16.17
12  28  2  28.59
13  28  2  34.62
14  28  2  26.24
15  28  2  13.68
1  29  2  11.46
2  29  2  43.73
3  29  2  61.08
4  29  2  16.99
5  29  2  15.35
6  29  2  27.39
7  29  2  17.66
8  29  2  5.61
9  29  2  57.61
10  29  2  41.23
11  29  2  53.07
12  29  2  23.93
13  29  2  8.33
14  29  2  31.49
15  29  2  42.07
1  30  2  15.12
2  30  2  22.58
3  30  2  13.84
4  30  2  32.09
5  30  2  63.14
6  30  2  7.83
7  30  2  42.57
8  30  2  53.17
9  30  2  62.43
10  30  2  24.81
11  30  2  23.34
12  30  2  11.33
13  30  2  39.02
14  30  2  19.25
15  30  2  7.13
1  31  2  65.56
2  31  2  6.86
3  31  2  38.87
4  31  2  48.33
5  31  2  13.80
6  31  2  24.45
7  31  2  17.07
8  31  2  9.28
9  31  2  20.14
10  31  2  61.14
11  31  2  13.07
12  31  2  15.13
13  31  2  13.93
14  31  2  17.25
15  31  2  8.38
1  32  2  19.08
2  32  2  42.56
3  32  2  51.46
4  32  2  30.55
5  32  2  59.52
6  32  2  28.39
7  32  2  43.83
8  32  2  10.92
9  32  2  57.72
10  32  2  22.04
11  32  2  19.27
12  32  2  13.98
13  32  2  5.47
14  32  2  27.21
15  32  2  29.72
1  33  2  10.32
2  33  2  15.02
3  33  2  13.86
4  33  2  24.68
5  33  2  31.96
6  33  2  62.36
7  33  2  19.94
8  33  2  44.38
9  33  2  12.64
10  33  2  21.32
11  33  2  20.86
12  33  2  3.53
13  33  2  16.72
14  33  2  10.86
15  33  2  35.79
1  34  2  53.41
2  34  2  10.44
3  34  2  13.03
4  34  2  30.61
5  34  2  9.95
6  34  2  2.59
7  34  2  35.02
8  34  2  68.90
9  34  2  35.93
10  34  2  6.35
11  34  2  10.86
12  34  2  20.00
13  34  2  32.43
14  34  2  28.40
15  34  2  15.87
1  35  2  29.08
2  35  2  10.26
3  35  2  25.45
4  35  2  6.70
5  35  2  38.61
6  35  2  42.88
7  35  2  11.84
8  35  2  53.73
9  35  2  25.23
10  35  2  9.65
11  35  2  40.83
12  35  2  49.64
13  35  2  6.57
14  35  2  8.62
15  35  2  36.54
1  36  2  3.80
2  36  2  29.04
3  36  2  28.53
4  36  2  14.35
5  36  2  10.30
6  36  2  36.39
7  36  2  47.88
8  36  2  42.65
9  36  2  7.56
10  36  2  39.18
11  36  2  9.19
12  36  2  21.85
13  36  2  40.41
14  36  2  18.70
15  36  2  8.66
1  37  2  25.39
2  37  2  11.77
3  37  2  22.42
4  37  2  30.90
5  37  2  5.47
6  37  2  35.67
7  37  2  8.74
8  37  2  6.44
9  37  2  25.94
10  37  2  14.34
11  37  2  24.38
12  37  2  15.94
13  37  2  5.18
14  37  2  10.36
15  37  2  6.33
1  38  2  9.64
2  38  2  12.73
3  38  2  5.66
4  38  2  33.51
5  38  2  13.59
6  38  2  12.37
7  38  2  53.63
8  38  2  9.06
9  38  2  5.99
10  38  2  8.42
11  38  2  17.82
12  38  2  9.20
13  38  2  53.14
14  38  2  7.73
15  38  2  15.71
1  39  2  13.66
2  39  2  5.93
3  39  2  28.83
4  39  2  14.72
5  39  2  21.19
6  39  2  36.54
7  39  2  27.24
8  39  2  19.86
9  39  2  21.69
10  39  2  26.94
11  39  2  31.14
12  39  2  42.77
13  39  2  39.63
14  39  2  43.74
15  39  2  46.40
1  40  2  12.96
2  40  2  46.84
3  40  2  13.44
4  40  2  15.03
5  40  2  18.16
6  40  2  10.59
7  40  2  4.44
8  40  2  11.83
9  40  2  31.08
10  40  2  38.96
11  40  2  18.51
12  40  2  39.87
13  40  2  19.40
14  40  2  11.87
15  40  2  31.13
1  41  2  36.63
2  41  2  25.43
3  41  2  40.54
4  41  2  18.56
5  41  2  50.24
6  41  2  25.80
7  41  2  15.48
8  41  2  9.53
9  41  2  22.43
10  41  2  29.26
11  41  2  13.75
12  41  2  48.77
13  41  2  11.49
14  41  2  21.13
15  41  2  9.30
1  42  2  8.76
2  42  2  11.46
3  42  2  12.04
4  42  2  10.20
5  42  2  36.69
6  42  2  42.44
7  42  2  35.84
8  42  2  46.48
9  42  2  63.02
10  42  2  32.78
11  42  2  17.22
12  42  2  19.35
13  42  2  20.20
14  42  2  28.40
15  42  2  15.59
1  43  2  23.85
2  43  2  55.51
3  43  2  21.84
4  43  2  17.80
5  43  2  14.62
6  43  2  19.78
7  43  2  5.82
8  43  2  19.83
9  43  2  5.06
10  43  2  47.85
11  43  2  31.12
12  43  2  19.62
13  43  2  36.75
14  43  2  29.20
15  43  2  14.97
1  44  2  15.25
2  44  2  38.95
3  44  2  19.33
4  44  2  34.72
5  44  2  26.16
6  44  2  12.22
7  44  2  3.94
8  44  2  25.43
9  44  2  11.19
10  44  2  4.46
11  44  2  29.26
12  44  2  5.22
13  44  2  6.48
14  44  2  45.71
15  44  2  25.40
1  45  2  3.91
2  45  2  47.87
3  45  2  52.05
4  45  2  23.16
5  45  2  13.54
6  45  2  10.53
7  45  2  4.73
8  45  2  25.81
9  45  2  22.16
10  45  2  50.33
11  45  2  14.87
12  45  2  56.34
13  45  2  15.76
14  45  2  11.14
15  45  2  33.65
1  46  2  31.29
2  46  2  22.70
3  46  2  22.70
4  46  2  50.04
5  46  2  47.31
6  46  2  5.97
7  46  2  10.68
8  46  2  26.74
9  46  2  36.69
10  46  2  19.24
11  46  2  11.52
12  46  2  41.75
13  46  2  12.24
14  46  2  37.18
15  46  2  27.55
1  47  2  50.41
2  47  2  15.06
3  47  2  30.86
4  47  2  24.48
5  47  2  31.78
6  47  2  36.02
7  47  2  30.17
8  47  2  43.09
9  47  2  35.73
10  47  2  8.50
11  47  2  17.75
12  47  2  14.00
13  47  2  5.93
14  47  2  30.60
15  47  2  16.29
1  48  2  61.83
2  48  2  13.53
3  48  2  38.62
4  48  2  5.95
5  48  2  55.21
6  48  2  32.16
7  48  2  16.49
8  48  2  13.32
9  48  2  10.13
10  48  2  31.02
11  48  2  15.52
12  48  2  23.18
13  48  2  45.26
14  48  2  14.13
15  48  2  11.22
1  49  2  13.11
2  49  2  6.55
3  49  2  63.97
4  49  2  19.93
5  49  2  37.32
6  49  2  6.72
7  49  2  8.70
8  49  2  49.40
9  49  2  7.19
10  49  2  45.68
11  49  2  50.36
12  49  2  8.06
13  49  2  22.94
14  49  2  40.60
15  49  2  2.42
1  50  2  18.59
2  50  2  17.35
3  50  2  5.08
4  50  2  8.54
5  50  2  6.12
6  50  2  11.01
7  50  2  16.74
8  50  2  4.29
9  50  2  54.44
10  50  2  19.42
11  50  2  20.86
12  50  2  24.94
13  50  2  34.78
14  50  2  51.98
15  50  2  14.07
1  51  2  19.81
2  51  2  14.64
3  51  2  3.52
4  51  2  20.42
5  51  2  20.70
6  51  2  12.33
7  51  2  47.90
8  51  2  44.76
9  51  2  36.46
10  51  2  3.79
11  51  2  12.00
12  51  2  7.90
13  51  2  21.44
14  51  2  13.03
15  51  2  40.59
1  52  2  22.34
2  52  2  33.01
3  52  2  4.12
4  52  2  16.73
5  52  2  26.74
6  52  2  26.27
7  52  2  19.39
8  52  2  17.63
9  52  2  42.44
10  52  2  16.76
11  52  2  31.97
12  52  2  24.11
13  52  2  49.82
14  52  2  8.90
15  52  2  17.65
1  53  2  21.74
2  53  2  20.63
3  53  2  15.90
4  53  2  17.56
5  53  2  49.48
6  53  2  32.59
7  53  2  4.64
8  53  2  19.33
9  53  2  25.08
10  53  2  43.69
11  53  2  4.03
12  53  2  34.37
13  53  2  8.30
14  53  2  28.94
15  53  2  40.20
1  54  2  22.13
2  54  2  15.95
3  54  2  11.37
4  54  2  38.50
5  54  2  3.41
6  54  2  26.40
7  54  2  7.20
8  54  2  25.32
9  54  2  28.07
10  54  2  15.16
11  54  2  22.23
12  54  2  48.82
13  54  2  25.33
14  54  2  18.67
15  54  2  67.53
1  55  2  8.34
2  55  2  24.62
3  55  2  21.02
4  55  2  10.20
5  55  2  22.38
6  55  2  54.23
7  55  2  38.26
8  55  2  29.24
9  55  2  7.73
10  55  2  4.90
11  55  2  27.19
12  55  2  3.17
13  55  2  4.03
14  55  2  50.83
15  55  2  22.35
1  56  2  20.16
2  56  2  25.41
3  56  2  17.61
4  56  2  40.72
5  56  2  24.28
6  56  2  13.15
7  56  2  6.93
8  56  2  19.26
9  56  2  39.88
10  56  2  25.37
11  56  2  47.35
12  56  2  17.75
13  56  2  42.26
14  56  2  40.49
15  56  2  18.59
1  57  2  16.94
2  57  2  17.47
3  57  2  49.45
4  57  2  33.98
5  57  2  15.21
6  57  2  11.89
7  57  2  68.43
8  57  2  24.87
9  57  2  35.25
10  57  2  22.09
11  57  2  50.51
12  57  2  11.78
13  57  2  54.64
14  57  2  16.88
15  57  2  45.42
1  58  2  21.29
2  58  2  9.44
3  58  2  18.16
4  58  2  6.50
5  58  2  52.12
6  58  2  13.40
7  58  2  8.59
8  58  2  29.23
9  58  2  36.44
10  58  2  7.15
11  58  2  2.63
12  58  2  56.09
13  58  2  10.05
14  58  2  29.38
15  58  2  43.76
1  59  2  49.51
2  59  2  19.72
3  59  2  14.60
4  59  2  15.23
5  59  2  8.48
6  59  2  4.54
7  59  2  47.81
8  59  2  6.91
9  59  2  5.30
10  59  2  59.56
11  59  2  34.24
12  59  2  7.64
13  59  2  7.59
14  59  2  6.35
15  59  2  15.76
1  60  2  31.98
2  60  2  15.16
3  60  2  52.44
4  60  2  10.33
5  60  2  49.62
6  60  2  7.04
7  60  2  48.39
8  60  2  34.52
9  60  2  28.17
10  60  2  33.78
11  60  2  47.57
12  60  2  28.44
13  60  2  30.77
14  60  2  49.58
15  60  2  8.25
1  61  2  29.45
2  61  2  25.61
3  61  2  42.06
4  61  2  25.58
5  61  2  8.58
6  61  2  27.57
7  61  2  26.40
8  61  2  40.82
9  61  2  22.88
10  61  2  20.47
11  61  2  11.09
12  61  2  13.28
13  61  2  28.79
14  61  2  49.15
15  61  2  9.20
1  62  2  8.76
2  62  2  8.73
3  62  2  5.57
4  62  2  50.24
5  62  2  26.99
6  62  2  12.40
7  62  2  13.45
8  62  2  22.00
9  62  2  54.50
10  62  2  57.81
11  62  2  28.31
12  62  2  9.27
13  62  2  38.43
14  62  2  18.88
15  62  2  3.25
1  63  2  19.72
2  63  2  32.05
3  63  2  31.34
4  63  2  8.36
5  63  2  21.79
6  63  2  30.85
7  63  2  15.09
8  63  2  7.48
9  63  2  17.56
10  63  2  16.26
11  63  2  27.95
12  63  2  5.76
13  63  2  14.39
14  63  2  31.53
15  63  2  16.73
1  64  2  43.63
2  64  2  49.39
3  64  2  2.49
4  64  2  12.74
5  64  2  9.54
6  64  2  15.31
7  64  2  54.61
8  64  2  20.03
9  64  2  13.08
10  64  2  3.32
11  64  2  12.79
12  64  2  10.21
13  64  2  40.85
14  64  2  18.88
15  64  2  25.24
1  65  2  23.13
2  65  2  19.91
3  65  2  13.11
4  65  2  34.46
5  65  2  30.25
6  65  2  29.85
7  65  2  29.38
8  65  2  5.50
9  65  2  35.25
10  65  2  11.78
11  65  2  10.44
12  65  2  20.99
13  65  2  21.98
14  65  2  50.99
15  65  2  23.01
1  66  2  55.81
2  66  2  53.33
3  66  2  43.78
4  66  2  9.78
5  66  2  31.01
6  66  2  4.56
7  66  2  30.76
8  66  2  6.42
9  66  2  20.89
10  66  2  25.92
11  66  2  14.05
12  66  2  17.35
13  66  2  18.89
14  66  2  48.37
15  66  2  42.13
1  67  2  30.47
2  67  2  33.70
3  67  2  40.69
4  67  2  53.97
5  67  2  47.36
6  67  2  8.30
7  67  2  22.81
8  67  2  13.63
9  67  2  14.25
10  67  2  23.18
11  67  2  46.26
12  67  2  50.86
13  67  2  19.85
14  67  2  22.21
15  67  2  19.32
1  68  2  35.58
2  68  2  18.16
3  68  2  11.27
4  68  2  70.61
5  68  2  40.43
6  68  2  20.04
7  68  2  12.97
8  68  2  14.84
9  68  2  6.31
10  68  2  20.31
11  68  2  64.73
12  68  2  40.70
13  68  2  28.04
14  68  2  12.55
15  68  2  38.07
1  69  2  17.08
2  69  2  6.32
3  69  2  34.45
4  69  2  55.08
5  69  2  17.01
6  69  2  17.14
7  69  2  33.70
8  69  2  18.21
9  69  2  9.17
10  69  2  3.78
11  69  2  43.93
12  69  2  17.76
13  69  2  8.21
14  69  2  20.87
15  69  2  38.10
1  70  2  8.93
2  70  2  18.35
3  70  2  56.40
4  70  2  63.85
5  70  2  5.69
6  70  2  15.47
7  70  2  35.54
8  70  2  50.95
9  70  2  15.10
10  70  2  36.72
11  70  2  26.31
12  70  2  33.64
13  70  2  4.69
14  70  2  12.76
15  70  2  15.78
1  71  2  21.22
2  71  2  25.53
3  71  2  19.37
4  71  2  10.21
5  71  2  12.73
6  71  2  18.66
7  71  2  18.50
8  71  2  31.20
9  71  2  23.65
10  71  2  14.87
11  71  2  44.93
12  71  2  27.42
13  71  2  39.07
14  71  2  20.29
15  71  2  3.68
1  72  2  28.64
2  72  2  15.95
3  72  2  48.34
4  72  2  7.68
5  72  2  11.54
6  72  2  9.85
7  72  2  55.40
8  72  2  30.91
9  72  2  4.63
10  72  2  14.02
11  72  2  12.87
12  72  2  54.53
13  72  2  30.49
14  72  2  10.98
15  72  2  12.41
1  73  2  26.13
2  73  2  29.14
3  73  2  26.34
4  73  2  20.66
5  73  2  24.30
6  73  2  11.72
7  73  2  40.17
8  73  2  21.94
9  73  2  10.08
10  73  2  6.37
11  73  2  21.88
12  73  2  10.73
13  73  2  45.61
14  73  2  36.62
15  73  2  20.83
1  74  2  23.61
2  74  2  5.60
3  74  2  23.99
4  74  2  31.87
5  74  2  47.51
6  74  2  44.47
7  74  2  38.08
8  74  2  31.83
9  74  2  10.09
10  74  2  24.62
11  74  2  12.11
12  74  2  8.62
13  74  2  15.57
14  74  2  29.60
15  74  2  7.86
1  75  2  20.45
2  75  2  15.27
3  75  2  25.10
4  75  2  21.86
5  75  2  4.90
6  75  2  16.15
7  75  2  22.85
8  75  2  15.39
9  75  2  14.17
10  75  2  20.71
11  75  2  36.48
12  75  2  41.19
13  75  2  55.78
14  75  2  4.45
15  75  2  8.76
1  76  2  3.08
2  76  2  37.95
3  76  2  33.47
4  76  2  6.51
5  76  2  15.67
6  76  2  56.44
7  76  2  34.24
8  76  2  12.21
9  76  2  29.48
10  76  2  20.87
11  76  2  9.56
12  76  2  7.41
13  76  2  9.21
14  76  2  15.91
15  76  2  13.23
1  77  2  41.63
2  77  2  13.73
3  77  2  15.36
4  77  2  16.50
5  77  2  31.30
6  77  2  5.80
7  77  2  23.44
8  77  2  21.66
9  77  2  14.20
10  77  2  49.14
11  77  2  9.05
12  77  2  42.88
13  77  2  52.47
14  77  2  26.06
15  77  2  20.82
1  78  2  27.09
2  78  2  13.69
3  78  2  22.36
4  78  2  24.80
5  78  2  46.24
6  78  2  21.35
7  78  2  63.01
8  78  2  44.26
9  78  2  35.65
10  78  2  10.13
11  78  2  51.90
12  78  2  49.93
13  78  2  16.65
14  78  2  47.40
15  78  2  57.44
1  79  2  8.21
2  79  2  9.83
3  79  2  6.95
4  79  2  39.18
5  79  2  49.86
6  79  2  8.01
7  79  2  20.50
8  79  2  40.33
9  79  2  69.40
10  79  2  19.09
11  79  2  7.81
12  79  2  19.58
13  79  2  20.73
14  79  2  5.45
15  79  2  11.36
1  80  2  20.37
2  80  2  15.98
3  80  2  23.17
4  80  2  50.17
5  80  2  6.72
6  80  2  15.50
7  80  2  28.27
8  80  2  8.08
9  80  2  19.78
10  80  2  15.29
11  80  2  53.97
12  80  2  6.73
13  80  2  3.66
14  80  2  34.87
15  80  2  10.40
1  81  2  3.00
2  81  2  14.90
3  81  2  17.37
4  81  2  20.36
5  81  2  35.17
6  81  2  10.92
7  81  2  11.26
8  81  2  31.64
9  81  2  11.27
10  81  2  3.32
11  81  2  17.81
12  81  2  33.36
13  81  2  25.07
14  81  2  52.50
15  81  2  22.51
1  82  2  3.60
2  82  2  38.73
3  82  2  39.30
4  82  2  7.68
5  82  2  3.90
6  82  2  65.53
7  82  2  30.86
8  82  2  37.31
9  82  2  8.57
10  82  2  31.76
11  82  2  42.25
12  82  2  18.31
13  82  2  12.64
14  82  2  37.94
15  82  2  8.32
1  83  2  16.34
2  83  2  16.28
3  83  2  21.56
4  83  2  37.42
5  83  2  27.76
6  83  2  43.40
7  83  2  9.63
8  83  2  13.26
9  83  2  51.15
10  83  2  40.04
11  83  2  27.78
12  83  2  52.97
13  83  2  6.42
14  83  2  13.97
15  83  2  42.42
1  84  2  2.38
2  84  2  18.22
3  84  2  32.86
4  84  2  51.20
5  84  2  9.31
6  84  2  58.60
7  84  2  9.22
8  84  2  18.37
9  84  2  8.89
10  84  2  5.46
11  84  2  24.18
12  84  2  32.37
13  84  2  17.32
14  84  2  43.36
15  84  2  17.42
1  85  2  44.69
2  85  2  7.48
3  85  2  7.75
4  85  2  37.43
5  85  2  34.07
6  85  2  28.72
7  85  2  15.58
8  85  2  9.07
9  85  2  26.64
10  85  2  18.31
11  85  2  31.72
12  85  2  9.32
13  85  2  48.41
14  85  2  17.81
15  85  2  24.59
1  86  2  26.82
2  86  2  21.29
3  86  2  29.79
4  86  2  40.40
5  86  2  57.26
6  86  2  18.93
7  86  2  10.37
8  86  2  31.87
9  86  2  45.91
10  86  2  21.91
11  86  2  11.89
12  86  2  8.70
13  86  2  45.75
14  86  2  53.73
15  86  2  13.52
1  87  2  13.81
2  87  2  33.12
3  87  2  27.57
4  87  2  28.50
5  87  2  29.58
6  87  2  19.64
7  87  2  5.07
8  87  2  12.52
9  87  2  7.03
10  87  2  5.20
11  87  2  23.83
12  87  2  30.97
13  87  2  8.85
14  87  2  45.77
15  87  2  32.64
1  88  2  12.64
2  88  2  33.12
3  88  2  19.48
4  88  2  26.13
5  88  2  18.98
6  88  2  18.17
7  88  2  40.93
8  88  2  28.91
9  88  2  55.10
10  88  2  36.98
11  88  2  7.88
12  88  2  51.32
13  88  2  63.52
14  88  2  19.20
15  88  2  55.46
1  89  2  46.51
2  89  2  58.18
3  89  2  54.29
4  89  2  9.15
5  89  2  12.09
6  89  2  19.77
7  89  2  10.63
8  89  2  14.74
9  89  2  47.33
10  89  2  32.67
11  89  2  3.65
12  89  2  30.83
13  89  2  40.31
14  89  2  17.91
15  89  2  24.81
1  90  2  21.71
2  90  2  41.74
3  90  2  16.49
4  90  2  14.97
5  90  2  22.47
6  90  2  14.53
7  90  2  23.87
8  90  2  49.89
9  90  2  53.73
10  90  2  10.50
11  90  2  7.36
12  90  2  31.20
13  90  2  31.02
14  90  2  17.99
15  90  2  29.69
1  91  2  53.54
2  91  2  54.68
3  91  2  16.63
4  91  2  30.26
5  91  2  52.99
6  91  2  27.26
7  91  2  14.72
8  91  2  19.13
9  91  2  7.45
10  91  2  10.24
11  91  2  56.43
12  91  2  45.01
13  91  2  13.25
14  91  2  8.91
15  91  2  25.39
1  92  2  15.56
2  92  2  23.24
3  92  2  54.17
4  92  2  12.85
5  92  2  40.33
6  92  2  10.90
7  92  2  26.65
8  92  2  48.54
9  92  2  33.26
10  92  2  27.68
11  92  2  40.32
12  92  2  17.99
13  92  2  11.60
14  92  2  18.84
15  92  2  43.07
1  93  2  11.83
2  93  2  28.20
3  93  2  29.65
4  93  2  13.67
5  93  2  50.15
6  93  2  12.79
7  93  2  11.06
8  93  2  7.48
9  93  2  42.44
10  93  2  7.39
11  93  2  26.37
12  93  2  48.20
13  93  2  24.97
14  93  2  26.24
15  93  2  46.39
1  94  2  33.31
2  94  2  16.85
3  94  2  35.18
4  94  2  24.78
5  94  2  18.72
6  94  2  21.51
7  94  2  27.51
8  94  2  17.01
9  94  2  24.02
10  94  2  62.41
11  94  2  9.59
12  94  2  17.12
13  94  2  21.28
14  94  2  18.73
15  94  2  8.07
1  95  2  9.04
2  95  2  11.83
3  95  2  21.90
4  95  2  50.67
5  95  2  33.01
6  95  2  8.27
7  95  2  11.65
8  95  2  53.05
9  95  2  2.19
10  95  2  10.98
11  95  2  24.94
12  95  2  24.41
13  95  2  12.81
14  95  2  35.00
15  95  2  12.83
1  96  2  9.93
2  96  2  7.44
3  96  2  13.59
4  96  2  38.81
5  96  2  10.27
6  96  2  11.16
7  96  2  25.09
8  96  2  61.00
9  96  2  4.73
10  96  2  37.81
11  96  2  15.82
12  96  2  20.84
13  96  2  13.11
14  96  2  44.42
15  96  2  5.85
1  97  2  15.11
2  97  2  11.10
3  97  2  33.00
4  97  2  9.36
5  97  2  35.00
6  97  2  15.51
7  97  2  38.31
8  97  2  28.25
9  97  2  7.06
10  97  2  9.09
11  97  2  6.86
12  97  2  42.08
13  97  2  13.14
14  97  2  14.33
15  97  2  14.34
1  98  2  11.58
2  98  2  32.07
3  98  2  18.98
4  98  2  29.61
5  98  2  35.66
6  98  2  9.82
7  98  2  41.45
8  98  2  39.71
9  98  2  16.65
10  98  2  63.17
11  98  2  4.66
12  98  2  57.66
13  98  2  15.12
14  98  2  24.51
15  98  2  53.32
1  99  2  14.76
2  99  2  42.24
3  99  2  5.08
4  99  2  24.92
5  99  2  16.39
6  99  2  26.58
7  99  2  26.14
8  99  2  42.97
9  99  2  28.64
10  99  2  41.65
11  99  2  39.34
12  99  2  31.56
13  99  2  62.88
14  99  2  46.55
15  99  2  13.91
1  100  2  20.83
2  100  2  5.42
3  100  2  37.87
4  100  2  58.97
5  100  2  25.82
6  100  2  17.00
7  100  2  21.75
8  100  2  19.60
9  100  2  50.53
10  100  2  60.26
11  100  2  11.04
12  100  2  53.71
13  100  2  16.99
14  100  2  10.08
15  100  2  9.47
1  101  2  12.26
2  101  2  6.89
3  101  2  31.10
4  101  2  28.11
5  101  2  27.94
6  101  2  30.14
7  101  2  13.22
8  101  2  10.19
9  101  2  15.79
10  101  2  32.22
11  101  2  33.87
12  101  2  27.52
13  101  2  43.78
14  101  2  61.41
15  101  2  25.62
1  102  2  4.90
2  102  2  10.12
3  102  2  7.69
4  102  2  38.43
5  102  2  56.13
6  102  2  7.22
7  102  2  17.87
8  102  2  10.41
9  102  2  27.99
10  102  2  35.10
11  102  2  17.27
12  102  2  5.12
13  102  2  10.73
14  102  2  35.64
15  102  2  12.13
1  103  2  9.93
2  103  2  63.37
3  103  2  5.09
4  103  2  31.26
5  103  2  35.91
6  103  2  48.55
7  103  2  9.25
8  103  2  35.57
9  103  2  30.06
10  103  2  14.69
11  103  2  45.92
12  103  2  22.53
13  103  2  3.04
14  103  2  13.18
15  103  2  36.85
1  104  2  16.19
2  104  2  33.24
3  104  2  18.40
4  104  2  21.17
5  104  2  22.27
6  104  2  27.36
7  104  2  8.17
8  104  2  57.53
9  104  2  32.91
10  104  2  34.67
11  104  2  18.19
12  104  2  35.59
13  104  2  13.20
14  104  2  30.31
15  104  2  18.41
1  105  2  53.91
2  105  2  27.68
3  105  2  29.19
4  105  2  8.55
5  105  2  52.94
6  105  2  15.50
7  105  2  24.21
8  105  2  12.34
9  105  2  36.84
10  105  2  46.40
11  105  2  47.78
12  105  2  55.07
13  105  2  27.66
14  105  2  29.46
15  105  2  18.89
1  106  2  19.45
2  106  2  18.01
3  106  2  56.93
4  106  2  25.54
5  106  2  35.46
6  106  2  18.21
7  106  2  5.17
8  106  2  37.52
9  106  2  45.60
10  106  2  3.58
11  106  2  31.06
12  106  2  32.48
13  106  2  50.02
14  106  2  11.68
15  106  2  19.01
1  107  2  27.20
2  107  2  51.04
3  107  2  18.24
4  107  2  6.73
5  107  2  6.44
6  107  2  15.85
7  107  2  20.42
8  107  2  42.05
9  107  2  35.87
10  107  2  65.11
11  107  2  9.27
12  107  2  28.63
13  107  2  26.22
14  107  2  48.17
15  107  2  30.69
1  108  2  45.94
2  108  2  38.52
3  108  2  6.65
4  108  2  11.19
5  108  2  54.10
6  108  2  24.11
7  108  2  10.17
8  108  2  13.39
9  108  2  23.65
10  108  2  39.26
11  108  2  6.41
12  108  2  19.52
13  108  2  30.46
14  108  2  5.28
15  108  2  22.95
1  109  2  20.75
2  109  2  12.34
3  109  2  33.25
4  109  2  35.63
5  109  2  18.70
6  109  2  33.36
7  109  2  20.55
8  109  2  10.11
9  109  2  12.16
10  109  2  12.72
11  109  2  13.77
12  109  2  42.89
13  109  2  16.06
14  109  2  9.09
15  109  2  11.23
1  110  2  14.33
2  110  2  31.14
3  110  2  14.18
4  110  2  13.95
5  110  2  9.47
6  110  2  24.40
7  110  2  30.50
8  110  2  44.07
9  110  2  24.39
10  110  2  9.03
11  110  2  35.47
12  110  2  33.13
13  110  2  20.22
14  110  2  52.37
15  110  2  32.65
1  111  2  34.23
2  111  2  15.23
3  111  2  37.86
4  111  2  37.00
5  111  2  34.39
6  111  2  28.91
7  111  2  36.91
8  111  2  6.76
9  111  2  16.43
10  111  2  9.35
11  111  2  19.90
12  111  2  5.12
13  111  2  21.50
14  111  2  24.22
15  111  2  44.16
1  112  2  40.29
2  112  2  41.47
3  112  2  4.82
4  112  2  16.83
5  112  2  29.16
6  112  2  19.99
7  112  2  22.02
8  112  2  47.18
9  112  2  12.44
10  112  2  43.36
11  112  2  61.39
12  112  2  13.98
13  112  2  42.88
14  112  2  10.65
15  112  2  52.34
1  113  2  55.81
2  113  2  22.04
3  113  2  26.25
4  113  2  24.30
5  113  2  23.46
6  113  2  21.67
7  113  2  6.70
8  113  2  12.05
9  113  2  7.85
10  113  2  20.83
11  113  2  26.18
12  113  2  3.38
13  113  2  52.27
14  113  2  38.40
15  113  2  63.72
1  114  2  14.57
2  114  2  20.15
3  114  2  65.28
4  114  2  5.51
5  114  2  11.32
6  114  2  69.73
7  114  2  35.71
8  114  2  23.48
9  114  2  5.00
10  114  2  11.44
11  114  2  33.70
12  114  2  3.46
13  114  2  10.29
14  114  2  22.76
15  114  2  21.36
1  115  2  20.86
2  115  2  11.04
3  115  2  17.69
4  115  2  3.80
5  115  2  34.64
6  115  2  12.88
7  115  2  10.50
8  115  2  8.37
9  115  2  12.50
10  115  2  40.17
11  115  2  19.21
12  115  2  54.76
13  115  2  5.25
14  115  2  43.37
15  115  2  11.43
1  116  2  13.81
2  116  2  20.06
3  116  2  6.74
4  116  2  21.41
5  116  2  24.69
6  116  2  5.27
7  116  2  45.96
8  116  2  26.26
9  116  2  9.56
10  116  2  22.22
11  116  2  21.37
12  116  2  11.51
13  116  2  22.91
14  116  2  11.68
15  116  2  22.34
1  117  2  6.64
2  117  2  36.76
3  117  2  32.32
4  117  2  9.74
5  117  2  6.45
6  117  2  36.56
7  117  2  20.84
8  117  2  18.43
9  117  2  25.13
10  117  2  13.42
11  117  2  33.17
12  117  2  5.35
13  117  2  24.08
14  117  2  16.32
15  117  2  21.83
1  118  2  16.12
2  118  2  5.71
3  118  2  14.10
4  118  2  29.29
5  118  2  27.76
6  118  2  3.93
7  118  2  37.44
8  118  2  13.80
9  118  2  9.96
10  118  2  6.28
11  118  2  20.77
12  118  2  21.58
13  118  2  6.97
14  118  2  10.92
15  118  2  32.50
1  119  2  5.90
2  119  2  7.40
3  119  2  10.14
4  119  2  2.15
5  119  2  23.67
6  119  2  35.28
7  119  2  47.99
8  119  2  27.55
9  119  2  15.09
10  119  2  8.91
11  119  2  17.68
12  119  2  39.13
13  119  2  20.69
14  119  2  19.34
15  119  2  39.52
1  120  2  20.45
2  120  2  15.35
3  120  2  10.30
4  120  2  11.65
5  120  2  27.57
6  120  2  42.25
7  120  2  15.26
8  120  2  45.17
9  120  2  12.50
10  120  2  47.86
11  120  2  6.37
12  120  2  25.97
13  120  2  15.63
14  120  2  33.39
15  120  2  46.24
1  121  2  4.41
2  121  2  11.70
3  121  2  15.44
4  121  2  14.55
5  121  2  15.52
6  121  2  2.29
7  121  2  40.30
8  121  2  15.77
9  121  2  13.61
10  121  2  5.13
11  121  2  17.60
12  121  2  25.58
13  121  2  3.49
14  121  2  46.69
15  121  2  12.70
1  122  2  18.37
2  122  2  10.22
3  122  2  18.71
4  122  2  6.70
5  122  2  33.29
6  122  2  9.97
7  122  2  40.20
8  122  2  18.35
9  122  2  32.19
10  122  2  48.18
11  122  2  5.04
12  122  2  7.23
13  122  2  62.64
14  122  2  18.63
15  122  2  21.20
1  123  2  12.87
2  123  2  21.00
3  123  2  9.19
4  123  2  45.69
5  123  2  38.25
6  123  2  12.05
7  123  2  37.96
8  123  2  16.38
9  123  2  21.36
10  123  2  2.89
11  123  2  9.95
12  123  2  27.73
13  123  2  8.45
14  123  2  32.13
15  123  2  35.91
1  124  2  39.96
2  124  2  11.31
3  124  2  17.52
4  124  2  7.10
5  124  2  50.54
6  124  2  35.62
7  124  2  13.38
8  124  2  41.60
9  124  2  8.47
10  124  2  40.45
11  124  2  15.27
12  124  2  40.99
13  124  2  5.40
14  124  2  14.77
15  124  2  32.84
1  125  2  32.60
2  125  2  6.51
3  125  2  39.85
4  125  2  17.71
5  125  2  16.06
6  125  2  41.23
7  125  2  4.71
8  125  2  45.37
9  125  2  47.31
10  125  2  50.41
11  125  2  49.70
12  125  2  5.08
13  125  2  10.89
14  125  2  9.35
15  125  2  32.59
1  126  2  31.00
2  126  2  11.95
3  126  2  20.99
4  126  2  11.79
5  126  2  10.55
6  126  2  36.77
7  126  2  45.53
8  126  2  15.26
9  126  2  8.92
10  126  2  11.69
11  126  2  18.49
12  126  2  14.47
13  126  2  6.42
14  126  2  58.56
15  126  2  41.78
1  127  2  11.31
2  127  2  18.57
3  127  2  23.64
4  127  2  22.40
5  127  2  22.88
6  127  2  19.14
7  127  2  17.35
8  127  2  29.72
9  127  2  49.48
10  127  2  11.40
11  127  2  18.63
12  127  2  20.00
13  127  2  22.61
14  127  2  28.33
15  127  2  41.54
1  128  2  20.13
2  128  2  38.76
3  128  2  34.54
4  128  2  14.78
5  128  2  50.54
6  128  2  35.64
7  128  2  18.27
8  128  2  18.11
9  128  2  15.05
10  128  2  56.67
11  128  2  27.91
12  128  2  19.24
13  128  2  8.74
14  128  2  33.13
15  128  2  36.99
1  129  2  11.40
2  129  2  21.80
3  129  2  6.37
4  129  2  28.15
5  129  2  7.32
6  129  2  25.25
7  129  2  32.72
8  129  2  35.48
9  129  2  30.03
10  129  2  61.69
11  129  2  13.14
12  129  2  16.29
13  129  2  22.76
14  129  2  4.11
15  129  2  28.77
1  130  2  25.28
2  130  2  33.63
3  130  2  17.50
4  130  2  22.88
5  130  2  33.07
6  130  2  47.40
7  130  2  24.72
8  130  2  9.37
9  130  2  31.14
10  130  2  9.48
11  130  2  26.46
12  130  2  3.99
13  130  2  11.76
14  130  2  6.29
15  130  2  14.00
1  131  2  17.59
2  131  2  54.83
3  131  2  32.60
4  131  2  12.93
5  131  2  43.51
6  131  2  6.35
7  131  2  9.26
8  131  2  5.43
9  131  2  27.90
10  131  2  12.04
11  131  2  40.24
12  131  2  52.80
13  131  2  38.26
14  131  2  31.59
15  131  2  45.51
1  132  2  19.80
2  132  2  7.03
3  132  2  24.32
4  132  2  15.76
5  132  2  14.25
6  132  2  16.36
7  132  2  5.91
8  132  2  37.33
9  132  2  51.04
10  132  2  17.30
11  132  2  15.04
12  132  2  20.61
13  132  2  11.85
14  132  2  17.73
15  132  2  13.12
1  133  2  45.91
2  133  2  43.26
3  133  2  27.40
4  133  2  17.20
5  133  2  7.27
6  133  2  11.20
7  133  2  21.35
8  133  2  31.11
9  133  2  25.50
10  133  2  37.98
11  133  2  29.72
12  133  2  7.04
13  133  2  35.21
14  133  2  36.74
15  133  2  4.43
1  134  2  16.79
2  134  2  19.24
3  134  2  45.86
4  134  2  19.47
5  134  2  7.97
6  134  2  23.24
7  134  2  8.97
8  134  2  28.94
9  134  2  2.61
10  134  2  27.23
11  134  2  24.53
12  134  2  12.79
13  134  2  5.53
14  134  2  33.40
15  134  2  17.53
1  135  2  36.86
2  135  2  46.06
3  135  2  17.05
4  135  2  52.42
5  135  2  12.82
6  135  2  2.45
7  135  2  37.71
8  135  2  42.82
9  135  2  28.45
10  135  2  10.20
11  135  2  41.64
12  135  2  35.41
13  135  2  18.70
14  135  2  21.87
15  135  2  18.44
1  136  2  27.99
2  136  2  18.56
3  136  2  12.86
4  136  2  22.54
5  136  2  8.25
6  136  2  31.30
7  136  2  3.91
8  136  2  4.65
9  136  2  17.47
10  136  2  27.16
11  136  2  22.96
12  136  2  12.44
13  136  2  14.21
14  136  2  27.49
15  136  2  26.42
1  137  2  27.93
2  137  2  53.07
3  137  2  20.59
4  137  2  55.94
5  137  2  19.51
6  137  2  19.35
7  137  2  59.56
8  137  2  26.13
9  137  2  27.60
10  137  2  52.34
11  137  2  13.90
12  137  2  27.97
13  137  2  28.07
14  137  2  18.23
15  137  2  54.83
1  138  2  17.75
2  138  2  28.19
3  138  2  29.63
4  138  2  28.82
5  138  2  34.51
6  138  2  20.58
7  138  2  8.96
8  138  2  21.36
9  138  2  21.58
10  138  2  19.44
11  138  2  40.30
12  138  2  10.15
13  138  2  39.96
14  138  2  59.35
15  138  2  5.78
1  139  2  19.32
2  139  2  11.16
3  139  2  54.65
4  139  2  15.31
5  139  2  13.73
6  139  2  35.14
7  139  2  17.76
8  139  2  25.53
9  139  2  24.07
10  139  2  11.31
11  139  2  10.86
12  139  2  7.28
13  139  2  12.77
14  139  2  25.49
15  139  2  34.55
1  140  2  9.65
2  140  2  20.23
3  140  2  34.30
4  140  2  17.50
5  140  2  25.84
6  140  2  12.87
7  140  2  18.46
8  140  2  52.29
9  140  2  50.83
10  140  2  16.50
11  140  2  43.79
12  140  2  34.88
13  140  2  17.09
14  140  2  29.43
15  140  2  17.20
1  141  2  8.33
2  141  2  60.88
3  141  2  10.17
4  141  2  24.71
5  141  2  43.65
6  141  2  9.15
7  141  2  18.04
8  141  2  35.49
9  141  2  26.68
10  141  2  5.42
11  141  2  11.37
12  141  2  54.52
13  141  2  62.48
14  141  2  22.35
15  141  2  53.87
1  142  2  13.86
2  142  2  32.71
3  142  2  27.25
4  142  2  12.43
5  142  2  16.54
6  142  2  4.76
7  142  2  11.86
8  142  2  5.21
9  142  2  36.69
10  142  2  18.89
11  142  2  13.27
12  142  2  41.14
13  142  2  57.08
14  142  2  42.70
15  142  2  20.05
1  143  2  7.68
2  143  2  13.56
3  143  2  34.68
4  143  2  15.10
5  143  2  9.46
6  143  2  13.75
7  143  2  22.72
8  143  2  7.09
9  143  2  9.26
10  143  2  34.08
11  143  2  20.92
12  143  2  18.36
13  143  2  60.32
14  143  2  20.75
15  143  2  18.55
1  144  2  21.39
2  144  2  19.76
3  144  2  5.72
4  144  2  28.67
5  144  2  17.30
6  144  2  11.52
7  144  2  11.95
8  144  2  8.05
9  144  2  39.47
10  144  2  29.41
11  144  2  23.22
12  144  2  9.64
13  144  2  18.89
14  144  2  23.52
15  144  2  22.49
1  145  2  30.37
2  145  2  40.82
3  145  2  13.68
4  145  2  6.18
5  145  2  12.82
6  145  2  28.65
7  145  2  27.66
8  145  2  27.54
9  145  2  39.51
10  145  2  34.45
11  145  2  4.75
12  145  2  43.59
13  145  2  67.85
14  145  2  12.28
15  145  2  14.64
1  146  2  28.69
2  146  2  11.23
3  146  2  12.33
4  146  2  6.03
5  146  2  4.53
6  146  2  33.12
7  146  2  52.75
8  146  2  31.08
9  146  2  20.28
10  146  2  15.35
11  146  2  33.19
12  146  2  16.39
13  146  2  48.52
14  146  2  14.09
15  146  2  38.07
1  147  2  8.24
2  147  2  10.75
3  147  2  13.50
4  147  2  20.77
5  147  2  27.66
6  147  2  42.15
7  147  2  69.25
8  147  2  27.16
9  147  2  19.74
10  147  2  6.22
11  147  2  22.30
12  147  2  11.67
13  147  2  61.04
14  147  2  50.14
15  147  2  24.80
1  148  2  5.99
2  148  2  12.58
3  148  2  8.07
4  148  2  19.22
5  148  2  14.87
6  148  2  7.18
7  148  2  18.19
8  148  2  4.72
9  148  2  26.33
10  148  2  25.54
11  148  2  23.82
12  148  2  49.20
13  148  2  29.22
14  148  2  10.41
15  148  2  9.67
1  149  2  36.90
2  149  2  27.07
3  149  2  29.37
4  149  2  32.92
5  149  2  28.84
6  149  2  15.07
7  149  2  27.14
8  149  2  13.62
9  149  2  18.83
10  149  2  12.25
11  149  2  9.15
12  149  2  38.74
13  149  2  18.20
14  149  2  24.74
15  149  2  45.62
1  150  2  20.95
2  150  2  32.78
3  150  2  27.06
4  150  2  17.09
5  150  2  2.87
6  150  2  31.60
7  150  2  19.30
8  150  2  11.03
9  150  2  50.72
10  150  2  7.29
11  150  2  18.77
12  150  2  4.97
13  150  2  15.53
14  150  2  16.00
15  150  2  46.64
;

