param com_measure1 := 0.62954;

param com_measure2 := 0.97091;

param kappa_max := 1221.725;

param U_tau := 699.8233;

param nT := 2;

param nS := 50;

param nL := 30;

param B := 2216.54;

param w :=
1  2
2  3
3  1
4  2
5  2
6  3
7  2
8  1
9  1
10  3
11  3
12  1
13  2
14  1
15  3
16  3
17  1
18  3
19  3
20  2
21  3
22  1
23  2
24  1
25  2
26  2
27  3
28  2
29  1
30  3
;

param h :=
1  1  0
1  2  0
1  3  0
1  4  0
1  5  0
1  6  0
1  7  0
1  8  0
1  9  0
1  10  0
1  11  0
1  12  0
1  13  0
1  14  0
1  15  0
1  16  0
1  17  0
1  18  0
1  19  0
1  20  0
1  21  0
1  22  0
1  23  0
1  24  0
1  25  0
1  26  0
1  27  0
1  28  0
1  29  0
1  30  0
2  1  160.10
2  2  139.09
2  3  143.37
2  4  132.98
2  5  155.80
2  6  153.74
2  7  152.81
2  8  129.09
2  9  157.91
2  10  137.08
2  11  174.23
2  12  139.49
2  13  133.88
2  14  155.52
2  15  144.89
2  16  144.40
2  17  151.37
2  18  149.43
2  19  153.82
2  20  134.08
2  21  145.41
2  22  147.83
2  23  157.02
2  24  160.20
2  25  148.01
2  26  157.38
2  27  146.57
2  28  156.00
2  29  130.17
2  30  141.38
;

param xi :=
1  1  1  24
2  1  1  89
3  1  1  49
4  1  1  82
5  1  1  68
6  1  1  22
7  1  1  71
8  1  1  76
9  1  1  67
10  1  1  56
11  1  1  81
12  1  1  31
13  1  1  65
14  1  1  29
15  1  1  81
16  1  1  17
17  1  1  40
18  1  1  87
19  1  1  28
20  1  1  32
21  1  1  31
22  1  1  55
23  1  1  70
24  1  1  20
25  1  1  33
26  1  1  60
27  1  1  10
28  1  1  59
29  1  1  66
30  1  1  70
1  2  1  90
2  2  1  75
3  2  1  24
4  2  1  32
5  2  1  58
6  2  1  89
7  2  1  63
8  2  1  80
9  2  1  24
10  2  1  27
11  2  1  63
12  2  1  22
13  2  1  46
14  2  1  38
15  2  1  47
16  2  1  76
17  2  1  67
18  2  1  55
19  2  1  69
20  2  1  78
21  2  1  55
22  2  1  51
23  2  1  88
24  2  1  83
25  2  1  60
26  2  1  15
27  2  1  70
28  2  1  54
29  2  1  26
30  2  1  33
1  3  1  36
2  3  1  88
3  3  1  77
4  3  1  66
5  3  1  88
6  3  1  87
7  3  1  78
8  3  1  73
9  3  1  83
10  3  1  70
11  3  1  40
12  3  1  62
13  3  1  85
14  3  1  46
15  3  1  13
16  3  1  60
17  3  1  60
18  3  1  61
19  3  1  23
20  3  1  25
21  3  1  71
22  3  1  31
23  3  1  15
24  3  1  76
25  3  1  61
26  3  1  20
27  3  1  67
28  3  1  15
29  3  1  61
30  3  1  29
1  4  1  19
2  4  1  45
3  4  1  12
4  4  1  60
5  4  1  63
6  4  1  79
7  4  1  15
8  4  1  83
9  4  1  14
10  4  1  65
11  4  1  34
12  4  1  25
13  4  1  72
14  4  1  20
15  4  1  60
16  4  1  49
17  4  1  34
18  4  1  10
19  4  1  55
20  4  1  35
21  4  1  23
22  4  1  76
23  4  1  77
24  4  1  29
25  4  1  72
26  4  1  74
27  4  1  35
28  4  1  17
29  4  1  11
30  4  1  31
1  5  1  72
2  5  1  66
3  5  1  64
4  5  1  33
5  5  1  22
6  5  1  45
7  5  1  10
8  5  1  38
9  5  1  74
10  5  1  52
11  5  1  34
12  5  1  73
13  5  1  10
14  5  1  52
15  5  1  85
16  5  1  47
17  5  1  65
18  5  1  50
19  5  1  63
20  5  1  72
21  5  1  86
22  5  1  46
23  5  1  59
24  5  1  21
25  5  1  61
26  5  1  49
27  5  1  88
28  5  1  74
29  5  1  75
30  5  1  39
1  6  1  87
2  6  1  59
3  6  1  68
4  6  1  83
5  6  1  20
6  6  1  48
7  6  1  15
8  6  1  80
9  6  1  10
10  6  1  61
11  6  1  81
12  6  1  28
13  6  1  85
14  6  1  78
15  6  1  61
16  6  1  53
17  6  1  31
18  6  1  35
19  6  1  13
20  6  1  52
21  6  1  45
22  6  1  41
23  6  1  40
24  6  1  74
25  6  1  66
26  6  1  14
27  6  1  58
28  6  1  33
29  6  1  11
30  6  1  82
1  7  1  41
2  7  1  41
3  7  1  14
4  7  1  73
5  7  1  83
6  7  1  76
7  7  1  16
8  7  1  59
9  7  1  15
10  7  1  86
11  7  1  22
12  7  1  47
13  7  1  18
14  7  1  64
15  7  1  67
16  7  1  39
17  7  1  13
18  7  1  64
19  7  1  23
20  7  1  39
21  7  1  14
22  7  1  73
23  7  1  77
24  7  1  83
25  7  1  23
26  7  1  64
27  7  1  46
28  7  1  25
29  7  1  78
30  7  1  78
1  8  1  64
2  8  1  20
3  8  1  59
4  8  1  85
5  8  1  84
6  8  1  44
7  8  1  82
8  8  1  90
9  8  1  38
10  8  1  12
11  8  1  83
12  8  1  31
13  8  1  43
14  8  1  85
15  8  1  12
16  8  1  65
17  8  1  27
18  8  1  20
19  8  1  21
20  8  1  83
21  8  1  42
22  8  1  39
23  8  1  32
24  8  1  64
25  8  1  88
26  8  1  14
27  8  1  75
28  8  1  24
29  8  1  22
30  8  1  51
1  9  1  34
2  9  1  62
3  9  1  10
4  9  1  82
5  9  1  21
6  9  1  10
7  9  1  34
8  9  1  32
9  9  1  42
10  9  1  39
11  9  1  51
12  9  1  72
13  9  1  15
14  9  1  46
15  9  1  47
16  9  1  85
17  9  1  59
18  9  1  11
19  9  1  67
20  9  1  15
21  9  1  79
22  9  1  15
23  9  1  17
24  9  1  38
25  9  1  63
26  9  1  74
27  9  1  44
28  9  1  24
29  9  1  67
30  9  1  18
1  10  1  28
2  10  1  55
3  10  1  62
4  10  1  37
5  10  1  13
6  10  1  16
7  10  1  19
8  10  1  33
9  10  1  45
10  10  1  47
11  10  1  37
12  10  1  77
13  10  1  68
14  10  1  25
15  10  1  33
16  10  1  49
17  10  1  30
18  10  1  53
19  10  1  79
20  10  1  72
21  10  1  14
22  10  1  29
23  10  1  57
24  10  1  80
25  10  1  29
26  10  1  60
27  10  1  27
28  10  1  73
29  10  1  40
30  10  1  58
1  11  1  78
2  11  1  33
3  11  1  45
4  11  1  60
5  11  1  30
6  11  1  46
7  11  1  22
8  11  1  80
9  11  1  25
10  11  1  30
11  11  1  14
12  11  1  34
13  11  1  86
14  11  1  43
15  11  1  88
16  11  1  56
17  11  1  37
18  11  1  44
19  11  1  48
20  11  1  30
21  11  1  13
22  11  1  55
23  11  1  70
24  11  1  56
25  11  1  27
26  11  1  44
27  11  1  38
28  11  1  52
29  11  1  56
30  11  1  55
1  12  1  41
2  12  1  13
3  12  1  59
4  12  1  47
5  12  1  86
6  12  1  87
7  12  1  71
8  12  1  36
9  12  1  14
10  12  1  37
11  12  1  78
12  12  1  42
13  12  1  64
14  12  1  18
15  12  1  43
16  12  1  33
17  12  1  47
18  12  1  65
19  12  1  49
20  12  1  79
21  12  1  34
22  12  1  17
23  12  1  30
24  12  1  27
25  12  1  89
26  12  1  21
27  12  1  58
28  12  1  72
29  12  1  87
30  12  1  10
1  13  1  60
2  13  1  67
3  13  1  22
4  13  1  19
5  13  1  42
6  13  1  33
7  13  1  42
8  13  1  26
9  13  1  85
10  13  1  82
11  13  1  84
12  13  1  85
13  13  1  47
14  13  1  21
15  13  1  13
16  13  1  62
17  13  1  35
18  13  1  89
19  13  1  51
20  13  1  37
21  13  1  45
22  13  1  55
23  13  1  41
24  13  1  30
25  13  1  69
26  13  1  60
27  13  1  61
28  13  1  44
29  13  1  60
30  13  1  51
1  14  1  76
2  14  1  20
3  14  1  21
4  14  1  85
5  14  1  41
6  14  1  36
7  14  1  60
8  14  1  47
9  14  1  58
10  14  1  79
11  14  1  86
12  14  1  26
13  14  1  22
14  14  1  19
15  14  1  60
16  14  1  82
17  14  1  39
18  14  1  37
19  14  1  38
20  14  1  84
21  14  1  43
22  14  1  20
23  14  1  55
24  14  1  13
25  14  1  48
26  14  1  77
27  14  1  28
28  14  1  75
29  14  1  15
30  14  1  31
1  15  1  87
2  15  1  82
3  15  1  89
4  15  1  52
5  15  1  71
6  15  1  68
7  15  1  16
8  15  1  57
9  15  1  87
10  15  1  56
11  15  1  34
12  15  1  72
13  15  1  16
14  15  1  74
15  15  1  47
16  15  1  74
17  15  1  43
18  15  1  41
19  15  1  25
20  15  1  40
21  15  1  46
22  15  1  70
23  15  1  88
24  15  1  39
25  15  1  62
26  15  1  18
27  15  1  11
28  15  1  85
29  15  1  26
30  15  1  47
1  16  1  50
2  16  1  14
3  16  1  69
4  16  1  83
5  16  1  22
6  16  1  21
7  16  1  67
8  16  1  10
9  16  1  53
10  16  1  12
11  16  1  39
12  16  1  60
13  16  1  47
14  16  1  84
15  16  1  28
16  16  1  10
17  16  1  87
18  16  1  70
19  16  1  35
20  16  1  84
21  16  1  25
22  16  1  59
23  16  1  85
24  16  1  63
25  16  1  28
26  16  1  70
27  16  1  64
28  16  1  49
29  16  1  15
30  16  1  27
1  17  1  78
2  17  1  31
3  17  1  11
4  17  1  29
5  17  1  78
6  17  1  71
7  17  1  82
8  17  1  18
9  17  1  88
10  17  1  32
11  17  1  34
12  17  1  30
13  17  1  42
14  17  1  45
15  17  1  87
16  17  1  61
17  17  1  58
18  17  1  68
19  17  1  73
20  17  1  39
21  17  1  13
22  17  1  70
23  17  1  74
24  17  1  69
25  17  1  87
26  17  1  27
27  17  1  56
28  17  1  39
29  17  1  11
30  17  1  82
1  18  1  54
2  18  1  16
3  18  1  36
4  18  1  36
5  18  1  37
6  18  1  76
7  18  1  30
8  18  1  68
9  18  1  23
10  18  1  71
11  18  1  42
12  18  1  41
13  18  1  82
14  18  1  38
15  18  1  59
16  18  1  14
17  18  1  46
18  18  1  89
19  18  1  14
20  18  1  26
21  18  1  60
22  18  1  23
23  18  1  26
24  18  1  16
25  18  1  30
26  18  1  65
27  18  1  16
28  18  1  44
29  18  1  53
30  18  1  26
1  19  1  58
2  19  1  85
3  19  1  39
4  19  1  62
5  19  1  61
6  19  1  64
7  19  1  82
8  19  1  14
9  19  1  10
10  19  1  73
11  19  1  22
12  19  1  30
13  19  1  53
14  19  1  70
15  19  1  76
16  19  1  43
17  19  1  32
18  19  1  45
19  19  1  58
20  19  1  58
21  19  1  74
22  19  1  24
23  19  1  54
24  19  1  23
25  19  1  90
26  19  1  62
27  19  1  87
28  19  1  41
29  19  1  83
30  19  1  63
1  20  1  45
2  20  1  10
3  20  1  26
4  20  1  41
5  20  1  12
6  20  1  27
7  20  1  23
8  20  1  36
9  20  1  79
10  20  1  65
11  20  1  23
12  20  1  82
13  20  1  30
14  20  1  48
15  20  1  22
16  20  1  85
17  20  1  71
18  20  1  54
19  20  1  71
20  20  1  28
21  20  1  55
22  20  1  85
23  20  1  28
24  20  1  79
25  20  1  78
26  20  1  26
27  20  1  76
28  20  1  63
29  20  1  76
30  20  1  27
1  21  1  65
2  21  1  20
3  21  1  49
4  21  1  14
5  21  1  61
6  21  1  90
7  21  1  82
8  21  1  33
9  21  1  35
10  21  1  78
11  21  1  79
12  21  1  42
13  21  1  50
14  21  1  55
15  21  1  58
16  21  1  12
17  21  1  42
18  21  1  83
19  21  1  72
20  21  1  35
21  21  1  67
22  21  1  31
23  21  1  65
24  21  1  82
25  21  1  57
26  21  1  53
27  21  1  14
28  21  1  88
29  21  1  45
30  21  1  63
1  22  1  64
2  22  1  90
3  22  1  22
4  22  1  73
5  22  1  73
6  22  1  80
7  22  1  65
8  22  1  84
9  22  1  25
10  22  1  62
11  22  1  72
12  22  1  80
13  22  1  28
14  22  1  25
15  22  1  71
16  22  1  73
17  22  1  39
18  22  1  19
19  22  1  29
20  22  1  29
21  22  1  28
22  22  1  80
23  22  1  79
24  22  1  82
25  22  1  72
26  22  1  47
27  22  1  87
28  22  1  70
29  22  1  17
30  22  1  32
1  23  1  84
2  23  1  36
3  23  1  78
4  23  1  64
5  23  1  45
6  23  1  75
7  23  1  88
8  23  1  66
9  23  1  90
10  23  1  70
11  23  1  49
12  23  1  18
13  23  1  23
14  23  1  42
15  23  1  19
16  23  1  66
17  23  1  43
18  23  1  16
19  23  1  66
20  23  1  21
21  23  1  15
22  23  1  60
23  23  1  50
24  23  1  31
25  23  1  32
26  23  1  59
27  23  1  65
28  23  1  58
29  23  1  42
30  23  1  44
1  24  1  59
2  24  1  11
3  24  1  52
4  24  1  59
5  24  1  18
6  24  1  50
7  24  1  43
8  24  1  18
9  24  1  27
10  24  1  65
11  24  1  90
12  24  1  63
13  24  1  35
14  24  1  40
15  24  1  90
16  24  1  10
17  24  1  53
18  24  1  78
19  24  1  36
20  24  1  40
21  24  1  42
22  24  1  15
23  24  1  48
24  24  1  59
25  24  1  30
26  24  1  25
27  24  1  29
28  24  1  89
29  24  1  41
30  24  1  89
1  25  1  28
2  25  1  24
3  25  1  58
4  25  1  16
5  25  1  16
6  25  1  52
7  25  1  84
8  25  1  30
9  25  1  32
10  25  1  11
11  25  1  43
12  25  1  49
13  25  1  58
14  25  1  17
15  25  1  15
16  25  1  49
17  25  1  69
18  25  1  36
19  25  1  85
20  25  1  60
21  25  1  35
22  25  1  78
23  25  1  18
24  25  1  76
25  25  1  16
26  25  1  73
27  25  1  51
28  25  1  54
29  25  1  62
30  25  1  17
1  26  1  21
2  26  1  28
3  26  1  35
4  26  1  31
5  26  1  60
6  26  1  28
7  26  1  36
8  26  1  27
9  26  1  86
10  26  1  29
11  26  1  69
12  26  1  18
13  26  1  48
14  26  1  85
15  26  1  26
16  26  1  29
17  26  1  89
18  26  1  47
19  26  1  51
20  26  1  72
21  26  1  30
22  26  1  69
23  26  1  77
24  26  1  70
25  26  1  61
26  26  1  35
27  26  1  87
28  26  1  71
29  26  1  55
30  26  1  72
1  27  1  24
2  27  1  87
3  27  1  37
4  27  1  58
5  27  1  35
6  27  1  52
7  27  1  14
8  27  1  36
9  27  1  11
10  27  1  36
11  27  1  82
12  27  1  63
13  27  1  72
14  27  1  70
15  27  1  28
16  27  1  58
17  27  1  69
18  27  1  67
19  27  1  29
20  27  1  48
21  27  1  20
22  27  1  56
23  27  1  64
24  27  1  27
25  27  1  63
26  27  1  16
27  27  1  88
28  27  1  31
29  27  1  25
30  27  1  88
1  28  1  70
2  28  1  20
3  28  1  47
4  28  1  87
5  28  1  78
6  28  1  28
7  28  1  61
8  28  1  38
9  28  1  81
10  28  1  38
11  28  1  50
12  28  1  15
13  28  1  76
14  28  1  17
15  28  1  35
16  28  1  61
17  28  1  89
18  28  1  46
19  28  1  18
20  28  1  14
21  28  1  54
22  28  1  10
23  28  1  16
24  28  1  48
25  28  1  32
26  28  1  59
27  28  1  72
28  28  1  78
29  28  1  59
30  28  1  19
1  29  1  16
2  29  1  38
3  29  1  15
4  29  1  29
5  29  1  16
6  29  1  36
7  29  1  25
8  29  1  78
9  29  1  62
10  29  1  12
11  29  1  56
12  29  1  68
13  29  1  32
14  29  1  37
15  29  1  51
16  29  1  65
17  29  1  21
18  29  1  35
19  29  1  72
20  29  1  81
21  29  1  35
22  29  1  74
23  29  1  26
24  29  1  85
25  29  1  42
26  29  1  30
27  29  1  14
28  29  1  59
29  29  1  36
30  29  1  66
1  30  1  15
2  30  1  84
3  30  1  33
4  30  1  24
5  30  1  71
6  30  1  27
7  30  1  12
8  30  1  18
9  30  1  87
10  30  1  41
11  30  1  69
12  30  1  54
13  30  1  63
14  30  1  31
15  30  1  41
16  30  1  39
17  30  1  27
18  30  1  11
19  30  1  82
20  30  1  40
21  30  1  34
22  30  1  87
23  30  1  69
24  30  1  59
25  30  1  59
26  30  1  67
27  30  1  52
28  30  1  50
29  30  1  80
30  30  1  60
1  31  1  30
2  31  1  42
3  31  1  65
4  31  1  42
5  31  1  66
6  31  1  48
7  31  1  57
8  31  1  21
9  31  1  41
10  31  1  25
11  31  1  77
12  31  1  89
13  31  1  19
14  31  1  48
15  31  1  87
16  31  1  62
17  31  1  72
18  31  1  10
19  31  1  52
20  31  1  44
21  31  1  63
22  31  1  72
23  31  1  23
24  31  1  38
25  31  1  17
26  31  1  86
27  31  1  56
28  31  1  45
29  31  1  71
30  31  1  36
1  32  1  22
2  32  1  81
3  32  1  21
4  32  1  44
5  32  1  67
6  32  1  50
7  32  1  51
8  32  1  26
9  32  1  58
10  32  1  44
11  32  1  62
12  32  1  14
13  32  1  71
14  32  1  49
15  32  1  36
16  32  1  57
17  32  1  86
18  32  1  15
19  32  1  45
20  32  1  26
21  32  1  43
22  32  1  37
23  32  1  34
24  32  1  88
25  32  1  40
26  32  1  68
27  32  1  69
28  32  1  25
29  32  1  70
30  32  1  61
1  33  1  25
2  33  1  58
3  33  1  89
4  33  1  58
5  33  1  23
6  33  1  77
7  33  1  61
8  33  1  13
9  33  1  30
10  33  1  35
11  33  1  46
12  33  1  47
13  33  1  11
14  33  1  84
15  33  1  63
16  33  1  10
17  33  1  77
18  33  1  13
19  33  1  66
20  33  1  67
21  33  1  49
22  33  1  69
23  33  1  81
24  33  1  34
25  33  1  38
26  33  1  53
27  33  1  77
28  33  1  80
29  33  1  53
30  33  1  60
1  34  1  62
2  34  1  52
3  34  1  90
4  34  1  17
5  34  1  36
6  34  1  38
7  34  1  76
8  34  1  56
9  34  1  58
10  34  1  61
11  34  1  33
12  34  1  13
13  34  1  47
14  34  1  23
15  34  1  75
16  34  1  18
17  34  1  29
18  34  1  50
19  34  1  87
20  34  1  53
21  34  1  18
22  34  1  90
23  34  1  73
24  34  1  28
25  34  1  42
26  34  1  82
27  34  1  62
28  34  1  17
29  34  1  53
30  34  1  29
1  35  1  73
2  35  1  17
3  35  1  21
4  35  1  87
5  35  1  70
6  35  1  13
7  35  1  74
8  35  1  78
9  35  1  26
10  35  1  23
11  35  1  17
12  35  1  88
13  35  1  30
14  35  1  77
15  35  1  16
16  35  1  78
17  35  1  54
18  35  1  29
19  35  1  60
20  35  1  72
21  35  1  17
22  35  1  25
23  35  1  49
24  35  1  47
25  35  1  47
26  35  1  70
27  35  1  42
28  35  1  71
29  35  1  16
30  35  1  64
1  36  1  10
2  36  1  87
3  36  1  44
4  36  1  25
5  36  1  19
6  36  1  75
7  36  1  43
8  36  1  35
9  36  1  65
10  36  1  18
11  36  1  68
12  36  1  45
13  36  1  68
14  36  1  72
15  36  1  16
16  36  1  22
17  36  1  60
18  36  1  39
19  36  1  13
20  36  1  21
21  36  1  29
22  36  1  25
23  36  1  15
24  36  1  66
25  36  1  21
26  36  1  49
27  36  1  40
28  36  1  10
29  36  1  37
30  36  1  32
1  37  1  89
2  37  1  53
3  37  1  65
4  37  1  88
5  37  1  80
6  37  1  65
7  37  1  32
8  37  1  11
9  37  1  22
10  37  1  34
11  37  1  81
12  37  1  18
13  37  1  78
14  37  1  53
15  37  1  14
16  37  1  19
17  37  1  87
18  37  1  79
19  37  1  73
20  37  1  31
21  37  1  67
22  37  1  46
23  37  1  48
24  37  1  17
25  37  1  39
26  37  1  56
27  37  1  14
28  37  1  16
29  37  1  66
30  37  1  85
1  38  1  10
2  38  1  75
3  38  1  58
4  38  1  39
5  38  1  54
6  38  1  76
7  38  1  63
8  38  1  44
9  38  1  36
10  38  1  35
11  38  1  62
12  38  1  57
13  38  1  15
14  38  1  21
15  38  1  40
16  38  1  52
17  38  1  87
18  38  1  84
19  38  1  58
20  38  1  51
21  38  1  75
22  38  1  12
23  38  1  59
24  38  1  12
25  38  1  19
26  38  1  82
27  38  1  42
28  38  1  20
29  38  1  32
30  38  1  67
1  39  1  75
2  39  1  53
3  39  1  83
4  39  1  89
5  39  1  80
6  39  1  20
7  39  1  52
8  39  1  65
9  39  1  72
10  39  1  12
11  39  1  52
12  39  1  14
13  39  1  64
14  39  1  58
15  39  1  60
16  39  1  43
17  39  1  26
18  39  1  86
19  39  1  47
20  39  1  41
21  39  1  68
22  39  1  36
23  39  1  49
24  39  1  52
25  39  1  44
26  39  1  13
27  39  1  26
28  39  1  85
29  39  1  21
30  39  1  48
1  40  1  18
2  40  1  66
3  40  1  23
4  40  1  21
5  40  1  88
6  40  1  14
7  40  1  13
8  40  1  21
9  40  1  37
10  40  1  31
11  40  1  25
12  40  1  82
13  40  1  64
14  40  1  82
15  40  1  77
16  40  1  65
17  40  1  33
18  40  1  10
19  40  1  29
20  40  1  20
21  40  1  13
22  40  1  36
23  40  1  76
24  40  1  81
25  40  1  23
26  40  1  20
27  40  1  75
28  40  1  72
29  40  1  59
30  40  1  43
1  41  1  84
2  41  1  89
3  41  1  38
4  41  1  30
5  41  1  60
6  41  1  78
7  41  1  64
8  41  1  29
9  41  1  15
10  41  1  36
11  41  1  30
12  41  1  32
13  41  1  13
14  41  1  28
15  41  1  41
16  41  1  67
17  41  1  56
18  41  1  85
19  41  1  48
20  41  1  18
21  41  1  18
22  41  1  56
23  41  1  13
24  41  1  18
25  41  1  36
26  41  1  18
27  41  1  24
28  41  1  54
29  41  1  54
30  41  1  71
1  42  1  12
2  42  1  17
3  42  1  48
4  42  1  24
5  42  1  32
6  42  1  73
7  42  1  32
8  42  1  26
9  42  1  69
10  42  1  88
11  42  1  54
12  42  1  48
13  42  1  46
14  42  1  58
15  42  1  51
16  42  1  88
17  42  1  50
18  42  1  32
19  42  1  70
20  42  1  19
21  42  1  90
22  42  1  43
23  42  1  34
24  42  1  71
25  42  1  30
26  42  1  48
27  42  1  40
28  42  1  74
29  42  1  17
30  42  1  34
1  43  1  59
2  43  1  86
3  43  1  38
4  43  1  43
5  43  1  10
6  43  1  90
7  43  1  39
8  43  1  31
9  43  1  58
10  43  1  44
11  43  1  36
12  43  1  68
13  43  1  19
14  43  1  66
15  43  1  32
16  43  1  42
17  43  1  13
18  43  1  17
19  43  1  38
20  43  1  86
21  43  1  77
22  43  1  64
23  43  1  10
24  43  1  78
25  43  1  30
26  43  1  78
27  43  1  31
28  43  1  55
29  43  1  65
30  43  1  86
1  44  1  68
2  44  1  13
3  44  1  56
4  44  1  49
5  44  1  87
6  44  1  12
7  44  1  75
8  44  1  61
9  44  1  13
10  44  1  69
11  44  1  23
12  44  1  54
13  44  1  46
14  44  1  12
15  44  1  41
16  44  1  52
17  44  1  27
18  44  1  76
19  44  1  83
20  44  1  36
21  44  1  79
22  44  1  44
23  44  1  77
24  44  1  17
25  44  1  52
26  44  1  69
27  44  1  11
28  44  1  83
29  44  1  35
30  44  1  49
1  45  1  16
2  45  1  86
3  45  1  55
4  45  1  74
5  45  1  66
6  45  1  71
7  45  1  86
8  45  1  34
9  45  1  74
10  45  1  25
11  45  1  83
12  45  1  26
13  45  1  83
14  45  1  36
15  45  1  74
16  45  1  67
17  45  1  33
18  45  1  61
19  45  1  62
20  45  1  13
21  45  1  29
22  45  1  86
23  45  1  84
24  45  1  35
25  45  1  69
26  45  1  60
27  45  1  57
28  45  1  78
29  45  1  84
30  45  1  65
1  46  1  68
2  46  1  25
3  46  1  87
4  46  1  56
5  46  1  22
6  46  1  23
7  46  1  41
8  46  1  40
9  46  1  74
10  46  1  29
11  46  1  77
12  46  1  49
13  46  1  11
14  46  1  58
15  46  1  18
16  46  1  81
17  46  1  13
18  46  1  56
19  46  1  52
20  46  1  42
21  46  1  90
22  46  1  49
23  46  1  86
24  46  1  23
25  46  1  18
26  46  1  90
27  46  1  28
28  46  1  77
29  46  1  73
30  46  1  36
1  47  1  84
2  47  1  26
3  47  1  49
4  47  1  48
5  47  1  61
6  47  1  34
7  47  1  89
8  47  1  58
9  47  1  84
10  47  1  57
11  47  1  64
12  47  1  63
13  47  1  83
14  47  1  55
15  47  1  22
16  47  1  90
17  47  1  61
18  47  1  10
19  47  1  57
20  47  1  89
21  47  1  41
22  47  1  70
23  47  1  35
24  47  1  78
25  47  1  70
26  47  1  80
27  47  1  63
28  47  1  26
29  47  1  53
30  47  1  41
1  48  1  66
2  48  1  37
3  48  1  48
4  48  1  53
5  48  1  26
6  48  1  39
7  48  1  18
8  48  1  28
9  48  1  55
10  48  1  61
11  48  1  47
12  48  1  19
13  48  1  34
14  48  1  31
15  48  1  14
16  48  1  44
17  48  1  38
18  48  1  34
19  48  1  58
20  48  1  29
21  48  1  62
22  48  1  23
23  48  1  73
24  48  1  49
25  48  1  58
26  48  1  15
27  48  1  13
28  48  1  62
29  48  1  42
30  48  1  52
1  49  1  81
2  49  1  11
3  49  1  55
4  49  1  13
5  49  1  85
6  49  1  44
7  49  1  84
8  49  1  54
9  49  1  21
10  49  1  44
11  49  1  14
12  49  1  27
13  49  1  78
14  49  1  29
15  49  1  45
16  49  1  37
17  49  1  55
18  49  1  81
19  49  1  61
20  49  1  10
21  49  1  79
22  49  1  34
23  49  1  62
24  49  1  66
25  49  1  30
26  49  1  24
27  49  1  23
28  49  1  15
29  49  1  75
30  49  1  22
1  50  1  58
2  50  1  39
3  50  1  66
4  50  1  47
5  50  1  28
6  50  1  83
7  50  1  10
8  50  1  36
9  50  1  37
10  50  1  61
11  50  1  13
12  50  1  45
13  50  1  15
14  50  1  36
15  50  1  89
16  50  1  24
17  50  1  27
18  50  1  45
19  50  1  20
20  50  1  64
21  50  1  43
22  50  1  69
23  50  1  62
24  50  1  50
25  50  1  15
26  50  1  70
27  50  1  53
28  50  1  82
29  50  1  23
30  50  1  51
1  1  2  12.56
2  1  2  42.46
3  1  2  13.23
4  1  2  57.45
5  1  2  40.29
6  1  2  5.92
7  1  2  48.23
8  1  2  37.63
9  1  2  29.17
10  1  2  11.28
11  1  2  19.18
12  1  2  18.16
13  1  2  31.59
14  1  2  9.27
15  1  2  56.62
16  1  2  5.24
17  1  2  19.27
18  1  2  68.54
19  1  2  12.64
20  1  2  9.84
21  1  2  20.93
22  1  2  33.27
23  1  2  34.48
24  1  2  11.16
25  1  2  9.68
26  1  2  14.50
27  1  2  5.29
28  1  2  14.83
29  1  2  52.12
30  1  2  31.66
1  2  2  54.99
2  2  2  56.35
3  2  2  17.65
4  2  2  8.01
5  2  2  39.39
6  2  2  51.98
7  2  2  46.96
8  2  2  60.66
9  2  2  8.37
10  2  2  18.73
11  2  2  30.57
12  2  2  9.61
13  2  2  35.28
14  2  2  9.54
15  2  2  33.69
16  2  2  53.45
17  2  2  53.01
18  2  2  28.83
19  2  2  53.17
20  2  2  29.20
21  2  2  34.19
22  2  2  10.83
23  2  2  38.35
24  2  2  41.83
25  2  2  36.21
26  2  2  3.36
27  2  2  51.96
28  2  2  26.82
29  2  2  15.74
30  2  2  18.26
1  3  2  22.82
2  3  2  57.82
3  3  2  44.69
4  3  2  37.38
5  3  2  60.87
6  3  2  42.01
7  3  2  30.06
8  3  2  16.99
9  3  2  23.34
10  3  2  39.76
11  3  2  9.68
12  3  2  26.53
13  3  2  34.16
14  3  2  12.69
15  3  2  4.64
16  3  2  24.17
17  3  2  25.83
18  3  2  13.68
19  3  2  18.30
20  3  2  19.88
21  3  2  45.99
22  3  2  12.42
23  3  2  10.15
24  3  2  18.30
25  3  2  18.81
26  3  2  8.21
27  3  2  41.79
28  3  2  6.60
29  3  2  29.53
30  3  2  9.62
1  4  2  8.04
2  4  2  23.77
3  4  2  9.22
4  4  2  19.28
5  4  2  19.28
6  4  2  63.20
7  4  2  4.50
8  4  2  32.00
9  4  2  9.75
10  4  2  29.80
11  4  2  14.69
12  4  2  15.09
13  4  2  31.86
14  4  2  15.84
15  4  2  13.30
16  4  2  31.89
17  4  2  26.89
18  4  2  7.55
19  4  2  17.57
20  4  2  15.40
21  4  2  12.52
22  4  2  50.13
23  4  2  60.73
24  4  2  8.31
25  4  2  52.03
26  4  2  48.06
27  4  2  27.71
28  4  2  6.11
29  4  2  2.93
30  4  2  24.47
1  5  2  43.31
2  5  2  21.63
3  5  2  29.40
4  5  2  18.25
5  5  2  11.92
6  5  2  18.30
7  5  2  7.13
8  5  2  27.61
9  5  2  20.47
10  5  2  39.65
11  5  2  19.54
12  5  2  17.89
13  5  2  4.30
14  5  2  40.43
15  5  2  35.78
16  5  2  34.87
17  5  2  33.23
18  5  2  19.65
19  5  2  45.50
20  5  2  54.96
21  5  2  49.24
22  5  2  23.44
23  5  2  21.90
24  5  2  15.26
25  5  2  40.31
26  5  2  37.88
27  5  2  38.36
28  5  2  54.99
29  5  2  58.71
30  5  2  30.74
1  6  2  27.57
2  6  2  31.53
3  6  2  31.24
4  6  2  62.67
5  6  2  5.27
6  6  2  16.22
7  6  2  5.50
8  6  2  17.77
9  6  2  2.62
10  6  2  13.16
11  6  2  59.91
12  6  2  16.02
13  6  2  34.28
14  6  2  56.47
15  6  2  29.44
16  6  2  27.00
17  6  2  19.61
18  6  2  8.05
19  6  2  8.05
20  6  2  41.24
21  6  2  14.39
22  6  2  8.68
23  6  2  18.75
24  6  2  36.77
25  6  2  31.72
26  6  2  6.18
27  6  2  31.18
28  6  2  22.46
29  6  2  5.27
30  6  2  28.34
1  7  2  14.68
2  7  2  11.09
3  7  2  10.27
4  7  2  32.28
5  7  2  56.90
6  7  2  18.44
7  7  2  5.08
8  7  2  45.82
9  7  2  5.03
10  7  2  26.58
11  7  2  14.71
12  7  2  26.38
13  7  2  9.89
14  7  2  42.28
15  7  2  26.74
16  7  2  17.83
17  7  2  4.62
18  7  2  22.02
19  7  2  7.71
20  7  2  14.59
21  7  2  10.36
22  7  2  28.61
23  7  2  56.08
24  7  2  46.64
25  7  2  10.40
26  7  2  39.70
27  7  2  17.20
28  7  2  6.97
29  7  2  46.84
30  7  2  51.24
1  8  2  36.44
2  8  2  15.43
3  8  2  43.11
4  8  2  64.84
5  8  2  32.85
6  8  2  9.59
7  8  2  36.85
8  8  2  45.55
9  8  2  20.08
10  8  2  5.48
11  8  2  45.49
12  8  2  18.87
13  8  2  21.45
14  8  2  46.02
15  8  2  7.43
16  8  2  21.92
17  8  2  21.02
18  8  2  4.88
19  8  2  11.76
20  8  2  61.45
21  8  2  10.87
22  8  2  18.53
23  8  2  21.67
24  8  2  32.20
25  8  2  65.81
26  8  2  7.12
27  8  2  25.80
28  8  2  7.39
29  8  2  4.93
30  8  2  11.43
1  9  2  20.40
2  9  2  40.75
3  9  2  4.98
4  9  2  52.80
5  9  2  13.67
6  9  2  2.98
7  9  2  8.85
8  9  2  23.93
9  9  2  30.49
10  9  2  13.02
11  9  2  31.19
12  9  2  56.57
13  9  2  7.81
14  9  2  10.72
15  9  2  17.86
16  9  2  36.23
17  9  2  44.63
18  9  2  6.18
19  9  2  14.17
20  9  2  10.50
21  9  2  29.80
22  9  2  7.99
23  9  2  3.48
24  9  2  14.99
25  9  2  24.09
26  9  2  37.45
27  9  2  27.69
28  9  2  4.84
29  9  2  38.89
30  9  2  9.83
1  10  2  14.71
2  10  2  25.13
3  10  2  24.09
4  10  2  8.87
5  10  2  9.85
6  10  2  5.33
7  10  2  3.92
8  10  2  17.96
9  10  2  17.96
10  10  2  28.84
11  10  2  29.42
12  10  2  40.56
13  10  2  21.29
14  10  2  17.02
15  10  2  11.55
16  10  2  39.07
17  10  2  8.89
18  10  2  26.15
19  10  2  49.61
20  10  2  43.16
21  10  2  10.34
22  10  2  14.64
23  10  2  12.67
24  10  2  46.75
25  10  2  13.98
26  10  2  15.35
27  10  2  13.78
28  10  2  56.08
29  10  2  25.05
30  10  2  35.99
1  11  2  33.95
2  11  2  16.80
3  11  2  18.18
4  11  2  17.17
5  11  2  23.67
6  11  2  19.53
7  11  2  4.96
8  11  2  50.68
9  11  2  10.56
10  11  2  11.55
11  11  2  4.07
12  11  2  13.46
13  11  2  64.90
14  11  2  20.85
15  11  2  57.28
16  11  2  20.87
17  11  2  9.04
18  11  2  32.14
19  11  2  24.67
20  11  2  17.80
21  11  2  8.66
22  11  2  33.02
23  11  2  36.88
24  11  2  12.34
25  11  2  19.07
26  11  2  24.69
27  11  2  8.18
28  11  2  14.56
29  11  2  27.83
30  11  2  28.50
1  12  2  30.70
2  12  2  4.74
3  12  2  29.30
4  12  2  33.83
5  12  2  20.12
6  12  2  63.88
7  12  2  38.65
8  12  2  26.72
9  12  2  9.40
10  12  2  17.39
11  12  2  30.75
12  12  2  24.61
13  12  2  42.04
14  12  2  8.36
15  12  2  19.58
16  12  2  9.20
17  12  2  15.15
18  12  2  21.16
19  12  2  31.30
20  12  2  27.45
21  12  2  10.39
22  12  2  9.13
23  12  2  15.47
24  12  2  6.38
25  12  2  27.53
26  12  2  4.33
27  12  2  43.12
28  12  2  39.36
29  12  2  56.64
30  12  2  4.94
1  13  2  21.84
2  13  2  13.55
3  13  2  6.36
4  13  2  7.48
5  13  2  29.66
6  13  2  9.72
7  13  2  14.97
8  13  2  17.46
9  13  2  42.50
10  13  2  23.43
11  13  2  22.76
12  13  2  52.74
13  13  2  34.31
14  13  2  15.84
15  13  2  8.32
16  13  2  31.43
17  13  2  18.40
18  13  2  53.80
19  13  2  26.46
20  13  2  9.88
21  13  2  33.96
22  13  2  34.53
23  13  2  13.94
24  13  2  22.10
25  13  2  29.50
26  13  2  44.20
27  13  2  20.25
28  13  2  24.76
29  13  2  24.80
30  13  2  17.53
1  14  2  19.07
2  14  2  13.84
3  14  2  4.67
4  14  2  55.91
5  14  2  24.94
6  14  2  19.57
7  14  2  30.61
8  14  2  25.91
9  14  2  14.75
10  14  2  54.28
11  14  2  22.04
12  14  2  11.19
13  14  2  10.53
14  14  2  6.74
15  14  2  28.74
16  14  2  52.50
17  14  2  18.77
18  14  2  28.74
19  14  2  27.35
20  14  2  64.84
21  14  2  30.31
22  14  2  15.65
23  14  2  23.37
24  14  2  5.62
25  14  2  11.58
26  14  2  18.00
27  14  2  10.11
28  14  2  50.40
29  14  2  8.10
30  14  2  13.27
1  15  2  25.80
2  15  2  55.83
3  15  2  65.33
4  15  2  37.87
5  15  2  35.75
6  15  2  38.73
7  15  2  9.05
8  15  2  38.45
9  15  2  34.99
10  15  2  42.80
11  15  2  18.61
12  15  2  53.29
13  15  2  8.81
14  15  2  21.63
15  15  2  12.24
16  15  2  28.85
17  15  2  15.94
18  15  2  28.94
19  15  2  9.60
20  15  2  27.17
21  15  2  14.53
22  15  2  52.47
23  15  2  52.49
24  15  2  10.88
25  15  2  44.89
26  15  2  5.63
27  15  2  7.52
28  15  2  61.02
29  15  2  13.02
30  15  2  15.46
1  16  2  10.99
2  16  2  8.87
3  16  2  17.41
4  16  2  41.76
5  16  2  8.30
6  16  2  9.23
7  16  2  20.53
8  16  2  6.49
9  16  2  12.60
10  16  2  2.50
11  16  2  18.83
12  16  2  15.12
13  16  2  22.64
14  16  2  18.17
15  16  2  15.29
16  16  2  2.38
17  16  2  64.75
18  16  2  38.91
19  16  2  7.12
20  16  2  29.86
21  16  2  11.97
22  16  2  25.37
23  16  2  23.35
24  16  2  42.59
25  16  2  7.18
26  16  2  23.88
27  16  2  15.25
28  16  2  25.60
29  16  2  9.98
30  16  2  14.69
1  17  2  51.28
2  17  2  6.82
3  17  2  3.44
4  17  2  13.99
5  17  2  29.59
6  17  2  20.33
7  17  2  19.77
8  17  2  6.99
9  17  2  36.07
10  17  2  14.91
11  17  2  25.03
12  17  2  6.68
13  17  2  27.02
14  17  2  15.36
15  17  2  40.96
16  17  2  43.93
17  17  2  23.62
18  17  2  38.11
19  17  2  22.87
20  17  2  19.51
21  17  2  4.88
22  17  2  26.17
23  17  2  36.59
24  17  2  47.31
25  17  2  44.60
26  17  2  6.45
27  17  2  17.76
28  17  2  21.85
29  17  2  6.53
30  17  2  64.47
1  18  2  32.13
2  18  2  9.39
3  18  2  21.62
4  18  2  21.99
5  18  2  27.99
6  18  2  54.63
7  18  2  23.10
8  18  2  34.09
9  18  2  14.33
10  18  2  37.83
11  18  2  12.34
12  18  2  14.59
13  18  2  30.28
14  18  2  25.96
15  18  2  35.68
16  18  2  8.33
17  18  2  24.12
18  18  2  44.09
19  18  2  10.45
20  18  2  6.02
21  18  2  36.50
22  18  2  8.40
23  18  2  6.58
24  18  2  5.50
25  18  2  15.40
26  18  2  18.97
27  18  2  7.33
28  18  2  12.35
29  18  2  34.72
30  18  2  7.35
1  19  2  13.76
2  19  2  45.81
3  19  2  15.06
4  19  2  23.37
5  19  2  47.82
6  19  2  40.88
7  19  2  49.84
8  19  2  9.03
9  19  2  5.88
10  19  2  28.71
11  19  2  5.42
12  19  2  11.83
13  19  2  14.87
14  19  2  16.38
15  19  2  28.24
16  19  2  12.35
17  19  2  7.83
18  19  2  27.00
19  19  2  42.76
20  19  2  26.00
21  19  2  25.13
22  19  2  16.01
23  19  2  10.93
24  19  2  11.14
25  19  2  47.02
26  19  2  26.67
27  19  2  18.76
28  19  2  11.78
29  19  2  56.04
30  19  2  16.71
1  20  2  12.17
2  20  2  2.03
3  20  2  18.61
4  20  2  24.31
5  20  2  9.45
6  20  2  16.95
7  20  2  14.67
8  20  2  18.74
9  20  2  22.60
10  20  2  46.98
11  20  2  9.15
12  20  2  52.63
13  20  2  21.84
14  20  2  35.08
15  20  2  14.01
16  20  2  50.13
17  20  2  33.10
18  20  2  23.27
19  20  2  50.00
20  20  2  10.27
21  20  2  33.52
22  20  2  36.78
23  20  2  9.31
24  20  2  21.84
25  20  2  38.96
26  20  2  8.01
27  20  2  44.43
28  20  2  30.38
29  20  2  15.95
30  20  2  15.11
1  21  2  43.79
2  21  2  15.90
3  21  2  31.17
4  21  2  10.41
5  21  2  35.98
6  21  2  31.64
7  21  2  44.37
8  21  2  20.42
9  21  2  7.48
10  21  2  22.43
11  21  2  25.67
12  21  2  30.98
13  21  2  17.12
14  21  2  23.33
15  21  2  42.17
16  21  2  3.80
17  21  2  25.81
18  21  2  29.40
19  21  2  25.54
20  21  2  12.74
21  21  2  42.66
22  21  2  22.05
23  21  2  38.02
24  21  2  17.01
25  21  2  30.28
26  21  2  11.76
27  21  2  3.01
28  21  2  55.92
29  21  2  28.64
30  21  2  30.23
1  22  2  29.06
2  22  2  68.42
3  22  2  5.13
4  22  2  49.77
5  22  2  21.36
6  22  2  61.58
7  22  2  32.30
8  22  2  50.92
9  22  2  7.83
10  22  2  47.52
11  22  2  23.55
12  22  2  51.63
13  22  2  19.49
14  22  2  7.99
15  22  2  15.63
16  22  2  54.03
17  22  2  9.34
18  22  2  9.69
19  22  2  9.43
20  22  2  21.88
21  22  2  7.14
22  22  2  56.88
23  22  2  42.79
24  22  2  36.52
25  22  2  22.73
26  22  2  14.06
27  22  2  47.16
28  22  2  45.22
29  22  2  9.80
30  22  2  23.82
1  23  2  35.33
2  23  2  23.43
3  23  2  50.12
4  23  2  40.38
5  23  2  14.21
6  23  2  45.85
7  23  2  38.01
8  23  2  43.54
9  23  2  45.11
10  23  2  38.72
11  23  2  10.98
12  23  2  9.28
13  23  2  10.56
14  23  2  16.12
15  23  2  12.29
16  23  2  52.02
17  23  2  23.29
18  23  2  7.81
19  23  2  26.99
20  23  2  7.49
21  23  2  8.17
22  23  2  20.40
23  23  2  26.82
24  23  2  10.16
25  23  2  14.31
26  23  2  14.60
27  23  2  25.76
28  23  2  23.67
29  23  2  29.37
30  23  2  26.98
1  24  2  39.10
2  24  2  6.90
3  24  2  32.06
4  24  2  36.37
5  24  2  13.73
6  24  2  16.31
7  24  2  10.52
8  24  2  10.45
9  24  2  8.75
10  24  2  38.51
11  24  2  71.08
12  24  2  48.93
13  24  2  15.66
14  24  2  10.45
15  24  2  55.36
16  24  2  5.24
17  24  2  24.91
18  24  2  60.70
19  24  2  16.52
20  24  2  26.01
21  24  2  14.00
22  24  2  5.61
23  24  2  10.51
24  24  2  39.67
25  24  2  9.72
26  24  2  17.27
27  24  2  22.91
28  24  2  20.91
29  24  2  12.23
30  24  2  18.66
1  25  2  19.05
2  25  2  12.21
3  25  2  43.07
4  25  2  8.96
5  25  2  5.61
6  25  2  16.42
7  25  2  35.25
8  25  2  15.70
9  25  2  22.45
10  25  2  3.29
11  25  2  14.15
12  25  2  17.08
13  25  2  42.49
14  25  2  5.60
15  25  2  10.88
16  25  2  17.51
17  25  2  14.54
18  25  2  9.08
19  25  2  47.47
20  25  2  34.67
21  25  2  8.86
22  25  2  22.87
23  25  2  10.36
24  25  2  15.57
25  25  2  4.92
26  25  2  22.57
27  25  2  31.29
28  25  2  24.30
29  25  2  48.96
30  25  2  5.28
1  26  2  9.28
2  26  2  6.19
3  26  2  26.32
4  26  2  18.19
5  26  2  19.97
6  26  2  16.54
7  26  2  23.71
8  26  2  15.31
9  26  2  51.92
10  26  2  17.12
11  26  2  30.32
12  26  2  9.70
13  26  2  18.53
14  26  2  33.89
15  26  2  8.96
16  26  2  13.63
17  26  2  58.76
18  26  2  15.19
19  26  2  21.75
20  26  2  28.89
21  26  2  9.44
22  26  2  54.48
23  26  2  45.16
24  26  2  49.53
25  26  2  36.54
26  26  2  24.80
27  26  2  29.18
28  26  2  34.39
29  26  2  37.67
30  26  2  48.87
1  27  2  10.33
2  27  2  56.93
3  27  2  14.43
4  27  2  24.75
5  27  2  24.09
6  27  2  14.42
7  27  2  4.35
8  27  2  24.49
9  27  2  2.31
10  27  2  28.13
11  27  2  19.43
12  27  2  35.21
13  27  2  46.93
14  27  2  40.86
15  27  2  19.48
16  27  2  11.77
17  27  2  36.76
18  27  2  20.89
19  27  2  22.60
20  27  2  14.83
21  27  2  15.94
22  27  2  39.13
23  27  2  33.75
24  27  2  18.71
25  27  2  35.44
26  27  2  5.46
27  27  2  34.59
28  27  2  7.26
29  27  2  14.45
30  27  2  64.64
1  28  2  24.00
2  28  2  6.83
3  28  2  22.56
4  28  2  49.53
5  28  2  36.26
6  28  2  7.41
7  28  2  31.20
8  28  2  21.61
9  28  2  39.64
10  28  2  26.91
11  28  2  23.41
12  28  2  9.14
13  28  2  52.86
14  28  2  9.62
15  28  2  23.79
16  28  2  26.32
17  28  2  18.81
18  28  2  32.00
19  28  2  7.11
20  28  2  6.41
21  28  2  10.91
22  28  2  5.60
23  28  2  11.32
24  28  2  29.88
25  28  2  7.06
26  28  2  20.78
27  28  2  29.91
28  28  2  44.99
29  28  2  37.42
30  28  2  7.06
1  29  2  6.37
2  29  2  18.62
3  29  2  4.24
4  29  2  7.08
5  29  2  10.53
6  29  2  26.74
7  29  2  17.23
8  29  2  18.36
9  29  2  16.81
10  29  2  6.23
11  29  2  36.07
12  29  2  38.14
13  29  2  16.19
14  29  2  14.41
15  29  2  34.74
16  29  2  34.55
17  29  2  8.50
18  29  2  13.40
19  29  2  39.37
20  29  2  63.62
21  29  2  13.65
22  29  2  33.06
23  29  2  17.66
24  29  2  56.02
25  29  2  33.19
26  29  2  21.14
27  29  2  9.76
28  29  2  25.19
29  29  2  12.44
30  29  2  44.83
1  30  2  7.60
2  30  2  29.83
3  30  2  8.46
4  30  2  7.81
5  30  2  20.60
6  30  2  9.69
7  30  2  5.84
8  30  2  7.30
9  30  2  26.16
10  30  2  21.25
11  30  2  19.80
12  30  2  20.61
13  30  2  24.64
14  30  2  7.64
15  30  2  10.53
16  30  2  28.67
17  30  2  15.40
18  30  2  5.88
19  30  2  23.78
20  30  2  24.18
21  30  2  21.08
22  30  2  26.46
23  30  2  50.11
24  30  2  38.95
25  30  2  20.39
26  30  2  23.26
27  30  2  19.78
28  30  2  19.92
29  30  2  49.34
30  30  2  43.54
1  31  2  22.82
2  31  2  8.73
3  31  2  34.03
4  31  2  16.29
5  31  2  16.84
6  31  2  11.82
7  31  2  23.47
8  31  2  10.86
9  31  2  12.17
10  31  2  12.04
11  31  2  39.04
12  31  2  35.07
13  31  2  13.06
14  31  2  24.17
15  31  2  50.44
16  31  2  22.13
17  31  2  20.62
18  31  2  7.34
19  31  2  30.32
20  31  2  28.41
21  31  2  22.25
22  31  2  17.54
23  31  2  14.42
24  31  2  26.31
25  31  2  6.10
26  31  2  27.97
27  31  2  31.24
28  31  2  25.87
29  31  2  40.08
30  31  2  11.29
1  32  2  9.03
2  32  2  47.94
3  32  2  5.93
4  32  2  32.01
5  32  2  20.49
6  32  2  19.11
7  32  2  34.41
8  32  2  10.43
9  32  2  23.89
10  32  2  28.68
11  32  2  42.54
12  32  2  4.12
13  32  2  51.22
14  32  2  25.95
15  32  2  26.30
16  32  2  35.99
17  32  2  17.94
18  32  2  10.89
19  32  2  25.49
20  32  2  7.48
21  32  2  16.69
22  32  2  28.91
23  32  2  10.21
24  32  2  49.49
25  32  2  26.92
26  32  2  45.19
27  32  2  35.22
28  32  2  9.98
29  32  2  14.54
30  32  2  26.85
1  33  2  19.35
2  33  2  25.44
3  33  2  35.84
4  33  2  18.67
5  33  2  7.49
6  33  2  46.22
7  33  2  15.91
8  33  2  7.09
9  33  2  14.10
10  33  2  26.44
11  33  2  16.39
12  33  2  26.24
13  33  2  4.09
14  33  2  54.08
15  33  2  23.73
16  33  2  2.32
17  33  2  42.23
18  33  2  5.81
19  33  2  26.66
20  33  2  28.12
21  33  2  18.44
22  33  2  25.62
23  33  2  60.57
24  33  2  8.50
25  33  2  8.42
26  33  2  20.17
27  33  2  40.24
28  33  2  59.20
29  33  2  41.65
30  33  2  37.16
1  34  2  25.94
2  34  2  23.56
3  34  2  36.99
4  34  2  6.01
5  34  2  18.66
6  34  2  21.98
7  34  2  53.53
8  34  2  19.03
9  34  2  40.91
10  34  2  45.10
11  34  2  10.09
12  34  2  7.10
13  34  2  12.07
14  34  2  17.51
15  34  2  26.64
16  34  2  11.96
17  34  2  16.60
18  34  2  11.97
19  34  2  18.75
20  34  2  11.10
21  34  2  9.84
22  34  2  62.51
23  34  2  48.33
24  34  2  14.23
25  34  2  10.62
26  34  2  54.83
27  34  2  25.91
28  34  2  11.45
29  34  2  39.64
30  34  2  17.12
1  35  2  36.71
2  35  2  5.49
3  35  2  10.53
4  35  2  60.82
5  35  2  24.77
6  35  2  3.23
7  35  2  42.49
8  35  2  22.86
9  35  2  19.44
10  35  2  9.44
11  35  2  6.47
12  35  2  60.72
13  35  2  14.00
14  35  2  15.69
15  35  2  8.56
16  35  2  49.61
17  35  2  30.23
18  35  2  20.54
19  35  2  38.31
20  35  2  24.93
21  35  2  7.75
22  35  2  17.91
23  35  2  19.65
24  35  2  24.36
25  35  2  31.66
26  35  2  51.59
27  35  2  21.21
28  35  2  15.25
29  35  2  7.81
30  35  2  17.95
1  36  2  3.40
2  36  2  58.82
3  36  2  26.61
4  36  2  11.61
5  36  2  14.94
6  36  2  31.53
7  36  2  17.71
8  36  2  22.97
9  36  2  42.74
10  36  2  12.81
11  36  2  17.70
12  36  2  14.86
13  36  2  43.09
14  36  2  21.38
15  36  2  11.17
16  36  2  9.57
17  36  2  24.08
18  36  2  13.32
19  36  2  5.46
20  36  2  14.87
21  36  2  15.00
22  36  2  13.00
23  36  2  11.02
24  36  2  34.61
25  36  2  4.99
26  36  2  15.30
27  36  2  20.39
28  36  2  7.08
29  36  2  20.93
30  36  2  20.13
1  37  2  58.16
2  37  2  33.16
3  37  2  13.71
4  37  2  67.72
5  37  2  17.98
6  37  2  48.92
7  37  2  8.09
8  37  2  3.17
9  37  2  4.70
10  37  2  22.04
11  37  2  33.08
12  37  2  5.46
13  37  2  33.76
14  37  2  39.76
15  37  2  9.02
16  37  2  10.33
17  37  2  59.97
18  37  2  18.48
19  37  2  33.56
20  37  2  23.01
21  37  2  50.36
22  37  2  27.21
23  37  2  33.85
24  37  2  7.23
25  37  2  14.07
26  37  2  39.29
27  37  2  8.60
28  37  2  8.74
29  37  2  25.14
30  37  2  62.97
1  38  2  6.76
2  38  2  18.42
3  38  2  37.34
4  38  2  21.61
5  38  2  36.26
6  38  2  52.41
7  38  2  50.03
8  38  2  20.75
9  38  2  27.21
10  38  2  11.76
11  38  2  32.55
12  38  2  34.10
13  38  2  10.12
14  38  2  5.25
15  38  2  12.42
16  38  2  22.25
17  38  2  37.81
18  38  2  59.19
19  38  2  15.90
20  38  2  20.25
21  38  2  16.71
22  38  2  9.33
23  38  2  18.93
24  38  2  8.11
25  38  2  6.81
26  38  2  59.12
27  38  2  33.29
28  38  2  5.12
29  38  2  21.04
30  38  2  39.40
1  39  2  18.50
2  39  2  38.29
3  39  2  52.53
4  39  2  46.89
5  39  2  50.39
6  39  2  7.11
7  39  2  13.03
8  39  2  24.47
9  39  2  39.13
10  39  2  8.48
11  39  2  13.17
12  39  2  5.42
13  39  2  37.43
14  39  2  23.92
15  39  2  42.64
16  39  2  18.11
17  39  2  18.95
18  39  2  22.18
19  39  2  35.21
20  39  2  10.39
21  39  2  31.09
22  39  2  14.94
23  39  2  32.33
24  39  2  21.24
25  39  2  14.22
26  39  2  8.33
27  39  2  16.66
28  39  2  53.95
29  39  2  8.39
30  39  2  13.84
1  40  2  13.63
2  40  2  29.72
3  40  2  8.01
4  40  2  12.66
5  40  2  56.63
6  40  2  6.11
7  40  2  8.86
8  40  2  4.32
9  40  2  27.28
10  40  2  10.44
11  40  2  14.59
12  40  2  51.80
13  40  2  13.83
14  40  2  29.97
15  40  2  47.44
16  40  2  41.34
17  40  2  6.68
18  40  2  3.10
19  40  2  11.40
20  40  2  11.33
21  40  2  3.46
22  40  2  24.81
23  40  2  39.69
24  40  2  41.32
25  40  2  9.07
26  40  2  8.99
27  40  2  46.86
28  40  2  34.12
29  40  2  20.41
30  40  2  16.87
1  41  2  56.91
2  41  2  19.58
3  41  2  29.19
4  41  2  12.12
5  41  2  26.98
6  41  2  47.36
7  41  2  18.82
8  41  2  22.12
9  41  2  10.96
10  41  2  23.48
11  41  2  15.26
12  41  2  9.04
13  41  2  3.26
14  41  2  8.88
15  41  2  9.91
16  41  2  47.77
17  41  2  38.67
18  41  2  20.27
19  41  2  10.12
20  41  2  5.89
21  41  2  6.05
22  41  2  34.00
23  41  2  5.63
24  41  2  6.92
25  41  2  7.71
26  41  2  8.68
27  41  2  13.81
28  41  2  26.85
29  41  2  23.20
30  41  2  34.78
1  42  2  6.59
2  42  2  7.36
3  42  2  12.94
4  42  2  18.97
5  42  2  16.33
6  42  2  14.82
7  42  2  24.83
8  42  2  6.69
9  42  2  45.59
10  42  2  38.89
11  42  2  11.14
12  42  2  23.96
13  42  2  24.92
14  42  2  24.05
15  42  2  38.87
16  42  2  52.67
17  42  2  20.37
18  42  2  17.21
19  42  2  52.87
20  42  2  9.08
21  42  2  26.89
22  42  2  14.84
23  42  2  9.01
24  42  2  56.76
25  42  2  9.83
26  42  2  28.06
27  42  2  18.67
28  42  2  22.73
29  42  2  4.00
30  42  2  22.89
1  43  2  14.26
2  43  2  63.99
3  43  2  10.67
4  43  2  19.09
5  43  2  4.59
6  43  2  41.87
7  43  2  26.56
8  43  2  14.78
9  43  2  17.78
10  43  2  17.84
11  43  2  22.70
12  43  2  28.32
13  43  2  14.36
14  43  2  24.52
15  43  2  17.01
16  43  2  24.66
17  43  2  5.00
18  43  2  12.35
19  43  2  22.43
20  43  2  59.06
21  43  2  36.78
22  43  2  13.19
23  43  2  3.11
24  43  2  41.09
25  43  2  23.38
26  43  2  50.96
27  43  2  14.16
28  43  2  38.02
29  43  2  36.09
30  43  2  66.70
1  44  2  40.00
2  44  2  6.65
3  44  2  16.23
4  44  2  37.92
5  44  2  26.76
6  44  2  3.08
7  44  2  20.44
8  44  2  37.80
9  44  2  6.18
10  44  2  19.93
11  44  2  14.17
12  44  2  15.97
13  44  2  13.19
14  44  2  3.05
15  44  2  21.29
16  44  2  28.68
17  44  2  10.19
18  44  2  29.12
19  44  2  38.19
20  44  2  7.70
21  44  2  32.20
22  44  2  11.89
23  44  2  17.56
24  44  2  8.53
25  44  2  13.95
26  44  2  51.38
27  44  2  5.42
28  44  2  56.22
29  44  2  12.69
30  44  2  23.83
1  45  2  4.90
2  45  2  48.54
3  45  2  41.79
4  45  2  50.07
5  45  2  35.32
6  45  2  36.43
7  45  2  62.38
8  45  2  14.96
9  45  2  42.44
10  45  2  8.80
11  45  2  45.31
12  45  2  10.57
13  45  2  47.37
14  45  2  9.89
15  45  2  29.24
16  45  2  26.55
17  45  2  11.53
18  45  2  36.07
19  45  2  40.19
20  45  2  10.32
21  45  2  19.12
22  45  2  44.47
23  45  2  39.79
24  45  2  8.42
25  45  2  23.70
26  45  2  21.89
27  45  2  26.70
28  45  2  30.76
29  45  2  24.00
30  45  2  32.75
1  46  2  20.76
2  46  2  15.65
3  46  2  25.66
4  46  2  43.07
5  46  2  8.26
6  46  2  10.03
7  46  2  29.53
8  46  2  29.34
9  46  2  35.70
10  46  2  19.91
11  46  2  52.74
12  46  2  11.16
13  46  2  4.61
14  46  2  27.97
15  46  2  11.51
16  46  2  27.54
17  46  2  9.02
18  46  2  18.71
19  46  2  12.32
20  46  2  19.22
21  46  2  61.13
22  46  2  22.91
23  46  2  65.46
24  46  2  10.63
25  46  2  6.01
26  46  2  37.73
27  46  2  16.01
28  46  2  29.13
29  46  2  43.08
30  46  2  19.75
1  47  2  39.02
2  47  2  11.30
3  47  2  13.27
4  47  2  24.00
5  47  2  21.64
6  47  2  26.95
7  47  2  42.15
8  47  2  32.90
9  47  2  41.66
10  47  2  20.72
11  47  2  14.25
12  47  2  24.62
13  47  2  57.28
14  47  2  28.26
15  47  2  8.39
16  47  2  49.34
17  47  2  21.40
18  47  2  2.21
19  47  2  18.82
20  47  2  42.41
21  47  2  23.85
22  47  2  23.92
23  47  2  18.17
24  47  2  23.70
25  47  2  41.38
26  47  2  53.15
27  47  2  45.25
28  47  2  17.00
29  47  2  39.84
30  47  2  26.82
1  48  2  21.38
2  48  2  13.90
3  48  2  20.12
4  48  2  14.13
5  48  2  14.57
6  48  2  23.19
7  48  2  4.07
8  48  2  22.00
9  48  2  33.70
10  48  2  18.34
11  48  2  18.44
12  48  2  6.48
13  48  2  18.40
14  48  2  12.58
15  48  2  4.57
16  48  2  29.13
17  48  2  16.83
18  48  2  19.94
19  48  2  37.87
20  48  2  17.40
21  48  2  21.91
22  48  2  15.47
23  48  2  15.75
24  48  2  11.11
25  48  2  44.41
26  48  2  8.73
27  48  2  7.77
28  48  2  36.11
29  48  2  31.69
30  48  2  34.82
1  49  2  56.05
2  49  2  8.73
3  49  2  38.45
4  49  2  6.97
5  49  2  52.23
6  49  2  24.04
7  49  2  24.35
8  49  2  29.07
9  49  2  4.63
10  49  2  34.69
11  49  2  6.28
12  49  2  11.61
13  49  2  61.76
14  49  2  15.94
15  49  2  13.08
16  49  2  12.01
17  49  2  32.56
18  49  2  42.42
19  49  2  20.52
20  49  2  3.87
21  49  2  15.87
22  49  2  18.14
23  49  2  35.68
24  49  2  20.58
25  49  2  21.81
26  49  2  5.49
27  49  2  13.76
28  49  2  6.58
29  49  2  29.67
30  49  2  7.35
1  50  2  38.57
2  50  2  28.74
3  50  2  51.02
4  50  2  27.45
5  50  2  13.62
6  50  2  54.60
7  50  2  7.94
8  50  2  11.04
9  50  2  9.42
10  50  2  37.06
11  50  2  9.31
12  50  2  16.48
13  50  2  8.88
14  50  2  14.58
15  50  2  23.11
16  50  2  15.52
17  50  2  20.00
18  50  2  35.89
19  50  2  14.19
20  50  2  28.05
21  50  2  30.52
22  50  2  54.84
23  50  2  36.66
24  50  2  21.88
25  50  2  4.13
26  50  2  26.27
27  50  2  30.60
28  50  2  61.90
29  50  2  17.45
30  50  2  15.02
;

