param com_measure1 := 0.62338;

param com_measure2 := 0.96888;

param kappa_max := 437.7165;

param U_tau := 528.3696;

param nT := 2;

param nS := 250;

param nL := 10;

param B := 247.25;

param w :=
1  3
2  2
3  1
4  1
5  2
6  2
7  2
8  1
9  2
10  2
;

param h :=
1  1  0
1  2  0
1  3  0
1  4  0
1  5  0
1  6  0
1  7  0
1  8  0
1  9  0
1  10  0
2  1  51.40
2  2  49.85
2  3  49.41
2  4  48.35
2  5  49.13
2  6  47.07
2  7  46.84
2  8  50.85
2  9  53.44
2  10  48.16
;

param xi :=
1  1  1  51
2  1  1  65
3  1  1  33
4  1  1  11
5  1  1  27
6  1  1  19
7  1  1  34
8  1  1  46
9  1  1  83
10  1  1  27
1  2  1  83
2  2  1  48
3  2  1  41
4  2  1  12
5  2  1  80
6  2  1  62
7  2  1  30
8  2  1  85
9  2  1  58
10  2  1  23
1  3  1  90
2  3  1  87
3  3  1  73
4  3  1  24
5  3  1  70
6  3  1  43
7  3  1  63
8  3  1  47
9  3  1  20
10  3  1  48
1  4  1  56
2  4  1  85
3  4  1  49
4  4  1  48
5  4  1  81
6  4  1  29
7  4  1  30
8  4  1  89
9  4  1  20
10  4  1  63
1  5  1  52
2  5  1  69
3  5  1  35
4  5  1  90
5  5  1  37
6  5  1  63
7  5  1  86
8  5  1  76
9  5  1  44
10  5  1  81
1  6  1  84
2  6  1  79
3  6  1  46
4  6  1  74
5  6  1  31
6  6  1  33
7  6  1  43
8  6  1  86
9  6  1  89
10  6  1  59
1  7  1  80
2  7  1  83
3  7  1  22
4  7  1  31
5  7  1  81
6  7  1  11
7  7  1  67
8  7  1  20
9  7  1  82
10  7  1  18
1  8  1  87
2  8  1  58
3  8  1  86
4  8  1  57
5  8  1  90
6  8  1  36
7  8  1  24
8  8  1  76
9  8  1  31
10  8  1  36
1  9  1  44
2  9  1  32
3  9  1  50
4  9  1  78
5  9  1  12
6  9  1  30
7  9  1  48
8  9  1  89
9  9  1  30
10  9  1  63
1  10  1  41
2  10  1  17
3  10  1  66
4  10  1  80
5  10  1  82
6  10  1  16
7  10  1  22
8  10  1  85
9  10  1  85
10  10  1  51
1  11  1  45
2  11  1  34
3  11  1  17
4  11  1  64
5  11  1  44
6  11  1  72
7  11  1  17
8  11  1  69
9  11  1  85
10  11  1  79
1  12  1  43
2  12  1  81
3  12  1  84
4  12  1  23
5  12  1  81
6  12  1  68
7  12  1  26
8  12  1  45
9  12  1  71
10  12  1  50
1  13  1  47
2  13  1  44
3  13  1  68
4  13  1  13
5  13  1  86
6  13  1  49
7  13  1  47
8  13  1  75
9  13  1  85
10  13  1  66
1  14  1  13
2  14  1  28
3  14  1  35
4  14  1  33
5  14  1  82
6  14  1  45
7  14  1  29
8  14  1  40
9  14  1  22
10  14  1  75
1  15  1  37
2  15  1  71
3  15  1  67
4  15  1  31
5  15  1  21
6  15  1  47
7  15  1  90
8  15  1  74
9  15  1  89
10  15  1  81
1  16  1  24
2  16  1  40
3  16  1  53
4  16  1  17
5  16  1  22
6  16  1  28
7  16  1  49
8  16  1  27
9  16  1  57
10  16  1  67
1  17  1  84
2  17  1  47
3  17  1  75
4  17  1  33
5  17  1  48
6  17  1  82
7  17  1  88
8  17  1  26
9  17  1  56
10  17  1  40
1  18  1  88
2  18  1  21
3  18  1  25
4  18  1  13
5  18  1  56
6  18  1  80
7  18  1  23
8  18  1  34
9  18  1  51
10  18  1  71
1  19  1  37
2  19  1  45
3  19  1  62
4  19  1  47
5  19  1  56
6  19  1  25
7  19  1  42
8  19  1  69
9  19  1  61
10  19  1  51
1  20  1  30
2  20  1  82
3  20  1  59
4  20  1  88
5  20  1  15
6  20  1  14
7  20  1  51
8  20  1  84
9  20  1  90
10  20  1  75
1  21  1  75
2  21  1  83
3  21  1  71
4  21  1  89
5  21  1  50
6  21  1  53
7  21  1  58
8  21  1  51
9  21  1  55
10  21  1  70
1  22  1  42
2  22  1  50
3  22  1  74
4  22  1  90
5  22  1  48
6  22  1  81
7  22  1  45
8  22  1  15
9  22  1  13
10  22  1  13
1  23  1  86
2  23  1  52
3  23  1  31
4  23  1  79
5  23  1  41
6  23  1  39
7  23  1  12
8  23  1  28
9  23  1  42
10  23  1  37
1  24  1  52
2  24  1  32
3  24  1  69
4  24  1  81
5  24  1  80
6  24  1  21
7  24  1  26
8  24  1  63
9  24  1  25
10  24  1  41
1  25  1  14
2  25  1  45
3  25  1  22
4  25  1  39
5  25  1  12
6  25  1  88
7  25  1  22
8  25  1  69
9  25  1  64
10  25  1  23
1  26  1  62
2  26  1  37
3  26  1  88
4  26  1  31
5  26  1  56
6  26  1  83
7  26  1  27
8  26  1  24
9  26  1  46
10  26  1  71
1  27  1  37
2  27  1  45
3  27  1  72
4  27  1  28
5  27  1  81
6  27  1  58
7  27  1  16
8  27  1  53
9  27  1  84
10  27  1  73
1  28  1  34
2  28  1  55
3  28  1  12
4  28  1  26
5  28  1  32
6  28  1  50
7  28  1  26
8  28  1  20
9  28  1  83
10  28  1  82
1  29  1  56
2  29  1  44
3  29  1  89
4  29  1  56
5  29  1  30
6  29  1  14
7  29  1  40
8  29  1  20
9  29  1  10
10  29  1  63
1  30  1  58
2  30  1  71
3  30  1  39
4  30  1  21
5  30  1  68
6  30  1  31
7  30  1  46
8  30  1  14
9  30  1  90
10  30  1  76
1  31  1  40
2  31  1  57
3  31  1  19
4  31  1  35
5  31  1  69
6  31  1  83
7  31  1  67
8  31  1  74
9  31  1  74
10  31  1  23
1  32  1  18
2  32  1  71
3  32  1  25
4  32  1  44
5  32  1  73
6  32  1  51
7  32  1  13
8  32  1  83
9  32  1  55
10  32  1  31
1  33  1  43
2  33  1  15
3  33  1  21
4  33  1  60
5  33  1  10
6  33  1  35
7  33  1  23
8  33  1  75
9  33  1  13
10  33  1  40
1  34  1  41
2  34  1  67
3  34  1  12
4  34  1  24
5  34  1  62
6  34  1  30
7  34  1  11
8  34  1  30
9  34  1  59
10  34  1  27
1  35  1  88
2  35  1  68
3  35  1  28
4  35  1  89
5  35  1  62
6  35  1  78
7  35  1  80
8  35  1  15
9  35  1  81
10  35  1  18
1  36  1  68
2  36  1  19
3  36  1  66
4  36  1  57
5  36  1  60
6  36  1  81
7  36  1  18
8  36  1  78
9  36  1  71
10  36  1  42
1  37  1  49
2  37  1  20
3  37  1  35
4  37  1  66
5  37  1  22
6  37  1  61
7  37  1  79
8  37  1  74
9  37  1  77
10  37  1  36
1  38  1  47
2  38  1  80
3  38  1  38
4  38  1  16
5  38  1  60
6  38  1  57
7  38  1  88
8  38  1  87
9  38  1  69
10  38  1  20
1  39  1  85
2  39  1  49
3  39  1  26
4  39  1  40
5  39  1  15
6  39  1  48
7  39  1  72
8  39  1  54
9  39  1  71
10  39  1  41
1  40  1  44
2  40  1  31
3  40  1  11
4  40  1  81
5  40  1  10
6  40  1  67
7  40  1  45
8  40  1  34
9  40  1  36
10  40  1  56
1  41  1  38
2  41  1  23
3  41  1  26
4  41  1  17
5  41  1  24
6  41  1  42
7  41  1  58
8  41  1  76
9  41  1  33
10  41  1  83
1  42  1  79
2  42  1  59
3  42  1  38
4  42  1  61
5  42  1  84
6  42  1  41
7  42  1  82
8  42  1  48
9  42  1  73
10  42  1  71
1  43  1  55
2  43  1  77
3  43  1  15
4  43  1  55
5  43  1  85
6  43  1  43
7  43  1  58
8  43  1  64
9  43  1  57
10  43  1  43
1  44  1  54
2  44  1  84
3  44  1  57
4  44  1  20
5  44  1  26
6  44  1  20
7  44  1  43
8  44  1  42
9  44  1  41
10  44  1  56
1  45  1  21
2  45  1  83
3  45  1  79
4  45  1  71
5  45  1  28
6  45  1  13
7  45  1  19
8  45  1  31
9  45  1  23
10  45  1  44
1  46  1  45
2  46  1  83
3  46  1  79
4  46  1  13
5  46  1  60
6  46  1  34
7  46  1  80
8  46  1  23
9  46  1  42
10  46  1  62
1  47  1  53
2  47  1  63
3  47  1  80
4  47  1  51
5  47  1  33
6  47  1  51
7  47  1  56
8  47  1  77
9  47  1  63
10  47  1  22
1  48  1  13
2  48  1  48
3  48  1  72
4  48  1  19
5  48  1  21
6  48  1  18
7  48  1  26
8  48  1  65
9  48  1  84
10  48  1  50
1  49  1  52
2  49  1  72
3  49  1  17
4  49  1  65
5  49  1  10
6  49  1  29
7  49  1  31
8  49  1  32
9  49  1  29
10  49  1  82
1  50  1  18
2  50  1  66
3  50  1  63
4  50  1  10
5  50  1  42
6  50  1  28
7  50  1  78
8  50  1  80
9  50  1  65
10  50  1  54
1  51  1  44
2  51  1  60
3  51  1  81
4  51  1  22
5  51  1  79
6  51  1  63
7  51  1  71
8  51  1  65
9  51  1  87
10  51  1  53
1  52  1  22
2  52  1  69
3  52  1  51
4  52  1  40
5  52  1  10
6  52  1  39
7  52  1  23
8  52  1  52
9  52  1  62
10  52  1  39
1  53  1  31
2  53  1  32
3  53  1  73
4  53  1  79
5  53  1  55
6  53  1  20
7  53  1  49
8  53  1  90
9  53  1  76
10  53  1  40
1  54  1  20
2  54  1  38
3  54  1  77
4  54  1  33
5  54  1  21
6  54  1  75
7  54  1  22
8  54  1  54
9  54  1  37
10  54  1  16
1  55  1  18
2  55  1  19
3  55  1  59
4  55  1  21
5  55  1  44
6  55  1  82
7  55  1  29
8  55  1  34
9  55  1  64
10  55  1  27
1  56  1  11
2  56  1  14
3  56  1  36
4  56  1  80
5  56  1  34
6  56  1  39
7  56  1  66
8  56  1  42
9  56  1  68
10  56  1  88
1  57  1  62
2  57  1  79
3  57  1  55
4  57  1  78
5  57  1  60
6  57  1  87
7  57  1  34
8  57  1  14
9  57  1  77
10  57  1  41
1  58  1  61
2  58  1  23
3  58  1  66
4  58  1  32
5  58  1  32
6  58  1  64
7  58  1  71
8  58  1  84
9  58  1  66
10  58  1  71
1  59  1  40
2  59  1  14
3  59  1  30
4  59  1  16
5  59  1  21
6  59  1  49
7  59  1  35
8  59  1  27
9  59  1  80
10  59  1  45
1  60  1  12
2  60  1  85
3  60  1  78
4  60  1  58
5  60  1  46
6  60  1  30
7  60  1  66
8  60  1  27
9  60  1  68
10  60  1  13
1  61  1  72
2  61  1  64
3  61  1  46
4  61  1  57
5  61  1  71
6  61  1  26
7  61  1  72
8  61  1  89
9  61  1  64
10  61  1  14
1  62  1  30
2  62  1  84
3  62  1  49
4  62  1  24
5  62  1  72
6  62  1  67
7  62  1  88
8  62  1  20
9  62  1  37
10  62  1  81
1  63  1  76
2  63  1  32
3  63  1  60
4  63  1  16
5  63  1  81
6  63  1  85
7  63  1  40
8  63  1  20
9  63  1  90
10  63  1  72
1  64  1  14
2  64  1  15
3  64  1  72
4  64  1  62
5  64  1  46
6  64  1  65
7  64  1  47
8  64  1  17
9  64  1  32
10  64  1  66
1  65  1  80
2  65  1  25
3  65  1  50
4  65  1  13
5  65  1  11
6  65  1  65
7  65  1  35
8  65  1  65
9  65  1  37
10  65  1  41
1  66  1  19
2  66  1  45
3  66  1  30
4  66  1  47
5  66  1  53
6  66  1  37
7  66  1  43
8  66  1  48
9  66  1  15
10  66  1  24
1  67  1  28
2  67  1  78
3  67  1  78
4  67  1  88
5  67  1  45
6  67  1  74
7  67  1  72
8  67  1  52
9  67  1  60
10  67  1  46
1  68  1  84
2  68  1  66
3  68  1  55
4  68  1  78
5  68  1  53
6  68  1  27
7  68  1  75
8  68  1  41
9  68  1  86
10  68  1  61
1  69  1  76
2  69  1  67
3  69  1  30
4  69  1  33
5  69  1  24
6  69  1  83
7  69  1  32
8  69  1  25
9  69  1  51
10  69  1  83
1  70  1  88
2  70  1  74
3  70  1  36
4  70  1  44
5  70  1  72
6  70  1  18
7  70  1  23
8  70  1  90
9  70  1  68
10  70  1  53
1  71  1  40
2  71  1  24
3  71  1  89
4  71  1  14
5  71  1  88
6  71  1  67
7  71  1  15
8  71  1  73
9  71  1  72
10  71  1  28
1  72  1  25
2  72  1  84
3  72  1  50
4  72  1  45
5  72  1  17
6  72  1  17
7  72  1  64
8  72  1  83
9  72  1  18
10  72  1  79
1  73  1  88
2  73  1  82
3  73  1  20
4  73  1  69
5  73  1  82
6  73  1  60
7  73  1  14
8  73  1  84
9  73  1  90
10  73  1  25
1  74  1  37
2  74  1  58
3  74  1  79
4  74  1  37
5  74  1  42
6  74  1  26
7  74  1  10
8  74  1  16
9  74  1  25
10  74  1  49
1  75  1  32
2  75  1  55
3  75  1  48
4  75  1  46
5  75  1  43
6  75  1  37
7  75  1  68
8  75  1  11
9  75  1  70
10  75  1  84
1  76  1  85
2  76  1  56
3  76  1  90
4  76  1  80
5  76  1  26
6  76  1  34
7  76  1  67
8  76  1  23
9  76  1  16
10  76  1  17
1  77  1  76
2  77  1  43
3  77  1  24
4  77  1  14
5  77  1  48
6  77  1  11
7  77  1  24
8  77  1  59
9  77  1  69
10  77  1  45
1  78  1  54
2  78  1  55
3  78  1  24
4  78  1  53
5  78  1  82
6  78  1  45
7  78  1  53
8  78  1  24
9  78  1  79
10  78  1  76
1  79  1  12
2  79  1  47
3  79  1  71
4  79  1  54
5  79  1  87
6  79  1  54
7  79  1  18
8  79  1  12
9  79  1  37
10  79  1  90
1  80  1  38
2  80  1  51
3  80  1  10
4  80  1  20
5  80  1  32
6  80  1  64
7  80  1  13
8  80  1  76
9  80  1  28
10  80  1  60
1  81  1  17
2  81  1  46
3  81  1  41
4  81  1  56
5  81  1  79
6  81  1  40
7  81  1  51
8  81  1  20
9  81  1  74
10  81  1  85
1  82  1  78
2  82  1  75
3  82  1  50
4  82  1  10
5  82  1  81
6  82  1  81
7  82  1  81
8  82  1  50
9  82  1  43
10  82  1  65
1  83  1  58
2  83  1  61
3  83  1  23
4  83  1  85
5  83  1  63
6  83  1  79
7  83  1  42
8  83  1  31
9  83  1  57
10  83  1  46
1  84  1  10
2  84  1  80
3  84  1  23
4  84  1  78
5  84  1  14
6  84  1  60
7  84  1  28
8  84  1  30
9  84  1  15
10  84  1  33
1  85  1  73
2  85  1  29
3  85  1  25
4  85  1  39
5  85  1  53
6  85  1  75
7  85  1  66
8  85  1  70
9  85  1  27
10  85  1  43
1  86  1  52
2  86  1  49
3  86  1  59
4  86  1  36
5  86  1  16
6  86  1  64
7  86  1  25
8  86  1  40
9  86  1  59
10  86  1  36
1  87  1  33
2  87  1  24
3  87  1  60
4  87  1  52
5  87  1  42
6  87  1  38
7  87  1  72
8  87  1  31
9  87  1  28
10  87  1  53
1  88  1  13
2  88  1  14
3  88  1  65
4  88  1  51
5  88  1  61
6  88  1  67
7  88  1  41
8  88  1  74
9  88  1  40
10  88  1  80
1  89  1  41
2  89  1  56
3  89  1  51
4  89  1  73
5  89  1  12
6  89  1  64
7  89  1  18
8  89  1  36
9  89  1  72
10  89  1  11
1  90  1  49
2  90  1  54
3  90  1  79
4  90  1  89
5  90  1  30
6  90  1  10
7  90  1  48
8  90  1  89
9  90  1  59
10  90  1  40
1  91  1  27
2  91  1  12
3  91  1  53
4  91  1  56
5  91  1  74
6  91  1  33
7  91  1  76
8  91  1  33
9  91  1  25
10  91  1  45
1  92  1  13
2  92  1  36
3  92  1  60
4  92  1  11
5  92  1  64
6  92  1  79
7  92  1  47
8  92  1  10
9  92  1  53
10  92  1  74
1  93  1  11
2  93  1  12
3  93  1  28
4  93  1  45
5  93  1  20
6  93  1  41
7  93  1  14
8  93  1  10
9  93  1  12
10  93  1  41
1  94  1  64
2  94  1  15
3  94  1  17
4  94  1  76
5  94  1  63
6  94  1  37
7  94  1  87
8  94  1  67
9  94  1  13
10  94  1  28
1  95  1  61
2  95  1  10
3  95  1  19
4  95  1  32
5  95  1  57
6  95  1  43
7  95  1  33
8  95  1  67
9  95  1  43
10  95  1  13
1  96  1  18
2  96  1  80
3  96  1  24
4  96  1  62
5  96  1  28
6  96  1  22
7  96  1  52
8  96  1  60
9  96  1  48
10  96  1  23
1  97  1  29
2  97  1  57
3  97  1  69
4  97  1  78
5  97  1  88
6  97  1  57
7  97  1  39
8  97  1  17
9  97  1  67
10  97  1  43
1  98  1  81
2  98  1  42
3  98  1  46
4  98  1  83
5  98  1  59
6  98  1  37
7  98  1  76
8  98  1  53
9  98  1  76
10  98  1  47
1  99  1  82
2  99  1  86
3  99  1  21
4  99  1  25
5  99  1  22
6  99  1  64
7  99  1  54
8  99  1  77
9  99  1  64
10  99  1  15
1  100  1  65
2  100  1  34
3  100  1  28
4  100  1  53
5  100  1  60
6  100  1  67
7  100  1  62
8  100  1  89
9  100  1  65
10  100  1  70
1  101  1  63
2  101  1  36
3  101  1  61
4  101  1  37
5  101  1  74
6  101  1  31
7  101  1  78
8  101  1  48
9  101  1  61
10  101  1  11
1  102  1  63
2  102  1  44
3  102  1  11
4  102  1  61
5  102  1  14
6  102  1  21
7  102  1  58
8  102  1  62
9  102  1  20
10  102  1  50
1  103  1  71
2  103  1  81
3  103  1  67
4  103  1  45
5  103  1  57
6  103  1  89
7  103  1  78
8  103  1  16
9  103  1  32
10  103  1  40
1  104  1  15
2  104  1  79
3  104  1  17
4  104  1  68
5  104  1  70
6  104  1  18
7  104  1  67
8  104  1  22
9  104  1  87
10  104  1  18
1  105  1  67
2  105  1  36
3  105  1  41
4  105  1  63
5  105  1  29
6  105  1  50
7  105  1  82
8  105  1  56
9  105  1  43
10  105  1  23
1  106  1  57
2  106  1  90
3  106  1  60
4  106  1  57
5  106  1  87
6  106  1  12
7  106  1  44
8  106  1  25
9  106  1  28
10  106  1  49
1  107  1  89
2  107  1  32
3  107  1  32
4  107  1  76
5  107  1  28
6  107  1  67
7  107  1  49
8  107  1  87
9  107  1  48
10  107  1  26
1  108  1  44
2  108  1  18
3  108  1  68
4  108  1  65
5  108  1  34
6  108  1  16
7  108  1  75
8  108  1  45
9  108  1  28
10  108  1  63
1  109  1  13
2  109  1  86
3  109  1  83
4  109  1  87
5  109  1  41
6  109  1  15
7  109  1  35
8  109  1  79
9  109  1  17
10  109  1  48
1  110  1  23
2  110  1  65
3  110  1  48
4  110  1  88
5  110  1  47
6  110  1  59
7  110  1  23
8  110  1  62
9  110  1  77
10  110  1  57
1  111  1  36
2  111  1  86
3  111  1  85
4  111  1  31
5  111  1  69
6  111  1  16
7  111  1  14
8  111  1  11
9  111  1  50
10  111  1  45
1  112  1  82
2  112  1  17
3  112  1  68
4  112  1  63
5  112  1  49
6  112  1  40
7  112  1  45
8  112  1  32
9  112  1  19
10  112  1  73
1  113  1  74
2  113  1  14
3  113  1  66
4  113  1  79
5  113  1  64
6  113  1  56
7  113  1  77
8  113  1  74
9  113  1  16
10  113  1  78
1  114  1  15
2  114  1  19
3  114  1  85
4  114  1  67
5  114  1  19
6  114  1  78
7  114  1  78
8  114  1  62
9  114  1  65
10  114  1  11
1  115  1  55
2  115  1  20
3  115  1  33
4  115  1  24
5  115  1  55
6  115  1  80
7  115  1  86
8  115  1  73
9  115  1  75
10  115  1  37
1  116  1  65
2  116  1  27
3  116  1  45
4  116  1  10
5  116  1  36
6  116  1  47
7  116  1  18
8  116  1  41
9  116  1  73
10  116  1  39
1  117  1  40
2  117  1  29
3  117  1  58
4  117  1  36
5  117  1  40
6  117  1  12
7  117  1  72
8  117  1  84
9  117  1  31
10  117  1  70
1  118  1  62
2  118  1  88
3  118  1  15
4  118  1  29
5  118  1  61
6  118  1  47
7  118  1  12
8  118  1  56
9  118  1  55
10  118  1  48
1  119  1  65
2  119  1  33
3  119  1  79
4  119  1  25
5  119  1  26
6  119  1  64
7  119  1  74
8  119  1  61
9  119  1  28
10  119  1  70
1  120  1  53
2  120  1  26
3  120  1  76
4  120  1  31
5  120  1  70
6  120  1  27
7  120  1  63
8  120  1  59
9  120  1  38
10  120  1  45
1  121  1  28
2  121  1  63
3  121  1  54
4  121  1  66
5  121  1  63
6  121  1  83
7  121  1  46
8  121  1  41
9  121  1  78
10  121  1  84
1  122  1  82
2  122  1  83
3  122  1  28
4  122  1  20
5  122  1  63
6  122  1  62
7  122  1  28
8  122  1  60
9  122  1  34
10  122  1  69
1  123  1  30
2  123  1  44
3  123  1  54
4  123  1  44
5  123  1  41
6  123  1  75
7  123  1  63
8  123  1  46
9  123  1  65
10  123  1  32
1  124  1  18
2  124  1  38
3  124  1  81
4  124  1  68
5  124  1  22
6  124  1  65
7  124  1  79
8  124  1  73
9  124  1  51
10  124  1  20
1  125  1  59
2  125  1  17
3  125  1  34
4  125  1  43
5  125  1  85
6  125  1  49
7  125  1  53
8  125  1  57
9  125  1  67
10  125  1  35
1  126  1  79
2  126  1  51
3  126  1  67
4  126  1  49
5  126  1  14
6  126  1  64
7  126  1  69
8  126  1  86
9  126  1  51
10  126  1  26
1  127  1  52
2  127  1  33
3  127  1  34
4  127  1  13
5  127  1  45
6  127  1  83
7  127  1  44
8  127  1  87
9  127  1  14
10  127  1  18
1  128  1  42
2  128  1  21
3  128  1  30
4  128  1  22
5  128  1  39
6  128  1  11
7  128  1  37
8  128  1  60
9  128  1  53
10  128  1  57
1  129  1  70
2  129  1  68
3  129  1  48
4  129  1  18
5  129  1  15
6  129  1  27
7  129  1  27
8  129  1  75
9  129  1  82
10  129  1  68
1  130  1  61
2  130  1  44
3  130  1  28
4  130  1  82
5  130  1  74
6  130  1  45
7  130  1  24
8  130  1  43
9  130  1  89
10  130  1  83
1  131  1  33
2  131  1  29
3  131  1  15
4  131  1  81
5  131  1  39
6  131  1  21
7  131  1  55
8  131  1  18
9  131  1  48
10  131  1  78
1  132  1  59
2  132  1  54
3  132  1  47
4  132  1  20
5  132  1  80
6  132  1  60
7  132  1  19
8  132  1  55
9  132  1  17
10  132  1  87
1  133  1  33
2  133  1  14
3  133  1  59
4  133  1  30
5  133  1  86
6  133  1  10
7  133  1  73
8  133  1  52
9  133  1  17
10  133  1  24
1  134  1  47
2  134  1  54
3  134  1  76
4  134  1  71
5  134  1  17
6  134  1  23
7  134  1  41
8  134  1  28
9  134  1  27
10  134  1  89
1  135  1  51
2  135  1  71
3  135  1  39
4  135  1  89
5  135  1  57
6  135  1  12
7  135  1  72
8  135  1  49
9  135  1  89
10  135  1  33
1  136  1  81
2  136  1  87
3  136  1  42
4  136  1  85
5  136  1  81
6  136  1  27
7  136  1  79
8  136  1  66
9  136  1  90
10  136  1  63
1  137  1  82
2  137  1  62
3  137  1  84
4  137  1  50
5  137  1  70
6  137  1  13
7  137  1  83
8  137  1  87
9  137  1  76
10  137  1  84
1  138  1  51
2  138  1  18
3  138  1  26
4  138  1  44
5  138  1  68
6  138  1  36
7  138  1  84
8  138  1  43
9  138  1  34
10  138  1  83
1  139  1  80
2  139  1  59
3  139  1  37
4  139  1  76
5  139  1  76
6  139  1  76
7  139  1  15
8  139  1  24
9  139  1  77
10  139  1  42
1  140  1  73
2  140  1  82
3  140  1  68
4  140  1  42
5  140  1  58
6  140  1  87
7  140  1  47
8  140  1  35
9  140  1  67
10  140  1  42
1  141  1  17
2  141  1  13
3  141  1  14
4  141  1  40
5  141  1  11
6  141  1  10
7  141  1  33
8  141  1  13
9  141  1  43
10  141  1  55
1  142  1  44
2  142  1  77
3  142  1  39
4  142  1  35
5  142  1  13
6  142  1  10
7  142  1  19
8  142  1  34
9  142  1  34
10  142  1  11
1  143  1  51
2  143  1  87
3  143  1  13
4  143  1  37
5  143  1  31
6  143  1  36
7  143  1  78
8  143  1  29
9  143  1  32
10  143  1  47
1  144  1  27
2  144  1  88
3  144  1  34
4  144  1  42
5  144  1  89
6  144  1  19
7  144  1  57
8  144  1  40
9  144  1  27
10  144  1  55
1  145  1  16
2  145  1  64
3  145  1  82
4  145  1  20
5  145  1  81
6  145  1  81
7  145  1  59
8  145  1  77
9  145  1  66
10  145  1  11
1  146  1  39
2  146  1  27
3  146  1  21
4  146  1  16
5  146  1  15
6  146  1  25
7  146  1  89
8  146  1  72
9  146  1  51
10  146  1  17
1  147  1  76
2  147  1  61
3  147  1  33
4  147  1  69
5  147  1  52
6  147  1  17
7  147  1  47
8  147  1  47
9  147  1  72
10  147  1  46
1  148  1  57
2  148  1  51
3  148  1  15
4  148  1  33
5  148  1  46
6  148  1  17
7  148  1  33
8  148  1  27
9  148  1  43
10  148  1  15
1  149  1  14
2  149  1  77
3  149  1  76
4  149  1  65
5  149  1  13
6  149  1  34
7  149  1  22
8  149  1  66
9  149  1  66
10  149  1  78
1  150  1  27
2  150  1  41
3  150  1  65
4  150  1  85
5  150  1  28
6  150  1  10
7  150  1  17
8  150  1  88
9  150  1  54
10  150  1  30
1  151  1  84
2  151  1  18
3  151  1  69
4  151  1  25
5  151  1  20
6  151  1  21
7  151  1  33
8  151  1  64
9  151  1  30
10  151  1  55
1  152  1  57
2  152  1  70
3  152  1  32
4  152  1  62
5  152  1  51
6  152  1  15
7  152  1  53
8  152  1  71
9  152  1  44
10  152  1  66
1  153  1  29
2  153  1  59
3  153  1  27
4  153  1  65
5  153  1  56
6  153  1  11
7  153  1  64
8  153  1  33
9  153  1  82
10  153  1  81
1  154  1  20
2  154  1  54
3  154  1  29
4  154  1  61
5  154  1  33
6  154  1  41
7  154  1  77
8  154  1  90
9  154  1  74
10  154  1  56
1  155  1  58
2  155  1  88
3  155  1  64
4  155  1  66
5  155  1  85
6  155  1  23
7  155  1  62
8  155  1  24
9  155  1  80
10  155  1  22
1  156  1  56
2  156  1  16
3  156  1  82
4  156  1  61
5  156  1  46
6  156  1  72
7  156  1  21
8  156  1  10
9  156  1  44
10  156  1  14
1  157  1  69
2  157  1  63
3  157  1  66
4  157  1  47
5  157  1  69
6  157  1  31
7  157  1  48
8  157  1  20
9  157  1  42
10  157  1  25
1  158  1  45
2  158  1  65
3  158  1  75
4  158  1  45
5  158  1  75
6  158  1  31
7  158  1  70
8  158  1  74
9  158  1  40
10  158  1  73
1  159  1  86
2  159  1  75
3  159  1  10
4  159  1  34
5  159  1  74
6  159  1  29
7  159  1  80
8  159  1  42
9  159  1  49
10  159  1  49
1  160  1  79
2  160  1  49
3  160  1  68
4  160  1  27
5  160  1  74
6  160  1  14
7  160  1  14
8  160  1  71
9  160  1  38
10  160  1  17
1  161  1  83
2  161  1  87
3  161  1  25
4  161  1  72
5  161  1  25
6  161  1  14
7  161  1  20
8  161  1  31
9  161  1  60
10  161  1  86
1  162  1  75
2  162  1  46
3  162  1  64
4  162  1  62
5  162  1  22
6  162  1  31
7  162  1  22
8  162  1  87
9  162  1  49
10  162  1  88
1  163  1  55
2  163  1  41
3  163  1  70
4  163  1  44
5  163  1  19
6  163  1  20
7  163  1  48
8  163  1  52
9  163  1  58
10  163  1  25
1  164  1  38
2  164  1  70
3  164  1  20
4  164  1  28
5  164  1  63
6  164  1  29
7  164  1  31
8  164  1  23
9  164  1  70
10  164  1  19
1  165  1  83
2  165  1  75
3  165  1  34
4  165  1  22
5  165  1  89
6  165  1  49
7  165  1  40
8  165  1  77
9  165  1  27
10  165  1  19
1  166  1  47
2  166  1  82
3  166  1  61
4  166  1  84
5  166  1  67
6  166  1  69
7  166  1  42
8  166  1  82
9  166  1  43
10  166  1  65
1  167  1  29
2  167  1  76
3  167  1  62
4  167  1  46
5  167  1  84
6  167  1  76
7  167  1  54
8  167  1  54
9  167  1  80
10  167  1  35
1  168  1  90
2  168  1  75
3  168  1  33
4  168  1  73
5  168  1  88
6  168  1  68
7  168  1  48
8  168  1  15
9  168  1  83
10  168  1  11
1  169  1  42
2  169  1  54
3  169  1  52
4  169  1  15
5  169  1  24
6  169  1  89
7  169  1  11
8  169  1  14
9  169  1  50
10  169  1  43
1  170  1  35
2  170  1  31
3  170  1  35
4  170  1  72
5  170  1  55
6  170  1  54
7  170  1  33
8  170  1  83
9  170  1  38
10  170  1  32
1  171  1  46
2  171  1  26
3  171  1  29
4  171  1  79
5  171  1  48
6  171  1  86
7  171  1  59
8  171  1  27
9  171  1  52
10  171  1  88
1  172  1  17
2  172  1  68
3  172  1  45
4  172  1  20
5  172  1  52
6  172  1  33
7  172  1  35
8  172  1  59
9  172  1  71
10  172  1  38
1  173  1  65
2  173  1  84
3  173  1  17
4  173  1  45
5  173  1  45
6  173  1  28
7  173  1  73
8  173  1  18
9  173  1  63
10  173  1  52
1  174  1  69
2  174  1  15
3  174  1  40
4  174  1  84
5  174  1  10
6  174  1  21
7  174  1  69
8  174  1  23
9  174  1  71
10  174  1  59
1  175  1  62
2  175  1  51
3  175  1  41
4  175  1  79
5  175  1  13
6  175  1  31
7  175  1  60
8  175  1  19
9  175  1  64
10  175  1  27
1  176  1  82
2  176  1  29
3  176  1  81
4  176  1  81
5  176  1  84
6  176  1  89
7  176  1  66
8  176  1  15
9  176  1  65
10  176  1  56
1  177  1  69
2  177  1  42
3  177  1  59
4  177  1  75
5  177  1  76
6  177  1  12
7  177  1  18
8  177  1  63
9  177  1  77
10  177  1  89
1  178  1  14
2  178  1  44
3  178  1  73
4  178  1  60
5  178  1  65
6  178  1  76
7  178  1  37
8  178  1  12
9  178  1  61
10  178  1  71
1  179  1  80
2  179  1  63
3  179  1  70
4  179  1  35
5  179  1  25
6  179  1  48
7  179  1  66
8  179  1  75
9  179  1  54
10  179  1  28
1  180  1  86
2  180  1  71
3  180  1  89
4  180  1  30
5  180  1  30
6  180  1  89
7  180  1  52
8  180  1  26
9  180  1  87
10  180  1  10
1  181  1  26
2  181  1  76
3  181  1  89
4  181  1  76
5  181  1  63
6  181  1  80
7  181  1  84
8  181  1  37
9  181  1  22
10  181  1  41
1  182  1  43
2  182  1  25
3  182  1  84
4  182  1  46
5  182  1  28
6  182  1  84
7  182  1  71
8  182  1  27
9  182  1  42
10  182  1  51
1  183  1  74
2  183  1  18
3  183  1  72
4  183  1  76
5  183  1  11
6  183  1  36
7  183  1  62
8  183  1  22
9  183  1  20
10  183  1  85
1  184  1  47
2  184  1  36
3  184  1  57
4  184  1  79
5  184  1  65
6  184  1  70
7  184  1  14
8  184  1  18
9  184  1  33
10  184  1  51
1  185  1  64
2  185  1  38
3  185  1  46
4  185  1  21
5  185  1  46
6  185  1  39
7  185  1  55
8  185  1  51
9  185  1  65
10  185  1  89
1  186  1  37
2  186  1  23
3  186  1  89
4  186  1  58
5  186  1  49
6  186  1  39
7  186  1  36
8  186  1  74
9  186  1  79
10  186  1  69
1  187  1  78
2  187  1  34
3  187  1  63
4  187  1  75
5  187  1  30
6  187  1  86
7  187  1  45
8  187  1  42
9  187  1  15
10  187  1  50
1  188  1  71
2  188  1  31
3  188  1  24
4  188  1  31
5  188  1  16
6  188  1  64
7  188  1  20
8  188  1  39
9  188  1  39
10  188  1  82
1  189  1  28
2  189  1  20
3  189  1  30
4  189  1  83
5  189  1  51
6  189  1  63
7  189  1  82
8  189  1  58
9  189  1  47
10  189  1  65
1  190  1  43
2  190  1  68
3  190  1  81
4  190  1  28
5  190  1  25
6  190  1  84
7  190  1  23
8  190  1  73
9  190  1  58
10  190  1  77
1  191  1  41
2  191  1  52
3  191  1  86
4  191  1  55
5  191  1  36
6  191  1  37
7  191  1  40
8  191  1  86
9  191  1  54
10  191  1  85
1  192  1  64
2  192  1  21
3  192  1  57
4  192  1  75
5  192  1  88
6  192  1  78
7  192  1  64
8  192  1  40
9  192  1  33
10  192  1  73
1  193  1  13
2  193  1  25
3  193  1  50
4  193  1  38
5  193  1  12
6  193  1  68
7  193  1  68
8  193  1  41
9  193  1  29
10  193  1  65
1  194  1  85
2  194  1  14
3  194  1  40
4  194  1  52
5  194  1  23
6  194  1  50
7  194  1  25
8  194  1  85
9  194  1  45
10  194  1  46
1  195  1  12
2  195  1  30
3  195  1  38
4  195  1  35
5  195  1  15
6  195  1  15
7  195  1  80
8  195  1  62
9  195  1  50
10  195  1  80
1  196  1  22
2  196  1  56
3  196  1  25
4  196  1  84
5  196  1  58
6  196  1  48
7  196  1  46
8  196  1  10
9  196  1  20
10  196  1  74
1  197  1  76
2  197  1  41
3  197  1  75
4  197  1  76
5  197  1  37
6  197  1  43
7  197  1  60
8  197  1  72
9  197  1  81
10  197  1  34
1  198  1  54
2  198  1  39
3  198  1  39
4  198  1  74
5  198  1  61
6  198  1  13
7  198  1  69
8  198  1  50
9  198  1  59
10  198  1  80
1  199  1  27
2  199  1  40
3  199  1  23
4  199  1  31
5  199  1  20
6  199  1  60
7  199  1  68
8  199  1  75
9  199  1  80
10  199  1  25
1  200  1  11
2  200  1  63
3  200  1  50
4  200  1  59
5  200  1  43
6  200  1  66
7  200  1  54
8  200  1  89
9  200  1  12
10  200  1  39
1  201  1  53
2  201  1  75
3  201  1  55
4  201  1  11
5  201  1  89
6  201  1  80
7  201  1  17
8  201  1  54
9  201  1  62
10  201  1  88
1  202  1  18
2  202  1  70
3  202  1  15
4  202  1  30
5  202  1  56
6  202  1  24
7  202  1  54
8  202  1  75
9  202  1  47
10  202  1  66
1  203  1  46
2  203  1  79
3  203  1  84
4  203  1  24
5  203  1  31
6  203  1  63
7  203  1  56
8  203  1  71
9  203  1  20
10  203  1  59
1  204  1  30
2  204  1  85
3  204  1  28
4  204  1  44
5  204  1  77
6  204  1  45
7  204  1  81
8  204  1  82
9  204  1  49
10  204  1  24
1  205  1  64
2  205  1  10
3  205  1  47
4  205  1  72
5  205  1  29
6  205  1  16
7  205  1  14
8  205  1  41
9  205  1  83
10  205  1  30
1  206  1  55
2  206  1  63
3  206  1  56
4  206  1  64
5  206  1  53
6  206  1  76
7  206  1  25
8  206  1  64
9  206  1  27
10  206  1  45
1  207  1  78
2  207  1  72
3  207  1  61
4  207  1  84
5  207  1  75
6  207  1  84
7  207  1  90
8  207  1  20
9  207  1  19
10  207  1  60
1  208  1  79
2  208  1  47
3  208  1  33
4  208  1  50
5  208  1  69
6  208  1  76
7  208  1  78
8  208  1  35
9  208  1  82
10  208  1  47
1  209  1  81
2  209  1  35
3  209  1  83
4  209  1  23
5  209  1  40
6  209  1  38
7  209  1  15
8  209  1  43
9  209  1  37
10  209  1  37
1  210  1  67
2  210  1  16
3  210  1  75
4  210  1  70
5  210  1  62
6  210  1  14
7  210  1  76
8  210  1  76
9  210  1  50
10  210  1  85
1  211  1  77
2  211  1  60
3  211  1  51
4  211  1  66
5  211  1  76
6  211  1  72
7  211  1  32
8  211  1  87
9  211  1  39
10  211  1  36
1  212  1  74
2  212  1  90
3  212  1  77
4  212  1  53
5  212  1  71
6  212  1  12
7  212  1  47
8  212  1  82
9  212  1  66
10  212  1  82
1  213  1  36
2  213  1  70
3  213  1  10
4  213  1  14
5  213  1  83
6  213  1  76
7  213  1  12
8  213  1  45
9  213  1  27
10  213  1  29
1  214  1  22
2  214  1  41
3  214  1  29
4  214  1  30
5  214  1  76
6  214  1  70
7  214  1  45
8  214  1  45
9  214  1  18
10  214  1  61
1  215  1  41
2  215  1  17
3  215  1  44
4  215  1  62
5  215  1  31
6  215  1  47
7  215  1  50
8  215  1  36
9  215  1  80
10  215  1  70
1  216  1  66
2  216  1  53
3  216  1  84
4  216  1  28
5  216  1  26
6  216  1  23
7  216  1  54
8  216  1  55
9  216  1  47
10  216  1  56
1  217  1  27
2  217  1  42
3  217  1  38
4  217  1  47
5  217  1  71
6  217  1  57
7  217  1  39
8  217  1  50
9  217  1  83
10  217  1  31
1  218  1  60
2  218  1  55
3  218  1  54
4  218  1  38
5  218  1  14
6  218  1  75
7  218  1  51
8  218  1  34
9  218  1  14
10  218  1  68
1  219  1  20
2  219  1  32
3  219  1  87
4  219  1  11
5  219  1  85
6  219  1  51
7  219  1  34
8  219  1  15
9  219  1  28
10  219  1  18
1  220  1  51
2  220  1  56
3  220  1  35
4  220  1  47
5  220  1  80
6  220  1  48
7  220  1  64
8  220  1  50
9  220  1  47
10  220  1  38
1  221  1  85
2  221  1  60
3  221  1  57
4  221  1  20
5  221  1  40
6  221  1  11
7  221  1  41
8  221  1  30
9  221  1  23
10  221  1  68
1  222  1  85
2  222  1  39
3  222  1  52
4  222  1  82
5  222  1  56
6  222  1  28
7  222  1  39
8  222  1  57
9  222  1  39
10  222  1  15
1  223  1  64
2  223  1  22
3  223  1  49
4  223  1  54
5  223  1  71
6  223  1  64
7  223  1  79
8  223  1  13
9  223  1  90
10  223  1  31
1  224  1  14
2  224  1  75
3  224  1  16
4  224  1  16
5  224  1  68
6  224  1  24
7  224  1  88
8  224  1  87
9  224  1  83
10  224  1  19
1  225  1  77
2  225  1  40
3  225  1  43
4  225  1  37
5  225  1  57
6  225  1  14
7  225  1  54
8  225  1  86
9  225  1  39
10  225  1  15
1  226  1  43
2  226  1  18
3  226  1  62
4  226  1  81
5  226  1  21
6  226  1  72
7  226  1  20
8  226  1  15
9  226  1  30
10  226  1  35
1  227  1  13
2  227  1  48
3  227  1  76
4  227  1  30
5  227  1  65
6  227  1  11
7  227  1  70
8  227  1  16
9  227  1  10
10  227  1  86
1  228  1  39
2  228  1  69
3  228  1  87
4  228  1  78
5  228  1  69
6  228  1  44
7  228  1  36
8  228  1  68
9  228  1  33
10  228  1  43
1  229  1  10
2  229  1  25
3  229  1  49
4  229  1  75
5  229  1  65
6  229  1  66
7  229  1  73
8  229  1  88
9  229  1  12
10  229  1  23
1  230  1  33
2  230  1  44
3  230  1  56
4  230  1  38
5  230  1  34
6  230  1  24
7  230  1  70
8  230  1  43
9  230  1  40
10  230  1  44
1  231  1  72
2  231  1  56
3  231  1  40
4  231  1  73
5  231  1  64
6  231  1  79
7  231  1  57
8  231  1  64
9  231  1  25
10  231  1  42
1  232  1  21
2  232  1  11
3  232  1  86
4  232  1  55
5  232  1  72
6  232  1  81
7  232  1  50
8  232  1  72
9  232  1  43
10  232  1  22
1  233  1  22
2  233  1  59
3  233  1  23
4  233  1  71
5  233  1  68
6  233  1  64
7  233  1  21
8  233  1  73
9  233  1  57
10  233  1  83
1  234  1  87
2  234  1  73
3  234  1  30
4  234  1  49
5  234  1  25
6  234  1  26
7  234  1  47
8  234  1  69
9  234  1  78
10  234  1  24
1  235  1  59
2  235  1  69
3  235  1  67
4  235  1  59
5  235  1  23
6  235  1  53
7  235  1  34
8  235  1  58
9  235  1  59
10  235  1  36
1  236  1  17
2  236  1  87
3  236  1  62
4  236  1  80
5  236  1  50
6  236  1  26
7  236  1  12
8  236  1  63
9  236  1  56
10  236  1  35
1  237  1  75
2  237  1  30
3  237  1  10
4  237  1  18
5  237  1  33
6  237  1  41
7  237  1  36
8  237  1  87
9  237  1  78
10  237  1  32
1  238  1  55
2  238  1  36
3  238  1  32
4  238  1  61
5  238  1  46
6  238  1  33
7  238  1  82
8  238  1  76
9  238  1  87
10  238  1  16
1  239  1  89
2  239  1  56
3  239  1  82
4  239  1  64
5  239  1  25
6  239  1  40
7  239  1  19
8  239  1  57
9  239  1  72
10  239  1  33
1  240  1  40
2  240  1  29
3  240  1  60
4  240  1  85
5  240  1  88
6  240  1  20
7  240  1  71
8  240  1  63
9  240  1  87
10  240  1  38
1  241  1  84
2  241  1  10
3  241  1  51
4  241  1  36
5  241  1  62
6  241  1  35
7  241  1  74
8  241  1  84
9  241  1  19
10  241  1  12
1  242  1  48
2  242  1  19
3  242  1  68
4  242  1  20
5  242  1  90
6  242  1  30
7  242  1  21
8  242  1  60
9  242  1  70
10  242  1  14
1  243  1  31
2  243  1  35
3  243  1  24
4  243  1  10
5  243  1  83
6  243  1  34
7  243  1  69
8  243  1  26
9  243  1  86
10  243  1  36
1  244  1  39
2  244  1  33
3  244  1  73
4  244  1  27
5  244  1  67
6  244  1  76
7  244  1  79
8  244  1  78
9  244  1  47
10  244  1  55
1  245  1  43
2  245  1  87
3  245  1  35
4  245  1  31
5  245  1  50
6  245  1  30
7  245  1  44
8  245  1  53
9  245  1  73
10  245  1  43
1  246  1  41
2  246  1  49
3  246  1  90
4  246  1  59
5  246  1  63
6  246  1  60
7  246  1  63
8  246  1  46
9  246  1  12
10  246  1  59
1  247  1  85
2  247  1  64
3  247  1  79
4  247  1  40
5  247  1  35
6  247  1  51
7  247  1  29
8  247  1  20
9  247  1  72
10  247  1  13
1  248  1  24
2  248  1  32
3  248  1  12
4  248  1  79
5  248  1  38
6  248  1  11
7  248  1  72
8  248  1  52
9  248  1  86
10  248  1  28
1  249  1  86
2  249  1  54
3  249  1  78
4  249  1  15
5  249  1  14
6  249  1  51
7  249  1  11
8  249  1  60
9  249  1  39
10  249  1  52
1  250  1  71
2  250  1  37
3  250  1  61
4  250  1  47
5  250  1  59
6  250  1  39
7  250  1  60
8  250  1  25
9  250  1  26
10  250  1  87
1  1  2  21.75
2  1  2  35.14
3  1  2  8.66
4  1  2  2.52
5  1  2  7.59
6  1  2  10.33
7  1  2  19.68
8  1  2  15.35
9  1  2  61.28
10  1  2  13.60
1  2  2  32.38
2  2  2  23.68
3  2  2  21.34
4  2  2  8.29
5  2  2  17.52
6  2  2  27.37
7  2  2  19.12
8  2  2  34.53
9  2  2  13.97
10  2  2  8.43
1  3  2  20.22
2  3  2  31.18
3  3  2  28.27
4  3  2  13.29
5  3  2  54.36
6  3  2  12.76
7  3  2  24.40
8  3  2  28.27
9  3  2  11.09
10  3  2  15.25
1  4  2  22.25
2  4  2  59.47
3  4  2  30.21
4  4  2  29.58
5  4  2  28.69
6  4  2  14.16
7  4  2  7.58
8  4  2  33.01
9  4  2  5.01
10  4  2  37.27
1  5  2  23.45
2  5  2  26.12
3  5  2  17.89
4  5  2  65.34
5  5  2  11.33
6  5  2  25.11
7  5  2  27.77
8  5  2  17.14
9  5  2  23.36
10  5  2  63.03
1  6  2  37.73
2  6  2  23.50
3  6  2  16.63
4  6  2  47.09
5  6  2  18.88
6  6  2  20.10
7  6  2  28.05
8  6  2  51.29
9  6  2  60.55
10  6  2  37.20
1  7  2  21.24
2  7  2  63.40
3  7  2  6.47
4  7  2  18.79
5  7  2  56.54
6  7  2  3.47
7  7  2  25.20
8  7  2  6.42
9  7  2  33.53
10  7  2  6.20
1  8  2  54.86
2  8  2  16.65
3  8  2  26.66
4  8  2  39.78
5  8  2  68.53
6  8  2  23.04
7  8  2  8.55
8  8  2  31.94
9  8  2  22.24
10  8  2  7.98
1  9  2  16.58
2  9  2  17.26
3  9  2  28.97
4  9  2  42.62
5  9  2  9.39
6  9  2  11.82
7  9  2  28.64
8  9  2  32.90
9  9  2  7.96
10  9  2  38.67
1  10  2  10.16
2  10  2  13.56
3  10  2  35.91
4  10  2  57.24
5  10  2  40.72
6  10  2  10.45
7  10  2  8.97
8  10  2  39.70
9  10  2  21.31
10  10  2  35.44
1  11  2  18.38
2  11  2  17.52
3  11  2  8.55
4  11  2  16.13
5  11  2  12.97
6  11  2  41.07
7  11  2  9.48
8  11  2  49.34
9  11  2  37.16
10  11  2  52.90
1  12  2  19.92
2  12  2  20.47
3  12  2  31.23
4  12  2  7.23
5  12  2  32.59
6  12  2  47.47
7  12  2  12.73
8  12  2  32.43
9  12  2  46.28
10  12  2  35.20
1  13  2  28.99
2  13  2  15.16
3  13  2  20.09
4  13  2  3.29
5  13  2  35.11
6  13  2  38.07
7  13  2  28.89
8  13  2  48.53
9  13  2  38.19
10  13  2  42.13
1  14  2  3.69
2  14  2  19.70
3  14  2  9.65
4  14  2  19.34
5  14  2  56.43
6  14  2  26.68
7  14  2  6.05
8  14  2  15.77
9  14  2  17.48
10  14  2  30.06
1  15  2  21.30
2  15  2  41.17
3  15  2  19.85
4  15  2  15.18
5  15  2  10.21
6  15  2  14.89
7  15  2  34.67
8  15  2  16.75
9  15  2  22.28
10  15  2  53.64
1  16  2  5.28
2  16  2  9.14
3  16  2  17.94
4  16  2  12.38
5  16  2  12.85
6  16  2  7.09
7  16  2  14.65
8  16  2  17.61
9  16  2  19.21
10  16  2  17.98
1  17  2  21.73
2  17  2  29.27
3  17  2  47.32
4  17  2  14.09
5  17  2  33.13
6  17  2  58.61
7  17  2  28.02
8  17  2  19.43
9  17  2  29.23
10  17  2  25.48
1  18  2  33.41
2  18  2  12.37
3  18  2  19.77
4  18  2  3.83
5  18  2  31.54
6  18  2  61.39
7  18  2  11.22
8  18  2  20.85
9  18  2  15.09
10  18  2  42.93
1  19  2  9.34
2  19  2  22.89
3  19  2  43.50
4  19  2  26.97
5  19  2  14.50
6  19  2  15.17
7  19  2  18.05
8  19  2  30.97
9  19  2  43.57
10  19  2  20.70
1  20  2  20.11
2  20  2  27.45
3  20  2  32.09
4  20  2  40.50
5  20  2  6.66
6  20  2  9.20
7  20  2  15.52
8  20  2  20.61
9  20  2  36.80
10  20  2  50.47
1  21  2  36.73
2  21  2  17.68
3  21  2  56.53
4  21  2  32.28
5  21  2  30.55
6  21  2  22.80
7  21  2  44.85
8  21  2  13.66
9  21  2  23.13
10  21  2  35.93
1  22  2  23.28
2  22  2  11.70
3  22  2  29.05
4  22  2  22.66
5  22  2  31.87
6  22  2  38.42
7  22  2  15.17
8  22  2  6.04
9  22  2  5.94
10  22  2  7.08
1  23  2  63.99
2  23  2  20.85
3  23  2  12.98
4  23  2  45.79
5  23  2  30.56
6  23  2  11.46
7  23  2  2.72
8  23  2  16.40
9  23  2  23.31
10  23  2  9.85
1  24  2  11.20
2  24  2  7.58
3  24  2  32.64
4  24  2  54.01
5  24  2  23.96
6  24  2  9.63
7  24  2  6.35
8  24  2  18.63
9  24  2  5.80
10  24  2  10.76
1  25  2  9.78
2  25  2  16.44
3  25  2  16.72
4  25  2  25.71
5  25  2  3.53
6  25  2  23.71
7  25  2  8.28
8  25  2  16.69
9  25  2  30.71
10  25  2  16.42
1  26  2  15.79
2  26  2  25.34
3  26  2  50.57
4  26  2  20.56
5  26  2  44.48
6  26  2  23.85
7  26  2  5.71
8  26  2  18.54
9  26  2  12.18
10  26  2  45.65
1  27  2  17.30
2  27  2  20.98
3  27  2  41.82
4  27  2  12.20
5  27  2  32.27
6  27  2  27.39
7  27  2  7.08
8  27  2  23.32
9  27  2  45.19
10  27  2  19.18
1  28  2  14.82
2  28  2  35.69
3  28  2  3.62
4  28  2  10.96
5  28  2  9.74
6  28  2  24.12
7  28  2  8.59
8  28  2  10.21
9  28  2  48.69
10  28  2  33.84
1  29  2  28.95
2  29  2  22.39
3  29  2  69.01
4  29  2  36.30
5  29  2  17.78
6  29  2  7.78
7  29  2  27.54
8  29  2  15.54
9  29  2  3.42
10  29  2  32.42
1  30  2  36.54
2  30  2  49.84
3  30  2  19.70
4  30  2  14.71
5  30  2  18.75
6  30  2  8.34
7  30  2  34.17
8  30  2  3.37
9  30  2  39.74
10  30  2  31.27
1  31  2  22.72
2  31  2  31.94
3  31  2  5.65
4  31  2  23.04
5  31  2  54.98
6  31  2  39.31
7  31  2  19.88
8  31  2  19.45
9  31  2  42.94
10  31  2  11.99
1  32  2  10.82
2  32  2  42.39
3  32  2  14.59
4  32  2  25.66
5  32  2  41.29
6  32  2  17.83
7  32  2  8.67
8  32  2  29.17
9  32  2  24.33
10  32  2  20.26
1  33  2  10.01
2  33  2  6.21
3  33  2  15.72
4  33  2  15.20
5  33  2  4.79
6  33  2  26.37
7  33  2  12.36
8  33  2  39.86
9  33  2  5.68
10  33  2  30.76
1  34  2  16.78
2  34  2  31.21
3  34  2  6.00
4  34  2  7.61
5  34  2  36.78
6  34  2  14.09
7  34  2  3.70
8  34  2  23.42
9  34  2  43.16
10  34  2  11.39
1  35  2  37.97
2  35  2  27.75
3  35  2  10.21
4  35  2  40.97
5  35  2  14.04
6  35  2  43.09
7  35  2  35.35
8  35  2  8.64
9  35  2  26.48
10  35  2  8.95
1  36  2  43.39
2  36  2  8.27
3  36  2  49.68
4  36  2  24.87
5  36  2  46.45
6  36  2  17.25
7  36  2  6.44
8  36  2  40.04
9  36  2  14.75
10  36  2  31.98
1  37  2  22.68
2  37  2  4.31
3  37  2  12.00
4  37  2  38.51
5  37  2  15.07
6  37  2  17.77
7  37  2  34.65
8  37  2  35.94
9  37  2  56.35
10  37  2  18.80
1  38  2  11.71
2  38  2  31.58
3  38  2  8.61
4  38  2  4.95
5  38  2  35.95
6  38  2  27.85
7  38  2  63.81
8  38  2  51.81
9  38  2  44.37
10  38  2  9.87
1  39  2  64.53
2  39  2  27.53
3  39  2  9.81
4  39  2  25.17
5  39  2  6.48
6  39  2  32.00
7  39  2  46.23
8  39  2  27.71
9  39  2  20.16
10  39  2  11.32
1  40  2  22.02
2  40  2  6.70
3  40  2  8.12
4  40  2  38.05
5  40  2  5.40
6  40  2  33.83
7  40  2  30.57
8  40  2  21.71
9  40  2  24.27
10  40  2  15.82
1  41  2  28.01
2  41  2  15.86
3  41  2  8.20
4  41  2  7.02
5  41  2  12.62
6  41  2  24.32
7  41  2  35.94
8  41  2  22.66
9  41  2  17.70
10  41  2  65.02
1  42  2  52.98
2  42  2  17.91
3  42  2  10.83
4  42  2  32.25
5  42  2  22.94
6  42  2  9.97
7  42  2  59.67
8  42  2  24.63
9  42  2  30.01
10  42  2  37.58
1  43  2  22.51
2  43  2  38.85
3  43  2  10.56
4  43  2  42.54
5  43  2  26.59
6  43  2  33.95
7  43  2  20.59
8  43  2  45.06
9  43  2  15.89
10  43  2  11.07
1  44  2  24.02
2  44  2  25.75
3  44  2  23.07
4  44  2  11.27
5  44  2  8.95
6  44  2  11.94
7  44  2  24.48
8  44  2  22.26
9  44  2  25.97
10  44  2  25.34
1  45  2  7.46
2  45  2  46.46
3  45  2  60.55
4  45  2  22.85
5  45  2  16.29
6  45  2  5.84
7  45  2  4.05
8  45  2  15.82
9  45  2  16.40
10  45  2  27.12
1  46  2  29.81
2  46  2  45.95
3  46  2  26.38
4  46  2  7.41
5  46  2  39.55
6  46  2  8.45
7  46  2  33.74
8  46  2  13.11
9  46  2  10.52
10  46  2  38.79
1  47  2  23.31
2  47  2  32.26
3  47  2  41.89
4  47  2  38.64
5  47  2  18.77
6  47  2  31.49
7  47  2  30.18
8  47  2  25.61
9  47  2  15.59
10  47  2  16.76
1  48  2  6.27
2  48  2  17.07
3  48  2  41.60
4  48  2  7.94
5  48  2  15.61
6  48  2  10.92
7  48  2  12.64
8  48  2  41.17
9  48  2  35.46
10  48  2  33.78
1  49  2  36.41
2  49  2  52.76
3  49  2  6.71
4  49  2  18.06
5  49  2  5.80
6  49  2  21.73
7  49  2  14.98
8  49  2  17.04
9  49  2  16.32
10  49  2  61.76
1  50  2  13.32
2  50  2  37.68
3  50  2  28.07
4  50  2  2.60
5  50  2  21.19
6  50  2  11.76
7  50  2  51.41
8  50  2  35.61
9  50  2  33.45
10  50  2  34.07
1  51  2  14.29
2  51  2  34.03
3  51  2  47.56
4  51  2  9.38
5  51  2  20.42
6  51  2  41.67
7  51  2  15.22
8  51  2  22.56
9  51  2  20.00
10  51  2  18.95
1  52  2  11.56
2  52  2  46.69
3  52  2  20.19
4  52  2  24.84
5  52  2  5.08
6  52  2  17.94
7  52  2  14.07
8  52  2  12.24
9  52  2  29.80
10  52  2  13.41
1  53  2  23.29
2  53  2  25.10
3  53  2  17.99
4  53  2  19.09
5  53  2  13.19
6  53  2  9.00
7  53  2  38.73
8  53  2  71.68
9  53  2  55.78
10  53  2  16.01
1  54  2  15.62
2  54  2  15.82
3  54  2  42.20
4  54  2  9.34
5  54  2  9.22
6  54  2  27.05
7  54  2  4.45
8  54  2  32.18
9  54  2  14.04
10  54  2  7.71
1  55  2  12.80
2  55  2  9.20
3  55  2  40.46
4  55  2  6.14
5  55  2  14.92
6  55  2  45.83
7  55  2  22.03
8  55  2  21.52
9  55  2  48.71
10  55  2  18.39
1  56  2  5.06
2  56  2  4.88
3  56  2  21.10
4  56  2  43.15
5  56  2  14.42
6  56  2  17.21
7  56  2  38.92
8  56  2  16.03
9  56  2  22.02
10  56  2  42.23
1  57  2  33.39
2  57  2  45.23
3  57  2  20.50
4  57  2  56.54
5  57  2  17.14
6  57  2  34.78
7  57  2  26.50
8  57  2  8.98
9  57  2  43.75
10  57  2  26.65
1  58  2  28.89
2  58  2  15.04
3  58  2  24.14
4  58  2  7.00
5  58  2  23.57
6  58  2  24.24
7  58  2  18.01
8  58  2  20.44
9  58  2  43.51
10  58  2  24.99
1  59  2  18.80
2  59  2  9.18
3  59  2  11.73
4  59  2  5.15
5  59  2  15.78
6  59  2  18.55
7  59  2  15.07
8  59  2  19.52
9  59  2  38.21
10  59  2  18.70
1  60  2  7.62
2  60  2  60.36
3  60  2  46.18
4  60  2  28.87
5  60  2  28.77
6  60  2  6.85
7  60  2  48.76
8  60  2  11.05
9  60  2  17.87
10  60  2  10.33
1  61  2  24.20
2  61  2  50.21
3  61  2  21.91
4  61  2  42.24
5  61  2  52.58
6  61  2  13.01
7  61  2  38.82
8  61  2  28.14
9  61  2  28.11
10  61  2  8.00
1  62  2  19.46
2  62  2  61.18
3  62  2  34.36
4  62  2  5.56
5  62  2  18.64
6  62  2  40.50
7  62  2  69.41
8  62  2  9.49
9  62  2  26.74
10  62  2  36.10
1  63  2  23.34
2  63  2  10.98
3  63  2  38.44
4  63  2  7.74
5  63  2  25.35
6  63  2  26.09
7  63  2  19.23
8  63  2  8.25
9  63  2  63.11
10  63  2  20.61
1  64  2  5.47
2  64  2  7.91
3  64  2  23.03
4  64  2  47.60
5  64  2  35.54
6  64  2  38.20
7  64  2  31.57
8  64  2  7.62
9  64  2  13.41
10  64  2  25.36
1  65  2  34.59
2  65  2  15.35
3  65  2  33.94
4  65  2  8.74
5  65  2  7.64
6  65  2  39.54
7  65  2  15.02
8  65  2  23.61
9  65  2  18.10
10  65  2  12.02
1  66  2  14.45
2  66  2  10.79
3  66  2  12.98
4  66  2  27.67
5  66  2  21.25
6  66  2  21.95
7  66  2  31.62
8  66  2  29.20
9  66  2  5.04
10  66  2  18.54
1  67  2  18.26
2  67  2  46.15
3  67  2  40.72
4  67  2  28.93
5  67  2  29.39
6  67  2  43.11
7  67  2  22.09
8  67  2  17.11
9  67  2  40.31
10  67  2  21.54
1  68  2  34.37
2  68  2  15.94
3  68  2  41.99
4  68  2  32.02
5  68  2  26.40
6  68  2  19.71
7  68  2  59.52
8  68  2  30.94
9  68  2  18.26
10  68  2  17.99
1  69  2  31.29
2  69  2  32.48
3  69  2  16.83
4  69  2  13.54
5  69  2  13.48
6  69  2  45.40
7  69  2  14.36
8  69  2  7.02
9  69  2  17.16
10  69  2  44.85
1  70  2  29.09
2  70  2  23.89
3  70  2  10.56
4  70  2  33.00
5  70  2  42.56
6  70  2  7.81
7  70  2  12.24
8  70  2  56.46
9  70  2  25.76
10  70  2  31.64
1  71  2  16.80
2  71  2  10.16
3  71  2  38.54
4  71  2  10.90
5  71  2  60.85
6  71  2  44.62
7  71  2  6.82
8  71  2  44.91
9  71  2  22.57
10  71  2  17.89
1  72  2  18.75
2  72  2  20.28
3  72  2  29.28
4  72  2  21.45
5  72  2  11.98
6  72  2  6.69
7  72  2  43.66
8  72  2  47.20
9  72  2  10.55
10  72  2  23.29
1  73  2  46.70
2  73  2  40.32
3  73  2  7.71
4  73  2  38.03
5  73  2  57.19
6  73  2  25.14
7  73  2  8.63
8  73  2  62.21
9  73  2  71.96
10  73  2  14.85
1  74  2  23.11
2  74  2  13.32
3  74  2  60.88
4  74  2  24.41
5  74  2  17.60
6  74  2  12.47
7  74  2  4.61
8  74  2  6.18
9  74  2  9.60
10  74  2  36.78
1  75  2  24.27
2  75  2  15.94
3  75  2  28.43
4  75  2  24.14
5  75  2  19.75
6  75  2  25.38
7  75  2  42.96
8  75  2  7.93
9  75  2  20.26
10  75  2  54.12
1  76  2  19.70
2  76  2  23.25
3  76  2  71.86
4  76  2  52.79
5  76  2  19.37
6  76  2  9.86
7  76  2  31.60
8  76  2  13.78
9  76  2  7.37
10  76  2  4.07
1  77  2  30.05
2  77  2  8.91
3  77  2  16.78
4  77  2  3.07
5  77  2  23.99
6  77  2  4.22
7  77  2  14.50
8  77  2  14.70
9  77  2  30.50
10  77  2  21.77
1  78  2  39.80
2  78  2  19.10
3  78  2  7.57
4  78  2  38.06
5  78  2  61.66
6  78  2  21.06
7  78  2  18.47
8  78  2  17.29
9  78  2  62.22
10  78  2  21.06
1  79  2  5.11
2  79  2  15.06
3  79  2  33.13
4  79  2  37.91
5  79  2  19.02
6  79  2  35.49
7  79  2  13.90
8  79  2  5.37
9  79  2  13.80
10  79  2  44.39
1  80  2  30.05
2  80  2  13.07
3  80  2  5.41
4  80  2  4.09
5  80  2  8.92
6  80  2  48.59
7  80  2  8.65
8  80  2  46.88
9  80  2  21.56
10  80  2  18.97
1  81  2  5.24
2  81  2  9.71
3  81  2  10.06
4  81  2  23.04
5  81  2  54.42
6  81  2  24.17
7  81  2  11.83
8  81  2  7.36
9  81  2  34.41
10  81  2  52.50
1  82  2  51.34
2  82  2  49.97
3  82  2  39.83
4  82  2  5.31
5  82  2  62.18
6  82  2  34.73
7  82  2  18.26
8  82  2  14.64
9  82  2  10.37
10  82  2  33.10
1  83  2  18.35
2  83  2  23.38
3  83  2  10.68
4  83  2  44.67
5  83  2  47.00
6  83  2  60.87
7  83  2  30.64
8  83  2  13.40
9  83  2  38.78
10  83  2  17.44
1  84  2  3.57
2  84  2  56.16
3  84  2  10.82
4  84  2  19.18
5  84  2  7.21
6  84  2  29.14
7  84  2  18.23
8  84  2  11.20
9  84  2  11.85
10  84  2  24.36
1  85  2  15.32
2  85  2  17.21
3  85  2  15.06
4  85  2  26.63
5  85  2  34.94
6  85  2  26.14
7  85  2  51.50
8  85  2  42.78
9  85  2  8.85
10  85  2  11.67
1  86  2  24.14
2  86  2  18.74
3  86  2  43.66
4  86  2  25.43
5  86  2  7.95
6  86  2  16.26
7  86  2  6.31
8  86  2  16.65
9  86  2  38.13
10  86  2  27.11
1  87  2  14.91
2  87  2  10.11
3  87  2  15.67
4  87  2  23.31
5  87  2  15.94
6  87  2  8.81
7  87  2  55.37
8  87  2  24.10
9  87  2  6.76
10  87  2  24.82
1  88  2  7.09
2  88  2  9.41
3  88  2  44.45
4  88  2  26.06
5  88  2  46.19
6  88  2  27.84
7  88  2  13.53
8  88  2  24.23
9  88  2  22.42
10  88  2  17.36
1  89  2  28.52
2  89  2  20.53
3  89  2  38.39
4  89  2  57.05
5  89  2  6.79
6  89  2  42.11
7  89  2  7.12
8  89  2  23.52
9  89  2  50.48
10  89  2  7.91
1  90  2  27.05
2  90  2  16.83
3  90  2  57.18
4  90  2  62.35
5  90  2  20.56
6  90  2  5.22
7  90  2  36.84
8  90  2  61.56
9  90  2  23.22
10  90  2  26.84
1  91  2  15.20
2  91  2  8.15
3  91  2  14.22
4  91  2  35.57
5  91  2  35.35
6  91  2  9.83
7  91  2  32.67
8  91  2  13.12
9  91  2  16.31
10  91  2  30.72
1  92  2  2.88
2  92  2  25.11
3  92  2  26.60
4  92  2  4.20
5  92  2  33.53
6  92  2  29.20
7  92  2  33.32
8  92  2  5.63
9  92  2  21.54
10  92  2  58.17
1  93  2  5.95
2  93  2  9.38
3  93  2  9.29
4  93  2  32.43
5  93  2  7.99
6  93  2  16.19
7  93  2  7.13
8  93  2  4.85
9  93  2  9.29
10  93  2  18.64
1  94  2  19.31
2  94  2  8.34
3  94  2  11.05
4  94  2  59.19
5  94  2  21.36
6  94  2  21.93
7  94  2  32.20
8  94  2  52.83
9  94  2  8.53
10  94  2  15.53
1  95  2  44.34
2  95  2  5.36
3  95  2  13.19
4  95  2  23.32
5  95  2  38.22
6  95  2  24.46
7  95  2  8.33
8  95  2  42.50
9  95  2  32.15
10  95  2  5.04
1  96  2  9.54
2  96  2  49.09
3  96  2  9.74
4  96  2  29.07
5  96  2  19.40
6  96  2  14.31
7  96  2  12.28
8  96  2  22.75
9  96  2  22.34
10  96  2  12.90
1  97  2  10.05
2  97  2  41.01
3  97  2  16.56
4  97  2  19.22
5  97  2  64.60
6  97  2  35.05
7  97  2  10.32
8  97  2  13.13
9  97  2  32.94
10  97  2  10.98
1  98  2  54.68
2  98  2  22.32
3  98  2  26.13
4  98  2  49.99
5  98  2  28.49
6  98  2  11.07
7  98  2  54.12
8  98  2  33.44
9  98  2  58.33
10  98  2  28.35
1  99  2  49.19
2  99  2  34.38
3  99  2  7.91
4  99  2  8.99
5  99  2  5.53
6  99  2  44.27
7  99  2  18.21
8  99  2  26.90
9  99  2  48.49
10  99  2  6.32
1  100  2  32.43
2  100  2  18.42
3  100  2  14.29
4  100  2  16.82
5  100  2  44.76
6  100  2  19.69
7  100  2  38.87
8  100  2  33.30
9  100  2  43.39
10  100  2  49.18
1  101  2  43.97
2  101  2  16.19
3  101  2  12.40
4  101  2  17.69
5  101  2  40.50
6  101  2  17.73
7  101  2  28.77
8  101  2  27.94
9  101  2  45.92
10  101  2  7.11
1  102  2  48.41
2  102  2  23.21
3  102  2  2.64
4  102  2  31.37
5  102  2  7.09
6  102  2  14.83
7  102  2  34.95
8  102  2  24.37
9  102  2  4.76
10  102  2  27.22
1  103  2  49.55
2  103  2  52.05
3  103  2  47.88
4  103  2  29.07
5  103  2  33.69
6  103  2  21.75
7  103  2  53.07
8  103  2  9.02
9  103  2  10.72
10  103  2  30.97
1  104  2  3.62
2  104  2  56.33
3  104  2  12.63
4  104  2  25.38
5  104  2  43.82
6  104  2  6.43
7  104  2  22.17
8  104  2  8.27
9  104  2  20.09
10  104  2  9.27
1  105  2  41.22
2  105  2  24.23
3  105  2  28.74
4  105  2  27.13
5  105  2  7.62
6  105  2  12.03
7  105  2  53.45
8  105  2  11.46
9  105  2  13.51
10  105  2  11.04
1  106  2  37.93
2  106  2  19.31
3  106  2  16.17
4  106  2  27.34
5  106  2  59.07
6  106  2  5.60
7  106  2  24.00
8  106  2  19.30
9  106  2  7.28
10  106  2  22.42
1  107  2  42.72
2  107  2  23.45
3  107  2  7.92
4  107  2  20.50
5  107  2  6.10
6  107  2  28.08
7  107  2  11.96
8  107  2  64.61
9  107  2  38.02
10  107  2  16.50
1  108  2  18.80
2  108  2  12.95
3  108  2  47.96
4  108  2  19.10
5  108  2  17.77
6  108  2  9.31
7  108  2  26.53
8  108  2  18.53
9  108  2  20.39
10  108  2  23.35
1  109  2  7.00
2  109  2  19.07
3  109  2  32.26
4  109  2  25.45
5  109  2  18.44
6  109  2  6.69
7  109  2  11.11
8  109  2  52.46
9  109  2  7.06
10  109  2  19.16
1  110  2  14.92
2  110  2  38.76
3  110  2  25.52
4  110  2  62.53
5  110  2  16.36
6  110  2  13.89
7  110  2  12.65
8  110  2  18.96
9  110  2  41.77
10  110  2  22.52
1  111  2  20.32
2  111  2  67.75
3  111  2  35.24
4  111  2  13.17
5  111  2  50.10
6  111  2  12.73
7  111  2  9.05
8  111  2  7.84
9  111  2  18.84
10  111  2  15.84
1  112  2  17.92
2  112  2  12.37
3  112  2  52.42
4  112  2  25.69
5  112  2  16.67
6  112  2  27.81
7  112  2  22.46
8  112  2  15.01
9  112  2  7.52
10  112  2  38.74
1  113  2  23.60
2  113  2  9.68
3  113  2  45.07
4  113  2  47.17
5  113  2  26.56
6  113  2  13.31
7  113  2  39.89
8  113  2  45.33
9  113  2  3.24
10  113  2  43.26
1  114  2  6.22
2  114  2  7.70
3  114  2  38.15
4  114  2  35.15
5  114  2  7.24
6  114  2  36.57
7  114  2  60.00
8  114  2  34.75
9  114  2  15.74
10  114  2  2.75
1  115  2  26.70
2  115  2  7.74
3  115  2  14.59
4  115  2  14.46
5  115  2  24.16
6  115  2  38.47
7  115  2  45.94
8  115  2  50.78
9  115  2  45.90
10  115  2  11.57
1  116  2  29.07
2  116  2  6.47
3  116  2  25.94
4  116  2  7.61
5  116  2  14.62
6  116  2  12.23
7  116  2  5.96
8  116  2  27.94
9  116  2  17.85
10  116  2  29.51
1  117  2  11.92
2  117  2  20.79
3  117  2  16.41
4  117  2  10.32
5  117  2  14.36
6  117  2  3.06
7  117  2  22.08
8  117  2  54.75
9  117  2  19.12
10  117  2  29.05
1  118  2  46.57
2  118  2  63.23
3  118  2  6.72
4  118  2  7.29
5  118  2  12.29
6  118  2  19.78
7  118  2  3.82
8  118  2  30.16
9  118  2  41.48
10  118  2  16.09
1  119  2  34.06
2  119  2  10.36
3  119  2  17.59
4  119  2  13.53
5  119  2  20.00
6  119  2  40.97
7  119  2  58.38
8  119  2  46.33
9  119  2  8.06
10  119  2  20.44
1  120  2  17.66
2  120  2  17.85
3  120  2  29.14
4  120  2  12.38
5  120  2  41.63
6  120  2  17.31
7  120  2  38.86
8  120  2  19.32
9  120  2  28.03
10  120  2  10.21
1  121  2  11.40
2  121  2  43.56
3  121  2  16.91
4  121  2  35.35
5  121  2  27.01
6  121  2  60.79
7  121  2  32.86
8  121  2  30.80
9  121  2  40.25
10  121  2  57.45
1  122  2  35.98
2  122  2  65.99
3  122  2  18.70
4  122  2  4.30
5  122  2  24.34
6  122  2  47.67
7  122  2  14.65
8  122  2  46.92
9  122  2  16.12
10  122  2  51.65
1  123  2  19.62
2  123  2  26.44
3  123  2  30.47
4  123  2  20.61
5  123  2  16.04
6  123  2  20.16
7  123  2  36.72
8  123  2  18.95
9  123  2  24.38
10  123  2  13.99
1  124  2  3.76
2  124  2  14.78
3  124  2  59.44
4  124  2  43.65
5  124  2  17.02
6  124  2  27.64
7  124  2  53.45
8  124  2  17.47
9  124  2  35.05
10  124  2  4.16
1  125  2  26.31
2  125  2  8.71
3  125  2  7.86
4  125  2  32.97
5  125  2  55.40
6  125  2  35.27
7  125  2  23.64
8  125  2  17.11
9  125  2  13.87
10  125  2  13.72
1  126  2  32.26
2  126  2  13.47
3  126  2  30.22
4  126  2  10.76
5  126  2  6.05
6  126  2  45.34
7  126  2  24.03
8  126  2  58.47
9  126  2  39.06
10  126  2  15.49
1  127  2  26.53
2  127  2  18.18
3  127  2  7.86
4  127  2  8.57
5  127  2  33.98
6  127  2  19.02
7  127  2  13.72
8  127  2  63.47
9  127  2  2.91
10  127  2  10.88
1  128  2  32.21
2  128  2  5.30
3  128  2  6.40
4  128  2  6.36
5  128  2  27.11
6  128  2  2.34
7  128  2  15.33
8  128  2  33.88
9  128  2  14.35
10  128  2  18.08
1  129  2  45.29
2  129  2  27.83
3  129  2  33.74
4  129  2  7.05
5  129  2  5.92
6  129  2  12.35
7  129  2  10.96
8  129  2  58.73
9  129  2  42.48
10  129  2  23.53
1  130  2  28.59
2  130  2  19.16
3  130  2  10.21
4  130  2  61.28
5  130  2  15.37
6  130  2  33.59
7  130  2  18.35
8  130  2  13.88
9  130  2  30.44
10  130  2  63.80
1  131  2  11.44
2  131  2  15.44
3  131  2  4.88
4  131  2  49.32
5  131  2  13.62
6  131  2  5.42
7  131  2  23.91
8  131  2  11.88
9  131  2  14.36
10  131  2  41.99
1  132  2  17.75
2  132  2  11.17
3  132  2  9.52
4  132  2  11.95
5  132  2  63.72
6  132  2  14.41
7  132  2  11.81
8  132  2  26.43
9  132  2  11.90
10  132  2  23.10
1  133  2  22.44
2  133  2  3.00
3  133  2  36.12
4  133  2  9.61
5  133  2  63.00
6  133  2  7.97
7  133  2  56.78
8  133  2  32.12
9  133  2  5.43
10  133  2  8.03
1  134  2  20.82
2  134  2  16.71
3  134  2  23.73
4  134  2  27.58
5  134  2  3.48
6  134  2  7.93
7  134  2  32.42
8  134  2  15.04
9  134  2  10.71
10  134  2  61.53
1  135  2  22.04
2  135  2  54.89
3  135  2  16.59
4  135  2  40.88
5  135  2  33.53
6  135  2  8.36
7  135  2  52.93
8  135  2  34.15
9  135  2  19.69
10  135  2  24.55
1  136  2  21.60
2  136  2  43.37
3  136  2  10.56
4  136  2  60.29
5  136  2  31.53
6  136  2  15.40
7  136  2  27.83
8  136  2  51.91
9  136  2  31.66
10  136  2  21.09
1  137  2  32.97
2  137  2  17.49
3  137  2  55.75
4  137  2  10.51
5  137  2  34.75
6  137  2  10.26
7  137  2  30.84
8  137  2  26.16
9  137  2  53.19
10  137  2  57.38
1  138  2  18.70
2  138  2  5.47
3  138  2  20.05
4  138  2  15.51
5  138  2  19.90
6  138  2  12.52
7  138  2  44.74
8  138  2  14.46
9  138  2  12.04
10  138  2  18.37
1  139  2  55.20
2  139  2  20.32
3  139  2  20.83
4  139  2  59.24
5  139  2  55.02
6  139  2  52.28
7  139  2  5.12
8  139  2  15.32
9  139  2  52.92
10  139  2  9.99
1  140  2  46.84
2  140  2  60.90
3  140  2  44.39
4  140  2  8.81
5  140  2  32.52
6  140  2  56.86
7  140  2  29.86
8  140  2  23.69
9  140  2  24.37
10  140  2  11.30
1  141  2  13.39
2  141  2  5.27
3  141  2  8.61
4  141  2  19.84
5  141  2  5.86
6  141  2  7.02
7  141  2  8.32
8  141  2  6.86
9  141  2  29.95
10  141  2  35.15
1  142  2  13.80
2  142  2  25.23
3  142  2  15.52
4  142  2  23.08
5  142  2  5.08
6  142  2  3.69
7  142  2  6.71
8  142  2  10.27
9  142  2  22.81
10  142  2  3.81
1  143  2  18.57
2  143  2  20.39
3  143  2  3.28
4  143  2  21.89
5  143  2  22.32
6  143  2  16.73
7  143  2  50.90
8  143  2  23.14
9  143  2  13.79
10  143  2  17.38
1  144  2  11.69
2  144  2  58.66
3  144  2  13.26
4  144  2  14.47
5  144  2  60.89
6  144  2  6.80
7  144  2  44.54
8  144  2  25.73
9  144  2  5.99
10  144  2  43.18
1  145  2  11.58
2  145  2  19.67
3  145  2  45.47
4  145  2  12.44
5  145  2  59.24
6  145  2  17.83
7  145  2  26.70
8  145  2  19.97
9  145  2  49.48
10  145  2  5.37
1  146  2  12.41
2  146  2  6.93
3  146  2  16.00
4  146  2  4.57
5  146  2  11.73
6  146  2  5.05
7  146  2  25.58
8  146  2  30.82
9  146  2  25.61
10  146  2  8.05
1  147  2  48.61
2  147  2  34.44
3  147  2  18.54
4  147  2  35.75
5  147  2  30.49
6  147  2  6.70
7  147  2  30.67
8  147  2  21.43
9  147  2  16.84
10  147  2  25.81
1  148  2  42.79
2  148  2  29.83
3  148  2  7.35
4  148  2  15.04
5  148  2  17.45
6  148  2  8.90
7  148  2  18.45
8  148  2  13.53
9  148  2  19.32
10  148  2  10.19
1  149  2  10.07
2  149  2  58.51
3  149  2  47.34
4  149  2  16.74
5  149  2  9.48
6  149  2  18.15
7  149  2  13.59
8  149  2  38.60
9  149  2  40.96
10  149  2  42.93
1  150  2  7.12
2  150  2  21.66
3  150  2  45.65
4  150  2  19.11
5  150  2  14.75
6  150  2  7.07
7  150  2  12.86
8  150  2  66.75
9  150  2  19.62
10  150  2  11.16
1  151  2  32.07
2  151  2  12.61
3  151  2  14.70
4  151  2  13.75
5  151  2  9.82
6  151  2  12.48
7  151  2  15.88
8  151  2  41.64
9  151  2  23.70
10  151  2  14.69
1  152  2  43.36
2  152  2  39.62
3  152  2  23.60
4  152  2  17.38
5  152  2  19.58
6  152  2  11.85
7  152  2  36.61
8  152  2  22.56
9  152  2  27.58
10  152  2  45.35
1  153  2  7.94
2  153  2  32.24
3  153  2  15.80
4  153  2  13.12
5  153  2  37.27
6  153  2  8.23
7  153  2  17.84
8  153  2  17.27
9  153  2  25.96
10  153  2  64.78
1  154  2  9.03
2  154  2  41.95
3  154  2  13.91
4  154  2  47.34
5  154  2  16.89
6  154  2  17.13
7  154  2  40.14
8  154  2  35.76
9  154  2  51.56
10  154  2  36.60
1  155  2  30.95
2  155  2  46.59
3  155  2  16.70
4  155  2  20.29
5  155  2  67.50
6  155  2  5.81
7  155  2  20.39
8  155  2  8.20
9  155  2  49.44
10  155  2  7.06
1  156  2  17.76
2  156  2  5.58
3  156  2  56.81
4  156  2  41.95
5  156  2  15.60
6  156  2  24.70
7  156  2  7.34
8  156  2  2.90
9  156  2  10.36
10  156  2  11.18
1  157  2  49.68
2  157  2  36.01
3  157  2  32.99
4  157  2  34.90
5  157  2  14.51
6  157  2  14.47
7  157  2  18.99
8  157  2  5.50
9  157  2  17.82
10  157  2  6.97
1  158  2  23.66
2  158  2  48.19
3  158  2  47.11
4  158  2  17.63
5  158  2  36.90
6  158  2  23.97
7  158  2  16.51
8  158  2  42.15
9  158  2  13.04
10  158  2  30.00
1  159  2  26.21
2  159  2  28.42
3  159  2  6.65
4  159  2  15.52
5  159  2  35.96
6  159  2  18.53
7  159  2  56.90
8  159  2  9.19
9  159  2  14.62
10  159  2  27.26
1  160  2  27.91
2  160  2  25.29
3  160  2  17.25
4  160  2  7.19
5  160  2  22.65
6  160  2  4.23
7  160  2  8.82
8  160  2  42.99
9  160  2  7.61
10  160  2  11.91
1  161  2  21.36
2  161  2  43.19
3  161  2  9.66
4  161  2  54.63
5  161  2  16.57
6  161  2  10.67
7  161  2  13.88
8  161  2  19.78
9  161  2  45.35
10  161  2  66.20
1  162  2  54.40
2  162  2  30.37
3  162  2  27.27
4  162  2  20.71
5  162  2  11.75
6  162  2  23.51
7  162  2  9.15
8  162  2  26.36
9  162  2  12.00
10  162  2  67.24
1  163  2  20.47
2  163  2  14.35
3  163  2  53.16
4  163  2  17.95
5  163  2  14.59
6  163  2  5.65
7  163  2  13.11
8  163  2  23.40
9  163  2  36.70
10  163  2  14.21
1  164  2  25.74
2  164  2  20.16
3  164  2  5.95
4  164  2  9.68
5  164  2  47.86
6  164  2  19.70
7  164  2  7.00
8  164  2  17.56
9  164  2  27.99
10  164  2  6.80
1  165  2  59.95
2  165  2  40.14
3  165  2  12.41
4  165  2  12.97
5  165  2  37.07
6  165  2  36.77
7  165  2  23.97
8  165  2  16.10
9  165  2  10.44
10  165  2  12.45
1  166  2  26.23
2  166  2  48.57
3  166  2  45.35
4  166  2  46.56
5  166  2  19.38
6  166  2  47.07
7  166  2  25.90
8  166  2  64.39
9  166  2  9.21
10  166  2  24.77
1  167  2  19.39
2  167  2  25.89
3  167  2  18.74
4  167  2  30.07
5  167  2  59.77
6  167  2  37.76
7  167  2  13.20
8  167  2  12.04
9  167  2  57.89
10  167  2  9.77
1  168  2  21.52
2  168  2  42.92
3  168  2  17.76
4  168  2  21.64
5  168  2  33.19
6  168  2  35.10
7  168  2  30.50
8  168  2  8.89
9  168  2  36.38
10  168  2  7.78
1  169  2  19.92
2  169  2  34.40
3  169  2  12.91
4  169  2  6.30
5  169  2  5.41
6  169  2  32.06
7  169  2  3.65
8  169  2  7.91
9  169  2  14.96
10  169  2  10.41
1  170  2  26.65
2  170  2  13.77
3  170  2  15.23
4  170  2  37.68
5  170  2  25.79
6  170  2  15.06
7  170  2  18.42
8  170  2  58.26
9  170  2  8.65
10  170  2  17.57
1  171  2  32.14
2  171  2  15.88
3  171  2  14.99
4  171  2  28.07
5  171  2  27.33
6  171  2  25.85
7  171  2  19.43
8  171  2  13.32
9  171  2  25.40
10  171  2  60.04
1  172  2  5.52
2  172  2  47.50
3  172  2  15.96
4  172  2  12.35
5  172  2  20.22
6  172  2  24.53
7  172  2  20.67
8  172  2  14.98
9  172  2  40.56
10  172  2  27.20
1  173  2  30.30
2  173  2  46.52
3  173  2  6.14
4  173  2  11.32
5  173  2  10.68
6  173  2  6.82
7  173  2  55.81
8  173  2  7.96
9  173  2  13.27
10  173  2  39.76
1  174  2  23.58
2  174  2  3.62
3  174  2  16.29
4  174  2  56.35
5  174  2  3.29
6  174  2  12.56
7  174  2  43.34
8  174  2  14.60
9  174  2  23.57
10  174  2  17.43
1  175  2  43.39
2  175  2  19.48
3  175  2  25.98
4  175  2  62.76
5  175  2  7.09
6  175  2  9.29
7  175  2  47.51
8  175  2  14.87
9  175  2  41.77
10  175  2  7.02
1  176  2  40.92
2  176  2  15.36
3  176  2  56.31
4  176  2  64.68
5  176  2  50.84
6  176  2  33.07
7  176  2  38.85
8  176  2  3.98
9  176  2  42.89
10  176  2  28.83
1  177  2  25.71
2  177  2  19.01
3  177  2  28.50
4  177  2  37.41
5  177  2  60.32
6  177  2  9.29
7  177  2  12.70
8  177  2  24.17
9  177  2  55.79
10  177  2  63.97
1  178  2  8.20
2  178  2  13.04
3  178  2  23.41
4  178  2  41.04
5  178  2  38.50
6  178  2  43.96
7  178  2  12.27
8  178  2  5.06
9  178  2  46.17
10  178  2  26.71
1  179  2  32.64
2  179  2  25.14
3  179  2  43.71
4  179  2  11.30
5  179  2  10.16
6  179  2  9.66
7  179  2  23.37
8  179  2  52.67
9  179  2  13.55
10  179  2  12.78
1  180  2  18.84
2  180  2  53.93
3  180  2  60.39
4  180  2  14.64
5  180  2  11.98
6  180  2  61.48
7  180  2  39.33
8  180  2  9.34
9  180  2  28.08
10  180  2  3.12
1  181  2  12.12
2  181  2  33.41
3  181  2  44.46
4  181  2  36.81
5  181  2  14.37
6  181  2  52.32
7  181  2  58.63
8  181  2  16.00
9  181  2  13.08
10  181  2  21.92
1  182  2  17.73
2  182  2  12.15
3  182  2  49.93
4  182  2  28.67
5  182  2  15.32
6  182  2  42.41
7  182  2  29.71
8  182  2  20.23
9  182  2  10.02
10  182  2  27.36
1  183  2  50.27
2  183  2  6.32
3  183  2  56.96
4  183  2  40.16
5  183  2  4.63
6  183  2  28.42
7  183  2  22.13
8  183  2  7.19
9  183  2  11.83
10  183  2  38.82
1  184  2  21.80
2  184  2  15.04
3  184  2  24.48
4  184  2  52.99
5  184  2  22.03
6  184  2  55.69
7  184  2  9.28
8  184  2  5.34
9  184  2  15.68
10  184  2  19.03
1  185  2  50.10
2  185  2  26.92
3  185  2  31.40
4  185  2  10.56
5  185  2  23.06
6  185  2  12.74
7  185  2  39.61
8  185  2  23.36
9  185  2  14.88
10  185  2  66.61
1  186  2  19.09
2  186  2  15.81
3  186  2  30.95
4  186  2  12.97
5  186  2  24.21
6  186  2  16.23
7  186  2  12.36
8  186  2  34.08
9  186  2  56.96
10  186  2  50.25
1  187  2  37.32
2  187  2  26.53
3  187  2  38.19
4  187  2  28.36
5  187  2  14.29
6  187  2  58.01
7  187  2  33.02
8  187  2  15.11
9  187  2  4.60
10  187  2  31.73
1  188  2  21.46
2  188  2  20.08
3  188  2  7.97
4  188  2  10.83
5  188  2  12.68
6  188  2  39.29
7  188  2  6.14
8  188  2  20.94
9  188  2  11.73
10  188  2  18.95
1  189  2  12.52
2  189  2  12.87
3  189  2  16.34
4  189  2  57.13
5  189  2  18.57
6  189  2  29.45
7  189  2  48.74
8  189  2  20.84
9  189  2  10.62
10  189  2  20.24
1  190  2  21.99
2  190  2  48.58
3  190  2  62.41
4  190  2  20.67
5  190  2  5.92
6  190  2  30.52
7  190  2  9.05
8  190  2  48.91
9  190  2  40.79
10  190  2  53.81
1  191  2  14.23
2  191  2  25.04
3  191  2  24.56
4  191  2  20.83
5  191  2  18.64
6  191  2  21.40
7  191  2  12.20
8  191  2  33.71
9  191  2  17.35
10  191  2  61.22
1  192  2  50.12
2  192  2  16.33
3  192  2  19.70
4  192  2  43.26
5  192  2  52.59
6  192  2  61.20
7  192  2  48.01
8  192  2  20.18
9  192  2  11.03
10  192  2  15.00
1  193  2  6.14
2  193  2  19.80
3  193  2  36.96
4  193  2  9.40
5  193  2  5.85
6  193  2  26.18
7  193  2  44.01
8  193  2  25.21
9  193  2  18.57
10  193  2  13.74
1  194  2  38.76
2  194  2  4.15
3  194  2  15.37
4  194  2  40.09
5  194  2  8.28
6  194  2  29.74
7  194  2  17.33
8  194  2  63.97
9  194  2  26.78
10  194  2  30.35
1  195  2  3.04
2  195  2  15.52
3  195  2  10.57
4  195  2  16.39
5  195  2  3.05
6  195  2  9.61
7  195  2  18.17
8  195  2  21.90
9  195  2  33.66
10  195  2  46.31
1  196  2  8.88
2  196  2  29.20
3  196  2  9.32
4  196  2  28.21
5  196  2  15.93
6  196  2  30.08
7  196  2  20.05
8  196  2  3.75
9  196  2  8.73
10  196  2  36.56
1  197  2  19.55
2  197  2  23.29
3  197  2  59.57
4  197  2  31.28
5  197  2  20.46
6  197  2  17.87
7  197  2  21.97
8  197  2  33.88
9  197  2  58.24
10  197  2  13.57
1  198  2  38.78
2  198  2  26.43
3  198  2  29.48
4  198  2  36.90
5  198  2  21.35
6  198  2  6.77
7  198  2  16.40
8  198  2  29.61
9  198  2  23.93
10  198  2  32.83
1  199  2  18.22
2  199  2  9.58
3  199  2  18.34
4  199  2  18.72
5  199  2  11.24
6  199  2  36.86
7  199  2  22.56
8  199  2  37.27
9  199  2  46.02
10  199  2  14.01
1  200  2  7.59
2  200  2  30.06
3  200  2  29.72
4  200  2  26.27
5  200  2  33.81
6  200  2  32.83
7  200  2  16.24
8  200  2  24.34
9  200  2  6.79
10  200  2  21.90
1  201  2  13.35
2  201  2  42.01
3  201  2  16.18
4  201  2  6.03
5  201  2  60.24
6  201  2  36.18
7  201  2  9.68
8  201  2  16.71
9  201  2  46.62
10  201  2  45.09
1  202  2  12.40
2  202  2  42.90
3  202  2  3.23
4  202  2  23.94
5  202  2  42.65
6  202  2  10.68
7  202  2  42.13
8  202  2  38.67
9  202  2  29.83
10  202  2  31.51
1  203  2  23.07
2  203  2  17.73
3  203  2  17.31
4  203  2  6.77
5  203  2  10.66
6  203  2  35.40
7  203  2  14.16
8  203  2  40.03
9  203  2  6.49
10  203  2  16.46
1  204  2  17.07
2  204  2  38.51
3  204  2  20.38
4  204  2  19.82
5  204  2  31.42
6  204  2  19.74
7  204  2  54.65
8  204  2  51.16
9  204  2  32.89
10  204  2  12.34
1  205  2  41.20
2  205  2  4.97
3  205  2  11.22
4  205  2  52.94
5  205  2  7.70
6  205  2  10.68
7  205  2  6.29
8  205  2  30.95
9  205  2  46.91
10  205  2  18.86
1  206  2  17.11
2  206  2  28.08
3  206  2  25.09
4  206  2  50.34
5  206  2  18.34
6  206  2  35.63
7  206  2  12.20
8  206  2  17.78
9  206  2  19.72
10  206  2  29.19
1  207  2  58.26
2  207  2  34.68
3  207  2  13.12
4  207  2  49.92
5  207  2  33.77
6  207  2  24.44
7  207  2  52.90
8  207  2  12.54
9  207  2  12.62
10  207  2  21.34
1  208  2  57.08
2  208  2  25.66
3  208  2  16.89
4  208  2  22.41
5  208  2  38.21
6  208  2  18.64
7  208  2  47.19
8  208  2  22.26
9  208  2  29.47
10  208  2  28.16
1  209  2  48.85
2  209  2  11.89
3  209  2  40.75
4  209  2  13.39
5  209  2  17.92
6  209  2  17.30
7  209  2  6.00
8  209  2  27.52
9  209  2  29.36
10  209  2  16.42
1  210  2  37.06
2  210  2  4.38
3  210  2  42.20
4  210  2  26.41
5  210  2  13.93
6  210  2  7.69
7  210  2  34.08
8  210  2  46.97
9  210  2  28.27
10  210  2  18.27
1  211  2  52.49
2  211  2  44.66
3  211  2  30.29
4  211  2  32.05
5  211  2  54.86
6  211  2  51.68
7  211  2  23.30
8  211  2  33.98
9  211  2  8.84
10  211  2  24.05
1  212  2  27.10
2  212  2  57.40
3  212  2  60.88
4  212  2  22.10
5  212  2  26.43
6  212  2  9.28
7  212  2  27.93
8  212  2  30.32
9  212  2  39.47
10  212  2  24.83
1  213  2  18.80
2  213  2  38.08
3  213  2  6.90
4  213  2  5.63
5  213  2  21.00
6  213  2  47.42
7  213  2  2.66
8  213  2  28.85
9  213  2  15.05
10  213  2  12.08
1  214  2  7.00
2  214  2  26.19
3  214  2  8.64
4  214  2  12.42
5  214  2  25.86
6  214  2  14.20
7  214  2  30.10
8  214  2  16.25
9  214  2  6.47
10  214  2  22.83
1  215  2  10.24
2  215  2  6.36
3  215  2  27.22
4  215  2  47.99
5  215  2  14.09
6  215  2  34.88
7  215  2  24.90
8  215  2  17.51
9  215  2  45.30
10  215  2  54.25
1  216  2  17.23
2  216  2  28.68
3  216  2  60.28
4  216  2  16.45
5  216  2  14.67
6  216  2  8.97
7  216  2  28.53
8  216  2  15.82
9  216  2  9.58
10  216  2  18.26
1  217  2  15.24
2  217  2  14.39
3  217  2  18.40
4  217  2  36.16
5  217  2  43.95
6  217  2  34.12
7  217  2  28.64
8  217  2  11.47
9  217  2  17.17
10  217  2  10.13
1  218  2  41.21
2  218  2  36.78
3  218  2  20.76
4  218  2  20.52
5  218  2  5.26
6  218  2  49.32
7  218  2  13.75
8  218  2  10.73
9  218  2  7.40
10  218  2  48.09
1  219  2  7.85
2  219  2  13.47
3  219  2  68.54
4  219  2  8.58
5  219  2  26.41
6  219  2  29.73
7  219  2  22.38
8  219  2  3.44
9  219  2  13.79
10  219  2  4.88
1  220  2  24.75
2  220  2  27.14
3  220  2  25.92
4  220  2  16.86
5  220  2  47.57
6  220  2  19.87
7  220  2  49.14
8  220  2  32.47
9  220  2  9.51
10  220  2  10.43
1  221  2  67.24
2  221  2  16.70
3  221  2  32.82
4  221  2  7.15
5  221  2  12.68
6  221  2  6.65
7  221  2  14.87
8  221  2  21.68
9  221  2  12.98
10  221  2  18.80
1  222  2  38.75
2  222  2  17.23
3  222  2  25.67
4  222  2  48.47
5  222  2  43.94
6  222  2  9.77
7  222  2  21.16
8  222  2  38.00
9  222  2  19.31
10  222  2  5.24
1  223  2  35.90
2  223  2  9.19
3  223  2  27.32
4  223  2  25.66
5  223  2  21.70
6  223  2  37.23
7  223  2  38.29
8  223  2  3.96
9  223  2  60.52
10  223  2  12.35
1  224  2  4.39
2  224  2  48.10
3  224  2  12.24
4  224  2  9.12
5  224  2  23.34
6  224  2  16.90
7  224  2  69.01
8  224  2  58.10
9  224  2  48.10
10  224  2  8.17
1  225  2  49.95
2  225  2  14.17
3  225  2  18.23
4  225  2  29.35
5  225  2  38.31
6  225  2  11.04
7  225  2  20.24
8  225  2  49.15
9  225  2  14.72
10  225  2  10.37
1  226  2  17.89
2  226  2  3.93
3  226  2  46.02
4  226  2  56.15
5  226  2  10.65
6  226  2  19.80
7  226  2  4.32
8  226  2  7.37
9  226  2  23.44
10  226  2  8.44
1  227  2  3.31
2  227  2  24.46
3  227  2  31.94
4  227  2  7.67
5  227  2  34.73
6  227  2  3.48
7  227  2  32.96
8  227  2  11.55
9  227  2  6.28
10  227  2  67.46
1  228  2  15.07
2  228  2  21.19
3  228  2  45.69
4  228  2  16.48
5  228  2  38.50
6  228  2  9.88
7  228  2  19.18
8  228  2  50.55
9  228  2  15.41
10  228  2  22.87
1  229  2  5.78
2  229  2  9.15
3  229  2  17.34
4  229  2  17.98
5  229  2  27.88
6  229  2  32.25
7  229  2  32.75
8  229  2  54.78
9  229  2  6.49
10  229  2  9.69
1  230  2  15.98
2  230  2  13.02
3  230  2  40.41
4  230  2  16.37
5  230  2  17.72
6  230  2  11.85
7  230  2  53.51
8  230  2  27.89
9  230  2  18.40
10  230  2  17.43
1  231  2  14.57
2  231  2  38.76
3  231  2  23.99
4  231  2  54.80
5  231  2  30.83
6  231  2  32.44
7  231  2  43.24
8  231  2  46.09
9  231  2  9.93
10  231  2  31.76
1  232  2  4.36
2  232  2  7.23
3  232  2  36.80
4  232  2  23.48
5  232  2  27.05
6  232  2  38.97
7  232  2  14.39
8  232  2  41.43
9  232  2  9.94
10  232  2  9.34
1  233  2  5.28
2  233  2  42.56
3  233  2  17.85
4  233  2  30.47
5  233  2  51.35
6  233  2  17.82
7  233  2  13.01
8  233  2  56.63
9  233  2  39.54
10  233  2  19.54
1  234  2  63.14
2  234  2  37.33
3  234  2  18.05
4  234  2  29.14
5  234  2  14.92
6  234  2  16.18
7  234  2  31.44
8  234  2  42.68
9  234  2  56.89
10  234  2  18.55
1  235  2  42.66
2  235  2  20.74
3  235  2  15.70
4  235  2  32.31
5  235  2  11.86
6  235  2  41.96
7  235  2  18.78
8  235  2  21.16
9  235  2  40.65
10  235  2  21.85
1  236  2  12.03
2  236  2  62.96
3  236  2  17.58
4  236  2  55.60
5  236  2  22.49
6  236  2  18.51
7  236  2  6.99
8  236  2  29.80
9  236  2  40.02
10  236  2  14.78
1  237  2  34.79
2  237  2  17.89
3  237  2  5.81
4  237  2  4.92
5  237  2  10.61
6  237  2  10.17
7  237  2  19.03
8  237  2  52.97
9  237  2  31.11
10  237  2  24.40
1  238  2  28.07
2  238  2  26.48
3  238  2  22.86
4  238  2  35.84
5  238  2  21.13
6  238  2  15.95
7  238  2  56.06
8  238  2  28.29
9  238  2  33.38
10  238  2  12.74
1  239  2  20.62
2  239  2  28.74
3  239  2  49.31
4  239  2  34.28
5  239  2  10.38
6  239  2  29.59
7  239  2  5.10
8  239  2  19.78
9  239  2  30.66
10  239  2  25.58
1  240  2  11.68
2  240  2  9.26
3  240  2  15.16
4  240  2  39.17
5  240  2  28.12
6  240  2  8.48
7  240  2  50.78
8  240  2  16.19
9  240  2  41.88
10  240  2  8.27
1  241  2  32.40
2  241  2  2.73
3  241  2  29.78
4  241  2  9.31
5  241  2  31.27
6  241  2  14.18
7  241  2  42.06
8  241  2  31.69
9  241  2  10.84
10  241  2  3.49
1  242  2  37.23
2  242  2  6.06
3  242  2  39.80
4  242  2  10.54
5  242  2  38.15
6  242  2  18.98
7  242  2  6.44
8  242  2  30.58
9  242  2  15.45
10  242  2  8.48
1  243  2  13.60
2  243  2  27.63
3  243  2  14.02
4  243  2  3.69
5  243  2  33.43
6  243  2  15.63
7  243  2  39.22
8  243  2  19.08
9  243  2  28.02
10  243  2  28.22
1  244  2  20.54
2  244  2  25.55
3  244  2  49.85
4  244  2  8.09
5  244  2  47.98
6  244  2  18.83
7  244  2  42.69
8  244  2  49.25
9  244  2  34.31
10  244  2  39.68
1  245  2  17.76
2  245  2  69.51
3  245  2  27.59
4  245  2  14.66
5  245  2  22.45
6  245  2  8.68
7  245  2  18.08
8  245  2  22.77
9  245  2  44.47
10  245  2  11.41
1  246  2  18.79
2  246  2  24.60
3  246  2  41.41
4  246  2  43.92
5  246  2  15.63
6  246  2  22.20
7  246  2  40.62
8  246  2  25.67
9  246  2  4.13
10  246  2  34.89
1  247  2  64.89
2  247  2  32.20
3  247  2  56.15
4  247  2  25.08
5  247  2  24.15
6  247  2  28.99
7  247  2  8.91
8  247  2  14.07
9  247  2  39.85
10  247  2  10.01
1  248  2  4.99
2  248  2  7.37
3  248  2  5.08
4  248  2  30.54
5  248  2  23.29
6  248  2  6.97
7  248  2  48.41
8  248  2  38.36
9  248  2  64.95
10  248  2  7.26
1  249  2  45.13
2  249  2  34.65
3  249  2  18.86
4  249  2  6.01
5  249  2  4.07
6  249  2  35.33
7  249  2  6.56
8  249  2  39.99
9  249  2  29.46
10  249  2  23.49
1  250  2  41.50
2  250  2  10.35
3  250  2  25.18
4  250  2  15.52
5  250  2  45.10
6  250  2  11.51
7  250  2  14.65
8  250  2  8.53
9  250  2  19.01
10  250  2  37.97
;

