param com_measure1 := 0.60851;

param com_measure2 := 0.96503;

param kappa_max := 837.5424;

param U_tau := 666.3364;

param nT := 2;

param nS := 150;

param nL := 20;

param B := 1013.54;

param w :=
1  1
2  3
3  3
4  2
5  3
6  1
7  1
8  3
9  1
10  3
11  3
12  1
13  1
14  3
15  1
16  3
17  2
18  2
19  2
20  2
;

param h :=
1  1  0
1  2  0
1  3  0
1  4  0
1  5  0
1  6  0
1  7  0
1  8  0
1  9  0
1  10  0
1  11  0
1  12  0
1  13  0
1  14  0
1  15  0
1  16  0
1  17  0
1  18  0
1  19  0
1  20  0
2  1  98.72
2  2  97.71
2  3  102.96
2  4  98.15
2  5  96.16
2  6  107.89
2  7  100.69
2  8  91.66
2  9  107.50
2  10  99.88
2  11  104.82
2  12  98.36
2  13  111.26
2  14  98.83
2  15  105.21
2  16  97.98
2  17  104.75
2  18  108.73
2  19  103.01
2  20  92.82
;

param xi :=
1  1  1  47
2  1  1  14
3  1  1  53
4  1  1  90
5  1  1  12
6  1  1  86
7  1  1  19
8  1  1  20
9  1  1  90
10  1  1  28
11  1  1  29
12  1  1  87
13  1  1  64
14  1  1  36
15  1  1  16
16  1  1  43
17  1  1  82
18  1  1  13
19  1  1  15
20  1  1  73
1  2  1  44
2  2  1  73
3  2  1  21
4  2  1  68
5  2  1  77
6  2  1  42
7  2  1  80
8  2  1  90
9  2  1  49
10  2  1  80
11  2  1  71
12  2  1  90
13  2  1  55
14  2  1  73
15  2  1  80
16  2  1  36
17  2  1  59
18  2  1  28
19  2  1  65
20  2  1  48
1  3  1  62
2  3  1  13
3  3  1  14
4  3  1  59
5  3  1  76
6  3  1  11
7  3  1  74
8  3  1  76
9  3  1  35
10  3  1  28
11  3  1  66
12  3  1  81
13  3  1  83
14  3  1  68
15  3  1  51
16  3  1  49
17  3  1  82
18  3  1  87
19  3  1  19
20  3  1  69
1  4  1  80
2  4  1  64
3  4  1  40
4  4  1  53
5  4  1  44
6  4  1  88
7  4  1  69
8  4  1  28
9  4  1  74
10  4  1  32
11  4  1  82
12  4  1  34
13  4  1  79
14  4  1  16
15  4  1  79
16  4  1  27
17  4  1  23
18  4  1  25
19  4  1  56
20  4  1  13
1  5  1  67
2  5  1  82
3  5  1  72
4  5  1  48
5  5  1  13
6  5  1  29
7  5  1  33
8  5  1  40
9  5  1  61
10  5  1  45
11  5  1  59
12  5  1  19
13  5  1  28
14  5  1  11
15  5  1  53
16  5  1  70
17  5  1  83
18  5  1  68
19  5  1  46
20  5  1  21
1  6  1  62
2  6  1  29
3  6  1  57
4  6  1  79
5  6  1  54
6  6  1  85
7  6  1  90
8  6  1  36
9  6  1  41
10  6  1  73
11  6  1  44
12  6  1  38
13  6  1  76
14  6  1  19
15  6  1  41
16  6  1  28
17  6  1  18
18  6  1  37
19  6  1  13
20  6  1  41
1  7  1  22
2  7  1  89
3  7  1  22
4  7  1  75
5  7  1  31
6  7  1  55
7  7  1  63
8  7  1  11
9  7  1  41
10  7  1  31
11  7  1  68
12  7  1  53
13  7  1  68
14  7  1  86
15  7  1  72
16  7  1  53
17  7  1  68
18  7  1  79
19  7  1  89
20  7  1  69
1  8  1  78
2  8  1  55
3  8  1  11
4  8  1  28
5  8  1  53
6  8  1  15
7  8  1  64
8  8  1  36
9  8  1  74
10  8  1  37
11  8  1  67
12  8  1  73
13  8  1  23
14  8  1  33
15  8  1  22
16  8  1  57
17  8  1  79
18  8  1  52
19  8  1  40
20  8  1  23
1  9  1  18
2  9  1  79
3  9  1  23
4  9  1  51
5  9  1  44
6  9  1  52
7  9  1  72
8  9  1  14
9  9  1  30
10  9  1  25
11  9  1  22
12  9  1  87
13  9  1  85
14  9  1  22
15  9  1  53
16  9  1  77
17  9  1  27
18  9  1  68
19  9  1  75
20  9  1  20
1  10  1  10
2  10  1  48
3  10  1  81
4  10  1  12
5  10  1  86
6  10  1  68
7  10  1  83
8  10  1  42
9  10  1  44
10  10  1  30
11  10  1  54
12  10  1  48
13  10  1  75
14  10  1  58
15  10  1  11
16  10  1  55
17  10  1  18
18  10  1  19
19  10  1  62
20  10  1  73
1  11  1  52
2  11  1  85
3  11  1  74
4  11  1  25
5  11  1  29
6  11  1  50
7  11  1  28
8  11  1  77
9  11  1  54
10  11  1  63
11  11  1  82
12  11  1  22
13  11  1  29
14  11  1  66
15  11  1  80
16  11  1  15
17  11  1  64
18  11  1  29
19  11  1  62
20  11  1  87
1  12  1  39
2  12  1  14
3  12  1  10
4  12  1  67
5  12  1  76
6  12  1  42
7  12  1  15
8  12  1  20
9  12  1  65
10  12  1  54
11  12  1  89
12  12  1  41
13  12  1  34
14  12  1  25
15  12  1  42
16  12  1  24
17  12  1  89
18  12  1  37
19  12  1  35
20  12  1  11
1  13  1  62
2  13  1  84
3  13  1  75
4  13  1  62
5  13  1  69
6  13  1  36
7  13  1  11
8  13  1  55
9  13  1  27
10  13  1  44
11  13  1  88
12  13  1  41
13  13  1  77
14  13  1  35
15  13  1  36
16  13  1  84
17  13  1  58
18  13  1  31
19  13  1  24
20  13  1  42
1  14  1  86
2  14  1  10
3  14  1  71
4  14  1  41
5  14  1  34
6  14  1  14
7  14  1  38
8  14  1  63
9  14  1  60
10  14  1  37
11  14  1  28
12  14  1  25
13  14  1  26
14  14  1  37
15  14  1  56
16  14  1  63
17  14  1  16
18  14  1  50
19  14  1  20
20  14  1  54
1  15  1  46
2  15  1  55
3  15  1  43
4  15  1  48
5  15  1  41
6  15  1  51
7  15  1  82
8  15  1  73
9  15  1  49
10  15  1  89
11  15  1  40
12  15  1  73
13  15  1  53
14  15  1  83
15  15  1  44
16  15  1  46
17  15  1  54
18  15  1  14
19  15  1  31
20  15  1  51
1  16  1  89
2  16  1  36
3  16  1  12
4  16  1  41
5  16  1  69
6  16  1  70
7  16  1  80
8  16  1  89
9  16  1  33
10  16  1  66
11  16  1  19
12  16  1  75
13  16  1  88
14  16  1  44
15  16  1  49
16  16  1  82
17  16  1  89
18  16  1  34
19  16  1  58
20  16  1  35
1  17  1  10
2  17  1  39
3  17  1  80
4  17  1  46
5  17  1  47
6  17  1  20
7  17  1  40
8  17  1  51
9  17  1  16
10  17  1  75
11  17  1  12
12  17  1  37
13  17  1  14
14  17  1  68
15  17  1  36
16  17  1  32
17  17  1  25
18  17  1  47
19  17  1  23
20  17  1  81
1  18  1  84
2  18  1  67
3  18  1  72
4  18  1  49
5  18  1  25
6  18  1  70
7  18  1  86
8  18  1  75
9  18  1  87
10  18  1  70
11  18  1  74
12  18  1  86
13  18  1  50
14  18  1  15
15  18  1  55
16  18  1  11
17  18  1  85
18  18  1  73
19  18  1  83
20  18  1  25
1  19  1  36
2  19  1  84
3  19  1  83
4  19  1  75
5  19  1  74
6  19  1  78
7  19  1  51
8  19  1  89
9  19  1  47
10  19  1  21
11  19  1  51
12  19  1  28
13  19  1  40
14  19  1  36
15  19  1  16
16  19  1  31
17  19  1  27
18  19  1  38
19  19  1  88
20  19  1  44
1  20  1  28
2  20  1  42
3  20  1  46
4  20  1  66
5  20  1  15
6  20  1  41
7  20  1  68
8  20  1  81
9  20  1  56
10  20  1  47
11  20  1  80
12  20  1  82
13  20  1  69
14  20  1  36
15  20  1  19
16  20  1  77
17  20  1  24
18  20  1  39
19  20  1  36
20  20  1  32
1  21  1  21
2  21  1  75
3  21  1  54
4  21  1  88
5  21  1  45
6  21  1  11
7  21  1  16
8  21  1  54
9  21  1  89
10  21  1  88
11  21  1  62
12  21  1  17
13  21  1  39
14  21  1  10
15  21  1  69
16  21  1  82
17  21  1  33
18  21  1  19
19  21  1  72
20  21  1  33
1  22  1  89
2  22  1  59
3  22  1  90
4  22  1  35
5  22  1  25
6  22  1  75
7  22  1  59
8  22  1  14
9  22  1  32
10  22  1  90
11  22  1  18
12  22  1  44
13  22  1  22
14  22  1  16
15  22  1  49
16  22  1  75
17  22  1  20
18  22  1  87
19  22  1  85
20  22  1  78
1  23  1  44
2  23  1  73
3  23  1  17
4  23  1  60
5  23  1  54
6  23  1  88
7  23  1  46
8  23  1  35
9  23  1  28
10  23  1  36
11  23  1  77
12  23  1  46
13  23  1  13
14  23  1  15
15  23  1  65
16  23  1  18
17  23  1  83
18  23  1  73
19  23  1  18
20  23  1  42
1  24  1  90
2  24  1  12
3  24  1  61
4  24  1  67
5  24  1  48
6  24  1  71
7  24  1  70
8  24  1  73
9  24  1  64
10  24  1  13
11  24  1  21
12  24  1  73
13  24  1  32
14  24  1  72
15  24  1  72
16  24  1  62
17  24  1  66
18  24  1  15
19  24  1  49
20  24  1  25
1  25  1  81
2  25  1  49
3  25  1  54
4  25  1  45
5  25  1  33
6  25  1  84
7  25  1  59
8  25  1  30
9  25  1  18
10  25  1  72
11  25  1  71
12  25  1  69
13  25  1  88
14  25  1  39
15  25  1  37
16  25  1  64
17  25  1  61
18  25  1  33
19  25  1  22
20  25  1  65
1  26  1  82
2  26  1  58
3  26  1  22
4  26  1  23
5  26  1  19
6  26  1  22
7  26  1  27
8  26  1  35
9  26  1  57
10  26  1  42
11  26  1  65
12  26  1  69
13  26  1  85
14  26  1  39
15  26  1  56
16  26  1  53
17  26  1  43
18  26  1  70
19  26  1  55
20  26  1  21
1  27  1  45
2  27  1  26
3  27  1  41
4  27  1  57
5  27  1  40
6  27  1  82
7  27  1  60
8  27  1  30
9  27  1  58
10  27  1  47
11  27  1  71
12  27  1  18
13  27  1  46
14  27  1  54
15  27  1  70
16  27  1  11
17  27  1  35
18  27  1  22
19  27  1  79
20  27  1  62
1  28  1  77
2  28  1  29
3  28  1  30
4  28  1  74
5  28  1  10
6  28  1  67
7  28  1  58
8  28  1  73
9  28  1  44
10  28  1  42
11  28  1  39
12  28  1  33
13  28  1  90
14  28  1  57
15  28  1  66
16  28  1  19
17  28  1  71
18  28  1  62
19  28  1  34
20  28  1  84
1  29  1  53
2  29  1  65
3  29  1  28
4  29  1  12
5  29  1  34
6  29  1  17
7  29  1  90
8  29  1  83
9  29  1  74
10  29  1  54
11  29  1  69
12  29  1  27
13  29  1  41
14  29  1  78
15  29  1  85
16  29  1  52
17  29  1  10
18  29  1  73
19  29  1  81
20  29  1  48
1  30  1  77
2  30  1  59
3  30  1  74
4  30  1  19
5  30  1  90
6  30  1  67
7  30  1  49
8  30  1  21
9  30  1  17
10  30  1  53
11  30  1  32
12  30  1  50
13  30  1  78
14  30  1  65
15  30  1  56
16  30  1  57
17  30  1  27
18  30  1  42
19  30  1  68
20  30  1  78
1  31  1  12
2  31  1  50
3  31  1  78
4  31  1  20
5  31  1  35
6  31  1  21
7  31  1  84
8  31  1  89
9  31  1  18
10  31  1  90
11  31  1  28
12  31  1  85
13  31  1  84
14  31  1  48
15  31  1  86
16  31  1  59
17  31  1  88
18  31  1  90
19  31  1  56
20  31  1  48
1  32  1  75
2  32  1  41
3  32  1  10
4  32  1  67
5  32  1  26
6  32  1  79
7  32  1  63
8  32  1  10
9  32  1  35
10  32  1  39
11  32  1  87
12  32  1  57
13  32  1  54
14  32  1  79
15  32  1  51
16  32  1  75
17  32  1  77
18  32  1  84
19  32  1  44
20  32  1  55
1  33  1  50
2  33  1  81
3  33  1  57
4  33  1  54
5  33  1  26
6  33  1  74
7  33  1  44
8  33  1  45
9  33  1  57
10  33  1  82
11  33  1  61
12  33  1  54
13  33  1  80
14  33  1  72
15  33  1  73
16  33  1  25
17  33  1  16
18  33  1  90
19  33  1  38
20  33  1  37
1  34  1  36
2  34  1  60
3  34  1  25
4  34  1  78
5  34  1  86
6  34  1  24
7  34  1  36
8  34  1  53
9  34  1  59
10  34  1  13
11  34  1  17
12  34  1  19
13  34  1  79
14  34  1  40
15  34  1  49
16  34  1  78
17  34  1  86
18  34  1  59
19  34  1  25
20  34  1  10
1  35  1  26
2  35  1  10
3  35  1  60
4  35  1  89
5  35  1  69
6  35  1  83
7  35  1  18
8  35  1  32
9  35  1  82
10  35  1  90
11  35  1  75
12  35  1  70
13  35  1  87
14  35  1  14
15  35  1  14
16  35  1  16
17  35  1  86
18  35  1  38
19  35  1  70
20  35  1  74
1  36  1  77
2  36  1  16
3  36  1  58
4  36  1  66
5  36  1  46
6  36  1  56
7  36  1  60
8  36  1  62
9  36  1  85
10  36  1  27
11  36  1  43
12  36  1  21
13  36  1  58
14  36  1  30
15  36  1  13
16  36  1  53
17  36  1  46
18  36  1  18
19  36  1  22
20  36  1  18
1  37  1  16
2  37  1  26
3  37  1  49
4  37  1  45
5  37  1  23
6  37  1  49
7  37  1  86
8  37  1  26
9  37  1  29
10  37  1  66
11  37  1  73
12  37  1  72
13  37  1  57
14  37  1  41
15  37  1  49
16  37  1  19
17  37  1  75
18  37  1  81
19  37  1  16
20  37  1  24
1  38  1  35
2  38  1  30
3  38  1  53
4  38  1  48
5  38  1  11
6  38  1  64
7  38  1  70
8  38  1  10
9  38  1  79
10  38  1  34
11  38  1  32
12  38  1  36
13  38  1  66
14  38  1  34
15  38  1  25
16  38  1  83
17  38  1  69
18  38  1  81
19  38  1  52
20  38  1  34
1  39  1  70
2  39  1  82
3  39  1  88
4  39  1  11
5  39  1  72
6  39  1  48
7  39  1  21
8  39  1  89
9  39  1  45
10  39  1  62
11  39  1  39
12  39  1  28
13  39  1  64
14  39  1  78
15  39  1  50
16  39  1  80
17  39  1  14
18  39  1  85
19  39  1  88
20  39  1  36
1  40  1  84
2  40  1  36
3  40  1  41
4  40  1  43
5  40  1  48
6  40  1  55
7  40  1  82
8  40  1  28
9  40  1  61
10  40  1  82
11  40  1  85
12  40  1  12
13  40  1  87
14  40  1  21
15  40  1  34
16  40  1  77
17  40  1  85
18  40  1  53
19  40  1  46
20  40  1  75
1  41  1  81
2  41  1  28
3  41  1  11
4  41  1  61
5  41  1  64
6  41  1  63
7  41  1  40
8  41  1  85
9  41  1  69
10  41  1  76
11  41  1  62
12  41  1  47
13  41  1  30
14  41  1  32
15  41  1  22
16  41  1  39
17  41  1  87
18  41  1  79
19  41  1  60
20  41  1  90
1  42  1  76
2  42  1  45
3  42  1  82
4  42  1  50
5  42  1  47
6  42  1  78
7  42  1  64
8  42  1  73
9  42  1  76
10  42  1  35
11  42  1  12
12  42  1  27
13  42  1  83
14  42  1  12
15  42  1  13
16  42  1  84
17  42  1  78
18  42  1  50
19  42  1  80
20  42  1  55
1  43  1  83
2  43  1  74
3  43  1  86
4  43  1  19
5  43  1  51
6  43  1  69
7  43  1  71
8  43  1  16
9  43  1  12
10  43  1  86
11  43  1  29
12  43  1  22
13  43  1  56
14  43  1  88
15  43  1  76
16  43  1  72
17  43  1  47
18  43  1  71
19  43  1  32
20  43  1  22
1  44  1  55
2  44  1  27
3  44  1  48
4  44  1  51
5  44  1  16
6  44  1  79
7  44  1  23
8  44  1  28
9  44  1  43
10  44  1  71
11  44  1  78
12  44  1  49
13  44  1  85
14  44  1  28
15  44  1  38
16  44  1  16
17  44  1  45
18  44  1  30
19  44  1  26
20  44  1  40
1  45  1  26
2  45  1  49
3  45  1  27
4  45  1  49
5  45  1  37
6  45  1  89
7  45  1  23
8  45  1  66
9  45  1  45
10  45  1  54
11  45  1  42
12  45  1  37
13  45  1  58
14  45  1  69
15  45  1  33
16  45  1  11
17  45  1  74
18  45  1  89
19  45  1  10
20  45  1  54
1  46  1  12
2  46  1  14
3  46  1  19
4  46  1  54
5  46  1  28
6  46  1  70
7  46  1  61
8  46  1  17
9  46  1  37
10  46  1  63
11  46  1  33
12  46  1  52
13  46  1  55
14  46  1  19
15  46  1  19
16  46  1  19
17  46  1  42
18  46  1  55
19  46  1  13
20  46  1  18
1  47  1  72
2  47  1  79
3  47  1  84
4  47  1  17
5  47  1  52
6  47  1  48
7  47  1  42
8  47  1  75
9  47  1  13
10  47  1  33
11  47  1  40
12  47  1  10
13  47  1  30
14  47  1  56
15  47  1  11
16  47  1  23
17  47  1  14
18  47  1  78
19  47  1  83
20  47  1  35
1  48  1  18
2  48  1  66
3  48  1  85
4  48  1  37
5  48  1  44
6  48  1  36
7  48  1  34
8  48  1  20
9  48  1  82
10  48  1  25
11  48  1  34
12  48  1  38
13  48  1  87
14  48  1  35
15  48  1  79
16  48  1  72
17  48  1  47
18  48  1  61
19  48  1  30
20  48  1  80
1  49  1  61
2  49  1  28
3  49  1  10
4  49  1  20
5  49  1  28
6  49  1  36
7  49  1  71
8  49  1  66
9  49  1  87
10  49  1  33
11  49  1  57
12  49  1  20
13  49  1  55
14  49  1  15
15  49  1  28
16  49  1  71
17  49  1  63
18  49  1  52
19  49  1  35
20  49  1  50
1  50  1  23
2  50  1  36
3  50  1  39
4  50  1  82
5  50  1  80
6  50  1  64
7  50  1  19
8  50  1  70
9  50  1  66
10  50  1  48
11  50  1  44
12  50  1  22
13  50  1  54
14  50  1  18
15  50  1  33
16  50  1  13
17  50  1  22
18  50  1  87
19  50  1  87
20  50  1  74
1  51  1  31
2  51  1  23
3  51  1  42
4  51  1  27
5  51  1  33
6  51  1  83
7  51  1  69
8  51  1  40
9  51  1  86
10  51  1  31
11  51  1  76
12  51  1  46
13  51  1  84
14  51  1  26
15  51  1  39
16  51  1  55
17  51  1  84
18  51  1  33
19  51  1  85
20  51  1  46
1  52  1  32
2  52  1  82
3  52  1  63
4  52  1  79
5  52  1  28
6  52  1  58
7  52  1  88
8  52  1  79
9  52  1  28
10  52  1  55
11  52  1  29
12  52  1  61
13  52  1  37
14  52  1  36
15  52  1  26
16  52  1  69
17  52  1  58
18  52  1  20
19  52  1  77
20  52  1  86
1  53  1  28
2  53  1  56
3  53  1  30
4  53  1  67
5  53  1  52
6  53  1  69
7  53  1  35
8  53  1  18
9  53  1  11
10  53  1  49
11  53  1  88
12  53  1  57
13  53  1  81
14  53  1  26
15  53  1  48
16  53  1  79
17  53  1  78
18  53  1  80
19  53  1  57
20  53  1  33
1  54  1  18
2  54  1  86
3  54  1  89
4  54  1  67
5  54  1  35
6  54  1  24
7  54  1  75
8  54  1  53
9  54  1  38
10  54  1  49
11  54  1  55
12  54  1  18
13  54  1  59
14  54  1  79
15  54  1  39
16  54  1  75
17  54  1  33
18  54  1  74
19  54  1  65
20  54  1  27
1  55  1  74
2  55  1  45
3  55  1  14
4  55  1  36
5  55  1  26
6  55  1  80
7  55  1  75
8  55  1  88
9  55  1  42
10  55  1  47
11  55  1  79
12  55  1  41
13  55  1  63
14  55  1  35
15  55  1  62
16  55  1  65
17  55  1  21
18  55  1  42
19  55  1  46
20  55  1  60
1  56  1  83
2  56  1  34
3  56  1  33
4  56  1  90
5  56  1  27
6  56  1  17
7  56  1  55
8  56  1  46
9  56  1  89
10  56  1  90
11  56  1  78
12  56  1  45
13  56  1  20
14  56  1  16
15  56  1  50
16  56  1  85
17  56  1  38
18  56  1  87
19  56  1  89
20  56  1  75
1  57  1  27
2  57  1  25
3  57  1  20
4  57  1  82
5  57  1  63
6  57  1  79
7  57  1  85
8  57  1  60
9  57  1  28
10  57  1  61
11  57  1  52
12  57  1  49
13  57  1  30
14  57  1  57
15  57  1  62
16  57  1  56
17  57  1  55
18  57  1  47
19  57  1  44
20  57  1  82
1  58  1  58
2  58  1  51
3  58  1  31
4  58  1  19
5  58  1  36
6  58  1  24
7  58  1  81
8  58  1  79
9  58  1  18
10  58  1  21
11  58  1  24
12  58  1  72
13  58  1  33
14  58  1  37
15  58  1  82
16  58  1  40
17  58  1  66
18  58  1  90
19  58  1  64
20  58  1  14
1  59  1  71
2  59  1  48
3  59  1  63
4  59  1  59
5  59  1  27
6  59  1  81
7  59  1  41
8  59  1  84
9  59  1  85
10  59  1  76
11  59  1  44
12  59  1  37
13  59  1  70
14  59  1  57
15  59  1  67
16  59  1  25
17  59  1  34
18  59  1  30
19  59  1  41
20  59  1  73
1  60  1  48
2  60  1  83
3  60  1  26
4  60  1  65
5  60  1  55
6  60  1  31
7  60  1  46
8  60  1  78
9  60  1  89
10  60  1  12
11  60  1  32
12  60  1  77
13  60  1  89
14  60  1  59
15  60  1  82
16  60  1  43
17  60  1  85
18  60  1  64
19  60  1  72
20  60  1  16
1  61  1  25
2  61  1  47
3  61  1  76
4  61  1  10
5  61  1  80
6  61  1  28
7  61  1  24
8  61  1  71
9  61  1  88
10  61  1  26
11  61  1  10
12  61  1  15
13  61  1  38
14  61  1  11
15  61  1  29
16  61  1  63
17  61  1  64
18  61  1  62
19  61  1  23
20  61  1  43
1  62  1  44
2  62  1  27
3  62  1  84
4  62  1  28
5  62  1  26
6  62  1  34
7  62  1  19
8  62  1  34
9  62  1  13
10  62  1  56
11  62  1  32
12  62  1  32
13  62  1  46
14  62  1  30
15  62  1  32
16  62  1  21
17  62  1  74
18  62  1  66
19  62  1  31
20  62  1  31
1  63  1  22
2  63  1  17
3  63  1  87
4  63  1  18
5  63  1  61
6  63  1  10
7  63  1  73
8  63  1  75
9  63  1  52
10  63  1  13
11  63  1  38
12  63  1  60
13  63  1  68
14  63  1  73
15  63  1  67
16  63  1  47
17  63  1  72
18  63  1  85
19  63  1  77
20  63  1  12
1  64  1  39
2  64  1  19
3  64  1  48
4  64  1  55
5  64  1  73
6  64  1  14
7  64  1  86
8  64  1  73
9  64  1  43
10  64  1  71
11  64  1  21
12  64  1  18
13  64  1  76
14  64  1  57
15  64  1  51
16  64  1  49
17  64  1  68
18  64  1  23
19  64  1  65
20  64  1  73
1  65  1  22
2  65  1  62
3  65  1  60
4  65  1  84
5  65  1  40
6  65  1  77
7  65  1  80
8  65  1  31
9  65  1  66
10  65  1  75
11  65  1  17
12  65  1  38
13  65  1  69
14  65  1  81
15  65  1  24
16  65  1  42
17  65  1  49
18  65  1  12
19  65  1  30
20  65  1  18
1  66  1  38
2  66  1  31
3  66  1  77
4  66  1  65
5  66  1  74
6  66  1  45
7  66  1  19
8  66  1  55
9  66  1  63
10  66  1  33
11  66  1  20
12  66  1  60
13  66  1  40
14  66  1  16
15  66  1  54
16  66  1  47
17  66  1  67
18  66  1  67
19  66  1  81
20  66  1  77
1  67  1  85
2  67  1  33
3  67  1  64
4  67  1  49
5  67  1  81
6  67  1  44
7  67  1  48
8  67  1  84
9  67  1  54
10  67  1  75
11  67  1  37
12  67  1  87
13  67  1  42
14  67  1  57
15  67  1  31
16  67  1  36
17  67  1  88
18  67  1  64
19  67  1  55
20  67  1  48
1  68  1  25
2  68  1  35
3  68  1  84
4  68  1  85
5  68  1  54
6  68  1  23
7  68  1  28
8  68  1  48
9  68  1  14
10  68  1  80
11  68  1  27
12  68  1  57
13  68  1  13
14  68  1  50
15  68  1  25
16  68  1  39
17  68  1  11
18  68  1  87
19  68  1  36
20  68  1  51
1  69  1  13
2  69  1  47
3  69  1  10
4  69  1  62
5  69  1  88
6  69  1  60
7  69  1  14
8  69  1  16
9  69  1  69
10  69  1  39
11  69  1  38
12  69  1  81
13  69  1  81
14  69  1  75
15  69  1  39
16  69  1  13
17  69  1  46
18  69  1  69
19  69  1  84
20  69  1  37
1  70  1  64
2  70  1  30
3  70  1  36
4  70  1  53
5  70  1  73
6  70  1  20
7  70  1  37
8  70  1  19
9  70  1  61
10  70  1  30
11  70  1  63
12  70  1  90
13  70  1  16
14  70  1  60
15  70  1  76
16  70  1  75
17  70  1  87
18  70  1  39
19  70  1  87
20  70  1  21
1  71  1  55
2  71  1  19
3  71  1  59
4  71  1  35
5  71  1  52
6  71  1  87
7  71  1  70
8  71  1  57
9  71  1  75
10  71  1  68
11  71  1  21
12  71  1  56
13  71  1  38
14  71  1  56
15  71  1  48
16  71  1  22
17  71  1  34
18  71  1  39
19  71  1  41
20  71  1  60
1  72  1  67
2  72  1  34
3  72  1  85
4  72  1  83
5  72  1  68
6  72  1  72
7  72  1  12
8  72  1  75
9  72  1  87
10  72  1  35
11  72  1  85
12  72  1  45
13  72  1  39
14  72  1  53
15  72  1  72
16  72  1  68
17  72  1  23
18  72  1  61
19  72  1  38
20  72  1  47
1  73  1  31
2  73  1  43
3  73  1  29
4  73  1  17
5  73  1  17
6  73  1  82
7  73  1  69
8  73  1  43
9  73  1  86
10  73  1  20
11  73  1  62
12  73  1  25
13  73  1  33
14  73  1  73
15  73  1  31
16  73  1  48
17  73  1  49
18  73  1  29
19  73  1  15
20  73  1  24
1  74  1  55
2  74  1  27
3  74  1  21
4  74  1  72
5  74  1  80
6  74  1  24
7  74  1  21
8  74  1  86
9  74  1  56
10  74  1  62
11  74  1  45
12  74  1  89
13  74  1  44
14  74  1  37
15  74  1  23
16  74  1  88
17  74  1  31
18  74  1  88
19  74  1  43
20  74  1  82
1  75  1  35
2  75  1  84
3  75  1  90
4  75  1  87
5  75  1  44
6  75  1  85
7  75  1  62
8  75  1  25
9  75  1  14
10  75  1  43
11  75  1  25
12  75  1  68
13  75  1  86
14  75  1  23
15  75  1  41
16  75  1  51
17  75  1  34
18  75  1  16
19  75  1  38
20  75  1  57
1  76  1  40
2  76  1  87
3  76  1  89
4  76  1  38
5  76  1  25
6  76  1  82
7  76  1  39
8  76  1  20
9  76  1  64
10  76  1  63
11  76  1  66
12  76  1  45
13  76  1  32
14  76  1  62
15  76  1  12
16  76  1  29
17  76  1  26
18  76  1  46
19  76  1  52
20  76  1  31
1  77  1  22
2  77  1  49
3  77  1  33
4  77  1  63
5  77  1  36
6  77  1  46
7  77  1  53
8  77  1  71
9  77  1  47
10  77  1  49
11  77  1  80
12  77  1  20
13  77  1  60
14  77  1  82
15  77  1  49
16  77  1  52
17  77  1  43
18  77  1  54
19  77  1  84
20  77  1  64
1  78  1  10
2  78  1  76
3  78  1  56
4  78  1  79
5  78  1  11
6  78  1  53
7  78  1  77
8  78  1  69
9  78  1  41
10  78  1  32
11  78  1  29
12  78  1  48
13  78  1  41
14  78  1  87
15  78  1  44
16  78  1  23
17  78  1  64
18  78  1  69
19  78  1  53
20  78  1  88
1  79  1  46
2  79  1  14
3  79  1  58
4  79  1  30
5  79  1  79
6  79  1  36
7  79  1  14
8  79  1  86
9  79  1  24
10  79  1  58
11  79  1  51
12  79  1  72
13  79  1  65
14  79  1  74
15  79  1  72
16  79  1  66
17  79  1  19
18  79  1  51
19  79  1  24
20  79  1  77
1  80  1  21
2  80  1  32
3  80  1  48
4  80  1  54
5  80  1  72
6  80  1  70
7  80  1  62
8  80  1  38
9  80  1  80
10  80  1  38
11  80  1  76
12  80  1  43
13  80  1  89
14  80  1  23
15  80  1  87
16  80  1  26
17  80  1  10
18  80  1  36
19  80  1  37
20  80  1  78
1  81  1  37
2  81  1  34
3  81  1  31
4  81  1  52
5  81  1  36
6  81  1  79
7  81  1  30
8  81  1  11
9  81  1  19
10  81  1  77
11  81  1  73
12  81  1  10
13  81  1  70
14  81  1  61
15  81  1  43
16  81  1  73
17  81  1  15
18  81  1  69
19  81  1  47
20  81  1  36
1  82  1  62
2  82  1  73
3  82  1  59
4  82  1  46
5  82  1  89
6  82  1  80
7  82  1  39
8  82  1  89
9  82  1  46
10  82  1  90
11  82  1  84
12  82  1  25
13  82  1  52
14  82  1  46
15  82  1  64
16  82  1  12
17  82  1  28
18  82  1  80
19  82  1  65
20  82  1  64
1  83  1  51
2  83  1  13
3  83  1  54
4  83  1  33
5  83  1  83
6  83  1  31
7  83  1  10
8  83  1  17
9  83  1  48
10  83  1  47
11  83  1  67
12  83  1  61
13  83  1  25
14  83  1  17
15  83  1  58
16  83  1  89
17  83  1  64
18  83  1  86
19  83  1  86
20  83  1  49
1  84  1  12
2  84  1  57
3  84  1  75
4  84  1  78
5  84  1  80
6  84  1  62
7  84  1  38
8  84  1  17
9  84  1  55
10  84  1  26
11  84  1  16
12  84  1  25
13  84  1  84
14  84  1  15
15  84  1  78
16  84  1  46
17  84  1  58
18  84  1  23
19  84  1  81
20  84  1  17
1  85  1  90
2  85  1  66
3  85  1  12
4  85  1  47
5  85  1  56
6  85  1  48
7  85  1  41
8  85  1  56
9  85  1  81
10  85  1  40
11  85  1  36
12  85  1  69
13  85  1  63
14  85  1  77
15  85  1  59
16  85  1  27
17  85  1  39
18  85  1  13
19  85  1  68
20  85  1  75
1  86  1  51
2  86  1  48
3  86  1  62
4  86  1  28
5  86  1  26
6  86  1  66
7  86  1  46
8  86  1  66
9  86  1  80
10  86  1  64
11  86  1  49
12  86  1  90
13  86  1  82
14  86  1  89
15  86  1  86
16  86  1  51
17  86  1  69
18  86  1  73
19  86  1  46
20  86  1  65
1  87  1  34
2  87  1  65
3  87  1  30
4  87  1  12
5  87  1  35
6  87  1  46
7  87  1  85
8  87  1  77
9  87  1  49
10  87  1  39
11  87  1  72
12  87  1  70
13  87  1  21
14  87  1  75
15  87  1  37
16  87  1  52
17  87  1  84
18  87  1  75
19  87  1  89
20  87  1  29
1  88  1  90
2  88  1  47
3  88  1  71
4  88  1  15
5  88  1  83
6  88  1  55
7  88  1  47
8  88  1  40
9  88  1  10
10  88  1  87
11  88  1  10
12  88  1  13
13  88  1  85
14  88  1  13
15  88  1  26
16  88  1  79
17  88  1  83
18  88  1  38
19  88  1  62
20  88  1  28
1  89  1  49
2  89  1  47
3  89  1  32
4  89  1  31
5  89  1  31
6  89  1  80
7  89  1  79
8  89  1  55
9  89  1  89
10  89  1  20
11  89  1  49
12  89  1  43
13  89  1  34
14  89  1  71
15  89  1  77
16  89  1  50
17  89  1  68
18  89  1  19
19  89  1  88
20  89  1  54
1  90  1  84
2  90  1  35
3  90  1  23
4  90  1  64
5  90  1  23
6  90  1  28
7  90  1  70
8  90  1  53
9  90  1  16
10  90  1  35
11  90  1  83
12  90  1  50
13  90  1  59
14  90  1  62
15  90  1  76
16  90  1  63
17  90  1  40
18  90  1  22
19  90  1  82
20  90  1  62
1  91  1  82
2  91  1  85
3  91  1  66
4  91  1  11
5  91  1  46
6  91  1  23
7  91  1  90
8  91  1  15
9  91  1  70
10  91  1  52
11  91  1  44
12  91  1  88
13  91  1  41
14  91  1  19
15  91  1  75
16  91  1  84
17  91  1  54
18  91  1  50
19  91  1  28
20  91  1  89
1  92  1  10
2  92  1  55
3  92  1  49
4  92  1  56
5  92  1  30
6  92  1  49
7  92  1  82
8  92  1  32
9  92  1  69
10  92  1  84
11  92  1  57
12  92  1  83
13  92  1  80
14  92  1  29
15  92  1  43
16  92  1  36
17  92  1  67
18  92  1  48
19  92  1  84
20  92  1  20
1  93  1  38
2  93  1  63
3  93  1  69
4  93  1  59
5  93  1  30
6  93  1  54
7  93  1  88
8  93  1  63
9  93  1  29
10  93  1  79
11  93  1  81
12  93  1  67
13  93  1  50
14  93  1  48
15  93  1  54
16  93  1  12
17  93  1  74
18  93  1  21
19  93  1  78
20  93  1  85
1  94  1  68
2  94  1  78
3  94  1  55
4  94  1  24
5  94  1  63
6  94  1  46
7  94  1  10
8  94  1  26
9  94  1  47
10  94  1  80
11  94  1  57
12  94  1  37
13  94  1  11
14  94  1  47
15  94  1  87
16  94  1  16
17  94  1  84
18  94  1  89
19  94  1  46
20  94  1  36
1  95  1  84
2  95  1  44
3  95  1  41
4  95  1  19
5  95  1  49
6  95  1  18
7  95  1  51
8  95  1  27
9  95  1  66
10  95  1  34
11  95  1  80
12  95  1  26
13  95  1  44
14  95  1  21
15  95  1  77
16  95  1  29
17  95  1  82
18  95  1  21
19  95  1  53
20  95  1  16
1  96  1  20
2  96  1  22
3  96  1  28
4  96  1  40
5  96  1  28
6  96  1  68
7  96  1  69
8  96  1  47
9  96  1  64
10  96  1  62
11  96  1  83
12  96  1  54
13  96  1  36
14  96  1  21
15  96  1  86
16  96  1  11
17  96  1  50
18  96  1  78
19  96  1  48
20  96  1  69
1  97  1  10
2  97  1  58
3  97  1  43
4  97  1  28
5  97  1  32
6  97  1  49
7  97  1  89
8  97  1  18
9  97  1  72
10  97  1  27
11  97  1  16
12  97  1  32
13  97  1  71
14  97  1  26
15  97  1  67
16  97  1  28
17  97  1  39
18  97  1  87
19  97  1  87
20  97  1  15
1  98  1  48
2  98  1  57
3  98  1  19
4  98  1  71
5  98  1  22
6  98  1  56
7  98  1  14
8  98  1  62
9  98  1  70
10  98  1  48
11  98  1  85
12  98  1  11
13  98  1  45
14  98  1  37
15  98  1  50
16  98  1  22
17  98  1  72
18  98  1  90
19  98  1  11
20  98  1  44
1  99  1  38
2  99  1  61
3  99  1  19
4  99  1  64
5  99  1  55
6  99  1  39
7  99  1  55
8  99  1  71
9  99  1  17
10  99  1  22
11  99  1  21
12  99  1  87
13  99  1  25
14  99  1  59
15  99  1  27
16  99  1  67
17  99  1  78
18  99  1  12
19  99  1  49
20  99  1  76
1  100  1  75
2  100  1  80
3  100  1  21
4  100  1  58
5  100  1  64
6  100  1  71
7  100  1  51
8  100  1  23
9  100  1  40
10  100  1  42
11  100  1  14
12  100  1  84
13  100  1  70
14  100  1  53
15  100  1  90
16  100  1  81
17  100  1  67
18  100  1  59
19  100  1  31
20  100  1  10
1  101  1  15
2  101  1  47
3  101  1  54
4  101  1  31
5  101  1  46
6  101  1  39
7  101  1  88
8  101  1  67
9  101  1  48
10  101  1  59
11  101  1  17
12  101  1  17
13  101  1  88
14  101  1  11
15  101  1  81
16  101  1  49
17  101  1  17
18  101  1  79
19  101  1  50
20  101  1  10
1  102  1  11
2  102  1  39
3  102  1  38
4  102  1  37
5  102  1  45
6  102  1  41
7  102  1  16
8  102  1  19
9  102  1  61
10  102  1  41
11  102  1  70
12  102  1  75
13  102  1  64
14  102  1  15
15  102  1  40
16  102  1  16
17  102  1  64
18  102  1  72
19  102  1  87
20  102  1  43
1  103  1  17
2  103  1  18
3  103  1  69
4  103  1  45
5  103  1  75
6  103  1  29
7  103  1  23
8  103  1  44
9  103  1  53
10  103  1  90
11  103  1  49
12  103  1  23
13  103  1  63
14  103  1  87
15  103  1  42
16  103  1  36
17  103  1  64
18  103  1  12
19  103  1  75
20  103  1  57
1  104  1  74
2  104  1  47
3  104  1  38
4  104  1  15
5  104  1  20
6  104  1  74
7  104  1  50
8  104  1  39
9  104  1  52
10  104  1  34
11  104  1  58
12  104  1  26
13  104  1  64
14  104  1  56
15  104  1  37
16  104  1  10
17  104  1  18
18  104  1  47
19  104  1  21
20  104  1  62
1  105  1  15
2  105  1  43
3  105  1  60
4  105  1  10
5  105  1  33
6  105  1  46
7  105  1  42
8  105  1  90
9  105  1  23
10  105  1  16
11  105  1  51
12  105  1  37
13  105  1  34
14  105  1  40
15  105  1  70
16  105  1  77
17  105  1  85
18  105  1  19
19  105  1  35
20  105  1  74
1  106  1  80
2  106  1  22
3  106  1  83
4  106  1  49
5  106  1  67
6  106  1  64
7  106  1  54
8  106  1  14
9  106  1  67
10  106  1  68
11  106  1  69
12  106  1  63
13  106  1  51
14  106  1  88
15  106  1  64
16  106  1  62
17  106  1  34
18  106  1  18
19  106  1  83
20  106  1  30
1  107  1  70
2  107  1  12
3  107  1  69
4  107  1  11
5  107  1  56
6  107  1  32
7  107  1  39
8  107  1  21
9  107  1  53
10  107  1  73
11  107  1  89
12  107  1  49
13  107  1  13
14  107  1  78
15  107  1  83
16  107  1  50
17  107  1  75
18  107  1  66
19  107  1  30
20  107  1  17
1  108  1  27
2  108  1  31
3  108  1  30
4  108  1  20
5  108  1  16
6  108  1  38
7  108  1  33
8  108  1  42
9  108  1  45
10  108  1  77
11  108  1  89
12  108  1  21
13  108  1  16
14  108  1  14
15  108  1  48
16  108  1  42
17  108  1  80
18  108  1  66
19  108  1  42
20  108  1  18
1  109  1  53
2  109  1  24
3  109  1  56
4  109  1  70
5  109  1  89
6  109  1  49
7  109  1  11
8  109  1  80
9  109  1  45
10  109  1  25
11  109  1  60
12  109  1  12
13  109  1  46
14  109  1  76
15  109  1  32
16  109  1  83
17  109  1  50
18  109  1  11
19  109  1  23
20  109  1  44
1  110  1  34
2  110  1  43
3  110  1  29
4  110  1  84
5  110  1  11
6  110  1  46
7  110  1  40
8  110  1  45
9  110  1  30
10  110  1  65
11  110  1  61
12  110  1  78
13  110  1  54
14  110  1  32
15  110  1  85
16  110  1  80
17  110  1  87
18  110  1  33
19  110  1  74
20  110  1  38
1  111  1  13
2  111  1  78
3  111  1  71
4  111  1  26
5  111  1  76
6  111  1  34
7  111  1  73
8  111  1  77
9  111  1  86
10  111  1  77
11  111  1  48
12  111  1  69
13  111  1  10
14  111  1  27
15  111  1  61
16  111  1  11
17  111  1  89
18  111  1  55
19  111  1  18
20  111  1  11
1  112  1  59
2  112  1  17
3  112  1  54
4  112  1  86
5  112  1  38
6  112  1  84
7  112  1  42
8  112  1  26
9  112  1  30
10  112  1  32
11  112  1  71
12  112  1  72
13  112  1  86
14  112  1  29
15  112  1  72
16  112  1  22
17  112  1  34
18  112  1  19
19  112  1  52
20  112  1  37
1  113  1  47
2  113  1  84
3  113  1  25
4  113  1  80
5  113  1  44
6  113  1  50
7  113  1  17
8  113  1  21
9  113  1  81
10  113  1  17
11  113  1  78
12  113  1  33
13  113  1  42
14  113  1  29
15  113  1  77
16  113  1  64
17  113  1  71
18  113  1  50
19  113  1  77
20  113  1  13
1  114  1  87
2  114  1  68
3  114  1  85
4  114  1  18
5  114  1  89
6  114  1  14
7  114  1  41
8  114  1  20
9  114  1  56
10  114  1  72
11  114  1  58
12  114  1  84
13  114  1  18
14  114  1  25
15  114  1  79
16  114  1  57
17  114  1  36
18  114  1  85
19  114  1  73
20  114  1  56
1  115  1  87
2  115  1  59
3  115  1  15
4  115  1  72
5  115  1  57
6  115  1  24
7  115  1  53
8  115  1  26
9  115  1  83
10  115  1  46
11  115  1  90
12  115  1  54
13  115  1  71
14  115  1  40
15  115  1  34
16  115  1  16
17  115  1  41
18  115  1  14
19  115  1  24
20  115  1  84
1  116  1  42
2  116  1  38
3  116  1  88
4  116  1  90
5  116  1  23
6  116  1  48
7  116  1  64
8  116  1  66
9  116  1  90
10  116  1  41
11  116  1  28
12  116  1  75
13  116  1  22
14  116  1  75
15  116  1  74
16  116  1  32
17  116  1  31
18  116  1  58
19  116  1  70
20  116  1  14
1  117  1  57
2  117  1  90
3  117  1  61
4  117  1  68
5  117  1  68
6  117  1  11
7  117  1  37
8  117  1  32
9  117  1  42
10  117  1  49
11  117  1  12
12  117  1  67
13  117  1  50
14  117  1  50
15  117  1  85
16  117  1  31
17  117  1  50
18  117  1  39
19  117  1  25
20  117  1  85
1  118  1  74
2  118  1  31
3  118  1  65
4  118  1  18
5  118  1  77
6  118  1  85
7  118  1  40
8  118  1  44
9  118  1  36
10  118  1  15
11  118  1  61
12  118  1  15
13  118  1  26
14  118  1  69
15  118  1  76
16  118  1  79
17  118  1  63
18  118  1  57
19  118  1  24
20  118  1  20
1  119  1  35
2  119  1  35
3  119  1  40
4  119  1  39
5  119  1  32
6  119  1  21
7  119  1  73
8  119  1  66
9  119  1  17
10  119  1  79
11  119  1  11
12  119  1  48
13  119  1  45
14  119  1  40
15  119  1  40
16  119  1  71
17  119  1  39
18  119  1  68
19  119  1  84
20  119  1  87
1  120  1  40
2  120  1  59
3  120  1  25
4  120  1  16
5  120  1  70
6  120  1  30
7  120  1  56
8  120  1  16
9  120  1  24
10  120  1  68
11  120  1  35
12  120  1  76
13  120  1  80
14  120  1  77
15  120  1  58
16  120  1  35
17  120  1  36
18  120  1  69
19  120  1  70
20  120  1  56
1  121  1  43
2  121  1  12
3  121  1  14
4  121  1  69
5  121  1  26
6  121  1  66
7  121  1  69
8  121  1  60
9  121  1  75
10  121  1  21
11  121  1  36
12  121  1  28
13  121  1  27
14  121  1  59
15  121  1  66
16  121  1  64
17  121  1  75
18  121  1  69
19  121  1  56
20  121  1  26
1  122  1  76
2  122  1  75
3  122  1  77
4  122  1  15
5  122  1  59
6  122  1  44
7  122  1  63
8  122  1  30
9  122  1  44
10  122  1  69
11  122  1  43
12  122  1  12
13  122  1  76
14  122  1  88
15  122  1  86
16  122  1  19
17  122  1  17
18  122  1  39
19  122  1  16
20  122  1  44
1  123  1  82
2  123  1  11
3  123  1  57
4  123  1  19
5  123  1  32
6  123  1  27
7  123  1  62
8  123  1  14
9  123  1  46
10  123  1  54
11  123  1  12
12  123  1  70
13  123  1  29
14  123  1  21
15  123  1  38
16  123  1  42
17  123  1  87
18  123  1  86
19  123  1  10
20  123  1  12
1  124  1  14
2  124  1  89
3  124  1  73
4  124  1  17
5  124  1  30
6  124  1  18
7  124  1  84
8  124  1  11
9  124  1  88
10  124  1  43
11  124  1  65
12  124  1  58
13  124  1  70
14  124  1  34
15  124  1  21
16  124  1  44
17  124  1  80
18  124  1  42
19  124  1  44
20  124  1  22
1  125  1  60
2  125  1  33
3  125  1  85
4  125  1  72
5  125  1  30
6  125  1  81
7  125  1  27
8  125  1  55
9  125  1  37
10  125  1  42
11  125  1  70
12  125  1  34
13  125  1  21
14  125  1  62
15  125  1  44
16  125  1  18
17  125  1  77
18  125  1  70
19  125  1  84
20  125  1  86
1  126  1  71
2  126  1  24
3  126  1  17
4  126  1  47
5  126  1  23
6  126  1  41
7  126  1  39
8  126  1  32
9  126  1  38
10  126  1  62
11  126  1  87
12  126  1  56
13  126  1  85
14  126  1  54
15  126  1  77
16  126  1  61
17  126  1  89
18  126  1  79
19  126  1  80
20  126  1  35
1  127  1  57
2  127  1  35
3  127  1  56
4  127  1  34
5  127  1  62
6  127  1  47
7  127  1  83
8  127  1  48
9  127  1  46
10  127  1  66
11  127  1  55
12  127  1  10
13  127  1  44
14  127  1  78
15  127  1  53
16  127  1  38
17  127  1  75
18  127  1  24
19  127  1  80
20  127  1  20
1  128  1  10
2  128  1  45
3  128  1  70
4  128  1  12
5  128  1  19
6  128  1  73
7  128  1  10
8  128  1  34
9  128  1  65
10  128  1  90
11  128  1  48
12  128  1  45
13  128  1  19
14  128  1  46
15  128  1  77
16  128  1  24
17  128  1  51
18  128  1  80
19  128  1  66
20  128  1  40
1  129  1  15
2  129  1  57
3  129  1  16
4  129  1  60
5  129  1  52
6  129  1  79
7  129  1  10
8  129  1  21
9  129  1  63
10  129  1  20
11  129  1  64
12  129  1  31
13  129  1  70
14  129  1  63
15  129  1  19
16  129  1  68
17  129  1  81
18  129  1  10
19  129  1  85
20  129  1  45
1  130  1  33
2  130  1  72
3  130  1  65
4  130  1  79
5  130  1  87
6  130  1  64
7  130  1  66
8  130  1  44
9  130  1  82
10  130  1  72
11  130  1  13
12  130  1  40
13  130  1  87
14  130  1  50
15  130  1  40
16  130  1  77
17  130  1  25
18  130  1  49
19  130  1  66
20  130  1  34
1  131  1  76
2  131  1  90
3  131  1  65
4  131  1  66
5  131  1  57
6  131  1  62
7  131  1  68
8  131  1  84
9  131  1  38
10  131  1  76
11  131  1  53
12  131  1  48
13  131  1  41
14  131  1  13
15  131  1  70
16  131  1  82
17  131  1  27
18  131  1  48
19  131  1  47
20  131  1  41
1  132  1  74
2  132  1  39
3  132  1  13
4  132  1  66
5  132  1  33
6  132  1  32
7  132  1  63
8  132  1  47
9  132  1  49
10  132  1  18
11  132  1  27
12  132  1  72
13  132  1  42
14  132  1  75
15  132  1  66
16  132  1  72
17  132  1  24
18  132  1  47
19  132  1  21
20  132  1  31
1  133  1  76
2  133  1  77
3  133  1  90
4  133  1  62
5  133  1  39
6  133  1  41
7  133  1  43
8  133  1  34
9  133  1  83
10  133  1  50
11  133  1  57
12  133  1  69
13  133  1  43
14  133  1  69
15  133  1  72
16  133  1  34
17  133  1  40
18  133  1  10
19  133  1  37
20  133  1  65
1  134  1  54
2  134  1  19
3  134  1  19
4  134  1  43
5  134  1  10
6  134  1  13
7  134  1  74
8  134  1  82
9  134  1  57
10  134  1  21
11  134  1  49
12  134  1  82
13  134  1  25
14  134  1  68
15  134  1  39
16  134  1  35
17  134  1  77
18  134  1  90
19  134  1  50
20  134  1  38
1  135  1  15
2  135  1  16
3  135  1  37
4  135  1  70
5  135  1  19
6  135  1  10
7  135  1  81
8  135  1  32
9  135  1  24
10  135  1  34
11  135  1  40
12  135  1  25
13  135  1  37
14  135  1  48
15  135  1  36
16  135  1  46
17  135  1  17
18  135  1  39
19  135  1  34
20  135  1  86
1  136  1  76
2  136  1  73
3  136  1  76
4  136  1  37
5  136  1  44
6  136  1  56
7  136  1  33
8  136  1  25
9  136  1  54
10  136  1  19
11  136  1  25
12  136  1  82
13  136  1  64
14  136  1  47
15  136  1  13
16  136  1  70
17  136  1  75
18  136  1  32
19  136  1  46
20  136  1  58
1  137  1  80
2  137  1  25
3  137  1  45
4  137  1  18
5  137  1  83
6  137  1  30
7  137  1  79
8  137  1  22
9  137  1  34
10  137  1  56
11  137  1  62
12  137  1  24
13  137  1  75
14  137  1  29
15  137  1  37
16  137  1  10
17  137  1  33
18  137  1  68
19  137  1  22
20  137  1  37
1  138  1  25
2  138  1  44
3  138  1  89
4  138  1  82
5  138  1  78
6  138  1  34
7  138  1  73
8  138  1  51
9  138  1  22
10  138  1  82
11  138  1  26
12  138  1  67
13  138  1  38
14  138  1  45
15  138  1  76
16  138  1  27
17  138  1  74
18  138  1  34
19  138  1  36
20  138  1  33
1  139  1  14
2  139  1  16
3  139  1  76
4  139  1  24
5  139  1  25
6  139  1  50
7  139  1  27
8  139  1  33
9  139  1  43
10  139  1  11
11  139  1  51
12  139  1  17
13  139  1  69
14  139  1  36
15  139  1  72
16  139  1  40
17  139  1  79
18  139  1  40
19  139  1  73
20  139  1  25
1  140  1  26
2  140  1  85
3  140  1  29
4  140  1  62
5  140  1  67
6  140  1  52
7  140  1  11
8  140  1  14
9  140  1  90
10  140  1  71
11  140  1  13
12  140  1  21
13  140  1  71
14  140  1  76
15  140  1  27
16  140  1  86
17  140  1  55
18  140  1  86
19  140  1  47
20  140  1  74
1  141  1  80
2  141  1  49
3  141  1  54
4  141  1  68
5  141  1  23
6  141  1  56
7  141  1  58
8  141  1  40
9  141  1  53
10  141  1  52
11  141  1  73
12  141  1  49
13  141  1  38
14  141  1  68
15  141  1  55
16  141  1  39
17  141  1  13
18  141  1  86
19  141  1  64
20  141  1  29
1  142  1  34
2  142  1  14
3  142  1  26
4  142  1  27
5  142  1  48
6  142  1  45
7  142  1  17
8  142  1  27
9  142  1  48
10  142  1  28
11  142  1  47
12  142  1  49
13  142  1  56
14  142  1  11
15  142  1  41
16  142  1  56
17  142  1  63
18  142  1  38
19  142  1  48
20  142  1  69
1  143  1  19
2  143  1  17
3  143  1  33
4  143  1  77
5  143  1  18
6  143  1  25
7  143  1  64
8  143  1  57
9  143  1  37
10  143  1  55
11  143  1  35
12  143  1  54
13  143  1  48
14  143  1  12
15  143  1  48
16  143  1  59
17  143  1  31
18  143  1  70
19  143  1  27
20  143  1  38
1  144  1  72
2  144  1  23
3  144  1  63
4  144  1  64
5  144  1  65
6  144  1  88
7  144  1  20
8  144  1  76
9  144  1  32
10  144  1  43
11  144  1  34
12  144  1  59
13  144  1  68
14  144  1  79
15  144  1  10
16  144  1  60
17  144  1  41
18  144  1  61
19  144  1  81
20  144  1  14
1  145  1  85
2  145  1  54
3  145  1  80
4  145  1  87
5  145  1  10
6  145  1  66
7  145  1  49
8  145  1  72
9  145  1  26
10  145  1  26
11  145  1  18
12  145  1  40
13  145  1  72
14  145  1  83
15  145  1  20
16  145  1  90
17  145  1  11
18  145  1  81
19  145  1  65
20  145  1  47
1  146  1  19
2  146  1  69
3  146  1  88
4  146  1  50
5  146  1  43
6  146  1  33
7  146  1  46
8  146  1  73
9  146  1  20
10  146  1  68
11  146  1  77
12  146  1  15
13  146  1  13
14  146  1  35
15  146  1  52
16  146  1  68
17  146  1  65
18  146  1  19
19  146  1  24
20  146  1  85
1  147  1  59
2  147  1  33
3  147  1  60
4  147  1  73
5  147  1  82
6  147  1  79
7  147  1  52
8  147  1  84
9  147  1  58
10  147  1  46
11  147  1  56
12  147  1  18
13  147  1  65
14  147  1  44
15  147  1  22
16  147  1  30
17  147  1  27
18  147  1  40
19  147  1  39
20  147  1  39
1  148  1  39
2  148  1  21
3  148  1  83
4  148  1  23
5  148  1  83
6  148  1  37
7  148  1  47
8  148  1  25
9  148  1  88
10  148  1  43
11  148  1  70
12  148  1  84
13  148  1  77
14  148  1  58
15  148  1  29
16  148  1  61
17  148  1  16
18  148  1  45
19  148  1  59
20  148  1  80
1  149  1  36
2  149  1  10
3  149  1  66
4  149  1  89
5  149  1  47
6  149  1  27
7  149  1  58
8  149  1  30
9  149  1  29
10  149  1  80
11  149  1  57
12  149  1  52
13  149  1  57
14  149  1  83
15  149  1  78
16  149  1  58
17  149  1  31
18  149  1  44
19  149  1  67
20  149  1  59
1  150  1  65
2  150  1  83
3  150  1  90
4  150  1  21
5  150  1  79
6  150  1  76
7  150  1  21
8  150  1  44
9  150  1  26
10  150  1  25
11  150  1  72
12  150  1  75
13  150  1  49
14  150  1  49
15  150  1  30
16  150  1  30
17  150  1  82
18  150  1  56
19  150  1  66
20  150  1  52
1  1  2  29.82
2  1  2  9.27
3  1  2  18.50
4  1  2  70.62
5  1  2  8.79
6  1  2  35.51
7  1  2  8.48
8  1  2  6.88
9  1  2  54.47
10  1  2  21.35
11  1  2  22.72
12  1  2  22.55
13  1  2  24.91
14  1  2  11.85
15  1  2  11.27
16  1  2  34.21
17  1  2  35.60
18  1  2  3.18
19  1  2  5.42
20  1  2  35.37
1  2  2  14.85
2  2  2  39.99
3  2  2  5.24
4  2  2  18.48
5  2  2  53.63
6  2  2  25.42
7  2  2  47.32
8  2  2  63.03
9  2  2  31.21
10  2  2  45.11
11  2  2  54.94
12  2  2  56.89
13  2  2  30.13
14  2  2  17.97
15  2  2  58.43
16  2  2  12.27
17  2  2  18.02
18  2  2  20.88
19  2  2  16.48
20  2  2  23.22
1  3  2  34.78
2  3  2  3.77
3  3  2  5.89
4  3  2  12.10
5  3  2  52.69
6  3  2  4.80
7  3  2  16.40
8  3  2  17.15
9  3  2  14.78
10  3  2  6.70
11  3  2  14.30
12  3  2  37.48
13  3  2  34.65
14  3  2  50.38
15  3  2  25.71
16  3  2  17.03
17  3  2  42.07
18  3  2  57.42
19  3  2  5.99
20  3  2  42.09
1  4  2  41.71
2  4  2  42.10
3  4  2  8.98
4  4  2  28.43
5  4  2  24.73
6  4  2  49.60
7  4  2  39.40
8  4  2  12.28
9  4  2  37.85
10  4  2  7.46
11  4  2  61.66
12  4  2  12.40
13  4  2  58.77
14  4  2  11.39
15  4  2  37.28
16  4  2  8.01
17  4  2  6.25
18  4  2  13.46
19  4  2  34.63
20  4  2  3.66
1  5  2  31.51
2  5  2  39.09
3  5  2  57.21
4  5  2  28.34
5  5  2  3.38
6  5  2  7.54
7  5  2  12.29
8  5  2  14.19
9  5  2  44.75
10  5  2  12.52
11  5  2  19.20
12  5  2  9.24
13  5  2  18.99
14  5  2  7.33
15  5  2  18.94
16  5  2  20.52
17  5  2  39.39
18  5  2  13.65
19  5  2  35.04
20  5  2  16.00
1  6  2  41.01
2  6  2  9.00
3  6  2  16.79
4  6  2  18.54
5  6  2  16.64
6  6  2  24.52
7  6  2  66.71
8  6  2  23.18
9  6  2  13.93
10  6  2  48.58
11  6  2  31.31
12  6  2  13.06
13  6  2  18.04
14  6  2  12.18
15  6  2  27.83
16  6  2  15.12
17  6  2  10.49
18  6  2  27.14
19  6  2  8.46
20  6  2  16.88
1  7  2  8.89
2  7  2  58.99
3  7  2  6.08
4  7  2  47.39
5  7  2  22.36
6  7  2  12.52
7  7  2  31.84
8  7  2  2.29
9  7  2  15.25
10  7  2  16.84
11  7  2  43.64
12  7  2  32.19
13  7  2  44.75
14  7  2  57.06
15  7  2  23.22
16  7  2  12.27
17  7  2  20.31
18  7  2  35.43
19  7  2  35.42
20  7  2  16.99
1  8  2  58.73
2  8  2  27.49
3  8  2  7.19
4  8  2  9.34
5  8  2  36.73
6  8  2  5.01
7  8  2  30.51
8  8  2  15.01
9  8  2  50.07
10  8  2  24.11
11  8  2  43.74
12  8  2  21.84
13  8  2  5.37
14  8  2  8.10
15  8  2  12.90
16  8  2  26.96
17  8  2  21.08
18  8  2  10.56
19  8  2  13.07
20  8  2  9.99
1  9  2  5.39
2  9  2  37.05
3  9  2  15.25
4  9  2  20.87
5  9  2  10.90
6  9  2  11.12
7  9  2  27.93
8  9  2  9.04
9  9  2  19.60
10  9  2  8.27
11  9  2  8.51
12  9  2  21.10
13  9  2  35.00
14  9  2  7.64
15  9  2  42.04
16  9  2  57.89
17  9  2  7.58
18  9  2  37.12
19  9  2  44.58
20  9  2  14.00
1  10  2  7.20
2  10  2  27.18
3  10  2  45.58
4  10  2  9.11
5  10  2  21.11
6  10  2  19.97
7  10  2  27.31
8  10  2  24.17
9  10  2  13.57
10  10  2  13.14
11  10  2  23.06
12  10  2  21.32
13  10  2  23.20
14  10  2  39.23
15  10  2  4.11
16  10  2  24.13
17  10  2  10.54
18  10  2  11.55
19  10  2  40.77
20  10  2  14.78
1  11  2  13.47
2  11  2  36.48
3  11  2  38.86
4  11  2  13.51
5  11  2  15.15
6  11  2  20.73
7  11  2  18.54
8  11  2  59.79
9  11  2  18.27
10  11  2  22.86
11  11  2  52.02
12  11  2  15.02
13  11  2  9.05
14  11  2  35.44
15  11  2  30.56
16  11  2  4.71
17  11  2  20.52
18  11  2  18.10
19  11  2  30.66
20  11  2  53.77
1  12  2  30.52
2  12  2  8.04
3  12  2  2.72
4  12  2  42.78
5  12  2  51.07
6  12  2  13.43
7  12  2  4.75
8  12  2  6.24
9  12  2  19.89
10  12  2  35.54
11  12  2  61.81
12  12  2  17.67
13  12  2  10.17
14  12  2  17.08
15  12  2  29.97
16  12  2  12.80
17  12  2  39.16
18  12  2  16.74
19  12  2  20.63
20  12  2  8.53
1  13  2  46.32
2  13  2  39.70
3  13  2  55.22
4  13  2  13.61
5  13  2  54.66
6  13  2  21.91
7  13  2  5.07
8  13  2  32.99
9  13  2  10.73
10  13  2  19.16
11  13  2  24.30
12  13  2  13.16
13  13  2  36.44
14  13  2  23.84
15  13  2  14.06
16  13  2  33.53
17  13  2  25.03
18  13  2  14.26
19  13  2  13.75
20  13  2  33.08
1  14  2  25.28
2  14  2  6.10
3  14  2  30.93
4  14  2  18.10
5  14  2  8.38
6  14  2  6.38
7  14  2  25.82
8  14  2  44.53
9  14  2  31.26
10  14  2  10.67
11  14  2  17.82
12  14  2  16.51
13  14  2  13.73
14  14  2  10.27
15  14  2  29.73
16  14  2  46.97
17  14  2  7.21
18  14  2  21.71
19  14  2  7.84
20  14  2  13.83
1  15  2  13.53
2  15  2  43.32
3  15  2  18.82
4  15  2  14.48
5  15  2  20.08
6  15  2  36.31
7  15  2  25.30
8  15  2  39.33
9  15  2  36.19
10  15  2  45.83
11  15  2  11.26
12  15  2  39.52
13  15  2  40.47
14  15  2  31.76
15  15  2  20.63
16  15  2  11.06
17  15  2  35.84
18  15  2  5.75
19  15  2  17.60
20  15  2  15.91
1  16  2  29.53
2  16  2  11.41
3  16  2  7.13
4  16  2  20.01
5  16  2  38.87
6  16  2  34.09
7  16  2  50.53
8  16  2  60.68
9  16  2  21.83
10  16  2  44.03
11  16  2  13.66
12  16  2  21.41
13  16  2  30.28
14  16  2  9.71
15  16  2  21.25
16  16  2  41.53
17  16  2  51.73
18  16  2  23.98
19  16  2  15.97
20  16  2  10.55
1  17  2  4.22
2  17  2  28.51
3  17  2  16.61
4  17  2  25.99
5  17  2  21.36
6  17  2  4.96
7  17  2  12.07
8  17  2  12.35
9  17  2  5.33
10  17  2  30.95
11  17  2  8.18
12  17  2  9.56
13  17  2  10.34
14  17  2  13.79
15  17  2  19.93
16  17  2  6.59
17  17  2  14.08
18  17  2  16.25
19  17  2  5.02
20  17  2  29.09
1  18  2  34.97
2  18  2  53.05
3  18  2  17.31
4  18  2  11.38
5  18  2  17.87
6  18  2  26.29
7  18  2  17.62
8  18  2  16.24
9  18  2  26.12
10  18  2  48.52
11  18  2  48.50
12  18  2  26.80
13  18  2  28.04
14  18  2  11.07
15  18  2  13.54
16  18  2  8.13
17  18  2  64.90
18  18  2  48.06
19  18  2  60.46
20  18  2  9.45
1  19  2  21.53
2  19  2  56.84
3  19  2  55.76
4  19  2  41.38
5  19  2  39.93
6  19  2  59.13
7  19  2  16.59
8  19  2  19.18
9  19  2  17.58
10  19  2  9.95
11  19  2  36.30
12  19  2  7.73
13  19  2  11.45
14  19  2  13.20
15  19  2  11.95
16  19  2  20.15
17  19  2  8.97
18  19  2  24.11
19  19  2  27.31
20  19  2  28.69
1  20  2  9.70
2  20  2  8.80
3  20  2  19.71
4  20  2  16.65
5  20  2  3.86
6  20  2  26.84
7  20  2  49.96
8  20  2  32.01
9  20  2  29.21
10  20  2  33.53
11  20  2  46.43
12  20  2  65.43
13  20  2  38.30
14  20  2  24.84
15  20  2  13.81
16  20  2  22.79
17  20  2  19.06
18  20  2  19.64
19  20  2  22.83
20  20  2  23.28
1  21  2  5.18
2  21  2  26.15
3  21  2  25.53
4  21  2  29.28
5  21  2  14.34
6  21  2  5.06
7  21  2  12.62
8  21  2  36.23
9  21  2  48.74
10  21  2  43.02
11  21  2  17.50
12  21  2  12.47
13  21  2  30.13
14  21  2  4.25
15  21  2  16.80
16  21  2  32.67
17  21  2  10.21
18  21  2  10.01
19  21  2  27.82
20  21  2  8.07
1  22  2  61.87
2  22  2  17.56
3  22  2  29.79
4  22  2  12.72
5  22  2  5.23
6  22  2  42.17
7  22  2  38.99
8  22  2  9.05
9  22  2  8.66
10  22  2  35.88
11  22  2  7.27
12  22  2  24.73
13  22  2  14.58
14  22  2  7.75
15  22  2  16.88
16  22  2  47.68
17  22  2  13.27
18  22  2  28.15
19  22  2  31.52
20  22  2  48.28
1  23  2  33.63
2  23  2  42.31
3  23  2  4.70
4  23  2  47.38
5  23  2  12.70
6  23  2  24.73
7  23  2  29.63
8  23  2  9.50
9  23  2  7.80
10  23  2  11.20
11  23  2  47.99
12  23  2  36.72
13  23  2  10.39
14  23  2  10.09
15  23  2  24.08
16  23  2  11.01
17  23  2  17.53
18  23  2  31.37
19  23  2  10.06
20  23  2  10.70
1  24  2  59.19
2  24  2  6.05
3  24  2  29.09
4  24  2  24.27
5  24  2  23.07
6  24  2  36.68
7  24  2  46.84
8  24  2  40.68
9  24  2  18.60
10  24  2  9.26
11  24  2  14.98
12  24  2  53.36
13  24  2  13.68
14  24  2  46.13
15  24  2  44.57
16  24  2  18.72
17  24  2  39.92
18  24  2  6.71
19  24  2  32.58
20  24  2  13.60
1  25  2  39.04
2  25  2  31.60
3  25  2  17.34
4  25  2  31.64
5  25  2  12.21
6  25  2  38.41
7  25  2  41.38
8  25  2  6.84
9  25  2  14.32
10  25  2  44.75
11  25  2  22.10
12  25  2  30.65
13  25  2  45.01
14  25  2  28.17
15  25  2  29.25
16  25  2  31.45
17  25  2  37.13
18  25  2  22.51
19  25  2  6.86
20  25  2  19.76
1  26  2  64.04
2  26  2  29.13
3  26  2  17.32
4  26  2  10.99
5  26  2  12.67
6  26  2  13.08
7  26  2  10.47
8  26  2  20.94
9  26  2  20.49
10  26  2  9.54
11  26  2  49.10
12  26  2  33.65
13  26  2  42.01
14  26  2  29.08
15  26  2  42.84
16  26  2  36.57
17  26  2  22.32
18  26  2  19.86
19  26  2  18.01
20  26  2  11.89
1  27  2  9.16
2  27  2  8.56
3  27  2  17.00
4  27  2  35.47
5  27  2  24.83
6  27  2  22.31
7  27  2  16.31
8  27  2  10.26
9  27  2  25.41
10  27  2  14.41
11  27  2  30.02
12  27  2  10.30
13  27  2  23.40
14  27  2  24.96
15  27  2  47.27
16  27  2  5.84
17  27  2  21.66
18  27  2  16.50
19  27  2  27.32
20  27  2  26.48
1  28  2  49.73
2  28  2  15.62
3  28  2  23.42
4  28  2  28.86
5  28  2  5.17
6  28  2  17.62
7  28  2  45.67
8  28  2  41.47
9  28  2  25.99
10  28  2  31.85
11  28  2  12.84
12  28  2  23.47
13  28  2  19.49
14  28  2  32.88
15  28  2  51.99
16  28  2  13.21
17  28  2  40.18
18  28  2  30.07
19  28  2  17.20
20  28  2  38.92
1  29  2  20.14
2  29  2  35.67
3  29  2  6.26
4  29  2  6.05
5  29  2  24.45
6  29  2  9.39
7  29  2  68.08
8  29  2  30.48
9  29  2  48.13
10  29  2  24.71
11  29  2  30.55
12  29  2  6.40
13  29  2  30.06
14  29  2  43.84
15  29  2  17.25
16  29  2  19.34
17  29  2  5.40
18  29  2  40.74
19  29  2  52.22
20  29  2  25.27
1  30  2  57.28
2  30  2  17.98
3  30  2  46.60
4  30  2  9.57
5  30  2  34.41
6  30  2  27.80
7  30  2  20.44
8  30  2  14.96
9  30  2  4.06
10  30  2  38.65
11  30  2  21.37
12  30  2  25.56
13  30  2  51.26
14  30  2  40.77
15  30  2  34.27
16  30  2  25.68
17  30  2  19.50
18  30  2  21.28
19  30  2  39.70
20  30  2  50.93
1  31  2  2.78
2  31  2  13.98
3  31  2  49.28
4  31  2  13.22
5  31  2  17.90
6  31  2  10.90
7  31  2  51.39
8  31  2  60.07
9  31  2  10.06
10  31  2  23.23
11  31  2  6.38
12  31  2  44.92
13  31  2  48.12
14  31  2  16.17
15  31  2  49.32
16  31  2  28.95
17  31  2  58.39
18  31  2  19.64
19  31  2  26.16
20  31  2  19.95
1  32  2  57.90
2  32  2  20.73
3  32  2  2.48
4  32  2  39.07
5  32  2  18.90
6  32  2  43.65
7  32  2  44.06
8  32  2  7.73
9  32  2  26.59
10  32  2  8.64
11  32  2  53.23
12  32  2  31.68
13  32  2  33.97
14  32  2  19.43
15  32  2  11.62
16  32  2  54.96
17  32  2  52.50
18  32  2  38.16
19  32  2  32.31
20  32  2  32.62
1  33  2  29.70
2  33  2  26.63
3  33  2  43.62
4  33  2  17.60
5  33  2  16.08
6  33  2  40.82
7  33  2  24.83
8  33  2  23.31
9  33  2  34.17
10  33  2  50.72
11  33  2  27.79
12  33  2  19.12
13  33  2  42.24
14  33  2  43.80
15  33  2  30.57
16  33  2  18.90
17  33  2  3.32
18  33  2  22.12
19  33  2  20.09
20  33  2  15.14
1  34  2  19.53
2  34  2  21.61
3  34  2  5.02
4  34  2  37.67
5  34  2  42.44
6  34  2  7.61
7  34  2  12.88
8  34  2  30.73
9  34  2  15.10
10  34  2  5.59
11  34  2  8.54
12  34  2  13.41
13  34  2  51.25
14  34  2  9.37
15  34  2  29.20
16  34  2  23.57
17  34  2  37.85
18  34  2  43.98
19  34  2  18.15
20  34  2  5.43
1  35  2  19.59
2  35  2  3.98
3  35  2  23.19
4  35  2  51.25
5  35  2  30.38
6  35  2  65.67
7  35  2  13.03
8  35  2  16.60
9  35  2  31.12
10  35  2  61.66
11  35  2  18.39
12  35  2  50.18
13  35  2  67.15
14  35  2  6.59
15  35  2  7.44
16  35  2  7.87
17  35  2  63.06
18  35  2  13.42
19  35  2  19.32
20  35  2  44.30
1  36  2  30.99
2  36  2  8.30
3  36  2  22.51
4  36  2  52.31
5  36  2  32.31
6  36  2  12.30
7  36  2  33.16
8  36  2  20.90
9  36  2  32.61
10  36  2  14.12
11  36  2  11.31
12  36  2  16.37
13  36  2  14.93
14  36  2  12.37
15  36  2  6.71
16  36  2  17.17
17  36  2  33.32
18  36  2  7.48
19  36  2  15.11
20  36  2  14.03
1  37  2  6.45
2  37  2  12.15
3  37  2  36.22
4  37  2  33.79
5  37  2  9.41
6  37  2  14.57
7  37  2  17.53
8  37  2  18.96
9  37  2  8.47
10  37  2  43.50
11  37  2  18.76
12  37  2  39.43
13  37  2  43.00
14  37  2  20.11
15  37  2  13.76
16  37  2  8.34
17  37  2  26.59
18  37  2  58.09
19  37  2  12.48
20  37  2  11.88
1  38  2  25.31
2  38  2  9.31
3  38  2  26.76
4  38  2  22.54
5  38  2  3.09
6  38  2  50.65
7  38  2  48.89
8  38  2  7.26
9  38  2  35.12
10  38  2  13.96
11  38  2  19.46
12  38  2  24.41
13  38  2  31.45
14  38  2  15.89
15  38  2  7.21
16  38  2  58.85
17  38  2  39.23
18  38  2  32.46
19  38  2  22.99
20  38  2  9.31
1  39  2  40.27
2  39  2  41.80
3  39  2  52.38
4  39  2  5.52
5  39  2  30.59
6  39  2  37.69
7  39  2  8.68
8  39  2  67.81
9  39  2  31.43
10  39  2  25.41
11  39  2  28.83
12  39  2  17.27
13  39  2  35.76
14  39  2  37.56
15  39  2  27.33
16  39  2  63.19
17  39  2  8.23
18  39  2  34.74
19  39  2  60.37
20  39  2  16.61
1  40  2  63.69
2  40  2  15.75
3  40  2  20.19
4  40  2  15.42
5  40  2  9.90
6  40  2  16.07
7  40  2  57.56
8  40  2  16.63
9  40  2  25.70
10  40  2  60.58
11  40  2  44.91
12  40  2  4.72
13  40  2  67.78
14  40  2  8.53
15  40  2  14.16
16  40  2  46.71
17  40  2  65.70
18  40  2  29.15
19  40  2  20.66
20  40  2  24.88
1  41  2  49.85
2  41  2  6.36
3  41  2  2.21
4  41  2  26.87
5  41  2  37.99
6  41  2  17.43
7  41  2  17.32
8  41  2  24.74
9  41  2  26.73
10  41  2  58.73
11  41  2  32.74
12  41  2  25.50
13  41  2  16.26
14  41  2  11.25
15  41  2  13.74
16  41  2  17.69
17  41  2  24.90
18  41  2  44.78
19  41  2  13.65
20  41  2  69.42
1  42  2  41.93
2  42  2  31.49
3  42  2  49.76
4  42  2  28.85
5  42  2  19.41
6  42  2  41.11
7  42  2  45.35
8  42  2  54.01
9  42  2  38.72
10  42  2  16.05
11  42  2  5.55
12  42  2  9.92
13  42  2  19.20
14  42  2  8.51
15  42  2  9.68
16  42  2  25.07
17  42  2  47.56
18  42  2  17.55
19  42  2  39.92
20  42  2  17.29
1  43  2  34.07
2  43  2  27.70
3  43  2  61.10
4  43  2  10.94
5  43  2  22.58
6  43  2  34.32
7  43  2  44.39
8  43  2  7.41
9  43  2  6.34
10  43  2  32.03
11  43  2  8.60
12  43  2  8.75
13  43  2  23.46
14  43  2  32.33
15  43  2  28.34
16  43  2  56.83
17  43  2  13.91
18  43  2  56.69
19  43  2  17.78
20  43  2  14.76
1  44  2  11.28
2  44  2  15.17
3  44  2  33.21
4  44  2  27.26
5  44  2  9.00
6  44  2  32.34
7  44  2  14.99
8  44  2  18.88
9  44  2  33.72
10  44  2  39.82
11  44  2  38.81
12  44  2  29.47
13  44  2  50.73
14  44  2  9.99
15  44  2  10.18
16  44  2  11.56
17  44  2  32.34
18  44  2  12.33
19  44  2  7.01
20  44  2  20.15
1  45  2  18.66
2  45  2  36.10
3  45  2  19.42
4  45  2  38.00
5  45  2  12.33
6  45  2  63.85
7  45  2  10.52
8  45  2  45.38
9  45  2  32.48
10  45  2  25.19
11  45  2  11.56
12  45  2  24.84
13  45  2  23.96
14  45  2  44.80
15  45  2  22.52
16  45  2  4.84
17  45  2  39.76
18  45  2  54.71
19  45  2  2.84
20  45  2  19.15
1  46  2  2.55
2  46  2  5.61
3  46  2  12.33
4  46  2  25.70
5  46  2  9.27
6  46  2  37.94
7  46  2  14.93
8  46  2  4.26
9  46  2  24.07
10  46  2  39.98
11  46  2  18.54
12  46  2  40.34
13  46  2  36.76
14  46  2  3.89
15  46  2  13.35
16  46  2  12.54
17  46  2  20.31
18  46  2  22.21
19  46  2  5.00
20  46  2  14.25
1  47  2  46.34
2  47  2  19.30
3  47  2  38.96
4  47  2  5.58
5  47  2  12.41
6  47  2  25.76
7  47  2  23.83
8  47  2  45.30
9  47  2  6.85
10  47  2  21.10
11  47  2  15.29
12  47  2  6.23
13  47  2  7.66
14  47  2  22.41
15  47  2  4.95
16  47  2  4.66
17  47  2  4.50
18  47  2  30.17
19  47  2  54.58
20  47  2  13.95
1  48  2  11.62
2  48  2  44.64
3  48  2  17.27
4  48  2  18.38
5  48  2  18.71
6  48  2  10.91
7  48  2  21.72
8  48  2  4.82
9  48  2  59.70
10  48  2  15.81
11  48  2  20.37
12  48  2  15.55
13  48  2  46.74
14  48  2  23.72
15  48  2  53.27
16  48  2  39.77
17  48  2  14.84
18  48  2  30.21
19  48  2  13.86
20  48  2  37.40
1  49  2  24.46
2  49  2  19.39
3  49  2  7.19
4  49  2  9.80
5  49  2  16.38
6  49  2  12.09
7  49  2  31.82
8  49  2  30.94
9  49  2  22.08
10  49  2  24.52
11  49  2  40.76
12  49  2  13.85
13  49  2  15.95
14  49  2  11.71
15  49  2  16.47
16  49  2  20.55
17  49  2  27.08
18  49  2  18.70
19  49  2  10.94
20  49  2  10.14
1  50  2  5.88
2  50  2  10.07
3  50  2  8.00
4  50  2  28.50
5  50  2  39.69
6  50  2  48.51
7  50  2  6.90
8  50  2  50.31
9  50  2  25.21
10  50  2  35.23
11  50  2  21.57
12  50  2  6.02
13  50  2  29.66
14  50  2  4.35
15  50  2  21.60
16  50  2  5.23
17  50  2  15.42
18  50  2  67.54
19  50  2  38.95
20  50  2  27.86
1  51  2  18.52
2  51  2  17.59
3  51  2  15.86
4  51  2  18.68
5  51  2  13.62
6  51  2  35.01
7  51  2  31.67
8  51  2  11.79
9  51  2  31.28
10  51  2  11.14
11  51  2  44.41
12  51  2  24.12
13  51  2  26.80
14  51  2  16.81
15  51  2  11.83
16  51  2  15.21
17  51  2  48.22
18  51  2  9.57
19  51  2  31.90
20  51  2  30.66
1  52  2  23.94
2  52  2  43.22
3  52  2  30.80
4  52  2  55.38
5  52  2  21.25
6  52  2  28.72
7  52  2  47.29
8  52  2  47.99
9  52  2  14.38
10  52  2  41.39
11  52  2  8.77
12  52  2  13.29
13  52  2  19.40
14  52  2  16.30
15  52  2  17.17
16  52  2  35.52
17  52  2  39.05
18  52  2  12.93
19  52  2  40.25
20  52  2  58.72
1  53  2  7.06
2  53  2  26.06
3  53  2  13.76
4  53  2  21.01
5  53  2  40.79
6  53  2  31.02
7  53  2  10.78
8  53  2  3.95
9  53  2  2.60
10  53  2  23.34
11  53  2  66.14
12  53  2  17.66
13  53  2  22.90
14  53  2  12.12
15  53  2  21.49
16  53  2  57.77
17  53  2  21.65
18  53  2  55.41
19  53  2  18.42
20  53  2  7.47
1  54  2  7.66
2  54  2  17.72
3  54  2  33.10
4  54  2  35.67
5  54  2  14.48
6  54  2  7.98
7  54  2  17.11
8  54  2  34.95
9  54  2  19.31
10  54  2  20.89
11  54  2  29.02
12  54  2  10.63
13  54  2  36.69
14  54  2  39.55
15  54  2  24.67
16  54  2  18.61
17  54  2  8.03
18  54  2  41.33
19  54  2  16.60
20  54  2  9.08
1  55  2  47.04
2  55  2  20.35
3  55  2  8.59
4  55  2  25.78
5  55  2  12.46
6  55  2  23.59
7  55  2  59.32
8  55  2  29.16
9  55  2  23.89
10  55  2  9.95
11  55  2  52.91
12  55  2  16.76
13  55  2  17.01
14  55  2  25.90
15  55  2  19.59
16  55  2  51.75
17  55  2  7.17
18  55  2  21.27
19  55  2  16.34
20  55  2  45.08
1  56  2  25.21
2  56  2  15.24
3  56  2  10.95
4  56  2  52.71
5  56  2  11.02
6  56  2  3.53
7  56  2  36.14
8  56  2  32.95
9  56  2  37.84
10  56  2  70.41
11  56  2  16.37
12  56  2  32.79
13  56  2  10.22
14  56  2  9.08
15  56  2  30.62
16  56  2  64.93
17  56  2  28.77
18  56  2  43.36
19  56  2  33.27
20  56  2  41.07
1  57  2  14.72
2  57  2  8.21
3  57  2  8.31
4  57  2  53.11
5  57  2  14.73
6  57  2  57.63
7  57  2  66.73
8  57  2  22.44
9  57  2  8.82
10  57  2  45.80
11  57  2  19.74
12  57  2  24.64
13  57  2  20.63
14  57  2  39.13
15  57  2  30.22
16  57  2  40.86
17  57  2  14.32
18  57  2  15.44
19  57  2  12.86
20  57  2  26.52
1  58  2  14.61
2  58  2  21.57
3  58  2  7.25
4  58  2  3.95
5  58  2  20.88
6  58  2  10.47
7  58  2  32.17
8  58  2  32.73
9  58  2  14.34
10  58  2  9.26
11  58  2  12.96
12  58  2  18.92
13  58  2  8.05
14  58  2  29.45
15  58  2  36.57
16  58  2  11.74
17  58  2  36.76
18  58  2  30.62
19  58  2  34.90
20  58  2  4.30
1  59  2  39.18
2  59  2  37.85
3  59  2  47.47
4  59  2  44.08
5  59  2  18.84
6  59  2  33.42
7  59  2  13.29
8  59  2  38.64
9  59  2  42.98
10  59  2  32.67
11  59  2  32.87
12  59  2  10.52
13  59  2  15.53
14  59  2  13.17
15  59  2  45.98
16  59  2  13.18
17  59  2  7.55
18  59  2  14.19
19  59  2  8.82
20  59  2  38.52
1  60  2  20.52
2  60  2  21.26
3  60  2  8.30
4  60  2  20.72
5  60  2  43.72
6  60  2  12.94
7  60  2  35.33
8  60  2  34.76
9  60  2  36.29
10  60  2  3.85
11  60  2  12.67
12  60  2  53.00
13  60  2  42.33
14  60  2  40.86
15  60  2  32.55
16  60  2  18.48
17  60  2  60.60
18  60  2  26.84
19  60  2  44.18
20  60  2  10.85
1  61  2  13.77
2  61  2  29.45
3  61  2  22.40
4  61  2  2.80
5  61  2  47.96
6  61  2  12.66
7  61  2  17.77
8  61  2  41.61
9  61  2  66.51
10  61  2  15.50
11  61  2  6.06
12  61  2  4.05
13  61  2  29.89
14  61  2  7.94
15  61  2  6.63
16  61  2  29.48
17  61  2  46.02
18  61  2  37.66
19  61  2  13.83
20  61  2  20.21
1  62  2  9.74
2  62  2  10.27
3  62  2  36.97
4  62  2  11.31
5  62  2  7.82
6  62  2  11.63
7  62  2  5.81
8  62  2  25.55
9  62  2  3.32
10  62  2  34.96
11  62  2  8.66
12  62  2  15.37
13  62  2  33.23
14  62  2  12.18
15  62  2  21.50
16  62  2  10.41
17  62  2  46.74
18  62  2  13.74
19  62  2  24.31
20  62  2  14.85
1  63  2  15.21
2  63  2  12.63
3  63  2  33.47
4  63  2  11.36
5  63  2  40.83
6  63  2  2.72
7  63  2  35.91
8  63  2  38.35
9  63  2  16.82
10  63  2  6.49
11  63  2  27.54
12  63  2  33.13
13  63  2  49.57
14  63  2  16.61
15  63  2  31.10
16  63  2  15.83
17  63  2  45.99
18  63  2  66.43
19  63  2  55.54
20  63  2  3.83
1  64  2  12.39
2  64  2  14.42
3  64  2  37.93
4  64  2  29.42
5  64  2  41.27
6  64  2  10.65
7  64  2  41.38
8  64  2  27.96
9  64  2  23.60
10  64  2  41.51
11  64  2  7.69
12  64  2  12.44
13  64  2  25.41
14  64  2  28.75
15  64  2  32.92
16  64  2  15.96
17  64  2  48.07
18  64  2  7.61
19  64  2  31.92
20  64  2  44.66
1  65  2  15.02
2  65  2  13.54
3  65  2  36.77
4  65  2  55.36
5  65  2  12.89
6  65  2  15.63
7  65  2  30.47
8  65  2  14.23
9  65  2  24.08
10  65  2  34.85
11  65  2  5.42
12  65  2  26.06
13  65  2  39.94
14  65  2  50.45
15  65  2  17.66
16  65  2  11.20
17  65  2  23.81
18  65  2  5.92
19  65  2  19.56
20  65  2  5.88
1  66  2  19.63
2  66  2  15.38
3  66  2  43.55
4  66  2  28.83
5  66  2  40.21
6  66  2  11.18
7  66  2  13.13
8  66  2  33.39
9  66  2  18.80
10  66  2  12.13
11  66  2  8.43
12  66  2  38.30
13  66  2  28.73
14  66  2  6.59
15  66  2  33.95
16  66  2  24.09
17  66  2  41.22
18  66  2  38.94
19  66  2  20.70
20  66  2  44.71
1  67  2  18.81
2  67  2  9.18
3  67  2  40.57
4  67  2  35.94
5  67  2  32.31
6  67  2  27.96
7  67  2  38.38
8  67  2  32.47
9  67  2  19.24
10  67  2  41.42
11  67  2  18.70
12  67  2  43.47
13  67  2  28.68
14  67  2  14.38
15  67  2  10.94
16  67  2  20.17
17  67  2  37.63
18  67  2  15.43
19  67  2  30.33
20  67  2  13.87
1  68  2  6.08
2  68  2  13.83
3  68  2  40.89
4  68  2  63.60
5  68  2  30.56
6  68  2  18.03
7  68  2  16.31
8  68  2  31.99
9  68  2  6.70
10  68  2  44.27
11  68  2  6.64
12  68  2  15.90
13  68  2  7.56
14  68  2  33.80
15  68  2  18.25
16  68  2  27.52
17  68  2  5.20
18  68  2  45.09
19  68  2  20.47
20  68  2  38.40
1  69  2  4.37
2  69  2  15.18
3  69  2  6.94
4  69  2  16.91
5  69  2  25.56
6  69  2  47.33
7  69  2  3.47
8  69  2  8.90
9  69  2  43.29
10  69  2  31.17
11  69  2  19.21
12  69  2  23.10
13  69  2  56.56
14  69  2  52.48
15  69  2  28.69
16  69  2  8.61
17  69  2  13.99
18  69  2  39.76
19  69  2  54.42
20  69  2  10.93
1  70  2  13.80
2  70  2  15.18
3  70  2  20.32
4  70  2  29.67
5  70  2  47.24
6  70  2  11.34
7  70  2  11.22
8  70  2  5.97
9  70  2  22.47
10  70  2  23.55
11  70  2  44.50
12  70  2  25.97
13  70  2  11.49
14  70  2  18.32
15  70  2  27.50
16  70  2  51.56
17  70  2  37.74
18  70  2  16.72
19  70  2  60.67
20  70  2  7.71
1  71  2  22.59
2  71  2  12.60
3  71  2  28.47
4  71  2  10.21
5  71  2  36.54
6  71  2  22.73
7  71  2  49.33
8  71  2  23.55
9  71  2  40.71
10  71  2  29.78
11  71  2  6.35
12  71  2  32.86
13  71  2  12.72
14  71  2  15.96
15  71  2  13.28
16  71  2  9.88
17  71  2  12.07
18  71  2  29.46
19  71  2  18.06
20  71  2  24.41
1  72  2  20.43
2  72  2  17.93
3  72  2  34.37
4  72  2  47.13
5  72  2  29.45
6  72  2  39.42
7  72  2  6.27
8  72  2  44.53
9  72  2  66.67
10  72  2  26.07
11  72  2  63.61
12  72  2  33.84
13  72  2  15.50
14  72  2  39.70
15  72  2  56.23
16  72  2  23.15
17  72  2  12.78
18  72  2  30.53
19  72  2  23.67
20  72  2  29.19
1  73  2  9.28
2  73  2  19.31
3  73  2  11.16
4  73  2  10.27
5  73  2  13.31
6  73  2  35.66
7  73  2  54.98
8  73  2  16.66
9  73  2  18.31
10  73  2  13.00
11  73  2  14.75
12  73  2  12.16
13  73  2  16.05
14  73  2  37.07
15  73  2  13.50
16  73  2  23.60
17  73  2  14.25
18  73  2  12.42
19  73  2  3.32
20  73  2  16.97
1  74  2  30.97
2  74  2  8.58
3  74  2  12.97
4  74  2  57.55
5  74  2  19.74
6  74  2  6.99
7  74  2  12.37
8  74  2  55.83
9  74  2  35.95
10  74  2  22.51
11  74  2  12.53
12  74  2  55.65
13  74  2  23.11
14  74  2  9.03
15  74  2  16.80
16  74  2  51.88
17  74  2  24.40
18  74  2  40.01
19  74  2  16.56
20  74  2  38.82
1  75  2  22.93
2  75  2  42.99
3  75  2  34.90
4  75  2  58.14
5  75  2  21.01
6  75  2  31.23
7  75  2  37.96
8  75  2  5.59
9  75  2  8.91
10  75  2  27.09
11  75  2  16.30
12  75  2  19.78
13  75  2  32.78
14  75  2  10.89
15  75  2  15.32
16  75  2  35.46
17  75  2  18.59
18  75  2  12.19
19  75  2  26.22
20  75  2  38.64
1  76  2  30.29
2  76  2  29.47
3  76  2  18.06
4  76  2  8.60
5  76  2  19.28
6  76  2  25.18
7  76  2  16.45
8  76  2  13.63
9  76  2  45.68
10  76  2  24.27
11  76  2  35.45
12  76  2  30.42
13  76  2  9.40
14  76  2  15.02
15  76  2  5.84
16  76  2  15.39
17  76  2  19.64
18  76  2  18.70
19  76  2  13.87
20  76  2  7.89
1  77  2  7.21
2  77  2  28.06
3  77  2  13.67
4  77  2  30.56
5  77  2  9.70
6  77  2  35.29
7  77  2  19.57
8  77  2  47.13
9  77  2  27.09
10  77  2  32.54
11  77  2  24.30
12  77  2  5.32
13  77  2  25.94
14  77  2  28.79
15  77  2  38.96
16  77  2  29.22
17  77  2  32.61
18  77  2  27.69
19  77  2  58.61
20  77  2  25.45
1  78  2  7.33
2  78  2  21.77
3  78  2  16.12
4  78  2  40.55
5  78  2  4.19
6  78  2  22.40
7  78  2  47.52
8  78  2  27.30
9  78  2  16.36
10  78  2  17.04
11  78  2  10.75
12  78  2  12.14
13  78  2  17.63
14  78  2  54.22
15  78  2  19.42
16  78  2  11.10
17  78  2  21.80
18  78  2  30.07
19  78  2  39.48
20  78  2  60.44
1  79  2  17.24
2  79  2  10.40
3  79  2  32.24
4  79  2  18.94
5  79  2  51.93
6  79  2  23.57
7  79  2  10.42
8  79  2  35.43
9  79  2  19.00
10  79  2  23.39
11  79  2  40.17
12  79  2  55.17
13  79  2  20.50
14  79  2  50.60
15  79  2  19.65
16  79  2  36.56
17  79  2  9.65
18  79  2  27.08
19  79  2  16.84
20  79  2  39.41
1  80  2  9.95
2  80  2  11.38
3  80  2  20.15
4  80  2  32.11
5  80  2  52.83
6  80  2  15.07
7  80  2  18.20
8  80  2  20.17
9  80  2  30.96
10  80  2  9.25
11  80  2  19.76
12  80  2  23.38
13  80  2  53.96
14  80  2  6.54
15  80  2  34.30
16  80  2  13.24
17  80  2  4.95
18  80  2  9.23
19  80  2  23.27
20  80  2  50.17
1  81  2  25.73
2  81  2  11.97
3  81  2  19.44
4  81  2  32.11
5  81  2  12.47
6  81  2  28.20
7  81  2  22.16
8  81  2  5.53
9  81  2  9.18
10  81  2  44.88
11  81  2  33.14
12  81  2  2.85
13  81  2  39.89
14  81  2  21.99
15  81  2  17.12
16  81  2  27.34
17  81  2  10.22
18  81  2  14.81
19  81  2  21.61
20  81  2  19.26
1  82  2  33.58
2  82  2  26.98
3  82  2  33.76
4  82  2  23.89
5  82  2  24.82
6  82  2  34.73
7  82  2  9.24
8  82  2  59.95
9  82  2  36.20
10  82  2  29.31
11  82  2  21.57
12  82  2  15.82
13  82  2  34.02
14  82  2  13.58
15  82  2  38.95
16  82  2  6.42
17  82  2  14.97
18  82  2  55.24
19  82  2  22.86
20  82  2  49.06
1  83  2  39.22
2  83  2  3.55
3  83  2  20.43
4  83  2  10.31
5  83  2  25.73
6  83  2  7.56
7  83  2  6.99
8  83  2  8.77
9  83  2  29.40
10  83  2  19.36
11  83  2  33.00
12  83  2  41.16
13  83  2  12.52
14  83  2  3.49
15  83  2  28.34
16  83  2  25.96
17  83  2  22.08
18  83  2  60.71
19  83  2  54.19
20  83  2  12.46
1  84  2  9.21
2  84  2  12.90
3  84  2  47.13
4  84  2  29.21
5  84  2  20.25
6  84  2  27.16
7  84  2  19.74
8  84  2  13.36
9  84  2  20.02
10  84  2  10.39
11  84  2  10.90
12  84  2  19.51
13  84  2  28.68
14  84  2  4.58
15  84  2  56.49
16  84  2  28.54
17  84  2  19.23
18  84  2  7.00
19  84  2  20.87
20  84  2  9.09
1  85  2  61.03
2  85  2  44.71
3  85  2  6.41
4  85  2  29.68
5  85  2  31.08
6  85  2  30.41
7  85  2  23.84
8  85  2  18.37
9  85  2  35.44
10  85  2  18.50
11  85  2  11.45
12  85  2  18.22
13  85  2  45.24
14  85  2  31.69
15  85  2  27.20
16  85  2  20.11
17  85  2  26.32
18  85  2  5.41
19  85  2  35.39
20  85  2  38.58
1  86  2  25.10
2  86  2  23.51
3  86  2  48.11
4  86  2  12.77
5  86  2  15.00
6  86  2  15.39
7  86  2  27.53
8  86  2  38.13
9  86  2  36.35
10  86  2  27.99
11  86  2  13.07
12  86  2  21.81
13  86  2  17.04
14  86  2  51.64
15  86  2  49.94
16  86  2  28.40
17  86  2  49.61
18  86  2  27.04
19  86  2  14.47
20  86  2  47.29
1  87  2  18.94
2  87  2  25.20
3  87  2  11.44
4  87  2  7.44
5  87  2  9.38
6  87  2  32.05
7  87  2  22.23
8  87  2  58.58
9  87  2  19.13
10  87  2  8.26
11  87  2  18.82
12  87  2  24.66
13  87  2  11.04
14  87  2  18.33
15  87  2  7.76
16  87  2  15.25
17  87  2  17.47
18  87  2  38.45
19  87  2  61.98
20  87  2  14.88
1  88  2  29.64
2  88  2  18.73
3  88  2  27.91
4  88  2  8.60
5  88  2  50.28
6  88  2  12.51
7  88  2  27.24
8  88  2  10.45
9  88  2  5.31
10  88  2  66.58
11  88  2  3.53
12  88  2  4.30
13  88  2  46.07
14  88  2  9.32
15  88  2  14.82
16  88  2  32.05
17  88  2  66.20
18  88  2  25.48
19  88  2  36.26
20  88  2  11.70
1  89  2  38.36
2  89  2  14.54
3  89  2  11.86
4  89  2  19.09
5  89  2  23.98
6  89  2  25.46
7  89  2  56.25
8  89  2  42.61
9  89  2  20.48
10  89  2  8.18
11  89  2  10.52
12  89  2  20.27
13  89  2  6.80
14  89  2  46.68
15  89  2  40.77
16  89  2  17.37
17  89  2  32.99
18  89  2  14.54
19  89  2  41.08
20  89  2  31.52
1  90  2  57.41
2  90  2  8.92
3  90  2  17.87
4  90  2  16.08
5  90  2  6.73
6  90  2  18.85
7  90  2  38.10
8  90  2  28.74
9  90  2  6.54
10  90  2  8.76
11  90  2  20.20
12  90  2  29.94
13  90  2  23.88
14  90  2  31.39
15  90  2  30.77
16  90  2  39.20
17  90  2  22.32
18  90  2  6.61
19  90  2  35.45
20  90  2  19.26
1  91  2  26.09
2  91  2  43.07
3  91  2  52.48
4  91  2  7.42
5  91  2  21.56
6  91  2  13.91
7  91  2  54.05
8  91  2  8.80
9  91  2  44.33
10  91  2  26.70
11  91  2  33.61
12  91  2  63.78
13  91  2  18.39
14  91  2  11.74
15  91  2  24.09
16  91  2  39.52
17  91  2  38.42
18  91  2  15.55
19  91  2  6.01
20  91  2  54.16
1  92  2  2.38
2  92  2  37.14
3  92  2  30.82
4  92  2  19.01
5  92  2  10.83
6  92  2  30.96
7  92  2  33.75
8  92  2  16.07
9  92  2  52.77
10  92  2  35.72
11  92  2  33.30
12  92  2  18.44
13  92  2  31.68
14  92  2  14.88
15  92  2  31.64
16  92  2  23.14
17  92  2  18.86
18  92  2  21.79
19  92  2  34.41
20  92  2  13.43
1  93  2  9.12
2  93  2  26.92
3  93  2  35.43
4  93  2  14.32
5  93  2  17.83
6  93  2  21.46
7  93  2  20.71
8  93  2  47.10
9  93  2  21.80
10  93  2  24.07
11  93  2  23.79
12  93  2  42.36
13  93  2  36.57
14  93  2  24.71
15  93  2  15.56
16  93  2  7.15
17  93  2  14.81
18  93  2  14.46
19  93  2  34.76
20  93  2  67.62
1  94  2  50.44
2  94  2  20.14
3  94  2  19.36
4  94  2  6.94
5  94  2  47.94
6  94  2  21.79
7  94  2  6.70
8  94  2  18.90
9  94  2  34.05
10  94  2  52.49
11  94  2  41.78
12  94  2  20.08
13  94  2  7.11
14  94  2  14.70
15  94  2  35.39
16  94  2  12.56
17  94  2  50.16
18  94  2  30.94
19  94  2  28.49
20  94  2  25.96
1  95  2  43.53
2  95  2  27.24
3  95  2  29.87
4  95  2  7.85
5  95  2  25.23
6  95  2  12.21
7  95  2  12.77
8  95  2  5.62
9  95  2  21.98
10  95  2  9.11
11  95  2  30.50
12  95  2  6.16
13  95  2  11.55
14  95  2  11.60
15  95  2  34.63
16  95  2  21.10
17  95  2  33.94
18  95  2  9.55
19  95  2  33.50
20  95  2  9.09
1  96  2  10.72
2  96  2  14.33
3  96  2  14.73
4  96  2  30.18
5  96  2  12.32
6  96  2  40.71
7  96  2  25.74
8  96  2  34.67
9  96  2  38.47
10  96  2  47.09
11  96  2  30.95
12  96  2  22.41
13  96  2  26.93
14  96  2  5.77
15  96  2  53.38
16  96  2  6.34
17  96  2  28.02
18  96  2  17.06
19  96  2  24.28
20  96  2  25.57
1  97  2  3.31
2  97  2  30.50
3  97  2  23.07
4  97  2  19.95
5  97  2  18.07
6  97  2  24.30
7  97  2  19.60
8  97  2  12.95
9  97  2  44.13
10  97  2  18.85
11  97  2  7.18
12  97  2  15.24
13  97  2  54.32
14  97  2  18.47
15  97  2  51.36
16  97  2  7.83
17  97  2  29.02
18  97  2  28.47
19  97  2  50.08
20  97  2  11.36
1  98  2  30.79
2  98  2  34.85
3  98  2  9.19
4  98  2  40.35
5  98  2  13.99
6  98  2  37.06
7  98  2  2.96
8  98  2  30.34
9  98  2  41.94
10  98  2  30.40
11  98  2  42.63
12  98  2  6.01
13  98  2  20.44
14  98  2  8.55
15  98  2  18.06
16  98  2  8.00
17  98  2  29.19
18  98  2  35.13
19  98  2  3.36
20  98  2  10.01
1  99  2  28.96
2  99  2  23.37
3  99  2  6.98
4  99  2  14.62
5  99  2  40.81
6  99  2  13.11
7  99  2  20.42
8  99  2  28.14
9  99  2  6.52
10  99  2  9.08
11  99  2  11.99
12  99  2  22.31
13  99  2  14.84
14  99  2  18.29
15  99  2  17.24
16  99  2  37.30
17  99  2  60.74
18  99  2  8.70
19  99  2  35.74
20  99  2  42.35
1  100  2  24.65
2  100  2  28.72
3  100  2  5.58
4  100  2  12.01
5  100  2  30.42
6  100  2  34.34
7  100  2  26.51
8  100  2  10.83
9  100  2  29.91
10  100  2  10.49
11  100  2  5.84
12  100  2  42.83
13  100  2  35.46
14  100  2  18.20
15  100  2  65.68
16  100  2  40.49
17  100  2  32.14
18  100  2  12.56
19  100  2  24.75
20  100  2  6.29
1  101  2  7.21
2  101  2  27.54
3  101  2  23.43
4  101  2  13.25
5  101  2  27.81
6  101  2  30.32
7  101  2  39.89
8  101  2  27.73
9  101  2  23.57
10  101  2  12.53
11  101  2  4.40
12  101  2  7.66
13  101  2  21.78
14  101  2  4.38
15  101  2  39.30
16  101  2  18.74
17  101  2  7.81
18  101  2  19.44
19  101  2  20.24
20  101  2  2.35
1  102  2  4.73
2  102  2  29.39
3  102  2  21.69
4  102  2  10.09
5  102  2  34.06
6  102  2  20.68
7  102  2  11.86
8  102  2  11.91
9  102  2  31.01
10  102  2  20.45
11  102  2  44.25
12  102  2  23.34
13  102  2  47.19
14  102  2  8.92
15  102  2  19.09
16  102  2  12.20
17  102  2  21.78
18  102  2  39.76
19  102  2  53.52
20  102  2  27.47
1  103  2  12.43
2  103  2  12.92
3  103  2  51.16
4  103  2  23.38
5  103  2  48.75
6  103  2  9.71
7  103  2  10.22
8  103  2  17.80
9  103  2  23.35
10  103  2  37.37
11  103  2  12.87
12  103  2  13.36
13  103  2  12.94
14  103  2  23.75
15  103  2  12.13
16  103  2  13.26
17  103  2  50.15
18  103  2  7.90
19  103  2  35.94
20  103  2  27.95
1  104  2  17.63
2  104  2  18.12
3  104  2  16.65
4  104  2  7.98
5  104  2  7.86
6  104  2  14.98
7  104  2  18.38
8  104  2  10.15
9  104  2  19.93
10  104  2  17.69
11  104  2  17.31
12  104  2  5.68
13  104  2  19.40
14  104  2  44.22
15  104  2  13.95
16  104  2  3.27
17  104  2  7.43
18  104  2  16.97
19  104  2  10.27
20  104  2  15.99
1  105  2  8.86
2  105  2  26.27
3  105  2  42.33
4  105  2  6.33
5  105  2  14.82
6  105  2  30.56
7  105  2  15.57
8  105  2  58.17
9  105  2  15.22
10  105  2  11.26
11  105  2  13.55
12  105  2  14.01
13  105  2  8.75
14  105  2  18.86
15  105  2  31.30
16  105  2  46.93
17  105  2  43.79
18  105  2  13.48
19  105  2  11.42
20  105  2  32.05
1  106  2  22.12
2  106  2  16.37
3  106  2  58.83
4  106  2  31.87
5  106  2  18.74
6  106  2  18.16
7  106  2  38.70
8  106  2  9.33
9  106  2  24.94
10  106  2  37.88
11  106  2  47.03
12  106  2  40.57
13  106  2  14.20
14  106  2  47.47
15  106  2  40.70
16  106  2  41.31
17  106  2  25.81
18  106  2  8.97
19  106  2  63.06
20  106  2  16.58
1  107  2  26.92
2  107  2  5.48
3  107  2  42.07
4  107  2  7.41
5  107  2  12.26
6  107  2  7.30
7  107  2  23.24
8  107  2  15.38
9  107  2  21.71
10  107  2  20.85
11  107  2  41.60
12  107  2  37.31
13  107  2  10.06
14  107  2  17.99
15  107  2  38.64
16  107  2  11.59
17  107  2  34.14
18  107  2  51.40
19  107  2  16.88
20  107  2  4.75
1  108  2  15.18
2  108  2  23.23
3  108  2  7.93
4  108  2  4.86
5  108  2  3.59
6  108  2  28.80
7  108  2  23.49
8  108  2  14.36
9  108  2  33.68
10  108  2  20.33
11  108  2  51.75
12  108  2  8.26
13  108  2  10.16
14  108  2  6.61
15  108  2  24.94
16  108  2  20.92
17  108  2  58.70
18  108  2  50.40
19  108  2  22.01
20  108  2  10.08
1  109  2  31.49
2  109  2  14.06
3  109  2  15.24
4  109  2  41.63
5  109  2  34.21
6  109  2  33.72
7  109  2  2.39
8  109  2  24.42
9  109  2  17.58
10  109  2  5.67
11  109  2  28.20
12  109  2  5.06
13  109  2  16.93
14  109  2  48.81
15  109  2  11.84
16  109  2  46.76
17  109  2  28.09
18  109  2  3.50
19  109  2  9.71
20  109  2  17.05
1  110  2  7.09
2  110  2  12.76
3  110  2  23.01
4  110  2  33.20
5  110  2  5.95
6  110  2  27.36
7  110  2  21.86
8  110  2  14.99
9  110  2  11.61
10  110  2  17.84
11  110  2  30.45
12  110  2  36.86
13  110  2  33.62
14  110  2  17.54
15  110  2  60.64
16  110  2  57.83
17  110  2  35.75
18  110  2  12.23
19  110  2  43.23
20  110  2  9.00
1  111  2  8.93
2  111  2  15.80
3  111  2  47.40
4  111  2  19.18
5  111  2  55.86
6  111  2  16.38
7  111  2  24.66
8  111  2  49.21
9  111  2  27.78
10  111  2  18.14
11  111  2  37.21
12  111  2  50.04
13  111  2  6.86
14  111  2  17.56
15  111  2  23.20
16  111  2  2.43
17  111  2  54.70
18  111  2  15.35
19  111  2  7.42
20  111  2  2.96
1  112  2  32.30
2  112  2  4.70
3  112  2  12.91
4  112  2  52.63
5  112  2  23.04
6  112  2  22.22
7  112  2  18.28
8  112  2  11.33
9  112  2  11.03
10  112  2  25.54
11  112  2  34.29
12  112  2  32.23
13  112  2  55.38
14  112  2  15.81
15  112  2  40.10
16  112  2  4.47
17  112  2  12.91
18  112  2  3.88
19  112  2  19.07
20  112  2  14.69
1  113  2  29.74
2  113  2  56.76
3  113  2  6.17
4  113  2  30.75
5  113  2  34.47
6  113  2  25.02
7  113  2  3.50
8  113  2  10.62
9  113  2  43.63
10  113  2  9.58
11  113  2  20.73
12  113  2  21.33
13  113  2  17.31
14  113  2  18.76
15  113  2  21.64
16  113  2  43.57
17  113  2  26.01
18  113  2  20.68
19  113  2  23.53
20  113  2  9.59
1  114  2  46.96
2  114  2  50.05
3  114  2  43.58
4  114  2  6.21
5  114  2  24.97
6  114  2  4.40
7  114  2  31.13
8  114  2  13.26
9  114  2  15.63
10  114  2  34.18
11  114  2  28.97
12  114  2  43.73
13  114  2  3.78
14  114  2  5.60
15  114  2  17.85
16  114  2  35.15
17  114  2  24.78
18  114  2  29.56
19  114  2  34.09
20  114  2  42.61
1  115  2  46.58
2  115  2  41.10
3  115  2  7.69
4  115  2  32.25
5  115  2  19.53
6  115  2  8.89
7  115  2  41.83
8  115  2  9.39
9  115  2  22.03
10  115  2  29.65
11  115  2  25.05
12  115  2  33.69
13  115  2  15.76
14  115  2  20.34
15  115  2  24.68
16  115  2  7.38
17  115  2  8.35
18  115  2  7.96
19  115  2  6.81
20  115  2  23.47
1  116  2  22.83
2  116  2  8.92
3  116  2  23.54
4  116  2  53.80
5  116  2  9.13
6  116  2  21.89
7  116  2  28.92
8  116  2  31.88
9  116  2  41.40
10  116  2  14.69
11  116  2  20.35
12  116  2  18.76
13  116  2  16.67
14  116  2  15.74
15  116  2  48.34
16  116  2  19.28
17  116  2  19.32
18  116  2  46.06
19  116  2  53.42
20  116  2  5.16
1  117  2  30.65
2  117  2  28.92
3  117  2  42.53
4  117  2  41.21
5  117  2  19.77
6  117  2  7.01
7  117  2  17.10
8  117  2  23.92
9  117  2  14.43
10  117  2  36.70
11  117  2  6.05
12  117  2  42.32
13  117  2  29.53
14  117  2  14.89
15  117  2  50.23
16  117  2  7.66
17  117  2  21.82
18  117  2  15.74
19  117  2  11.52
20  117  2  58.30
1  118  2  32.05
2  118  2  10.41
3  118  2  27.65
4  118  2  13.15
5  118  2  42.17
6  118  2  61.37
7  118  2  10.80
8  118  2  30.77
9  118  2  26.41
10  118  2  9.57
11  118  2  12.80
12  118  2  3.15
13  118  2  19.63
14  118  2  32.16
15  118  2  35.64
16  118  2  17.93
17  118  2  22.28
18  118  2  33.95
19  118  2  13.61
20  118  2  7.40
1  119  2  20.23
2  119  2  12.55
3  119  2  20.82
4  119  2  23.41
5  119  2  19.79
6  119  2  12.03
7  119  2  56.09
8  119  2  36.58
9  119  2  10.34
10  119  2  38.82
11  119  2  7.31
12  119  2  35.76
13  119  2  25.86
14  119  2  27.96
15  119  2  25.42
16  119  2  44.26
17  119  2  11.08
18  119  2  17.24
19  119  2  25.37
20  119  2  39.31
1  120  2  22.28
2  120  2  26.87
3  120  2  18.19
4  120  2  6.21
5  120  2  49.55
6  120  2  9.26
7  120  2  44.06
8  120  2  12.41
9  120  2  18.16
10  120  2  15.04
11  120  2  7.35
12  120  2  36.56
13  120  2  17.02
14  120  2  22.14
15  120  2  17.01
16  120  2  7.21
17  120  2  26.90
18  120  2  36.25
19  120  2  40.13
20  120  2  15.64
1  121  2  22.79
2  121  2  2.53
3  121  2  8.46
4  121  2  45.56
5  121  2  14.04
6  121  2  39.04
7  121  2  20.16
8  121  2  43.33
9  121  2  22.35
10  121  2  5.16
11  121  2  9.60
12  121  2  5.96
13  121  2  21.01
14  121  2  34.78
15  121  2  36.98
16  121  2  41.44
17  121  2  45.71
18  121  2  33.71
19  121  2  32.20
20  121  2  19.64
1  122  2  38.17
2  122  2  48.03
3  122  2  57.48
4  122  2  4.59
5  122  2  19.26
6  122  2  24.77
7  122  2  28.47
8  122  2  18.26
9  122  2  8.81
10  122  2  41.56
11  122  2  31.94
12  122  2  9.13
13  122  2  16.81
14  122  2  63.10
15  122  2  29.37
16  122  2  7.66
17  122  2  5.02
18  122  2  19.41
19  122  2  7.82
20  122  2  12.71
1  123  2  23.81
2  123  2  2.73
3  123  2  19.59
4  123  2  13.34
5  123  2  21.37
6  123  2  8.15
7  123  2  40.42
8  123  2  8.56
9  123  2  18.82
10  123  2  33.65
11  123  2  3.54
12  123  2  53.27
13  123  2  18.20
14  123  2  9.94
15  123  2  19.37
16  123  2  17.97
17  123  2  51.49
18  123  2  38.13
19  123  2  4.82
20  123  2  8.87
1  124  2  6.74
2  124  2  19.05
3  124  2  41.54
4  124  2  7.56
5  124  2  12.64
6  124  2  5.13
7  124  2  25.42
8  124  2  2.46
9  124  2  26.04
10  124  2  28.08
11  124  2  18.08
12  124  2  30.63
13  124  2  50.56
14  124  2  14.78
15  124  2  10.97
16  124  2  21.45
17  124  2  24.88
18  124  2  10.73
19  124  2  9.26
20  124  2  8.41
1  125  2  14.35
2  125  2  15.20
3  125  2  20.00
4  125  2  34.79
5  125  2  10.16
6  125  2  53.61
7  125  2  19.63
8  125  2  41.10
9  125  2  13.17
10  125  2  30.28
11  125  2  16.38
12  125  2  20.95
13  125  2  10.46
14  125  2  29.08
15  125  2  16.83
16  125  2  7.27
17  125  2  45.54
18  125  2  45.03
19  125  2  62.38
20  125  2  29.33
1  126  2  19.06
2  126  2  11.40
3  126  2  4.29
4  126  2  36.63
5  126  2  8.19
6  126  2  28.16
7  126  2  17.11
8  126  2  8.83
9  126  2  21.43
10  126  2  41.12
11  126  2  54.41
12  126  2  44.77
13  126  2  67.48
14  126  2  23.03
15  126  2  22.90
16  126  2  25.25
17  126  2  46.52
18  126  2  32.75
19  126  2  35.80
20  126  2  21.82
1  127  2  33.88
2  127  2  16.82
3  127  2  42.38
4  127  2  17.66
5  127  2  20.53
6  127  2  17.85
7  127  2  25.18
8  127  2  21.07
9  127  2  34.20
10  127  2  41.10
11  127  2  25.18
12  127  2  3.41
13  127  2  28.27
14  127  2  25.25
15  127  2  16.71
16  127  2  11.68
17  127  2  15.62
18  127  2  15.03
19  127  2  25.00
20  127  2  11.72
1  128  2  5.47
2  128  2  29.10
3  128  2  41.81
4  128  2  3.34
5  128  2  10.61
6  128  2  38.72
7  128  2  3.97
8  128  2  23.71
9  128  2  27.24
10  128  2  65.64
11  128  2  37.36
12  128  2  18.95
13  128  2  4.08
14  128  2  16.99
15  128  2  43.48
16  128  2  8.20
17  128  2  36.46
18  128  2  60.99
19  128  2  33.04
20  128  2  29.35
1  129  2  3.70
2  129  2  41.46
3  129  2  7.89
4  129  2  17.64
5  129  2  20.27
6  129  2  39.39
7  129  2  4.26
8  129  2  9.56
9  129  2  44.52
10  129  2  10.04
11  129  2  25.59
12  129  2  15.00
13  129  2  42.59
14  129  2  26.50
15  129  2  5.23
16  129  2  41.45
17  129  2  60.47
18  129  2  6.05
19  129  2  66.35
20  129  2  31.20
1  130  2  18.55
2  130  2  52.25
3  130  2  33.81
4  130  2  29.49
5  130  2  62.08
6  130  2  39.59
7  130  2  23.29
8  130  2  14.88
9  130  2  46.42
10  130  2  31.44
11  130  2  4.03
12  130  2  31.25
13  130  2  23.28
14  130  2  33.17
15  130  2  12.64
16  130  2  26.36
17  130  2  18.79
18  130  2  27.40
19  130  2  43.99
20  130  2  10.27
1  131  2  21.24
2  131  2  54.35
3  131  2  48.61
4  131  2  47.89
5  131  2  29.29
6  131  2  36.79
7  131  2  30.21
8  131  2  28.05
9  131  2  20.63
10  131  2  35.94
11  131  2  26.42
12  131  2  11.98
13  131  2  22.86
14  131  2  6.28
15  131  2  34.55
16  131  2  31.96
17  131  2  11.82
18  131  2  32.37
19  131  2  34.88
20  131  2  16.44
1  132  2  30.44
2  132  2  16.18
3  132  2  8.87
4  132  2  44.01
5  132  2  22.41
6  132  2  24.58
7  132  2  49.72
8  132  2  30.55
9  132  2  12.48
10  132  2  11.16
11  132  2  14.13
12  132  2  35.18
13  132  2  28.31
14  132  2  24.83
15  132  2  17.63
16  132  2  56.76
17  132  2  8.81
18  132  2  34.56
19  132  2  15.98
20  132  2  6.23
1  133  2  15.93
2  133  2  20.74
3  133  2  24.81
4  133  2  27.51
5  133  2  24.12
6  133  2  13.30
7  133  2  26.61
8  133  2  13.64
9  133  2  59.75
10  133  2  37.97
11  133  2  34.11
12  133  2  34.91
13  133  2  19.27
14  133  2  34.50
15  133  2  30.76
16  133  2  11.87
17  133  2  15.26
18  133  2  2.73
19  133  2  13.33
20  133  2  20.39
1  134  2  32.30
2  134  2  8.60
3  134  2  9.66
4  134  2  11.50
5  134  2  3.15
6  134  2  4.18
7  134  2  22.60
8  134  2  59.32
9  134  2  41.57
10  134  2  8.19
11  134  2  36.83
12  134  2  57.47
13  134  2  10.61
14  134  2  23.89
15  134  2  30.28
16  134  2  18.07
17  134  2  16.43
18  134  2  21.98
19  134  2  37.57
20  134  2  28.79
1  135  2  5.58
2  135  2  11.38
3  135  2  23.50
4  135  2  27.37
5  135  2  12.86
6  135  2  5.67
7  135  2  50.92
8  135  2  21.90
9  135  2  7.18
10  135  2  13.56
11  135  2  28.52
12  135  2  8.69
13  135  2  15.18
14  135  2  30.99
15  135  2  28.43
16  135  2  15.65
17  135  2  11.08
18  135  2  8.07
19  135  2  13.25
20  135  2  67.26
1  136  2  49.96
2  136  2  53.39
3  136  2  33.98
4  136  2  27.05
5  136  2  25.82
6  136  2  23.15
7  136  2  14.85
8  136  2  5.39
9  136  2  24.15
10  136  2  10.46
11  136  2  11.79
12  136  2  19.43
13  136  2  22.35
14  136  2  15.98
15  136  2  10.11
16  136  2  42.26
17  136  2  24.44
18  136  2  15.51
19  136  2  28.13
20  136  2  32.92
1  137  2  39.95
2  137  2  19.96
3  137  2  9.09
4  137  2  10.58
5  137  2  19.70
6  137  2  22.73
7  137  2  59.77
8  137  2  13.02
9  137  2  8.34
10  137  2  13.00
11  137  2  42.92
12  137  2  18.19
13  137  2  25.87
14  137  2  14.66
15  137  2  8.90
16  137  2  7.40
17  137  2  11.75
18  137  2  19.86
19  137  2  13.80
20  137  2  17.14
1  138  2  11.81
2  138  2  10.51
3  138  2  33.78
4  138  2  32.16
5  138  2  41.04
6  138  2  14.58
7  138  2  18.46
8  138  2  27.40
9  138  2  8.58
10  138  2  48.18
11  138  2  6.53
12  138  2  17.86
13  138  2  13.24
14  138  2  20.84
15  138  2  42.83
16  138  2  17.70
17  138  2  55.63
18  138  2  16.83
19  138  2  21.75
20  138  2  15.39
1  139  2  10.03
2  139  2  12.24
3  139  2  54.43
4  139  2  18.68
5  139  2  8.35
6  139  2  11.14
7  139  2  9.33
8  139  2  18.33
9  139  2  11.03
10  139  2  7.26
11  139  2  20.61
12  139  2  11.44
13  139  2  15.72
14  139  2  20.19
15  139  2  17.40
16  139  2  12.55
17  139  2  33.17
18  139  2  31.73
19  139  2  38.91
20  139  2  12.19
1  140  2  8.01
2  140  2  58.93
3  140  2  8.90
4  140  2  20.25
5  140  2  34.68
6  140  2  35.11
7  140  2  6.89
8  140  2  8.16
9  140  2  27.80
10  140  2  18.20
11  140  2  3.52
12  140  2  9.13
13  140  2  18.36
14  140  2  47.97
15  140  2  5.91
16  140  2  50.84
17  140  2  22.60
18  140  2  35.42
19  140  2  20.34
20  140  2  52.08
1  141  2  34.91
2  141  2  26.88
3  141  2  33.30
4  141  2  29.65
5  141  2  11.53
6  141  2  30.12
7  141  2  36.56
8  141  2  24.29
9  141  2  19.36
10  141  2  33.98
11  141  2  34.10
12  141  2  36.48
13  141  2  24.04
14  141  2  37.42
15  141  2  30.30
16  141  2  17.76
17  141  2  6.57
18  141  2  65.35
19  141  2  27.27
20  141  2  15.11
1  142  2  10.64
2  142  2  10.17
3  142  2  18.87
4  142  2  10.79
5  142  2  21.92
6  142  2  29.48
7  142  2  7.59
8  142  2  15.04
9  142  2  19.51
10  142  2  12.75
11  142  2  24.52
12  142  2  18.82
13  142  2  11.44
14  142  2  8.34
15  142  2  10.15
16  142  2  38.38
17  142  2  19.12
18  142  2  10.15
19  142  2  32.72
20  142  2  49.93
1  143  2  6.45
2  143  2  4.84
3  143  2  16.86
4  143  2  47.59
5  143  2  14.23
6  143  2  16.88
7  143  2  28.95
8  143  2  27.34
9  143  2  22.59
10  143  2  34.28
11  143  2  24.85
12  143  2  14.42
13  143  2  33.78
14  143  2  7.64
15  143  2  23.12
16  143  2  16.00
17  143  2  13.69
18  143  2  18.43
19  143  2  18.83
20  143  2  14.30
1  144  2  24.36
2  144  2  16.62
3  144  2  36.62
4  144  2  30.12
5  144  2  44.24
6  144  2  25.02
7  144  2  4.54
8  144  2  43.94
9  144  2  7.89
10  144  2  9.24
11  144  2  22.67
12  144  2  15.82
13  144  2  53.24
14  144  2  28.68
15  144  2  4.20
16  144  2  26.15
17  144  2  32.60
18  144  2  39.80
19  144  2  29.91
20  144  2  7.12
1  145  2  59.32
2  145  2  42.41
3  145  2  36.30
4  145  2  49.68
5  145  2  3.01
6  145  2  26.24
7  145  2  28.04
8  145  2  32.89
9  145  2  10.05
10  145  2  11.19
11  145  2  4.20
12  145  2  26.87
13  145  2  25.85
14  145  2  49.19
15  145  2  6.83
16  145  2  28.04
17  145  2  6.09
18  145  2  42.47
19  145  2  51.39
20  145  2  19.06
1  146  2  7.50
2  146  2  22.53
3  146  2  35.56
4  146  2  26.00
5  146  2  11.53
6  146  2  25.33
7  146  2  34.54
8  146  2  53.95
9  146  2  6.70
10  146  2  36.61
11  146  2  31.11
12  146  2  7.65
13  146  2  6.00
14  146  2  23.60
15  146  2  12.87
16  146  2  47.33
17  146  2  46.04
18  146  2  5.47
19  146  2  14.90
20  146  2  51.46
1  147  2  39.12
2  147  2  7.34
3  147  2  25.60
4  147  2  38.86
5  147  2  40.75
6  147  2  37.64
7  147  2  40.85
8  147  2  28.09
9  147  2  42.65
10  147  2  21.36
11  147  2  15.98
12  147  2  13.79
13  147  2  20.77
14  147  2  11.81
15  147  2  8.04
16  147  2  22.88
17  147  2  21.11
18  147  2  14.10
19  147  2  17.58
20  147  2  15.52
1  148  2  7.81
2  148  2  14.80
3  148  2  57.95
4  148  2  11.92
5  148  2  33.80
6  148  2  20.20
7  148  2  24.35
8  148  2  17.61
9  148  2  38.42
10  148  2  9.90
11  148  2  43.90
12  148  2  46.46
13  148  2  27.65
14  148  2  26.33
15  148  2  12.88
16  148  2  13.63
17  148  2  6.17
18  148  2  27.78
19  148  2  26.21
20  148  2  60.07
1  149  2  14.53
2  149  2  7.81
3  149  2  45.11
4  149  2  50.60
5  149  2  31.33
6  149  2  16.75
7  149  2  23.25
8  149  2  23.29
9  149  2  6.15
10  149  2  59.42
11  149  2  27.47
12  149  2  37.72
13  149  2  33.12
14  149  2  31.46
15  149  2  27.07
16  149  2  17.44
17  149  2  18.66
18  149  2  27.95
19  149  2  41.77
20  149  2  39.13
1  150  2  49.69
2  150  2  44.71
3  150  2  22.98
4  150  2  6.14
5  150  2  37.57
6  150  2  39.14
7  150  2  16.28
8  150  2  16.82
9  150  2  16.08
10  150  2  9.86
11  150  2  56.51
12  150  2  48.13
13  150  2  33.55
14  150  2  22.91
15  150  2  13.19
16  150  2  13.77
17  150  2  47.08
18  150  2  43.71
19  150  2  26.57
20  150  2  40.75
;

