param com_measure1 := 0.61625;

param com_measure2 := 0.96815;

param kappa_max := 625.4859;

param U_tau := 534.5526;

param nT := 2;

param nS := 100;

param nL := 15;

param B := 563.49;

param w :=
1  1
2  2
3  1
4  1
5  1
6  1
7  3
8  3
9  1
10  1
11  1
12  2
13  3
14  3
15  3
;

param h :=
1  1  0
1  2  0
1  3  0
1  4  0
1  5  0
1  6  0
1  7  0
1  8  0
1  9  0
1  10  0
1  11  0
1  12  0
1  13  0
1  14  0
1  15  0
2  1  72.80
2  2  66.91
2  3  77.78
2  4  83.72
2  5  74.20
2  6  79.40
2  7  68.02
2  8  70.05
2  9  76.65
2  10  79.06
2  11  75.51
2  12  73.42
2  13  74.04
2  14  82.18
2  15  73.24
;

param xi :=
1  1  1  49
2  1  1  19
3  1  1  48
4  1  1  74
5  1  1  76
6  1  1  60
7  1  1  12
8  1  1  28
9  1  1  14
10  1  1  39
11  1  1  68
12  1  1  46
13  1  1  87
14  1  1  47
15  1  1  35
1  2  1  38
2  2  1  16
3  2  1  14
4  2  1  17
5  2  1  34
6  2  1  56
7  2  1  16
8  2  1  43
9  2  1  68
10  2  1  87
11  2  1  22
12  2  1  83
13  2  1  39
14  2  1  60
15  2  1  27
1  3  1  57
2  3  1  11
3  3  1  55
4  3  1  44
5  3  1  89
6  3  1  65
7  3  1  61
8  3  1  11
9  3  1  12
10  3  1  88
11  3  1  81
12  3  1  70
13  3  1  26
14  3  1  49
15  3  1  77
1  4  1  88
2  4  1  31
3  4  1  28
4  4  1  69
5  4  1  18
6  4  1  81
7  4  1  73
8  4  1  88
9  4  1  70
10  4  1  63
11  4  1  61
12  4  1  21
13  4  1  19
14  4  1  43
15  4  1  30
1  5  1  28
2  5  1  45
3  5  1  74
4  5  1  81
5  5  1  16
6  5  1  71
7  5  1  72
8  5  1  49
9  5  1  18
10  5  1  27
11  5  1  78
12  5  1  27
13  5  1  59
14  5  1  10
15  5  1  63
1  6  1  39
2  6  1  36
3  6  1  48
4  6  1  19
5  6  1  34
6  6  1  59
7  6  1  79
8  6  1  35
9  6  1  32
10  6  1  76
11  6  1  49
12  6  1  82
13  6  1  28
14  6  1  30
15  6  1  11
1  7  1  61
2  7  1  58
3  7  1  62
4  7  1  42
5  7  1  45
6  7  1  48
7  7  1  21
8  7  1  43
9  7  1  90
10  7  1  60
11  7  1  88
12  7  1  24
13  7  1  55
14  7  1  90
15  7  1  27
1  8  1  21
2  8  1  62
3  8  1  22
4  8  1  15
5  8  1  32
6  8  1  69
7  8  1  54
8  8  1  60
9  8  1  48
10  8  1  20
11  8  1  60
12  8  1  64
13  8  1  90
14  8  1  74
15  8  1  84
1  9  1  80
2  9  1  17
3  9  1  66
4  9  1  56
5  9  1  57
6  9  1  44
7  9  1  46
8  9  1  59
9  9  1  13
10  9  1  51
11  9  1  47
12  9  1  90
13  9  1  71
14  9  1  16
15  9  1  38
1  10  1  37
2  10  1  65
3  10  1  14
4  10  1  76
5  10  1  32
6  10  1  15
7  10  1  33
8  10  1  77
9  10  1  12
10  10  1  85
11  10  1  21
12  10  1  42
13  10  1  86
14  10  1  79
15  10  1  75
1  11  1  44
2  11  1  40
3  11  1  88
4  11  1  89
5  11  1  75
6  11  1  80
7  11  1  87
8  11  1  37
9  11  1  40
10  11  1  30
11  11  1  72
12  11  1  71
13  11  1  17
14  11  1  57
15  11  1  52
1  12  1  74
2  12  1  58
3  12  1  75
4  12  1  76
5  12  1  61
6  12  1  11
7  12  1  80
8  12  1  35
9  12  1  74
10  12  1  85
11  12  1  64
12  12  1  87
13  12  1  81
14  12  1  19
15  12  1  89
1  13  1  43
2  13  1  14
3  13  1  34
4  13  1  84
5  13  1  40
6  13  1  35
7  13  1  34
8  13  1  62
9  13  1  23
10  13  1  63
11  13  1  25
12  13  1  21
13  13  1  21
14  13  1  65
15  13  1  79
1  14  1  75
2  14  1  72
3  14  1  76
4  14  1  88
5  14  1  68
6  14  1  85
7  14  1  30
8  14  1  34
9  14  1  39
10  14  1  88
11  14  1  78
12  14  1  32
13  14  1  43
14  14  1  76
15  14  1  24
1  15  1  12
2  15  1  18
3  15  1  76
4  15  1  51
5  15  1  38
6  15  1  75
7  15  1  43
8  15  1  79
9  15  1  36
10  15  1  36
11  15  1  57
12  15  1  90
13  15  1  54
14  15  1  87
15  15  1  73
1  16  1  52
2  16  1  65
3  16  1  23
4  16  1  38
5  16  1  24
6  16  1  54
7  16  1  42
8  16  1  38
9  16  1  50
10  16  1  68
11  16  1  87
12  16  1  85
13  16  1  39
14  16  1  29
15  16  1  29
1  17  1  10
2  17  1  74
3  17  1  18
4  17  1  64
5  17  1  13
6  17  1  72
7  17  1  28
8  17  1  66
9  17  1  45
10  17  1  65
11  17  1  50
12  17  1  37
13  17  1  75
14  17  1  20
15  17  1  66
1  18  1  37
2  18  1  16
3  18  1  20
4  18  1  40
5  18  1  51
6  18  1  55
7  18  1  75
8  18  1  86
9  18  1  62
10  18  1  16
11  18  1  81
12  18  1  44
13  18  1  87
14  18  1  81
15  18  1  44
1  19  1  64
2  19  1  35
3  19  1  21
4  19  1  63
5  19  1  25
6  19  1  78
7  19  1  78
8  19  1  43
9  19  1  42
10  19  1  56
11  19  1  66
12  19  1  19
13  19  1  68
14  19  1  70
15  19  1  86
1  20  1  33
2  20  1  18
3  20  1  19
4  20  1  74
5  20  1  60
6  20  1  19
7  20  1  78
8  20  1  55
9  20  1  51
10  20  1  69
11  20  1  87
12  20  1  69
13  20  1  35
14  20  1  30
15  20  1  66
1  21  1  13
2  21  1  64
3  21  1  88
4  21  1  40
5  21  1  74
6  21  1  43
7  21  1  25
8  21  1  84
9  21  1  39
10  21  1  62
11  21  1  42
12  21  1  85
13  21  1  47
14  21  1  80
15  21  1  70
1  22  1  86
2  22  1  23
3  22  1  39
4  22  1  25
5  22  1  33
6  22  1  58
7  22  1  21
8  22  1  60
9  22  1  81
10  22  1  60
11  22  1  79
12  22  1  69
13  22  1  28
14  22  1  38
15  22  1  22
1  23  1  57
2  23  1  61
3  23  1  66
4  23  1  70
5  23  1  21
6  23  1  69
7  23  1  57
8  23  1  19
9  23  1  67
10  23  1  49
11  23  1  29
12  23  1  30
13  23  1  38
14  23  1  40
15  23  1  17
1  24  1  42
2  24  1  22
3  24  1  75
4  24  1  66
5  24  1  68
6  24  1  29
7  24  1  39
8  24  1  20
9  24  1  81
10  24  1  50
11  24  1  89
12  24  1  34
13  24  1  26
14  24  1  26
15  24  1  83
1  25  1  76
2  25  1  71
3  25  1  22
4  25  1  36
5  25  1  23
6  25  1  67
7  25  1  57
8  25  1  57
9  25  1  18
10  25  1  57
11  25  1  80
12  25  1  38
13  25  1  82
14  25  1  75
15  25  1  56
1  26  1  73
2  26  1  76
3  26  1  22
4  26  1  83
5  26  1  77
6  26  1  68
7  26  1  14
8  26  1  21
9  26  1  38
10  26  1  16
11  26  1  58
12  26  1  50
13  26  1  36
14  26  1  90
15  26  1  11
1  27  1  85
2  27  1  54
3  27  1  78
4  27  1  80
5  27  1  22
6  27  1  66
7  27  1  11
8  27  1  36
9  27  1  89
10  27  1  66
11  27  1  24
12  27  1  57
13  27  1  36
14  27  1  84
15  27  1  30
1  28  1  12
2  28  1  31
3  28  1  67
4  28  1  23
5  28  1  31
6  28  1  57
7  28  1  86
8  28  1  48
9  28  1  28
10  28  1  34
11  28  1  70
12  28  1  60
13  28  1  75
14  28  1  47
15  28  1  83
1  29  1  80
2  29  1  74
3  29  1  29
4  29  1  75
5  29  1  86
6  29  1  48
7  29  1  38
8  29  1  83
9  29  1  14
10  29  1  52
11  29  1  16
12  29  1  15
13  29  1  15
14  29  1  73
15  29  1  64
1  30  1  77
2  30  1  73
3  30  1  48
4  30  1  78
5  30  1  47
6  30  1  29
7  30  1  17
8  30  1  89
9  30  1  36
10  30  1  66
11  30  1  80
12  30  1  81
13  30  1  42
14  30  1  19
15  30  1  87
1  31  1  42
2  31  1  72
3  31  1  60
4  31  1  85
5  31  1  60
6  31  1  51
7  31  1  66
8  31  1  25
9  31  1  68
10  31  1  31
11  31  1  84
12  31  1  32
13  31  1  55
14  31  1  88
15  31  1  56
1  32  1  48
2  32  1  47
3  32  1  52
4  32  1  39
5  32  1  11
6  32  1  26
7  32  1  69
8  32  1  18
9  32  1  10
10  32  1  55
11  32  1  23
12  32  1  11
13  32  1  37
14  32  1  88
15  32  1  48
1  33  1  15
2  33  1  53
3  33  1  33
4  33  1  72
5  33  1  83
6  33  1  38
7  33  1  41
8  33  1  90
9  33  1  53
10  33  1  11
11  33  1  70
12  33  1  71
13  33  1  68
14  33  1  45
15  33  1  51
1  34  1  45
2  34  1  18
3  34  1  42
4  34  1  87
5  34  1  30
6  34  1  35
7  34  1  55
8  34  1  16
9  34  1  24
10  34  1  40
11  34  1  72
12  34  1  33
13  34  1  25
14  34  1  14
15  34  1  21
1  35  1  76
2  35  1  42
3  35  1  28
4  35  1  77
5  35  1  65
6  35  1  53
7  35  1  90
8  35  1  14
9  35  1  86
10  35  1  38
11  35  1  14
12  35  1  59
13  35  1  42
14  35  1  20
15  35  1  66
1  36  1  34
2  36  1  12
3  36  1  84
4  36  1  14
5  36  1  25
6  36  1  45
7  36  1  20
8  36  1  60
9  36  1  17
10  36  1  47
11  36  1  65
12  36  1  24
13  36  1  16
14  36  1  16
15  36  1  51
1  37  1  45
2  37  1  43
3  37  1  57
4  37  1  78
5  37  1  45
6  37  1  70
7  37  1  48
8  37  1  22
9  37  1  12
10  37  1  40
11  37  1  32
12  37  1  26
13  37  1  47
14  37  1  11
15  37  1  55
1  38  1  25
2  38  1  38
3  38  1  70
4  38  1  33
5  38  1  28
6  38  1  56
7  38  1  56
8  38  1  87
9  38  1  84
10  38  1  41
11  38  1  65
12  38  1  40
13  38  1  85
14  38  1  48
15  38  1  89
1  39  1  81
2  39  1  47
3  39  1  31
4  39  1  64
5  39  1  55
6  39  1  47
7  39  1  22
8  39  1  26
9  39  1  80
10  39  1  23
11  39  1  64
12  39  1  26
13  39  1  37
14  39  1  24
15  39  1  73
1  40  1  16
2  40  1  71
3  40  1  17
4  40  1  14
5  40  1  77
6  40  1  70
7  40  1  59
8  40  1  54
9  40  1  34
10  40  1  48
11  40  1  22
12  40  1  45
13  40  1  87
14  40  1  60
15  40  1  75
1  41  1  48
2  41  1  74
3  41  1  73
4  41  1  75
5  41  1  29
6  41  1  51
7  41  1  20
8  41  1  65
9  41  1  25
10  41  1  86
11  41  1  37
12  41  1  73
13  41  1  48
14  41  1  61
15  41  1  56
1  42  1  15
2  42  1  22
3  42  1  65
4  42  1  82
5  42  1  85
6  42  1  73
7  42  1  32
8  42  1  12
9  42  1  77
10  42  1  25
11  42  1  38
12  42  1  85
13  42  1  24
14  42  1  44
15  42  1  83
1  43  1  18
2  43  1  56
3  43  1  84
4  43  1  64
5  43  1  18
6  43  1  74
7  43  1  57
8  43  1  20
9  43  1  25
10  43  1  86
11  43  1  28
12  43  1  50
13  43  1  54
14  43  1  55
15  43  1  36
1  44  1  45
2  44  1  11
3  44  1  57
4  44  1  79
5  44  1  85
6  44  1  72
7  44  1  13
8  44  1  31
9  44  1  86
10  44  1  33
11  44  1  90
12  44  1  60
13  44  1  60
14  44  1  65
15  44  1  68
1  45  1  67
2  45  1  89
3  45  1  52
4  45  1  66
5  45  1  53
6  45  1  75
7  45  1  67
8  45  1  41
9  45  1  25
10  45  1  79
11  45  1  13
12  45  1  47
13  45  1  51
14  45  1  62
15  45  1  21
1  46  1  30
2  46  1  78
3  46  1  23
4  46  1  36
5  46  1  13
6  46  1  80
7  46  1  41
8  46  1  42
9  46  1  87
10  46  1  31
11  46  1  26
12  46  1  23
13  46  1  49
14  46  1  90
15  46  1  83
1  47  1  34
2  47  1  80
3  47  1  70
4  47  1  88
5  47  1  10
6  47  1  80
7  47  1  25
8  47  1  21
9  47  1  20
10  47  1  63
11  47  1  37
12  47  1  47
13  47  1  47
14  47  1  72
15  47  1  78
1  48  1  78
2  48  1  25
3  48  1  13
4  48  1  73
5  48  1  69
6  48  1  36
7  48  1  20
8  48  1  45
9  48  1  53
10  48  1  18
11  48  1  74
12  48  1  70
13  48  1  82
14  48  1  87
15  48  1  36
1  49  1  62
2  49  1  26
3  49  1  25
4  49  1  89
5  49  1  20
6  49  1  86
7  49  1  29
8  49  1  19
9  49  1  39
10  49  1  22
11  49  1  47
12  49  1  10
13  49  1  53
14  49  1  52
15  49  1  28
1  50  1  74
2  50  1  24
3  50  1  65
4  50  1  86
5  50  1  52
6  50  1  89
7  50  1  75
8  50  1  12
9  50  1  41
10  50  1  48
11  50  1  63
12  50  1  72
13  50  1  49
14  50  1  39
15  50  1  73
1  51  1  90
2  51  1  62
3  51  1  28
4  51  1  22
5  51  1  23
6  51  1  50
7  51  1  73
8  51  1  80
9  51  1  40
10  51  1  54
11  51  1  78
12  51  1  76
13  51  1  90
14  51  1  21
15  51  1  85
1  52  1  59
2  52  1  27
3  52  1  90
4  52  1  78
5  52  1  60
6  52  1  34
7  52  1  89
8  52  1  34
9  52  1  66
10  52  1  26
11  52  1  79
12  52  1  59
13  52  1  24
14  52  1  28
15  52  1  36
1  53  1  23
2  53  1  47
3  53  1  27
4  53  1  21
5  53  1  11
6  53  1  28
7  53  1  51
8  53  1  65
9  53  1  34
10  53  1  76
11  53  1  48
12  53  1  18
13  53  1  27
14  53  1  61
15  53  1  21
1  54  1  17
2  54  1  34
3  54  1  44
4  54  1  25
5  54  1  39
6  54  1  12
7  54  1  56
8  54  1  64
9  54  1  65
10  54  1  68
11  54  1  22
12  54  1  21
13  54  1  67
14  54  1  84
15  54  1  58
1  55  1  17
2  55  1  77
3  55  1  41
4  55  1  37
5  55  1  49
6  55  1  83
7  55  1  78
8  55  1  23
9  55  1  84
10  55  1  40
11  55  1  60
12  55  1  48
13  55  1  51
14  55  1  72
15  55  1  28
1  56  1  37
2  56  1  71
3  56  1  39
4  56  1  82
5  56  1  30
6  56  1  23
7  56  1  36
8  56  1  64
9  56  1  53
10  56  1  32
11  56  1  85
12  56  1  44
13  56  1  58
14  56  1  26
15  56  1  26
1  57  1  16
2  57  1  68
3  57  1  14
4  57  1  76
5  57  1  78
6  57  1  86
7  57  1  79
8  57  1  32
9  57  1  56
10  57  1  76
11  57  1  57
12  57  1  29
13  57  1  62
14  57  1  73
15  57  1  27
1  58  1  13
2  58  1  85
3  58  1  84
4  58  1  86
5  58  1  11
6  58  1  56
7  58  1  39
8  58  1  76
9  58  1  28
10  58  1  60
11  58  1  15
12  58  1  12
13  58  1  45
14  58  1  36
15  58  1  67
1  59  1  87
2  59  1  20
3  59  1  85
4  59  1  29
5  59  1  36
6  59  1  90
7  59  1  69
8  59  1  54
9  59  1  78
10  59  1  39
11  59  1  41
12  59  1  32
13  59  1  48
14  59  1  76
15  59  1  80
1  60  1  49
2  60  1  48
3  60  1  29
4  60  1  56
5  60  1  62
6  60  1  85
7  60  1  40
8  60  1  45
9  60  1  31
10  60  1  43
11  60  1  40
12  60  1  70
13  60  1  90
14  60  1  42
15  60  1  34
1  61  1  23
2  61  1  86
3  61  1  64
4  61  1  25
5  61  1  38
6  61  1  66
7  61  1  15
8  61  1  67
9  61  1  76
10  61  1  87
11  61  1  68
12  61  1  70
13  61  1  53
14  61  1  78
15  61  1  23
1  62  1  41
2  62  1  85
3  62  1  70
4  62  1  38
5  62  1  87
6  62  1  71
7  62  1  64
8  62  1  54
9  62  1  30
10  62  1  33
11  62  1  36
12  62  1  81
13  62  1  13
14  62  1  75
15  62  1  24
1  63  1  27
2  63  1  72
3  63  1  21
4  63  1  59
5  63  1  26
6  63  1  29
7  63  1  42
8  63  1  74
9  63  1  24
10  63  1  54
11  63  1  60
12  63  1  26
13  63  1  17
14  63  1  35
15  63  1  66
1  64  1  80
2  64  1  35
3  64  1  36
4  64  1  62
5  64  1  78
6  64  1  10
7  64  1  39
8  64  1  84
9  64  1  68
10  64  1  62
11  64  1  34
12  64  1  47
13  64  1  59
14  64  1  80
15  64  1  38
1  65  1  17
2  65  1  90
3  65  1  40
4  65  1  59
5  65  1  82
6  65  1  57
7  65  1  56
8  65  1  28
9  65  1  47
10  65  1  73
11  65  1  15
12  65  1  16
13  65  1  81
14  65  1  77
15  65  1  78
1  66  1  80
2  66  1  65
3  66  1  84
4  66  1  81
5  66  1  78
6  66  1  49
7  66  1  69
8  66  1  88
9  66  1  43
10  66  1  86
11  66  1  55
12  66  1  44
13  66  1  20
14  66  1  76
15  66  1  49
1  67  1  61
2  67  1  79
3  67  1  45
4  67  1  70
5  67  1  75
6  67  1  32
7  67  1  18
8  67  1  49
9  67  1  58
10  67  1  15
11  67  1  65
12  67  1  24
13  67  1  23
14  67  1  36
15  67  1  67
1  68  1  49
2  68  1  17
3  68  1  37
4  68  1  75
5  68  1  85
6  68  1  35
7  68  1  45
8  68  1  54
9  68  1  59
10  68  1  31
11  68  1  78
12  68  1  68
13  68  1  86
14  68  1  77
15  68  1  47
1  69  1  61
2  69  1  76
3  69  1  46
4  69  1  30
5  69  1  56
6  69  1  58
7  69  1  12
8  69  1  25
9  69  1  31
10  69  1  27
11  69  1  42
12  69  1  40
13  69  1  50
14  69  1  85
15  69  1  29
1  70  1  23
2  70  1  46
3  70  1  87
4  70  1  27
5  70  1  83
6  70  1  32
7  70  1  85
8  70  1  38
9  70  1  86
10  70  1  22
11  70  1  44
12  70  1  36
13  70  1  43
14  70  1  89
15  70  1  73
1  71  1  38
2  71  1  14
3  71  1  77
4  71  1  19
5  71  1  85
6  71  1  62
7  71  1  24
8  71  1  62
9  71  1  22
10  71  1  28
11  71  1  16
12  71  1  87
13  71  1  51
14  71  1  86
15  71  1  18
1  72  1  69
2  72  1  49
3  72  1  76
4  72  1  41
5  72  1  77
6  72  1  45
7  72  1  49
8  72  1  24
9  72  1  85
10  72  1  35
11  72  1  76
12  72  1  21
13  72  1  81
14  72  1  33
15  72  1  78
1  73  1  40
2  73  1  60
3  73  1  18
4  73  1  21
5  73  1  54
6  73  1  18
7  73  1  88
8  73  1  44
9  73  1  63
10  73  1  40
11  73  1  26
12  73  1  46
13  73  1  44
14  73  1  31
15  73  1  53
1  74  1  90
2  74  1  17
3  74  1  59
4  74  1  57
5  74  1  48
6  74  1  79
7  74  1  26
8  74  1  52
9  74  1  45
10  74  1  90
11  74  1  15
12  74  1  28
13  74  1  27
14  74  1  84
15  74  1  70
1  75  1  10
2  75  1  35
3  75  1  71
4  75  1  73
5  75  1  38
6  75  1  14
7  75  1  90
8  75  1  12
9  75  1  42
10  75  1  17
11  75  1  54
12  75  1  53
13  75  1  86
14  75  1  37
15  75  1  12
1  76  1  72
2  76  1  58
3  76  1  30
4  76  1  26
5  76  1  23
6  76  1  20
7  76  1  56
8  76  1  71
9  76  1  28
10  76  1  64
11  76  1  54
12  76  1  42
13  76  1  29
14  76  1  56
15  76  1  65
1  77  1  53
2  77  1  70
3  77  1  72
4  77  1  62
5  77  1  83
6  77  1  12
7  77  1  52
8  77  1  76
9  77  1  17
10  77  1  23
11  77  1  81
12  77  1  87
13  77  1  34
14  77  1  37
15  77  1  90
1  78  1  80
2  78  1  40
3  78  1  26
4  78  1  48
5  78  1  38
6  78  1  51
7  78  1  66
8  78  1  25
9  78  1  88
10  78  1  87
11  78  1  14
12  78  1  39
13  78  1  43
14  78  1  56
15  78  1  81
1  79  1  28
2  79  1  37
3  79  1  58
4  79  1  83
5  79  1  21
6  79  1  20
7  79  1  26
8  79  1  13
9  79  1  81
10  79  1  74
11  79  1  61
12  79  1  56
13  79  1  69
14  79  1  61
15  79  1  82
1  80  1  11
2  80  1  21
3  80  1  50
4  80  1  57
5  80  1  65
6  80  1  26
7  80  1  82
8  80  1  66
9  80  1  80
10  80  1  37
11  80  1  54
12  80  1  67
13  80  1  31
14  80  1  89
15  80  1  23
1  81  1  90
2  81  1  49
3  81  1  28
4  81  1  46
5  81  1  12
6  81  1  21
7  81  1  29
8  81  1  27
9  81  1  38
10  81  1  33
11  81  1  76
12  81  1  43
13  81  1  50
14  81  1  26
15  81  1  31
1  82  1  68
2  82  1  83
3  82  1  43
4  82  1  71
5  82  1  24
6  82  1  35
7  82  1  18
8  82  1  41
9  82  1  85
10  82  1  73
11  82  1  87
12  82  1  73
13  82  1  52
14  82  1  29
15  82  1  49
1  83  1  49
2  83  1  31
3  83  1  67
4  83  1  90
5  83  1  40
6  83  1  74
7  83  1  78
8  83  1  28
9  83  1  87
10  83  1  32
11  83  1  88
12  83  1  41
13  83  1  60
14  83  1  14
15  83  1  32
1  84  1  39
2  84  1  27
3  84  1  58
4  84  1  19
5  84  1  72
6  84  1  37
7  84  1  16
8  84  1  19
9  84  1  90
10  84  1  64
11  84  1  10
12  84  1  15
13  84  1  20
14  84  1  76
15  84  1  88
1  85  1  81
2  85  1  32
3  85  1  53
4  85  1  58
5  85  1  40
6  85  1  11
7  85  1  30
8  85  1  41
9  85  1  49
10  85  1  39
11  85  1  10
12  85  1  54
13  85  1  36
14  85  1  71
15  85  1  53
1  86  1  28
2  86  1  65
3  86  1  39
4  86  1  31
5  86  1  47
6  86  1  25
7  86  1  73
8  86  1  42
9  86  1  33
10  86  1  44
11  86  1  90
12  86  1  44
13  86  1  28
14  86  1  27
15  86  1  72
1  87  1  76
2  87  1  17
3  87  1  36
4  87  1  41
5  87  1  10
6  87  1  47
7  87  1  19
8  87  1  74
9  87  1  61
10  87  1  36
11  87  1  84
12  87  1  43
13  87  1  55
14  87  1  61
15  87  1  27
1  88  1  52
2  88  1  78
3  88  1  79
4  88  1  62
5  88  1  11
6  88  1  46
7  88  1  24
8  88  1  32
9  88  1  38
10  88  1  28
11  88  1  33
12  88  1  90
13  88  1  87
14  88  1  84
15  88  1  79
1  89  1  85
2  89  1  36
3  89  1  90
4  89  1  56
5  89  1  88
6  89  1  40
7  89  1  50
8  89  1  41
9  89  1  48
10  89  1  56
11  89  1  29
12  89  1  84
13  89  1  73
14  89  1  22
15  89  1  65
1  90  1  63
2  90  1  37
3  90  1  65
4  90  1  59
5  90  1  72
6  90  1  39
7  90  1  37
8  90  1  45
9  90  1  20
10  90  1  61
11  90  1  20
12  90  1  55
13  90  1  86
14  90  1  49
15  90  1  52
1  91  1  53
2  91  1  30
3  91  1  70
4  91  1  75
5  91  1  26
6  91  1  57
7  91  1  24
8  91  1  20
9  91  1  19
10  91  1  68
11  91  1  61
12  91  1  79
13  91  1  51
14  91  1  42
15  91  1  51
1  92  1  38
2  92  1  80
3  92  1  71
4  92  1  58
5  92  1  54
6  92  1  85
7  92  1  84
8  92  1  56
9  92  1  37
10  92  1  36
11  92  1  69
12  92  1  36
13  92  1  53
14  92  1  32
15  92  1  60
1  93  1  18
2  93  1  21
3  93  1  70
4  93  1  62
5  93  1  71
6  93  1  90
7  93  1  30
8  93  1  44
9  93  1  59
10  93  1  81
11  93  1  74
12  93  1  55
13  93  1  45
14  93  1  65
15  93  1  26
1  94  1  62
2  94  1  32
3  94  1  84
4  94  1  69
5  94  1  54
6  94  1  48
7  94  1  55
8  94  1  23
9  94  1  72
10  94  1  23
11  94  1  22
12  94  1  49
13  94  1  41
14  94  1  19
15  94  1  66
1  95  1  36
2  95  1  64
3  95  1  74
4  95  1  21
5  95  1  76
6  95  1  28
7  95  1  58
8  95  1  83
9  95  1  70
10  95  1  31
11  95  1  28
12  95  1  73
13  95  1  53
14  95  1  82
15  95  1  24
1  96  1  70
2  96  1  51
3  96  1  11
4  96  1  29
5  96  1  16
6  96  1  86
7  96  1  75
8  96  1  54
9  96  1  76
10  96  1  41
11  96  1  49
12  96  1  60
13  96  1  56
14  96  1  87
15  96  1  52
1  97  1  42
2  97  1  61
3  97  1  37
4  97  1  24
5  97  1  41
6  97  1  50
7  97  1  77
8  97  1  39
9  97  1  26
10  97  1  83
11  97  1  10
12  97  1  55
13  97  1  31
14  97  1  68
15  97  1  74
1  98  1  26
2  98  1  59
3  98  1  63
4  98  1  21
5  98  1  73
6  98  1  73
7  98  1  57
8  98  1  63
9  98  1  73
10  98  1  54
11  98  1  79
12  98  1  25
13  98  1  57
14  98  1  71
15  98  1  33
1  99  1  65
2  99  1  60
3  99  1  32
4  99  1  28
5  99  1  73
6  99  1  90
7  99  1  75
8  99  1  85
9  99  1  69
10  99  1  22
11  99  1  65
12  99  1  39
13  99  1  74
14  99  1  54
15  99  1  45
1  100  1  30
2  100  1  10
3  100  1  14
4  100  1  83
5  100  1  83
6  100  1  50
7  100  1  61
8  100  1  25
9  100  1  74
10  100  1  62
11  100  1  61
12  100  1  19
13  100  1  58
14  100  1  81
15  100  1  18
1  1  2  25.41
2  1  2  5.07
3  1  2  18.48
4  1  2  49.82
5  1  2  33.70
6  1  2  20.48
7  1  2  3.66
8  1  2  21.94
9  1  2  4.98
10  1  2  7.86
11  1  2  22.33
12  1  2  16.38
13  1  2  67.98
14  1  2  26.66
15  1  2  23.96
1  2  2  12.07
2  2  2  10.54
3  2  2  5.70
4  2  2  12.51
5  2  2  15.67
6  2  2  19.58
7  2  2  3.43
8  2  2  17.32
9  2  2  48.98
10  2  2  41.52
11  2  2  15.81
12  2  2  24.80
13  2  2  10.23
14  2  2  43.81
15  2  2  21.44
1  3  2  43.53
2  3  2  8.58
3  3  2  16.66
4  3  2  31.83
5  3  2  33.09
6  3  2  38.11
7  3  2  21.68
8  3  2  4.51
9  3  2  4.24
10  3  2  21.55
11  3  2  20.71
12  3  2  55.05
13  3  2  8.24
14  3  2  38.63
15  3  2  29.27
1  4  2  27.47
2  4  2  23.15
3  4  2  18.16
4  4  2  23.36
5  4  2  9.60
6  4  2  63.04
7  4  2  57.60
8  4  2  56.42
9  4  2  46.51
10  4  2  43.35
11  4  2  20.96
12  4  2  9.83
13  4  2  13.61
14  4  2  9.37
15  4  2  14.68
1  5  2  11.81
2  5  2  28.01
3  5  2  34.07
4  5  2  40.22
5  5  2  4.77
6  5  2  38.52
7  5  2  47.12
8  5  2  26.92
9  5  2  4.03
10  5  2  20.59
11  5  2  54.12
12  5  2  10.04
13  5  2  46.69
14  5  2  5.88
15  5  2  35.23
1  6  2  16.12
2  6  2  27.23
3  6  2  15.58
4  6  2  4.72
5  6  2  25.81
6  6  2  27.26
7  6  2  60.13
8  6  2  19.89
9  6  2  12.56
10  6  2  19.09
11  6  2  18.55
12  6  2  37.67
13  6  2  11.40
14  6  2  15.03
15  6  2  7.41
1  7  2  33.14
2  7  2  16.70
3  7  2  23.61
4  7  2  31.98
5  7  2  33.99
6  7  2  17.93
7  7  2  10.10
8  7  2  18.75
9  7  2  49.21
10  7  2  47.79
11  7  2  46.57
12  7  2  8.76
13  7  2  34.40
14  7  2  23.45
15  7  2  17.33
1  8  2  15.61
2  8  2  18.26
3  8  2  11.61
4  8  2  5.94
5  8  2  8.77
6  8  2  16.47
7  8  2  36.74
8  8  2  26.94
9  8  2  10.11
10  8  2  10.51
11  8  2  31.56
12  8  2  19.76
13  8  2  59.39
14  8  2  23.03
15  8  2  42.16
1  9  2  29.10
2  9  2  12.62
3  9  2  33.35
4  9  2  31.80
5  9  2  23.89
6  9  2  12.36
7  9  2  28.44
8  9  2  45.51
9  9  2  4.77
10  9  2  16.92
11  9  2  30.31
12  9  2  60.54
13  9  2  48.59
14  9  2  4.66
15  9  2  9.53
1  10  2  29.52
2  10  2  30.58
3  10  2  10.14
4  10  2  52.81
5  10  2  13.43
6  10  2  11.52
7  10  2  11.15
8  10  2  25.68
9  10  2  9.53
10  10  2  22.37
11  10  2  9.75
12  10  2  29.52
13  10  2  41.22
14  10  2  48.08
15  10  2  47.20
1  11  2  9.39
2  11  2  19.19
3  11  2  43.09
4  11  2  35.79
5  11  2  51.18
6  11  2  23.29
7  11  2  60.96
8  11  2  10.35
9  11  2  13.81
10  11  2  17.51
11  11  2  46.51
12  11  2  49.69
13  11  2  8.19
14  11  2  16.42
15  11  2  40.03
1  12  2  43.31
2  12  2  18.26
3  12  2  39.33
4  12  2  33.50
5  12  2  33.05
6  12  2  6.36
7  12  2  54.15
8  12  2  16.86
9  12  2  55.37
10  12  2  31.12
11  12  2  23.00
12  12  2  33.96
13  12  2  31.61
14  12  2  5.82
15  12  2  29.61
1  13  2  24.01
2  13  2  4.10
3  13  2  23.69
4  13  2  42.29
5  13  2  25.56
6  13  2  14.46
7  13  2  9.12
8  13  2  41.00
9  13  2  8.68
10  13  2  27.02
11  13  2  8.70
12  13  2  11.33
13  13  2  8.14
14  13  2  17.09
15  13  2  50.75
1  14  2  50.77
2  14  2  54.74
3  14  2  18.73
4  14  2  47.15
5  14  2  26.29
6  14  2  20.99
7  14  2  18.78
8  14  2  26.08
9  14  2  16.93
10  14  2  50.33
11  14  2  48.84
12  14  2  11.57
13  14  2  32.44
14  14  2  38.09
15  14  2  16.44
1  15  2  6.22
2  15  2  11.32
3  15  2  60.52
4  15  2  24.95
5  15  2  30.40
6  15  2  53.48
7  15  2  11.05
8  15  2  28.00
9  15  2  9.90
10  15  2  18.77
11  15  2  27.22
12  15  2  70.11
13  15  2  37.73
14  15  2  20.12
15  15  2  32.91
1  16  2  26.77
2  16  2  27.79
3  16  2  18.01
4  16  2  20.21
5  16  2  19.09
6  16  2  21.68
7  16  2  10.50
8  16  2  20.90
9  16  2  12.08
10  16  2  35.46
11  16  2  24.55
12  16  2  48.21
13  16  2  20.85
14  16  2  14.22
15  16  2  13.60
1  17  2  5.73
2  17  2  45.37
3  17  2  5.93
4  17  2  30.13
5  17  2  6.77
6  17  2  52.74
7  17  2  11.12
8  17  2  37.30
9  17  2  21.92
10  17  2  51.58
11  17  2  34.96
12  17  2  8.31
13  17  2  52.78
14  17  2  9.31
15  17  2  15.58
1  18  2  18.47
2  18  2  9.52
3  18  2  15.75
4  18  2  31.93
5  18  2  24.18
6  18  2  18.20
7  18  2  41.48
8  18  2  45.07
9  18  2  29.76
10  18  2  10.09
11  18  2  55.83
12  18  2  15.32
13  18  2  63.90
14  18  2  54.70
15  18  2  31.56
1  19  2  16.53
2  19  2  17.09
3  19  2  14.41
4  19  2  46.58
5  19  2  11.18
6  19  2  18.59
7  19  2  60.71
8  19  2  11.17
9  19  2  25.41
10  19  2  11.80
11  19  2  37.39
12  19  2  10.60
13  19  2  49.56
14  19  2  36.65
15  19  2  30.53
1  20  2  21.41
2  20  2  8.23
3  20  2  3.93
4  20  2  38.19
5  20  2  40.56
6  20  2  6.44
7  20  2  60.82
8  20  2  18.51
9  20  2  21.93
10  20  2  49.84
11  20  2  46.70
12  20  2  34.04
13  20  2  19.51
14  20  2  22.19
15  20  2  49.82
1  21  2  5.13
2  21  2  13.36
3  21  2  18.28
4  21  2  26.70
5  21  2  20.65
6  21  2  9.30
7  21  2  17.10
8  21  2  25.65
9  21  2  14.38
10  21  2  45.59
11  21  2  9.63
12  21  2  43.24
13  21  2  19.36
14  21  2  47.19
15  21  2  46.19
1  22  2  53.49
2  22  2  7.83
3  22  2  12.59
4  22  2  11.60
5  22  2  16.28
6  22  2  33.77
7  22  2  9.04
8  22  2  34.12
9  22  2  17.41
10  22  2  42.14
11  22  2  59.45
12  22  2  44.67
13  22  2  13.77
14  22  2  21.85
15  22  2  16.21
1  23  2  32.46
2  23  2  29.46
3  23  2  18.99
4  23  2  15.82
5  23  2  16.74
6  23  2  34.06
7  23  2  20.99
8  23  2  14.91
9  23  2  15.84
10  23  2  34.42
11  23  2  18.77
12  23  2  22.47
13  23  2  25.81
14  23  2  10.93
15  23  2  8.96
1  24  2  28.30
2  24  2  15.65
3  24  2  45.51
4  24  2  34.93
5  24  2  31.14
6  24  2  10.44
7  24  2  27.08
8  24  2  14.06
9  24  2  41.77
10  24  2  34.49
11  24  2  62.32
12  24  2  9.36
13  24  2  6.58
14  24  2  13.23
15  24  2  35.29
1  25  2  28.74
2  25  2  15.16
3  25  2  7.88
4  25  2  18.59
5  25  2  15.70
6  25  2  27.11
7  25  2  33.21
8  25  2  31.31
9  25  2  12.29
10  25  2  16.23
11  25  2  25.91
12  25  2  19.69
13  25  2  17.38
14  25  2  20.79
15  25  2  24.30
1  26  2  43.55
2  26  2  17.30
3  26  2  15.10
4  26  2  25.48
5  26  2  39.30
6  26  2  30.91
7  26  2  8.22
8  26  2  6.55
9  26  2  13.74
10  26  2  6.52
11  26  2  46.19
12  26  2  35.81
13  26  2  19.48
14  26  2  60.01
15  26  2  7.96
1  27  2  20.67
2  27  2  20.03
3  27  2  55.02
4  27  2  29.87
5  27  2  7.02
6  27  2  21.88
7  27  2  7.60
8  27  2  10.66
9  27  2  23.66
10  27  2  52.55
11  27  2  18.95
12  27  2  40.26
13  27  2  15.57
14  27  2  41.73
15  27  2  18.18
1  28  2  4.95
2  28  2  9.83
3  28  2  24.75
4  28  2  14.71
5  28  2  11.97
6  28  2  30.97
7  28  2  27.67
8  28  2  21.68
9  28  2  7.83
10  28  2  19.94
11  28  2  43.20
12  28  2  37.49
13  28  2  45.32
14  28  2  25.97
15  28  2  57.85
1  29  2  51.99
2  29  2  57.86
3  29  2  12.94
4  29  2  22.45
5  29  2  46.48
6  29  2  22.05
7  29  2  20.54
8  29  2  25.06
9  29  2  3.10
10  29  2  20.75
11  29  2  12.67
12  29  2  10.27
13  29  2  4.54
14  29  2  41.10
15  29  2  19.41
1  30  2  56.61
2  30  2  18.39
3  30  2  10.11
4  30  2  35.84
5  30  2  15.08
6  30  2  14.83
7  30  2  11.78
8  30  2  51.62
9  30  2  8.95
10  30  2  20.60
11  30  2  62.37
12  30  2  29.28
13  30  2  11.95
14  30  2  5.71
15  30  2  17.91
1  31  2  19.30
2  31  2  47.95
3  31  2  36.04
4  31  2  34.33
5  31  2  33.94
6  31  2  15.61
7  31  2  39.83
8  31  2  17.78
9  31  2  44.12
10  31  2  23.94
11  31  2  52.42
12  31  2  11.33
13  31  2  13.21
14  31  2  22.44
15  31  2  18.42
1  32  2  19.93
2  32  2  36.21
3  32  2  31.78
4  32  2  10.42
5  32  2  8.66
6  32  2  14.49
7  32  2  26.59
8  32  2  4.63
9  32  2  2.83
10  32  2  21.62
11  32  2  7.29
12  32  2  4.29
13  32  2  8.51
14  32  2  66.55
15  32  2  27.35
1  33  2  8.88
2  33  2  39.97
3  33  2  13.48
4  33  2  17.89
5  33  2  58.53
6  33  2  8.98
7  33  2  15.02
8  33  2  43.16
9  33  2  33.74
10  33  2  5.02
11  33  2  44.07
12  33  2  33.68
13  33  2  19.13
14  33  2  23.88
15  33  2  23.43
1  34  2  10.12
2  34  2  13.38
3  34  2  14.06
4  34  2  42.36
5  34  2  10.81
6  34  2  12.00
7  34  2  42.06
8  34  2  8.98
9  34  2  14.51
10  34  2  8.86
11  34  2  52.63
12  34  2  12.96
13  34  2  9.78
14  34  2  5.44
15  34  2  12.17
1  35  2  21.51
2  35  2  11.88
3  35  2  19.95
4  35  2  35.59
5  35  2  41.67
6  35  2  17.28
7  35  2  48.65
8  35  2  6.05
9  35  2  57.26
10  35  2  13.17
11  35  2  5.48
12  35  2  25.39
13  35  2  27.50
14  35  2  4.86
15  35  2  35.14
1  36  2  21.07
2  36  2  2.77
3  36  2  59.16
4  36  2  4.94
5  36  2  19.27
6  36  2  13.66
7  36  2  8.72
8  36  2  27.55
9  36  2  9.59
10  36  2  18.58
11  36  2  23.19
12  36  2  13.49
13  36  2  5.74
14  36  2  5.93
15  36  2  19.23
1  37  2  18.75
2  37  2  9.69
3  37  2  43.41
4  37  2  52.22
5  37  2  32.30
6  37  2  41.85
7  37  2  28.37
8  37  2  17.08
9  37  2  2.62
10  37  2  29.52
11  37  2  25.43
12  37  2  20.61
13  37  2  20.26
14  37  2  6.64
15  37  2  40.76
1  38  2  7.54
2  38  2  10.58
3  38  2  26.97
4  38  2  25.88
5  38  2  15.85
6  38  2  26.95
7  38  2  15.41
8  38  2  41.71
9  38  2  63.22
10  38  2  11.96
11  38  2  36.89
12  38  2  9.37
13  38  2  28.47
14  38  2  10.78
15  38  2  71.11
1  39  2  38.51
2  39  2  24.49
3  39  2  22.85
4  39  2  42.40
5  39  2  13.32
6  39  2  27.95
7  39  2  10.50
8  39  2  13.03
9  39  2  46.51
10  39  2  12.17
11  39  2  16.10
12  39  2  18.67
13  39  2  21.65
14  39  2  8.45
15  39  2  16.13
1  40  2  8.90
2  40  2  33.46
3  40  2  13.35
4  40  2  10.51
5  40  2  21.29
6  40  2  35.09
7  40  2  28.88
8  40  2  42.52
9  40  2  24.41
10  40  2  21.30
11  40  2  17.25
12  40  2  19.19
13  40  2  47.84
14  40  2  40.02
15  40  2  48.77
1  41  2  13.99
2  41  2  36.48
3  41  2  27.60
4  41  2  45.16
5  41  2  18.82
6  41  2  14.70
7  41  2  8.54
8  41  2  15.82
9  41  2  13.90
10  41  2  34.12
11  41  2  13.21
12  41  2  17.33
13  41  2  10.10
14  41  2  33.56
15  41  2  37.18
1  42  2  4.70
2  42  2  14.27
3  42  2  22.48
4  42  2  27.43
5  42  2  49.14
6  42  2  32.49
7  42  2  14.50
8  42  2  4.79
9  42  2  31.15
10  42  2  11.69
11  42  2  21.31
12  42  2  22.96
13  42  2  14.98
14  42  2  29.91
15  42  2  38.50
1  43  2  11.95
2  43  2  15.48
3  43  2  33.35
4  43  2  28.24
5  43  2  8.56
6  43  2  15.11
7  43  2  22.86
8  43  2  5.94
9  43  2  16.89
10  43  2  34.71
11  43  2  7.61
12  43  2  11.18
13  43  2  19.08
14  43  2  32.00
15  43  2  18.78
1  44  2  32.33
2  44  2  4.14
3  44  2  36.19
4  44  2  24.19
5  44  2  45.49
6  44  2  18.50
7  44  2  9.37
8  44  2  14.23
9  44  2  31.03
10  44  2  21.96
11  44  2  61.52
12  44  2  44.36
13  44  2  20.33
14  44  2  15.36
15  44  2  37.11
1  45  2  22.39
2  45  2  55.02
3  45  2  23.62
4  45  2  34.99
5  45  2  22.49
6  45  2  59.69
7  45  2  40.99
8  45  2  27.01
9  45  2  19.82
10  45  2  29.93
11  45  2  9.32
12  45  2  9.69
13  45  2  33.72
14  45  2  48.44
15  45  2  11.80
1  46  2  21.80
2  46  2  60.30
3  46  2  5.80
4  46  2  10.94
5  46  2  7.81
6  46  2  31.25
7  46  2  29.74
8  46  2  18.68
9  46  2  58.55
10  46  2  7.96
11  46  2  6.53
12  46  2  17.39
13  46  2  28.54
14  46  2  39.79
15  46  2  51.41
1  47  2  16.06
2  47  2  63.42
3  47  2  18.95
4  47  2  50.49
5  47  2  3.28
6  47  2  39.26
7  47  2  17.29
8  47  2  10.04
9  47  2  8.50
10  47  2  24.75
11  47  2  11.18
12  47  2  17.58
13  47  2  24.10
14  47  2  44.02
15  47  2  35.14
1  48  2  60.30
2  48  2  19.04
3  48  2  9.89
4  48  2  37.83
5  48  2  39.52
6  48  2  9.63
7  48  2  4.96
8  48  2  33.28
9  48  2  34.32
10  48  2  6.43
11  48  2  30.72
12  48  2  46.46
13  48  2  35.08
14  48  2  57.89
15  48  2  26.36
1  49  2  40.21
2  49  2  20.78
3  49  2  18.43
4  49  2  64.01
5  49  2  14.03
6  49  2  54.42
7  49  2  21.61
8  49  2  7.63
9  49  2  10.83
10  49  2  8.42
11  49  2  24.63
12  49  2  3.83
13  49  2  32.97
14  49  2  19.41
15  49  2  5.89
1  50  2  47.92
2  50  2  5.40
3  50  2  24.29
4  50  2  58.29
5  50  2  19.77
6  50  2  49.39
7  50  2  22.03
8  50  2  9.20
9  50  2  28.19
10  50  2  23.95
11  50  2  20.62
12  50  2  52.40
13  50  2  18.71
14  50  2  28.99
15  50  2  50.93
1  51  2  50.23
2  51  2  43.83
3  51  2  13.75
4  51  2  10.01
5  51  2  18.04
6  51  2  33.33
7  51  2  50.15
8  51  2  44.15
9  51  2  28.42
10  51  2  27.00
11  51  2  26.10
12  51  2  26.58
13  51  2  23.91
14  51  2  8.26
15  51  2  18.76
1  52  2  17.36
2  52  2  9.83
3  52  2  34.84
4  52  2  23.50
5  52  2  13.40
6  52  2  15.60
7  52  2  53.86
8  52  2  10.73
9  52  2  25.33
10  52  2  8.14
11  52  2  52.30
12  52  2  22.40
13  52  2  10.29
14  52  2  22.20
15  52  2  26.73
1  53  2  13.03
2  53  2  21.37
3  53  2  15.17
4  53  2  4.56
5  53  2  5.99
6  53  2  8.21
7  53  2  20.06
8  53  2  15.53
9  53  2  22.66
10  53  2  15.71
11  53  2  35.41
12  53  2  6.19
13  53  2  18.63
14  53  2  31.98
15  53  2  12.75
1  54  2  12.57
2  54  2  11.74
3  54  2  29.93
4  54  2  15.68
5  54  2  27.27
6  54  2  8.81
7  54  2  32.16
8  54  2  28.56
9  54  2  46.37
10  54  2  47.98
11  54  2  4.65
12  54  2  9.79
13  54  2  41.69
14  54  2  47.67
15  54  2  31.67
1  55  2  8.96
2  55  2  23.77
3  55  2  28.47
4  55  2  26.87
5  55  2  29.87
6  55  2  22.64
7  55  2  49.53
8  55  2  7.16
9  55  2  62.01
10  55  2  30.80
11  55  2  41.65
12  55  2  15.86
13  55  2  15.21
14  55  2  55.66
15  55  2  14.72
1  56  2  17.62
2  56  2  25.90
3  56  2  24.51
4  56  2  40.73
5  56  2  19.54
6  56  2  6.24
7  56  2  13.07
8  56  2  19.18
9  56  2  10.78
10  56  2  20.09
11  56  2  47.06
12  56  2  21.20
13  56  2  38.20
14  56  2  20.34
15  56  2  6.65
1  57  2  10.80
2  57  2  21.87
3  57  2  3.46
4  57  2  27.30
5  57  2  44.84
6  57  2  63.65
7  57  2  50.03
8  57  2  8.73
9  57  2  43.82
10  57  2  16.55
11  57  2  45.01
12  57  2  15.00
13  57  2  46.83
14  57  2  16.56
15  57  2  12.70
1  58  2  6.64
2  58  2  29.00
3  58  2  29.29
4  58  2  26.96
5  58  2  6.89
6  58  2  25.21
7  58  2  17.07
8  58  2  36.02
9  58  2  8.88
10  58  2  31.66
11  58  2  3.48
12  58  2  3.21
13  58  2  14.71
14  58  2  13.05
15  58  2  51.53
1  59  2  29.22
2  59  2  13.37
3  59  2  31.05
4  59  2  7.56
5  59  2  20.64
6  59  2  53.20
7  59  2  26.86
8  59  2  24.49
9  59  2  45.50
10  59  2  25.78
11  59  2  17.58
12  59  2  10.12
13  59  2  15.53
14  59  2  41.85
15  59  2  33.16
1  60  2  26.75
2  60  2  29.85
3  60  2  6.60
4  60  2  41.20
5  60  2  20.05
6  60  2  54.64
7  60  2  23.14
8  60  2  19.48
9  60  2  22.02
10  60  2  12.38
11  60  2  12.73
12  60  2  20.04
13  60  2  35.14
14  60  2  33.22
15  60  2  24.01
1  61  2  6.02
2  61  2  67.56
3  61  2  26.24
4  61  2  11.83
5  61  2  19.51
6  61  2  20.08
7  61  2  9.47
8  61  2  25.25
9  61  2  51.04
10  61  2  35.31
11  61  2  38.33
12  61  2  46.95
13  61  2  29.73
14  61  2  52.94
15  61  2  12.63
1  62  2  23.09
2  62  2  64.06
3  62  2  52.89
4  62  2  16.22
5  62  2  68.01
6  62  2  46.06
7  62  2  33.21
8  62  2  37.22
9  62  2  17.71
10  62  2  12.98
11  62  2  9.58
12  62  2  56.53
13  62  2  9.65
14  62  2  46.54
15  62  2  17.21
1  63  2  9.38
2  63  2  44.68
3  63  2  4.91
4  63  2  42.60
5  63  2  7.04
6  63  2  7.98
7  63  2  27.80
8  63  2  32.58
9  63  2  8.79
10  63  2  39.31
11  63  2  41.27
12  63  2  12.80
13  63  2  5.91
14  63  2  10.88
15  63  2  44.92
1  64  2  42.93
2  64  2  27.49
3  64  2  27.48
4  64  2  48.28
5  64  2  19.60
6  64  2  2.15
7  64  2  30.04
8  64  2  58.06
9  64  2  26.32
10  64  2  30.37
11  64  2  7.30
12  64  2  32.15
13  64  2  13.96
14  64  2  50.06
15  64  2  20.09
1  65  2  12.26
2  65  2  35.88
3  65  2  12.17
4  65  2  36.38
5  65  2  40.37
6  65  2  36.81
7  65  2  27.18
8  65  2  15.08
9  65  2  20.98
10  65  2  16.05
11  65  2  9.64
12  65  2  6.24
13  65  2  46.79
14  65  2  48.28
15  65  2  49.74
1  66  2  57.26
2  66  2  28.34
3  66  2  35.54
4  66  2  17.84
5  66  2  61.93
6  66  2  34.18
7  66  2  23.05
8  66  2  61.64
9  66  2  19.59
10  66  2  57.93
11  66  2  13.07
12  66  2  21.69
13  66  2  14.14
14  66  2  44.01
15  66  2  20.61
1  67  2  18.75
2  67  2  45.27
3  67  2  17.08
4  67  2  46.61
5  67  2  31.76
6  67  2  17.72
7  67  2  12.04
8  67  2  30.66
9  67  2  31.64
10  67  2  11.94
11  67  2  46.95
12  67  2  19.08
13  67  2  11.39
14  67  2  23.06
15  67  2  45.10
1  68  2  17.11
2  68  2  4.82
3  68  2  8.14
4  68  2  58.19
5  68  2  30.77
6  68  2  16.22
7  68  2  16.46
8  68  2  31.88
9  68  2  32.93
10  68  2  8.46
11  68  2  31.02
12  68  2  52.64
13  68  2  61.34
14  68  2  31.96
15  68  2  21.16
1  69  2  39.74
2  69  2  54.80
3  69  2  26.83
4  69  2  16.25
5  69  2  17.64
6  69  2  16.33
7  69  2  2.67
8  69  2  16.85
9  69  2  12.96
10  69  2  5.82
11  69  2  15.50
12  69  2  29.11
13  69  2  18.01
14  69  2  22.83
15  69  2  18.89
1  70  2  12.86
2  70  2  18.38
3  70  2  34.96
4  70  2  14.60
5  70  2  28.50
6  70  2  17.96
7  70  2  48.11
8  70  2  29.77
9  70  2  34.55
10  70  2  14.34
11  70  2  9.97
12  70  2  23.72
13  70  2  13.56
14  70  2  26.03
15  70  2  48.42
1  71  2  8.39
2  71  2  10.23
3  71  2  19.44
4  71  2  4.96
5  71  2  57.61
6  71  2  35.30
7  71  2  7.91
8  71  2  43.42
9  71  2  10.15
10  71  2  18.98
11  71  2  7.09
12  71  2  41.69
13  71  2  25.69
14  71  2  23.53
15  71  2  12.55
1  72  2  32.08
2  72  2  18.48
3  72  2  45.59
4  72  2  20.14
5  72  2  56.52
6  72  2  19.59
7  72  2  33.12
8  72  2  13.88
9  72  2  29.63
10  72  2  25.25
11  72  2  31.66
12  72  2  16.42
13  72  2  48.50
14  72  2  25.69
15  72  2  56.24
1  73  2  14.95
2  73  2  46.27
3  73  2  13.18
4  73  2  13.78
5  73  2  20.68
6  73  2  7.86
7  73  2  69.93
8  73  2  20.74
9  73  2  23.55
10  73  2  10.39
11  73  2  17.13
12  73  2  11.17
13  73  2  13.62
14  73  2  10.76
15  73  2  28.15
1  74  2  23.73
2  74  2  7.05
3  74  2  46.20
4  74  2  28.50
5  74  2  20.08
6  74  2  60.27
7  74  2  13.94
8  74  2  19.95
9  74  2  29.50
10  74  2  52.36
11  74  2  4.74
12  74  2  18.48
13  74  2  9.64
14  74  2  28.77
15  74  2  45.29
1  75  2  4.78
2  75  2  18.32
3  75  2  23.10
4  75  2  38.99
5  75  2  10.34
6  75  2  5.86
7  75  2  45.33
8  75  2  9.04
9  75  2  21.04
10  75  2  10.35
11  75  2  33.85
12  75  2  32.35
13  75  2  26.96
14  75  2  27.89
15  75  2  8.99
1  76  2  35.50
2  76  2  32.94
3  76  2  9.92
4  76  2  19.34
5  76  2  11.26
6  76  2  12.17
7  76  2  25.46
8  76  2  55.35
9  76  2  21.43
10  76  2  14.98
11  76  2  34.97
12  76  2  9.94
13  76  2  20.67
14  76  2  11.79
15  76  2  25.32
1  77  2  22.82
2  77  2  47.69
3  77  2  39.18
4  77  2  24.20
5  77  2  37.25
6  77  2  6.07
7  77  2  37.68
8  77  2  27.92
9  77  2  6.25
10  77  2  5.58
11  77  2  64.18
12  77  2  40.11
13  77  2  14.90
14  77  2  12.07
15  77  2  42.95
1  78  2  29.30
2  78  2  24.69
3  78  2  10.81
4  78  2  15.82
5  78  2  8.95
6  78  2  28.47
7  78  2  34.15
8  78  2  5.73
9  78  2  45.86
10  78  2  62.93
11  78  2  8.71
12  78  2  14.76
13  78  2  28.99
14  78  2  28.08
15  78  2  35.29
1  79  2  12.97
2  79  2  11.65
3  79  2  30.84
4  79  2  66.28
5  79  2  16.08
6  79  2  12.98
7  79  2  8.16
8  79  2  4.81
9  79  2  44.84
10  79  2  23.69
11  79  2  19.67
12  79  2  31.13
13  79  2  25.21
14  79  2  31.11
15  79  2  49.35
1  80  2  7.66
2  80  2  11.14
3  80  2  32.36
4  80  2  30.89
5  80  2  22.70
6  80  2  14.50
7  80  2  26.25
8  80  2  45.76
9  80  2  30.39
10  80  2  19.55
11  80  2  12.90
12  80  2  39.91
13  80  2  12.29
14  80  2  64.02
15  80  2  16.39
1  81  2  27.24
2  81  2  28.88
3  81  2  14.65
4  81  2  35.09
5  81  2  3.36
6  81  2  11.62
7  81  2  19.14
8  81  2  11.42
9  81  2  29.12
10  81  2  14.48
11  81  2  39.23
12  81  2  26.84
13  81  2  15.78
14  81  2  19.74
15  81  2  12.76
1  82  2  30.84
2  82  2  47.64
3  82  2  32.36
4  82  2  32.60
5  82  2  16.64
6  82  2  23.07
7  82  2  13.92
8  82  2  22.78
9  82  2  37.60
10  82  2  36.01
11  82  2  53.66
12  82  2  45.81
13  82  2  10.90
14  82  2  21.59
15  82  2  36.18
1  83  2  14.36
2  83  2  21.48
3  83  2  26.51
4  83  2  30.81
5  83  2  16.52
6  83  2  53.70
7  83  2  35.72
8  83  2  12.83
9  83  2  31.72
10  83  2  7.56
11  83  2  48.62
12  83  2  9.14
13  83  2  46.18
14  83  2  6.10
15  83  2  7.92
1  84  2  17.37
2  84  2  9.49
3  84  2  24.22
4  84  2  14.64
5  84  2  15.54
6  84  2  28.95
7  84  2  5.27
8  84  2  8.79
9  84  2  30.13
10  84  2  20.32
11  84  2  5.48
12  84  2  8.58
13  84  2  10.15
14  84  2  40.46
15  84  2  36.51
1  85  2  47.61
2  85  2  8.73
3  85  2  35.69
4  85  2  31.30
5  85  2  16.81
6  85  2  3.37
7  85  2  12.35
8  85  2  19.78
9  85  2  17.71
10  85  2  19.95
11  85  2  2.43
12  85  2  35.59
13  85  2  23.08
14  85  2  48.08
15  85  2  28.45
1  86  2  12.10
2  86  2  36.74
3  86  2  13.87
4  86  2  16.84
5  86  2  23.48
6  86  2  9.66
7  86  2  53.99
8  86  2  8.52
9  86  2  11.19
10  86  2  18.67
11  86  2  69.21
12  86  2  24.00
13  86  2  14.35
14  86  2  20.04
15  86  2  23.92
1  87  2  44.11
2  87  2  7.19
3  87  2  26.15
4  87  2  16.04
5  87  2  3.34
6  87  2  17.88
7  87  2  4.17
8  87  2  33.51
9  87  2  43.84
10  87  2  26.86
11  87  2  59.99
12  87  2  24.35
13  87  2  21.29
14  87  2  38.16
15  87  2  13.32
1  88  2  40.69
2  88  2  54.90
3  88  2  35.77
4  88  2  17.06
5  88  2  8.32
6  88  2  31.41
7  88  2  12.04
8  88  2  23.88
9  88  2  17.93
10  88  2  21.70
11  88  2  23.06
12  88  2  49.44
13  88  2  69.21
14  88  2  32.59
15  88  2  40.81
1  89  2  56.46
2  89  2  28.00
3  89  2  30.25
4  89  2  20.73
5  89  2  43.30
6  89  2  20.84
7  89  2  36.04
8  89  2  19.46
9  89  2  34.90
10  89  2  12.13
11  89  2  11.87
12  89  2  35.43
13  89  2  53.48
14  89  2  4.56
15  89  2  44.92
1  90  2  43.54
2  90  2  24.10
3  90  2  21.19
4  90  2  35.80
5  90  2  30.78
6  90  2  26.33
7  90  2  8.24
8  90  2  20.90
9  90  2  8.17
10  90  2  20.43
11  90  2  15.66
12  90  2  13.55
13  90  2  59.68
14  90  2  35.55
15  90  2  38.09
1  91  2  40.97
2  91  2  23.60
3  91  2  44.74
4  91  2  45.69
5  91  2  7.85
6  91  2  19.35
7  91  2  16.68
8  91  2  4.93
9  91  2  13.81
10  91  2  37.39
11  91  2  19.40
12  91  2  53.57
13  91  2  33.83
14  91  2  32.39
15  91  2  28.58
1  92  2  16.85
2  92  2  62.63
3  92  2  43.63
4  92  2  21.06
5  92  2  40.62
6  92  2  54.63
7  92  2  49.32
8  92  2  25.90
9  92  2  10.70
10  92  2  17.43
11  92  2  23.82
12  92  2  17.21
13  92  2  22.88
14  92  2  7.75
15  92  2  37.13
1  93  2  6.33
2  93  2  9.34
3  93  2  30.90
4  93  2  31.71
5  93  2  19.78
6  93  2  58.25
7  93  2  6.30
8  93  2  27.09
9  93  2  32.95
10  93  2  36.46
11  93  2  29.07
12  93  2  30.45
13  93  2  17.86
14  93  2  46.90
15  93  2  10.26
1  94  2  41.98
2  94  2  19.18
3  94  2  63.42
4  94  2  18.26
5  94  2  30.78
6  94  2  10.92
7  94  2  20.03
8  94  2  13.98
9  94  2  25.74
10  94  2  15.11
11  94  2  5.73
12  94  2  24.19
13  94  2  29.13
14  94  2  7.46
15  94  2  36.66
1  95  2  23.59
2  95  2  33.57
3  95  2  57.14
4  95  2  9.19
5  95  2  59.65
6  95  2  18.81
7  95  2  20.85
8  95  2  50.87
9  95  2  27.15
10  95  2  8.61
11  95  2  17.78
12  95  2  15.12
13  95  2  33.82
14  95  2  31.70
15  95  2  8.12
1  96  2  43.56
2  96  2  37.31
3  96  2  8.48
4  96  2  11.46
5  96  2  5.46
6  96  2  67.93
7  96  2  15.70
8  96  2  24.60
9  96  2  23.92
10  96  2  31.27
11  96  2  39.05
12  96  2  28.58
13  96  2  27.03
14  96  2  24.08
15  96  2  40.46
1  97  2  28.88
2  97  2  41.08
3  97  2  14.61
4  97  2  8.41
5  97  2  23.99
6  97  2  29.72
7  97  2  38.49
8  97  2  24.45
9  97  2  12.60
10  97  2  48.45
11  97  2  2.80
12  97  2  30.12
13  97  2  22.93
14  97  2  24.31
15  97  2  36.80
1  98  2  8.97
2  98  2  27.95
3  98  2  21.80
4  98  2  13.35
5  98  2  15.91
6  98  2  38.76
7  98  2  33.90
8  98  2  23.14
9  98  2  41.76
10  98  2  11.46
11  98  2  25.31
12  98  2  14.85
13  98  2  31.67
14  98  2  47.10
15  98  2  24.64
1  99  2  15.20
2  99  2  30.06
3  99  2  12.81
4  99  2  10.41
5  99  2  26.72
6  99  2  53.77
7  99  2  52.78
8  99  2  46.36
9  99  2  28.56
10  99  2  8.75
11  99  2  30.16
12  99  2  23.19
13  99  2  42.30
14  99  2  30.01
15  99  2  20.35
1  100  2  22.52
2  100  2  2.57
3  100  2  9.73
4  100  2  28.01
5  100  2  33.83
6  100  2  27.11
7  100  2  47.95
8  100  2  8.36
9  100  2  16.77
10  100  2  35.63
11  100  2  36.91
12  100  2  11.18
13  100  2  38.29
14  100  2  26.93
15  100  2  13.84
;

