param com_measure1 := 0.60388;

param com_measure2 := 0.96384;

param kappa_max := 817.52;

param U_tau := 497.2475;

param nT := 2;

param nS := 100;

param nL := 20;

param B := 1005.30;

param w :=
1  3
2  1
3  1
4  1
5  1
6  1
7  3
8  2
9  1
10  1
11  2
12  1
13  2
14  2
15  1
16  2
17  1
18  2
19  1
20  1
;

param h :=
1  1  0
1  2  0
1  3  0
1  4  0
1  5  0
1  6  0
1  7  0
1  8  0
1  9  0
1  10  0
1  11  0
1  12  0
1  13  0
1  14  0
1  15  0
1  16  0
1  17  0
1  18  0
1  19  0
1  20  0
2  1  90.64
2  2  104.80
2  3  97.18
2  4  102.27
2  5  94.08
2  6  103.58
2  7  99.27
2  8  104.74
2  9  102.22
2  10  108.02
2  11  99.97
2  12  99.19
2  13  112.62
2  14  105.63
2  15  102.19
2  16  93.00
2  17  101.21
2  18  110.28
2  19  90.89
2  20  88.82
;

param xi :=
1  1  1  34
2  1  1  49
3  1  1  78
4  1  1  52
5  1  1  83
6  1  1  71
7  1  1  56
8  1  1  89
9  1  1  83
10  1  1  68
11  1  1  44
12  1  1  20
13  1  1  65
14  1  1  38
15  1  1  16
16  1  1  73
17  1  1  59
18  1  1  29
19  1  1  60
20  1  1  18
1  2  1  18
2  2  1  25
3  2  1  82
4  2  1  77
5  2  1  35
6  2  1  70
7  2  1  59
8  2  1  11
9  2  1  47
10  2  1  18
11  2  1  53
12  2  1  86
13  2  1  87
14  2  1  86
15  2  1  26
16  2  1  10
17  2  1  45
18  2  1  69
19  2  1  83
20  2  1  53
1  3  1  62
2  3  1  79
3  3  1  30
4  3  1  45
5  3  1  10
6  3  1  65
7  3  1  59
8  3  1  73
9  3  1  72
10  3  1  11
11  3  1  11
12  3  1  71
13  3  1  80
14  3  1  20
15  3  1  84
16  3  1  30
17  3  1  14
18  3  1  35
19  3  1  26
20  3  1  79
1  4  1  33
2  4  1  12
3  4  1  41
4  4  1  42
5  4  1  89
6  4  1  76
7  4  1  62
8  4  1  56
9  4  1  57
10  4  1  82
11  4  1  17
12  4  1  25
13  4  1  54
14  4  1  77
15  4  1  29
16  4  1  45
17  4  1  53
18  4  1  55
19  4  1  52
20  4  1  82
1  5  1  88
2  5  1  27
3  5  1  10
4  5  1  67
5  5  1  40
6  5  1  24
7  5  1  70
8  5  1  63
9  5  1  32
10  5  1  58
11  5  1  54
12  5  1  24
13  5  1  78
14  5  1  27
15  5  1  38
16  5  1  80
17  5  1  70
18  5  1  40
19  5  1  22
20  5  1  33
1  6  1  19
2  6  1  87
3  6  1  55
4  6  1  62
5  6  1  84
6  6  1  65
7  6  1  88
8  6  1  75
9  6  1  49
10  6  1  61
11  6  1  89
12  6  1  83
13  6  1  26
14  6  1  66
15  6  1  12
16  6  1  11
17  6  1  58
18  6  1  71
19  6  1  33
20  6  1  17
1  7  1  41
2  7  1  73
3  7  1  50
4  7  1  28
5  7  1  87
6  7  1  70
7  7  1  81
8  7  1  90
9  7  1  18
10  7  1  41
11  7  1  73
12  7  1  28
13  7  1  45
14  7  1  50
15  7  1  84
16  7  1  82
17  7  1  61
18  7  1  47
19  7  1  58
20  7  1  64
1  8  1  89
2  8  1  60
3  8  1  57
4  8  1  42
5  8  1  66
6  8  1  31
7  8  1  17
8  8  1  18
9  8  1  50
10  8  1  87
11  8  1  52
12  8  1  58
13  8  1  54
14  8  1  62
15  8  1  57
16  8  1  23
17  8  1  28
18  8  1  64
19  8  1  26
20  8  1  47
1  9  1  55
2  9  1  67
3  9  1  80
4  9  1  88
5  9  1  41
6  9  1  18
7  9  1  14
8  9  1  86
9  9  1  87
10  9  1  27
11  9  1  64
12  9  1  69
13  9  1  81
14  9  1  68
15  9  1  14
16  9  1  36
17  9  1  78
18  9  1  75
19  9  1  38
20  9  1  16
1  10  1  72
2  10  1  90
3  10  1  76
4  10  1  72
5  10  1  35
6  10  1  82
7  10  1  60
8  10  1  12
9  10  1  85
10  10  1  84
11  10  1  51
12  10  1  66
13  10  1  84
14  10  1  27
15  10  1  61
16  10  1  67
17  10  1  10
18  10  1  25
19  10  1  38
20  10  1  27
1  11  1  71
2  11  1  47
3  11  1  15
4  11  1  86
5  11  1  75
6  11  1  23
7  11  1  77
8  11  1  60
9  11  1  68
10  11  1  32
11  11  1  72
12  11  1  61
13  11  1  80
14  11  1  20
15  11  1  50
16  11  1  69
17  11  1  13
18  11  1  50
19  11  1  16
20  11  1  56
1  12  1  63
2  12  1  35
3  12  1  54
4  12  1  56
5  12  1  24
6  12  1  12
7  12  1  84
8  12  1  51
9  12  1  47
10  12  1  78
11  12  1  78
12  12  1  37
13  12  1  76
14  12  1  45
15  12  1  34
16  12  1  25
17  12  1  29
18  12  1  51
19  12  1  56
20  12  1  67
1  13  1  32
2  13  1  83
3  13  1  30
4  13  1  75
5  13  1  68
6  13  1  80
7  13  1  46
8  13  1  41
9  13  1  29
10  13  1  28
11  13  1  48
12  13  1  15
13  13  1  52
14  13  1  22
15  13  1  28
16  13  1  53
17  13  1  59
18  13  1  58
19  13  1  76
20  13  1  58
1  14  1  19
2  14  1  85
3  14  1  82
4  14  1  25
5  14  1  66
6  14  1  22
7  14  1  38
8  14  1  48
9  14  1  66
10  14  1  47
11  14  1  69
12  14  1  54
13  14  1  73
14  14  1  34
15  14  1  19
16  14  1  22
17  14  1  62
18  14  1  54
19  14  1  13
20  14  1  10
1  15  1  20
2  15  1  54
3  15  1  15
4  15  1  60
5  15  1  35
6  15  1  35
7  15  1  39
8  15  1  64
9  15  1  83
10  15  1  14
11  15  1  26
12  15  1  48
13  15  1  40
14  15  1  22
15  15  1  19
16  15  1  67
17  15  1  62
18  15  1  61
19  15  1  79
20  15  1  31
1  16  1  34
2  16  1  58
3  16  1  85
4  16  1  67
5  16  1  26
6  16  1  63
7  16  1  63
8  16  1  72
9  16  1  40
10  16  1  61
11  16  1  72
12  16  1  17
13  16  1  10
14  16  1  48
15  16  1  65
16  16  1  59
17  16  1  89
18  16  1  25
19  16  1  77
20  16  1  23
1  17  1  19
2  17  1  79
3  17  1  19
4  17  1  89
5  17  1  12
6  17  1  13
7  17  1  66
8  17  1  31
9  17  1  38
10  17  1  81
11  17  1  40
12  17  1  34
13  17  1  54
14  17  1  61
15  17  1  86
16  17  1  65
17  17  1  80
18  17  1  13
19  17  1  23
20  17  1  52
1  18  1  16
2  18  1  81
3  18  1  68
4  18  1  80
5  18  1  41
6  18  1  25
7  18  1  29
8  18  1  66
9  18  1  42
10  18  1  68
11  18  1  81
12  18  1  73
13  18  1  59
14  18  1  88
15  18  1  84
16  18  1  37
17  18  1  19
18  18  1  33
19  18  1  57
20  18  1  35
1  19  1  63
2  19  1  17
3  19  1  38
4  19  1  10
5  19  1  12
6  19  1  66
7  19  1  32
8  19  1  33
9  19  1  85
10  19  1  23
11  19  1  62
12  19  1  39
13  19  1  87
14  19  1  17
15  19  1  80
16  19  1  46
17  19  1  25
18  19  1  66
19  19  1  21
20  19  1  22
1  20  1  40
2  20  1  68
3  20  1  24
4  20  1  32
5  20  1  65
6  20  1  77
7  20  1  63
8  20  1  90
9  20  1  24
10  20  1  60
11  20  1  51
12  20  1  15
13  20  1  42
14  20  1  49
15  20  1  65
16  20  1  65
17  20  1  83
18  20  1  21
19  20  1  80
20  20  1  72
1  21  1  31
2  21  1  80
3  21  1  80
4  21  1  79
5  21  1  17
6  21  1  50
7  21  1  44
8  21  1  84
9  21  1  48
10  21  1  64
11  21  1  44
12  21  1  84
13  21  1  87
14  21  1  47
15  21  1  75
16  21  1  11
17  21  1  39
18  21  1  12
19  21  1  77
20  21  1  70
1  22  1  10
2  22  1  72
3  22  1  19
4  22  1  88
5  22  1  19
6  22  1  70
7  22  1  86
8  22  1  54
9  22  1  10
10  22  1  73
11  22  1  61
12  22  1  27
13  22  1  50
14  22  1  81
15  22  1  85
16  22  1  48
17  22  1  54
18  22  1  73
19  22  1  32
20  22  1  70
1  23  1  10
2  23  1  41
3  23  1  17
4  23  1  89
5  23  1  14
6  23  1  77
7  23  1  14
8  23  1  86
9  23  1  20
10  23  1  24
11  23  1  15
12  23  1  33
13  23  1  65
14  23  1  45
15  23  1  46
16  23  1  73
17  23  1  85
18  23  1  53
19  23  1  71
20  23  1  71
1  24  1  90
2  24  1  78
3  24  1  27
4  24  1  11
5  24  1  17
6  24  1  34
7  24  1  69
8  24  1  58
9  24  1  74
10  24  1  69
11  24  1  86
12  24  1  17
13  24  1  60
14  24  1  46
15  24  1  70
16  24  1  11
17  24  1  37
18  24  1  19
19  24  1  34
20  24  1  39
1  25  1  30
2  25  1  71
3  25  1  46
4  25  1  45
5  25  1  60
6  25  1  20
7  25  1  46
8  25  1  49
9  25  1  63
10  25  1  17
11  25  1  54
12  25  1  76
13  25  1  16
14  25  1  56
15  25  1  55
16  25  1  26
17  25  1  14
18  25  1  50
19  25  1  87
20  25  1  70
1  26  1  55
2  26  1  79
3  26  1  30
4  26  1  12
5  26  1  24
6  26  1  16
7  26  1  44
8  26  1  61
9  26  1  28
10  26  1  61
11  26  1  10
12  26  1  73
13  26  1  58
14  26  1  27
15  26  1  84
16  26  1  75
17  26  1  32
18  26  1  42
19  26  1  12
20  26  1  22
1  27  1  17
2  27  1  23
3  27  1  55
4  27  1  49
5  27  1  52
6  27  1  89
7  27  1  88
8  27  1  61
9  27  1  28
10  27  1  31
11  27  1  85
12  27  1  49
13  27  1  68
14  27  1  68
15  27  1  53
16  27  1  69
17  27  1  26
18  27  1  71
19  27  1  49
20  27  1  70
1  28  1  84
2  28  1  86
3  28  1  13
4  28  1  49
5  28  1  74
6  28  1  47
7  28  1  83
8  28  1  81
9  28  1  87
10  28  1  55
11  28  1  29
12  28  1  14
13  28  1  76
14  28  1  79
15  28  1  23
16  28  1  56
17  28  1  80
18  28  1  73
19  28  1  22
20  28  1  73
1  29  1  82
2  29  1  40
3  29  1  77
4  29  1  15
5  29  1  36
6  29  1  75
7  29  1  12
8  29  1  48
9  29  1  49
10  29  1  79
11  29  1  62
12  29  1  41
13  29  1  79
14  29  1  32
15  29  1  41
16  29  1  67
17  29  1  59
18  29  1  75
19  29  1  86
20  29  1  38
1  30  1  45
2  30  1  40
3  30  1  89
4  30  1  73
5  30  1  37
6  30  1  59
7  30  1  46
8  30  1  89
9  30  1  64
10  30  1  12
11  30  1  67
12  30  1  88
13  30  1  25
14  30  1  85
15  30  1  34
16  30  1  88
17  30  1  68
18  30  1  83
19  30  1  13
20  30  1  26
1  31  1  81
2  31  1  73
3  31  1  49
4  31  1  19
5  31  1  10
6  31  1  31
7  31  1  60
8  31  1  34
9  31  1  83
10  31  1  61
11  31  1  79
12  31  1  49
13  31  1  59
14  31  1  71
15  31  1  74
16  31  1  41
17  31  1  87
18  31  1  81
19  31  1  15
20  31  1  14
1  32  1  57
2  32  1  74
3  32  1  52
4  32  1  21
5  32  1  26
6  32  1  48
7  32  1  76
8  32  1  88
9  32  1  81
10  32  1  84
11  32  1  26
12  32  1  79
13  32  1  48
14  32  1  63
15  32  1  10
16  32  1  44
17  32  1  63
18  32  1  21
19  32  1  33
20  32  1  27
1  33  1  21
2  33  1  74
3  33  1  54
4  33  1  31
5  33  1  84
6  33  1  49
7  33  1  24
8  33  1  10
9  33  1  86
10  33  1  52
11  33  1  83
12  33  1  41
13  33  1  17
14  33  1  80
15  33  1  80
16  33  1  35
17  33  1  35
18  33  1  68
19  33  1  15
20  33  1  51
1  34  1  44
2  34  1  69
3  34  1  28
4  34  1  20
5  34  1  36
6  34  1  65
7  34  1  60
8  34  1  25
9  34  1  43
10  34  1  43
11  34  1  38
12  34  1  74
13  34  1  28
14  34  1  63
15  34  1  64
16  34  1  59
17  34  1  82
18  34  1  58
19  34  1  61
20  34  1  45
1  35  1  57
2  35  1  10
3  35  1  11
4  35  1  21
5  35  1  22
6  35  1  72
7  35  1  72
8  35  1  69
9  35  1  55
10  35  1  13
11  35  1  25
12  35  1  82
13  35  1  27
14  35  1  78
15  35  1  53
16  35  1  67
17  35  1  59
18  35  1  44
19  35  1  76
20  35  1  11
1  36  1  16
2  36  1  22
3  36  1  86
4  36  1  86
5  36  1  37
6  36  1  81
7  36  1  28
8  36  1  76
9  36  1  47
10  36  1  78
11  36  1  60
12  36  1  33
13  36  1  90
14  36  1  73
15  36  1  54
16  36  1  20
17  36  1  28
18  36  1  90
19  36  1  81
20  36  1  64
1  37  1  33
2  37  1  60
3  37  1  90
4  37  1  90
5  37  1  85
6  37  1  48
7  37  1  65
8  37  1  75
9  37  1  23
10  37  1  19
11  37  1  81
12  37  1  25
13  37  1  74
14  37  1  50
15  37  1  71
16  37  1  81
17  37  1  51
18  37  1  33
19  37  1  80
20  37  1  84
1  38  1  13
2  38  1  11
3  38  1  73
4  38  1  67
5  38  1  43
6  38  1  61
7  38  1  14
8  38  1  78
9  38  1  78
10  38  1  21
11  38  1  66
12  38  1  85
13  38  1  72
14  38  1  53
15  38  1  46
16  38  1  38
17  38  1  54
18  38  1  76
19  38  1  33
20  38  1  51
1  39  1  29
2  39  1  69
3  39  1  25
4  39  1  83
5  39  1  29
6  39  1  26
7  39  1  36
8  39  1  77
9  39  1  48
10  39  1  60
11  39  1  49
12  39  1  49
13  39  1  47
14  39  1  77
15  39  1  80
16  39  1  77
17  39  1  65
18  39  1  35
19  39  1  20
20  39  1  55
1  40  1  21
2  40  1  72
3  40  1  89
4  40  1  80
5  40  1  72
6  40  1  18
7  40  1  56
8  40  1  70
9  40  1  23
10  40  1  65
11  40  1  38
12  40  1  23
13  40  1  72
14  40  1  73
15  40  1  34
16  40  1  10
17  40  1  28
18  40  1  59
19  40  1  40
20  40  1  51
1  41  1  42
2  41  1  81
3  41  1  83
4  41  1  18
5  41  1  23
6  41  1  90
7  41  1  50
8  41  1  41
9  41  1  72
10  41  1  35
11  41  1  38
12  41  1  52
13  41  1  70
14  41  1  14
15  41  1  81
16  41  1  38
17  41  1  56
18  41  1  35
19  41  1  60
20  41  1  73
1  42  1  90
2  42  1  18
3  42  1  85
4  42  1  10
5  42  1  71
6  42  1  58
7  42  1  45
8  42  1  73
9  42  1  31
10  42  1  24
11  42  1  70
12  42  1  53
13  42  1  68
14  42  1  90
15  42  1  59
16  42  1  11
17  42  1  10
18  42  1  74
19  42  1  83
20  42  1  32
1  43  1  39
2  43  1  49
3  43  1  82
4  43  1  40
5  43  1  55
6  43  1  68
7  43  1  68
8  43  1  82
9  43  1  41
10  43  1  45
11  43  1  48
12  43  1  18
13  43  1  16
14  43  1  73
15  43  1  54
16  43  1  50
17  43  1  13
18  43  1  44
19  43  1  73
20  43  1  33
1  44  1  22
2  44  1  10
3  44  1  68
4  44  1  23
5  44  1  70
6  44  1  70
7  44  1  23
8  44  1  42
9  44  1  38
10  44  1  67
11  44  1  43
12  44  1  49
13  44  1  57
14  44  1  88
15  44  1  80
16  44  1  83
17  44  1  54
18  44  1  10
19  44  1  46
20  44  1  54
1  45  1  75
2  45  1  26
3  45  1  12
4  45  1  70
5  45  1  32
6  45  1  27
7  45  1  75
8  45  1  12
9  45  1  41
10  45  1  69
11  45  1  68
12  45  1  69
13  45  1  18
14  45  1  62
15  45  1  77
16  45  1  61
17  45  1  79
18  45  1  86
19  45  1  68
20  45  1  66
1  46  1  88
2  46  1  36
3  46  1  79
4  46  1  65
5  46  1  76
6  46  1  88
7  46  1  18
8  46  1  60
9  46  1  69
10  46  1  80
11  46  1  72
12  46  1  10
13  46  1  25
14  46  1  26
15  46  1  89
16  46  1  49
17  46  1  47
18  46  1  49
19  46  1  38
20  46  1  28
1  47  1  23
2  47  1  64
3  47  1  66
4  47  1  34
5  47  1  68
6  47  1  27
7  47  1  72
8  47  1  16
9  47  1  73
10  47  1  32
11  47  1  65
12  47  1  75
13  47  1  74
14  47  1  52
15  47  1  47
16  47  1  80
17  47  1  86
18  47  1  88
19  47  1  11
20  47  1  63
1  48  1  86
2  48  1  37
3  48  1  42
4  48  1  78
5  48  1  30
6  48  1  34
7  48  1  36
8  48  1  50
9  48  1  25
10  48  1  90
11  48  1  50
12  48  1  26
13  48  1  90
14  48  1  71
15  48  1  81
16  48  1  33
17  48  1  61
18  48  1  41
19  48  1  71
20  48  1  81
1  49  1  24
2  49  1  10
3  49  1  39
4  49  1  40
5  49  1  27
6  49  1  30
7  49  1  51
8  49  1  17
9  49  1  10
10  49  1  80
11  49  1  33
12  49  1  60
13  49  1  69
14  49  1  30
15  49  1  33
16  49  1  14
17  49  1  69
18  49  1  48
19  49  1  71
20  49  1  84
1  50  1  12
2  50  1  45
3  50  1  27
4  50  1  78
5  50  1  28
6  50  1  60
7  50  1  65
8  50  1  63
9  50  1  21
10  50  1  54
11  50  1  13
12  50  1  42
13  50  1  63
14  50  1  82
15  50  1  78
16  50  1  39
17  50  1  60
18  50  1  59
19  50  1  31
20  50  1  89
1  51  1  19
2  51  1  89
3  51  1  83
4  51  1  75
5  51  1  10
6  51  1  29
7  51  1  87
8  51  1  83
9  51  1  59
10  51  1  15
11  51  1  64
12  51  1  59
13  51  1  73
14  51  1  45
15  51  1  32
16  51  1  31
17  51  1  74
18  51  1  22
19  51  1  13
20  51  1  66
1  52  1  60
2  52  1  48
3  52  1  29
4  52  1  72
5  52  1  80
6  52  1  52
7  52  1  59
8  52  1  53
9  52  1  32
10  52  1  43
11  52  1  48
12  52  1  87
13  52  1  38
14  52  1  11
15  52  1  28
16  52  1  33
17  52  1  23
18  52  1  72
19  52  1  77
20  52  1  55
1  53  1  17
2  53  1  44
3  53  1  33
4  53  1  16
5  53  1  82
6  53  1  73
7  53  1  63
8  53  1  45
9  53  1  18
10  53  1  37
11  53  1  35
12  53  1  51
13  53  1  61
14  53  1  53
15  53  1  46
16  53  1  17
17  53  1  24
18  53  1  38
19  53  1  34
20  53  1  85
1  54  1  68
2  54  1  43
3  54  1  56
4  54  1  26
5  54  1  24
6  54  1  34
7  54  1  83
8  54  1  41
9  54  1  53
10  54  1  65
11  54  1  45
12  54  1  65
13  54  1  56
14  54  1  15
15  54  1  85
16  54  1  73
17  54  1  59
18  54  1  74
19  54  1  46
20  54  1  84
1  55  1  83
2  55  1  67
3  55  1  11
4  55  1  56
5  55  1  43
6  55  1  46
7  55  1  10
8  55  1  33
9  55  1  46
10  55  1  60
11  55  1  90
12  55  1  11
13  55  1  44
14  55  1  56
15  55  1  31
16  55  1  38
17  55  1  10
18  55  1  68
19  55  1  46
20  55  1  21
1  56  1  84
2  56  1  17
3  56  1  68
4  56  1  78
5  56  1  59
6  56  1  87
7  56  1  58
8  56  1  29
9  56  1  47
10  56  1  23
11  56  1  46
12  56  1  77
13  56  1  15
14  56  1  88
15  56  1  65
16  56  1  20
17  56  1  69
18  56  1  69
19  56  1  45
20  56  1  14
1  57  1  66
2  57  1  82
3  57  1  43
4  57  1  80
5  57  1  53
6  57  1  44
7  57  1  89
8  57  1  36
9  57  1  80
10  57  1  88
11  57  1  43
12  57  1  40
13  57  1  61
14  57  1  21
15  57  1  59
16  57  1  78
17  57  1  24
18  57  1  89
19  57  1  62
20  57  1  78
1  58  1  47
2  58  1  37
3  58  1  48
4  58  1  12
5  58  1  25
6  58  1  86
7  58  1  20
8  58  1  84
9  58  1  81
10  58  1  59
11  58  1  58
12  58  1  15
13  58  1  76
14  58  1  62
15  58  1  58
16  58  1  70
17  58  1  14
18  58  1  40
19  58  1  40
20  58  1  38
1  59  1  78
2  59  1  70
3  59  1  50
4  59  1  65
5  59  1  33
6  59  1  26
7  59  1  87
8  59  1  15
9  59  1  72
10  59  1  44
11  59  1  16
12  59  1  25
13  59  1  75
14  59  1  86
15  59  1  48
16  59  1  43
17  59  1  45
18  59  1  53
19  59  1  43
20  59  1  32
1  60  1  48
2  60  1  81
3  60  1  13
4  60  1  56
5  60  1  61
6  60  1  17
7  60  1  78
8  60  1  61
9  60  1  62
10  60  1  59
11  60  1  88
12  60  1  41
13  60  1  67
14  60  1  45
15  60  1  60
16  60  1  25
17  60  1  28
18  60  1  62
19  60  1  71
20  60  1  65
1  61  1  69
2  61  1  41
3  61  1  88
4  61  1  77
5  61  1  60
6  61  1  59
7  61  1  34
8  61  1  45
9  61  1  72
10  61  1  24
11  61  1  13
12  61  1  58
13  61  1  71
14  61  1  14
15  61  1  20
16  61  1  49
17  61  1  41
18  61  1  23
19  61  1  72
20  61  1  58
1  62  1  89
2  62  1  42
3  62  1  50
4  62  1  35
5  62  1  21
6  62  1  68
7  62  1  81
8  62  1  82
9  62  1  44
10  62  1  78
11  62  1  74
12  62  1  62
13  62  1  66
14  62  1  89
15  62  1  32
16  62  1  52
17  62  1  20
18  62  1  68
19  62  1  23
20  62  1  13
1  63  1  40
2  63  1  60
3  63  1  34
4  63  1  35
5  63  1  67
6  63  1  84
7  63  1  59
8  63  1  88
9  63  1  32
10  63  1  65
11  63  1  39
12  63  1  22
13  63  1  61
14  63  1  69
15  63  1  65
16  63  1  34
17  63  1  42
18  63  1  81
19  63  1  54
20  63  1  35
1  64  1  83
2  64  1  16
3  64  1  22
4  64  1  27
5  64  1  73
6  64  1  30
7  64  1  71
8  64  1  80
9  64  1  44
10  64  1  52
11  64  1  44
12  64  1  68
13  64  1  13
14  64  1  55
15  64  1  35
16  64  1  90
17  64  1  88
18  64  1  36
19  64  1  59
20  64  1  55
1  65  1  60
2  65  1  15
3  65  1  43
4  65  1  61
5  65  1  28
6  65  1  37
7  65  1  70
8  65  1  45
9  65  1  12
10  65  1  89
11  65  1  40
12  65  1  82
13  65  1  84
14  65  1  72
15  65  1  44
16  65  1  81
17  65  1  24
18  65  1  51
19  65  1  50
20  65  1  43
1  66  1  77
2  66  1  88
3  66  1  64
4  66  1  47
5  66  1  15
6  66  1  36
7  66  1  21
8  66  1  67
9  66  1  43
10  66  1  68
11  66  1  82
12  66  1  33
13  66  1  22
14  66  1  29
15  66  1  56
16  66  1  40
17  66  1  22
18  66  1  88
19  66  1  18
20  66  1  30
1  67  1  43
2  67  1  56
3  67  1  86
4  67  1  57
5  67  1  29
6  67  1  24
7  67  1  25
8  67  1  60
9  67  1  85
10  67  1  59
11  67  1  84
12  67  1  71
13  67  1  60
14  67  1  47
15  67  1  66
16  67  1  30
17  67  1  73
18  67  1  75
19  67  1  27
20  67  1  49
1  68  1  11
2  68  1  83
3  68  1  30
4  68  1  12
5  68  1  56
6  68  1  85
7  68  1  12
8  68  1  24
9  68  1  10
10  68  1  66
11  68  1  13
12  68  1  77
13  68  1  85
14  68  1  73
15  68  1  81
16  68  1  29
17  68  1  61
18  68  1  80
19  68  1  43
20  68  1  56
1  69  1  12
2  69  1  77
3  69  1  62
4  69  1  76
5  69  1  19
6  69  1  25
7  69  1  47
8  69  1  49
9  69  1  62
10  69  1  87
11  69  1  78
12  69  1  36
13  69  1  11
14  69  1  64
15  69  1  36
16  69  1  90
17  69  1  59
18  69  1  57
19  69  1  23
20  69  1  31
1  70  1  55
2  70  1  32
3  70  1  37
4  70  1  18
5  70  1  61
6  70  1  19
7  70  1  74
8  70  1  46
9  70  1  22
10  70  1  40
11  70  1  29
12  70  1  75
13  70  1  67
14  70  1  59
15  70  1  46
16  70  1  29
17  70  1  20
18  70  1  54
19  70  1  27
20  70  1  60
1  71  1  43
2  71  1  13
3  71  1  62
4  71  1  36
5  71  1  63
6  71  1  22
7  71  1  45
8  71  1  72
9  71  1  72
10  71  1  39
11  71  1  84
12  71  1  78
13  71  1  73
14  71  1  74
15  71  1  32
16  71  1  39
17  71  1  54
18  71  1  76
19  71  1  27
20  71  1  31
1  72  1  79
2  72  1  63
3  72  1  86
4  72  1  24
5  72  1  57
6  72  1  72
7  72  1  28
8  72  1  15
9  72  1  71
10  72  1  67
11  72  1  90
12  72  1  62
13  72  1  58
14  72  1  62
15  72  1  20
16  72  1  22
17  72  1  28
18  72  1  72
19  72  1  48
20  72  1  43
1  73  1  51
2  73  1  28
3  73  1  57
4  73  1  51
5  73  1  14
6  73  1  57
7  73  1  86
8  73  1  74
9  73  1  73
10  73  1  20
11  73  1  17
12  73  1  21
13  73  1  76
14  73  1  56
15  73  1  51
16  73  1  46
17  73  1  24
18  73  1  67
19  73  1  41
20  73  1  10
1  74  1  88
2  74  1  87
3  74  1  86
4  74  1  69
5  74  1  15
6  74  1  45
7  74  1  75
8  74  1  13
9  74  1  13
10  74  1  14
11  74  1  45
12  74  1  70
13  74  1  16
14  74  1  76
15  74  1  77
16  74  1  70
17  74  1  68
18  74  1  51
19  74  1  40
20  74  1  44
1  75  1  68
2  75  1  70
3  75  1  63
4  75  1  33
5  75  1  17
6  75  1  32
7  75  1  56
8  75  1  28
9  75  1  31
10  75  1  47
11  75  1  27
12  75  1  52
13  75  1  87
14  75  1  77
15  75  1  34
16  75  1  48
17  75  1  14
18  75  1  80
19  75  1  69
20  75  1  57
1  76  1  62
2  76  1  53
3  76  1  18
4  76  1  63
5  76  1  78
6  76  1  61
7  76  1  51
8  76  1  16
9  76  1  88
10  76  1  50
11  76  1  12
12  76  1  11
13  76  1  53
14  76  1  56
15  76  1  44
16  76  1  52
17  76  1  60
18  76  1  18
19  76  1  42
20  76  1  47
1  77  1  54
2  77  1  45
3  77  1  21
4  77  1  44
5  77  1  72
6  77  1  67
7  77  1  70
8  77  1  49
9  77  1  46
10  77  1  88
11  77  1  60
12  77  1  55
13  77  1  29
14  77  1  39
15  77  1  41
16  77  1  90
17  77  1  39
18  77  1  41
19  77  1  28
20  77  1  38
1  78  1  14
2  78  1  66
3  78  1  84
4  78  1  57
5  78  1  63
6  78  1  14
7  78  1  70
8  78  1  63
9  78  1  16
10  78  1  71
11  78  1  63
12  78  1  61
13  78  1  63
14  78  1  76
15  78  1  12
16  78  1  16
17  78  1  74
18  78  1  15
19  78  1  12
20  78  1  77
1  79  1  19
2  79  1  15
3  79  1  14
4  79  1  34
5  79  1  88
6  79  1  30
7  79  1  84
8  79  1  59
9  79  1  57
10  79  1  61
11  79  1  57
12  79  1  48
13  79  1  61
14  79  1  71
15  79  1  68
16  79  1  33
17  79  1  16
18  79  1  55
19  79  1  69
20  79  1  26
1  80  1  17
2  80  1  90
3  80  1  63
4  80  1  55
5  80  1  53
6  80  1  76
7  80  1  84
8  80  1  22
9  80  1  51
10  80  1  17
11  80  1  45
12  80  1  25
13  80  1  31
14  80  1  53
15  80  1  53
16  80  1  78
17  80  1  30
18  80  1  69
19  80  1  42
20  80  1  64
1  81  1  39
2  81  1  45
3  81  1  60
4  81  1  90
5  81  1  40
6  81  1  33
7  81  1  43
8  81  1  25
9  81  1  79
10  81  1  79
11  81  1  36
12  81  1  79
13  81  1  68
14  81  1  55
15  81  1  63
16  81  1  47
17  81  1  19
18  81  1  85
19  81  1  35
20  81  1  47
1  82  1  25
2  82  1  24
3  82  1  25
4  82  1  53
5  82  1  20
6  82  1  40
7  82  1  27
8  82  1  65
9  82  1  38
10  82  1  84
11  82  1  77
12  82  1  70
13  82  1  56
14  82  1  52
15  82  1  38
16  82  1  57
17  82  1  86
18  82  1  43
19  82  1  11
20  82  1  27
1  83  1  26
2  83  1  17
3  83  1  12
4  83  1  80
5  83  1  80
6  83  1  27
7  83  1  37
8  83  1  61
9  83  1  60
10  83  1  75
11  83  1  58
12  83  1  79
13  83  1  10
14  83  1  74
15  83  1  74
16  83  1  47
17  83  1  90
18  83  1  65
19  83  1  32
20  83  1  58
1  84  1  66
2  84  1  28
3  84  1  74
4  84  1  10
5  84  1  41
6  84  1  87
7  84  1  84
8  84  1  27
9  84  1  79
10  84  1  41
11  84  1  25
12  84  1  61
13  84  1  22
14  84  1  10
15  84  1  69
16  84  1  53
17  84  1  41
18  84  1  52
19  84  1  12
20  84  1  67
1  85  1  15
2  85  1  73
3  85  1  16
4  85  1  41
5  85  1  12
6  85  1  75
7  85  1  72
8  85  1  57
9  85  1  50
10  85  1  75
11  85  1  57
12  85  1  43
13  85  1  11
14  85  1  50
15  85  1  38
16  85  1  30
17  85  1  60
18  85  1  13
19  85  1  87
20  85  1  56
1  86  1  50
2  86  1  61
3  86  1  19
4  86  1  30
5  86  1  89
6  86  1  27
7  86  1  54
8  86  1  19
9  86  1  53
10  86  1  66
11  86  1  56
12  86  1  25
13  86  1  47
14  86  1  12
15  86  1  61
16  86  1  74
17  86  1  45
18  86  1  85
19  86  1  89
20  86  1  45
1  87  1  25
2  87  1  11
3  87  1  21
4  87  1  52
5  87  1  51
6  87  1  81
7  87  1  13
8  87  1  47
9  87  1  86
10  87  1  60
11  87  1  32
12  87  1  80
13  87  1  73
14  87  1  52
15  87  1  50
16  87  1  28
17  87  1  68
18  87  1  55
19  87  1  83
20  87  1  44
1  88  1  45
2  88  1  33
3  88  1  24
4  88  1  41
5  88  1  81
6  88  1  32
7  88  1  45
8  88  1  58
9  88  1  89
10  88  1  86
11  88  1  16
12  88  1  23
13  88  1  77
14  88  1  83
15  88  1  38
16  88  1  62
17  88  1  61
18  88  1  43
19  88  1  52
20  88  1  29
1  89  1  46
2  89  1  60
3  89  1  50
4  89  1  42
5  89  1  54
6  89  1  75
7  89  1  33
8  89  1  50
9  89  1  51
10  89  1  40
11  89  1  43
12  89  1  34
13  89  1  54
14  89  1  51
15  89  1  19
16  89  1  82
17  89  1  23
18  89  1  72
19  89  1  44
20  89  1  72
1  90  1  19
2  90  1  62
3  90  1  58
4  90  1  66
5  90  1  75
6  90  1  52
7  90  1  31
8  90  1  24
9  90  1  29
10  90  1  76
11  90  1  21
12  90  1  43
13  90  1  53
14  90  1  20
15  90  1  41
16  90  1  51
17  90  1  87
18  90  1  61
19  90  1  44
20  90  1  82
1  91  1  42
2  91  1  38
3  91  1  31
4  91  1  19
5  91  1  79
6  91  1  31
7  91  1  59
8  91  1  76
9  91  1  57
10  91  1  39
11  91  1  43
12  91  1  57
13  91  1  71
14  91  1  43
15  91  1  37
16  91  1  87
17  91  1  25
18  91  1  52
19  91  1  44
20  91  1  46
1  92  1  34
2  92  1  40
3  92  1  31
4  92  1  43
5  92  1  74
6  92  1  72
7  92  1  62
8  92  1  52
9  92  1  37
10  92  1  74
11  92  1  14
12  92  1  88
13  92  1  41
14  92  1  13
15  92  1  15
16  92  1  16
17  92  1  28
18  92  1  72
19  92  1  32
20  92  1  74
1  93  1  55
2  93  1  68
3  93  1  24
4  93  1  37
5  93  1  45
6  93  1  64
7  93  1  63
8  93  1  21
9  93  1  46
10  93  1  49
11  93  1  47
12  93  1  59
13  93  1  36
14  93  1  79
15  93  1  85
16  93  1  56
17  93  1  86
18  93  1  85
19  93  1  61
20  93  1  15
1  94  1  74
2  94  1  69
3  94  1  31
4  94  1  31
5  94  1  14
6  94  1  34
7  94  1  47
8  94  1  21
9  94  1  25
10  94  1  12
11  94  1  16
12  94  1  66
13  94  1  27
14  94  1  80
15  94  1  56
16  94  1  46
17  94  1  71
18  94  1  44
19  94  1  52
20  94  1  50
1  95  1  23
2  95  1  69
3  95  1  20
4  95  1  49
5  95  1  34
6  95  1  25
7  95  1  50
8  95  1  56
9  95  1  45
10  95  1  43
11  95  1  55
12  95  1  33
13  95  1  87
14  95  1  59
15  95  1  73
16  95  1  44
17  95  1  25
18  95  1  26
19  95  1  19
20  95  1  26
1  96  1  31
2  96  1  42
3  96  1  55
4  96  1  10
5  96  1  31
6  96  1  68
7  96  1  28
8  96  1  59
9  96  1  44
10  96  1  53
11  96  1  66
12  96  1  72
13  96  1  85
14  96  1  47
15  96  1  68
16  96  1  52
17  96  1  17
18  96  1  30
19  96  1  85
20  96  1  13
1  97  1  28
2  97  1  33
3  97  1  39
4  97  1  43
5  97  1  16
6  97  1  88
7  97  1  12
8  97  1  11
9  97  1  81
10  97  1  10
11  97  1  13
12  97  1  39
13  97  1  12
14  97  1  79
15  97  1  13
16  97  1  26
17  97  1  37
18  97  1  58
19  97  1  52
20  97  1  30
1  98  1  64
2  98  1  30
3  98  1  49
4  98  1  56
5  98  1  90
6  98  1  59
7  98  1  29
8  98  1  60
9  98  1  64
10  98  1  88
11  98  1  27
12  98  1  86
13  98  1  86
14  98  1  79
15  98  1  74
16  98  1  72
17  98  1  24
18  98  1  57
19  98  1  80
20  98  1  70
1  99  1  13
2  99  1  64
3  99  1  29
4  99  1  82
5  99  1  26
6  99  1  13
7  99  1  72
8  99  1  19
9  99  1  30
10  99  1  45
11  99  1  57
12  99  1  89
13  99  1  67
14  99  1  51
15  99  1  38
16  99  1  22
17  99  1  80
18  99  1  44
19  99  1  22
20  99  1  12
1  100  1  13
2  100  1  73
3  100  1  42
4  100  1  73
5  100  1  60
6  100  1  66
7  100  1  43
8  100  1  88
9  100  1  56
10  100  1  74
11  100  1  61
12  100  1  34
13  100  1  76
14  100  1  51
15  100  1  59
16  100  1  41
17  100  1  29
18  100  1  64
19  100  1  39
20  100  1  54
1  1  2  19.38
2  1  2  20.40
3  1  2  38.81
4  1  2  22.46
5  1  2  53.15
6  1  2  20.25
7  1  2  41.58
8  1  2  60.78
9  1  2  44.01
10  1  2  48.08
11  1  2  24.81
12  1  2  11.02
13  1  2  29.36
14  1  2  20.07
15  1  2  7.01
16  1  2  17.03
17  1  2  28.45
18  1  2  22.30
19  1  2  45.00
20  1  2  9.80
1  2  2  6.36
2  2  2  15.77
3  2  2  25.18
4  2  2  53.17
5  2  2  19.66
6  2  2  47.73
7  2  2  45.92
8  2  2  8.10
9  2  2  18.68
10  2  2  13.56
11  2  2  29.35
12  2  2  56.03
13  2  2  67.85
14  2  2  37.40
15  2  2  7.21
16  2  2  4.23
17  2  2  14.31
18  2  2  42.87
19  2  2  43.11
20  2  2  20.49
1  3  2  29.74
2  3  2  26.01
3  3  2  20.40
4  3  2  17.89
5  3  2  2.88
6  3  2  14.46
7  3  2  17.79
8  3  2  34.59
9  3  2  55.77
10  3  2  2.64
11  3  2  3.91
12  3  2  31.84
13  3  2  62.77
14  3  2  7.64
15  3  2  66.55
16  3  2  10.32
17  3  2  9.21
18  3  2  20.89
19  3  2  13.85
20  3  2  45.14
1  4  2  24.79
2  4  2  5.50
3  4  2  29.33
4  4  2  30.47
5  4  2  24.67
6  4  2  30.33
7  4  2  45.15
8  4  2  28.44
9  4  2  23.98
10  4  2  35.96
11  4  2  12.02
12  4  2  11.53
13  4  2  25.22
14  4  2  60.41
15  4  2  21.87
16  4  2  33.97
17  4  2  29.08
18  4  2  14.41
19  4  2  31.94
20  4  2  26.38
1  5  2  48.12
2  5  2  15.15
3  5  2  5.25
4  5  2  25.48
5  5  2  24.37
6  5  2  17.63
7  5  2  44.03
8  5  2  48.58
9  5  2  19.37
10  5  2  43.73
11  5  2  35.73
12  5  2  9.67
13  5  2  46.86
14  5  2  16.60
15  5  2  12.64
16  5  2  50.09
17  5  2  46.44
18  5  2  11.19
19  5  2  4.95
20  5  2  8.37
1  6  2  13.46
2  6  2  36.12
3  6  2  23.35
4  6  2  29.50
5  6  2  28.94
6  6  2  22.42
7  6  2  59.38
8  6  2  23.56
9  6  2  20.81
10  6  2  13.02
11  6  2  18.37
12  6  2  63.13
13  6  2  12.64
14  6  2  27.39
15  6  2  4.20
16  6  2  7.75
17  6  2  34.36
18  6  2  25.30
19  6  2  25.69
20  6  2  11.65
1  7  2  17.55
2  7  2  56.37
3  7  2  22.84
4  7  2  15.38
5  7  2  35.06
6  7  2  42.72
7  7  2  25.96
8  7  2  60.50
9  7  2  6.50
10  7  2  17.11
11  7  2  30.39
12  7  2  14.46
13  7  2  28.41
14  7  2  35.32
15  7  2  57.26
16  7  2  43.70
17  7  2  31.39
18  7  2  32.90
19  7  2  35.54
20  7  2  25.42
1  8  2  45.22
2  8  2  19.70
3  8  2  18.14
4  8  2  25.70
5  8  2  34.63
6  8  2  17.00
7  8  2  5.54
8  8  2  11.46
9  8  2  36.36
10  8  2  30.20
11  8  2  32.37
12  8  2  38.01
13  8  2  28.67
14  8  2  47.54
15  8  2  19.23
16  8  2  13.30
17  8  2  7.32
18  8  2  29.16
19  8  2  16.39
20  8  2  34.70
1  9  2  42.43
2  9  2  50.54
3  9  2  41.86
4  9  2  49.28
5  9  2  28.27
6  9  2  6.24
7  9  2  10.51
8  9  2  31.24
9  9  2  29.75
10  9  2  8.63
11  9  2  21.85
12  9  2  49.29
13  9  2  61.61
14  9  2  31.43
15  9  2  9.90
16  9  2  25.56
17  9  2  22.78
18  9  2  37.48
19  9  2  15.83
20  9  2  11.77
1  10  2  22.83
2  10  2  59.44
3  10  2  59.53
4  10  2  26.97
5  10  2  19.17
6  10  2  18.92
7  10  2  39.63
8  10  2  6.23
9  10  2  47.67
10  10  2  40.06
11  10  2  37.39
12  10  2  28.04
13  10  2  35.43
14  10  2  6.60
15  10  2  45.11
16  10  2  21.94
17  10  2  2.56
18  10  2  7.80
19  10  2  8.89
20  10  2  15.08
1  11  2  25.57
2  11  2  26.42
3  11  2  6.64
4  11  2  48.70
5  11  2  50.02
6  11  2  8.05
7  11  2  27.15
8  11  2  39.79
9  11  2  33.34
10  11  2  11.37
11  11  2  48.44
12  11  2  26.18
13  11  2  55.69
14  11  2  15.98
15  11  2  17.75
16  11  2  36.71
17  11  2  4.26
18  11  2  17.05
19  11  2  12.14
20  11  2  37.06
1  12  2  46.57
2  12  2  23.43
3  12  2  42.42
4  12  2  38.20
5  12  2  15.21
6  12  2  4.46
7  12  2  46.24
8  12  2  35.73
9  12  2  24.15
10  12  2  22.90
11  12  2  60.25
12  12  2  10.66
13  12  2  38.06
14  12  2  23.35
15  12  2  8.37
16  12  2  8.66
17  12  2  16.29
18  12  2  12.58
19  12  2  39.06
20  12  2  15.47
1  13  2  20.65
2  13  2  65.41
3  13  2  21.20
4  13  2  25.47
5  13  2  16.69
6  13  2  46.29
7  13  2  26.32
8  13  2  22.79
9  13  2  9.50
10  13  2  11.54
11  13  2  21.46
12  13  2  10.33
13  13  2  15.93
14  13  2  5.44
15  13  2  10.02
16  13  2  34.24
17  13  2  30.92
18  13  2  41.92
19  13  2  56.42
20  13  2  36.77
1  14  2  14.70
2  14  2  50.79
3  14  2  59.60
4  14  2  12.07
5  14  2  30.24
6  14  2  5.73
7  14  2  21.72
8  14  2  11.47
9  14  2  17.45
10  14  2  24.28
11  14  2  23.82
12  14  2  19.44
13  14  2  44.29
14  14  2  18.36
15  14  2  13.75
16  14  2  13.62
17  14  2  32.11
18  14  2  39.66
19  14  2  3.06
20  14  2  6.23
1  15  2  4.31
2  15  2  40.30
3  15  2  11.34
4  15  2  21.68
5  15  2  7.80
6  15  2  17.21
7  15  2  16.22
8  15  2  21.88
9  15  2  54.05
10  15  2  5.59
11  15  2  19.69
12  15  2  18.70
13  15  2  22.53
14  15  2  4.51
15  15  2  15.01
16  15  2  25.39
17  15  2  22.41
18  15  2  47.28
19  15  2  28.02
20  15  2  6.24
1  16  2  23.41
2  16  2  16.49
3  16  2  24.12
4  16  2  34.40
5  16  2  19.64
6  16  2  39.04
7  16  2  43.36
8  16  2  36.58
9  16  2  29.65
10  16  2  31.83
11  16  2  42.85
12  16  2  9.16
13  16  2  6.38
14  16  2  33.00
15  16  2  49.21
16  16  2  45.09
17  16  2  34.02
18  16  2  17.94
19  16  2  52.15
20  16  2  10.19
1  17  2  11.23
2  17  2  46.62
3  17  2  5.90
4  17  2  19.57
5  17  2  4.92
6  17  2  7.63
7  17  2  22.00
8  17  2  13.87
9  17  2  18.32
10  17  2  27.68
11  17  2  9.81
12  17  2  20.34
13  17  2  29.11
14  17  2  21.60
15  17  2  50.51
16  17  2  17.36
17  17  2  61.37
18  17  2  5.13
19  17  2  4.80
20  17  2  16.72
1  18  2  9.48
2  18  2  25.45
3  18  2  31.08
4  18  2  48.68
5  18  2  20.61
6  18  2  7.83
7  18  2  10.93
8  18  2  51.71
9  18  2  19.51
10  18  2  38.52
11  18  2  53.30
12  18  2  41.46
13  18  2  29.46
14  18  2  65.40
15  18  2  66.30
16  18  2  22.78
17  18  2  11.41
18  18  2  21.38
19  18  2  14.69
20  18  2  25.63
1  19  2  34.62
2  19  2  8.80
3  19  2  26.84
4  19  2  3.75
5  19  2  7.39
6  19  2  38.06
7  19  2  23.76
8  19  2  24.56
9  19  2  17.38
10  19  2  17.33
11  19  2  31.77
12  19  2  24.85
13  19  2  66.50
14  19  2  12.68
15  19  2  37.51
16  19  2  36.45
17  19  2  16.73
18  19  2  26.68
19  19  2  5.39
20  19  2  10.45
1  20  2  26.30
2  20  2  21.81
3  20  2  18.51
4  20  2  19.58
5  20  2  30.39
6  20  2  30.24
7  20  2  36.58
8  20  2  33.82
9  20  2  15.53
10  20  2  18.67
11  20  2  35.44
12  20  2  4.78
13  20  2  27.97
14  20  2  33.44
15  20  2  18.96
16  20  2  37.25
17  20  2  25.05
18  20  2  13.16
19  20  2  42.65
20  20  2  54.68
1  21  2  12.37
2  21  2  43.10
3  21  2  29.64
4  21  2  30.70
5  21  2  10.31
6  21  2  14.20
7  21  2  14.18
8  21  2  46.35
9  21  2  18.49
10  21  2  38.40
11  21  2  28.01
12  21  2  37.41
13  21  2  19.29
14  21  2  26.18
15  21  2  16.12
16  21  2  5.40
17  21  2  25.08
18  21  2  3.86
19  21  2  39.14
20  21  2  22.18
1  22  2  3.57
2  22  2  55.46
3  22  2  7.05
4  22  2  47.56
5  22  2  9.77
6  22  2  29.17
7  22  2  34.26
8  22  2  31.34
9  22  2  5.36
10  22  2  52.83
11  22  2  25.78
12  22  2  16.47
13  22  2  35.88
14  22  2  49.47
15  22  2  19.06
16  22  2  11.04
17  22  2  11.75
18  22  2  26.78
19  22  2  8.80
20  22  2  29.63
1  23  2  4.15
2  23  2  23.24
3  23  2  12.57
4  23  2  28.83
5  23  2  9.30
6  23  2  54.12
7  23  2  8.19
8  23  2  21.74
9  23  2  13.57
10  23  2  6.94
11  23  2  3.26
12  23  2  19.82
13  23  2  20.41
14  23  2  23.01
15  23  2  17.59
16  23  2  35.86
17  23  2  46.87
18  23  2  28.80
19  23  2  31.92
20  23  2  52.86
1  24  2  36.27
2  24  2  59.22
3  24  2  14.07
4  24  2  2.28
5  24  2  6.88
6  24  2  26.92
7  24  2  31.13
8  24  2  22.08
9  24  2  16.48
10  24  2  31.03
11  24  2  38.21
12  24  2  5.73
13  24  2  25.01
14  24  2  10.15
15  24  2  14.65
16  24  2  7.63
17  24  2  15.51
18  24  2  5.17
19  24  2  16.75
20  24  2  19.54
1  25  2  12.02
2  25  2  38.95
3  25  2  22.04
4  25  2  13.61
5  25  2  33.95
6  25  2  9.73
7  25  2  15.86
8  25  2  20.84
9  25  2  36.68
10  25  2  6.16
11  25  2  24.89
12  25  2  57.92
13  25  2  11.47
14  25  2  28.20
15  25  2  15.54
16  25  2  11.55
17  25  2  6.55
18  25  2  31.49
19  25  2  22.71
20  25  2  20.79
1  26  2  32.44
2  26  2  49.56
3  26  2  23.27
4  26  2  9.33
5  26  2  18.81
6  26  2  3.77
7  26  2  32.22
8  26  2  46.34
9  26  2  18.47
10  26  2  24.09
11  26  2  3.38
12  26  2  19.60
13  26  2  38.58
14  26  2  16.08
15  26  2  56.96
16  26  2  30.66
17  26  2  25.25
18  26  2  33.57
19  26  2  3.38
20  26  2  16.00
1  27  2  9.44
2  27  2  15.16
3  27  2  16.17
4  27  2  21.57
5  27  2  27.38
6  27  2  40.72
7  27  2  29.05
8  27  2  36.81
9  27  2  17.48
10  27  2  12.70
11  27  2  26.17
12  27  2  22.05
13  27  2  26.97
14  27  2  23.85
15  27  2  14.02
16  27  2  19.54
17  27  2  5.81
18  27  2  22.63
19  27  2  36.09
20  27  2  38.41
1  28  2  60.39
2  28  2  28.34
3  28  2  9.72
4  28  2  27.07
5  28  2  42.91
6  28  2  13.09
7  28  2  36.32
8  28  2  30.94
9  28  2  59.90
10  28  2  40.19
11  28  2  19.60
12  28  2  9.80
13  28  2  31.73
14  28  2  27.26
15  28  2  5.01
16  28  2  27.69
17  28  2  16.63
18  28  2  24.35
19  28  2  8.02
20  28  2  23.95
1  29  2  28.28
2  29  2  9.11
3  29  2  37.74
4  29  2  11.40
5  29  2  12.21
6  29  2  30.54
7  29  2  4.45
8  29  2  31.94
9  29  2  19.78
10  29  2  58.66
11  29  2  22.62
12  29  2  13.91
13  29  2  20.09
14  29  2  24.17
15  29  2  27.10
16  29  2  42.56
17  29  2  18.97
18  29  2  54.51
19  29  2  56.39
20  29  2  27.84
1  30  2  34.70
2  30  2  24.84
3  30  2  54.63
4  30  2  18.05
5  30  2  18.93
6  30  2  44.68
7  30  2  19.22
8  30  2  41.54
9  30  2  25.99
10  30  2  4.52
11  30  2  25.29
12  30  2  24.92
13  30  2  19.71
14  30  2  47.03
15  30  2  8.28
16  30  2  34.85
17  30  2  24.12
18  30  2  35.72
19  30  2  7.55
20  30  2  19.68
1  31  2  25.01
2  31  2  27.28
3  31  2  20.19
4  31  2  10.38
5  31  2  7.03
6  31  2  6.21
7  31  2  45.35
8  31  2  24.59
9  31  2  53.63
10  31  2  23.66
11  31  2  42.92
12  31  2  19.46
13  31  2  13.66
14  31  2  40.76
15  31  2  56.25
16  31  2  11.71
17  31  2  65.36
18  31  2  16.24
19  31  2  10.22
20  31  2  6.45
1  32  2  27.33
2  32  2  40.57
3  32  2  14.52
4  32  2  13.65
5  32  2  10.33
6  32  2  24.07
7  32  2  42.22
8  32  2  65.42
9  32  2  41.00
10  32  2  36.06
11  32  2  18.42
12  32  2  33.33
13  32  2  24.04
14  32  2  23.84
15  32  2  2.28
16  32  2  34.01
17  32  2  42.00
18  32  2  8.25
19  32  2  18.91
20  32  2  14.04
1  33  2  9.40
2  33  2  17.11
3  33  2  10.83
4  33  2  18.55
5  33  2  60.91
6  33  2  30.80
7  33  2  13.20
8  33  2  7.50
9  33  2  18.28
10  33  2  36.84
11  33  2  45.14
12  33  2  17.32
13  33  2  6.27
14  33  2  46.09
15  33  2  41.80
16  33  2  27.04
17  33  2  19.99
18  33  2  16.07
19  33  2  3.57
20  33  2  27.96
1  34  2  20.71
2  34  2  20.04
3  34  2  11.57
4  34  2  11.35
5  34  2  15.90
6  34  2  51.27
7  34  2  21.28
8  34  2  6.82
9  34  2  21.32
10  34  2  32.62
11  34  2  14.63
12  34  2  25.26
13  34  2  9.22
14  34  2  22.41
15  34  2  33.64
16  34  2  30.53
17  34  2  61.74
18  34  2  31.05
19  34  2  31.05
20  34  2  21.20
1  35  2  36.49
2  35  2  7.21
3  35  2  6.86
4  35  2  15.70
5  35  2  10.48
6  35  2  51.23
7  35  2  22.03
8  35  2  19.68
9  35  2  22.15
10  35  2  7.65
11  35  2  12.40
12  35  2  19.34
13  35  2  12.36
14  35  2  26.56
15  35  2  28.57
16  35  2  51.95
17  35  2  35.95
18  35  2  25.48
19  35  2  46.97
20  35  2  5.10
1  36  2  10.04
2  36  2  14.54
3  36  2  17.51
4  36  2  51.18
5  36  2  25.62
6  36  2  53.80
7  36  2  20.35
8  36  2  38.74
9  36  2  34.85
10  36  2  53.69
11  36  2  18.14
12  36  2  22.30
13  36  2  33.76
14  36  2  49.20
15  36  2  14.52
16  36  2  9.71
17  36  2  21.78
18  36  2  40.87
19  36  2  42.75
20  36  2  25.89
1  37  2  23.14
2  37  2  18.83
3  37  2  35.09
4  37  2  54.21
5  37  2  19.42
6  37  2  19.30
7  37  2  15.54
8  37  2  27.84
9  37  2  13.80
10  37  2  4.79
11  37  2  32.11
12  37  2  11.52
13  37  2  56.35
14  37  2  33.55
15  37  2  25.53
16  37  2  44.12
17  37  2  18.54
18  37  2  7.11
19  37  2  41.58
20  37  2  55.70
1  38  2  4.25
2  38  2  6.51
3  38  2  27.93
4  38  2  22.26
5  38  2  27.32
6  38  2  16.74
7  38  2  10.07
8  38  2  39.12
9  38  2  53.18
10  38  2  6.40
11  38  2  20.83
12  38  2  48.37
13  38  2  20.33
14  38  2  39.53
15  38  2  18.10
16  38  2  27.20
17  38  2  37.03
18  38  2  54.93
19  38  2  17.40
20  38  2  40.49
1  39  2  6.11
2  39  2  34.90
3  39  2  12.30
4  39  2  44.35
5  39  2  13.40
6  39  2  20.11
7  39  2  26.83
8  39  2  17.86
9  39  2  37.63
10  39  2  43.97
11  39  2  19.86
12  39  2  34.29
13  39  2  10.10
14  39  2  38.20
15  39  2  39.48
16  39  2  34.41
17  39  2  25.55
18  39  2  19.81
19  39  2  15.40
20  39  2  31.19
1  40  2  14.24
2  40  2  47.42
3  40  2  48.87
4  40  2  17.74
5  40  2  28.74
6  40  2  9.44
7  40  2  44.66
8  40  2  33.79
9  40  2  10.07
10  40  2  26.37
11  40  2  21.26
12  40  2  6.60
13  40  2  25.24
14  40  2  39.19
15  40  2  10.46
16  40  2  7.04
17  40  2  11.81
18  40  2  42.29
19  40  2  22.15
20  40  2  26.22
1  41  2  22.97
2  41  2  59.38
3  41  2  19.67
4  41  2  5.53
5  41  2  5.59
6  41  2  45.14
7  41  2  11.91
8  41  2  31.08
9  41  2  55.57
10  41  2  27.06
11  41  2  16.32
12  41  2  41.13
13  41  2  22.00
14  41  2  5.36
15  41  2  17.78
16  41  2  21.76
17  41  2  44.03
18  41  2  19.68
19  41  2  26.84
20  41  2  34.21
1  42  2  51.53
2  42  2  14.13
3  42  2  53.21
4  42  2  4.08
5  42  2  16.29
6  42  2  34.55
7  42  2  22.94
8  42  2  24.33
9  42  2  14.45
10  42  2  13.78
11  42  2  50.95
12  42  2  38.78
13  42  2  24.47
14  42  2  51.30
15  42  2  36.11
16  42  2  5.88
17  42  2  7.36
18  42  2  15.24
19  42  2  35.78
20  42  2  23.32
1  43  2  16.11
2  43  2  13.38
3  43  2  28.15
4  43  2  14.47
5  43  2  29.13
6  43  2  38.13
7  43  2  36.96
8  43  2  28.58
9  43  2  15.26
10  43  2  12.30
11  43  2  17.30
12  43  2  11.50
13  43  2  11.05
14  43  2  39.88
15  43  2  20.86
16  43  2  30.47
17  43  2  3.16
18  43  2  12.03
19  43  2  54.92
20  43  2  25.67
1  44  2  17.58
2  44  2  7.99
3  44  2  20.91
4  44  2  8.83
5  44  2  53.04
6  44  2  23.63
7  44  2  15.31
8  44  2  32.53
9  44  2  17.79
10  44  2  14.39
11  44  2  13.05
12  44  2  28.12
13  44  2  18.46
14  44  2  44.36
15  44  2  29.72
16  44  2  24.80
17  44  2  18.16
18  44  2  5.17
19  44  2  14.84
20  44  2  16.32
1  45  2  20.38
2  45  2  16.11
3  45  2  7.46
4  45  2  35.94
5  45  2  20.60
6  45  2  8.03
7  45  2  34.20
8  45  2  7.14
9  45  2  8.23
10  45  2  43.12
11  45  2  29.25
12  45  2  33.02
13  45  2  5.82
14  45  2  14.87
15  45  2  27.66
16  45  2  36.09
17  45  2  33.64
18  45  2  39.43
19  45  2  23.41
20  45  2  40.37
1  46  2  66.73
2  46  2  12.98
3  46  2  33.75
4  46  2  47.59
5  46  2  55.37
6  46  2  41.76
7  46  2  7.81
8  46  2  24.64
9  46  2  26.62
10  46  2  23.22
11  46  2  27.45
12  46  2  3.43
13  46  2  10.60
14  46  2  16.22
15  46  2  46.87
16  46  2  32.58
17  46  2  34.62
18  46  2  25.44
19  46  2  10.84
20  46  2  6.68
1  47  2  14.71
2  47  2  16.75
3  47  2  17.18
4  47  2  16.44
5  47  2  38.17
6  47  2  16.65
7  47  2  43.70
8  47  2  12.26
9  47  2  27.79
10  47  2  20.96
11  47  2  18.39
12  47  2  50.94
13  47  2  45.00
14  47  2  20.78
15  47  2  21.87
16  47  2  52.39
17  47  2  25.36
18  47  2  39.19
19  47  2  2.52
20  47  2  46.80
1  48  2  66.86
2  48  2  27.25
3  48  2  22.42
4  48  2  21.04
5  48  2  14.92
6  48  2  8.79
7  48  2  11.13
8  48  2  28.21
9  48  2  9.32
10  48  2  34.26
11  48  2  22.20
12  48  2  16.90
13  48  2  57.39
14  48  2  30.47
15  48  2  50.07
16  48  2  15.89
17  48  2  13.10
18  48  2  29.01
19  48  2  31.07
20  48  2  55.77
1  49  2  10.34
2  49  2  4.00
3  49  2  11.69
4  49  2  26.19
5  49  2  6.55
6  49  2  11.09
7  49  2  12.71
8  49  2  8.91
9  49  2  2.24
10  49  2  36.02
11  49  2  23.94
12  49  2  33.53
13  49  2  42.14
14  49  2  6.05
15  49  2  7.85
16  49  2  10.34
17  49  2  49.95
18  49  2  24.41
19  49  2  20.84
20  49  2  38.79
1  50  2  4.07
2  50  2  34.10
3  50  2  20.25
4  50  2  56.39
5  50  2  11.49
6  50  2  17.90
7  50  2  26.99
8  50  2  24.12
9  50  2  9.76
10  50  2  28.08
11  50  2  6.01
12  50  2  25.11
13  50  2  23.30
14  50  2  26.57
15  50  2  37.08
16  50  2  15.04
17  50  2  31.02
18  50  2  39.98
19  50  2  21.75
20  50  2  32.59
1  51  2  10.88
2  51  2  18.41
3  51  2  46.63
4  51  2  23.45
5  51  2  7.15
6  51  2  12.61
7  51  2  21.04
8  51  2  48.89
9  51  2  40.79
10  51  2  10.84
11  51  2  29.49
12  51  2  41.40
13  51  2  51.59
14  51  2  33.12
15  51  2  24.91
16  51  2  15.00
17  51  2  44.54
18  51  2  4.88
19  51  2  9.38
20  51  2  32.83
1  52  2  20.03
2  52  2  34.07
3  52  2  14.85
4  52  2  53.25
5  52  2  33.41
6  52  2  33.50
7  52  2  14.21
8  52  2  30.39
9  52  2  22.01
10  52  2  18.01
11  52  2  25.67
12  52  2  54.50
13  52  2  13.33
14  52  2  4.86
15  52  2  18.81
16  52  2  9.54
17  52  2  7.10
18  52  2  39.47
19  52  2  20.95
20  52  2  41.41
1  53  2  5.89
2  53  2  29.00
3  53  2  20.93
4  53  2  10.80
5  53  2  17.30
6  53  2  42.19
7  53  2  33.58
8  53  2  15.41
9  53  2  11.33
10  53  2  14.64
11  53  2  23.39
12  53  2  13.25
13  53  2  37.00
14  53  2  13.57
15  53  2  14.40
16  53  2  6.20
17  53  2  17.30
18  53  2  11.46
19  53  2  19.34
20  53  2  19.71
1  54  2  26.89
2  54  2  16.59
3  54  2  15.46
4  54  2  12.21
5  54  2  16.97
6  54  2  20.66
7  54  2  47.76
8  54  2  31.45
9  54  2  21.06
10  54  2  34.15
11  54  2  10.64
12  54  2  43.67
13  54  2  43.83
14  54  2  11.62
15  54  2  54.44
16  54  2  47.81
17  54  2  17.41
18  54  2  41.70
19  54  2  36.68
20  54  2  27.73
1  55  2  26.34
2  55  2  20.88
3  55  2  5.80
4  55  2  21.05
5  55  2  25.00
6  55  2  14.29
7  55  2  4.65
8  55  2  18.18
9  55  2  14.78
10  55  2  34.15
11  55  2  69.07
12  55  2  4.83
13  55  2  21.38
14  55  2  36.54
15  55  2  12.69
16  55  2  8.24
17  55  2  5.94
18  55  2  26.04
19  55  2  18.39
20  55  2  7.08
1  56  2  28.44
2  56  2  5.31
3  56  2  32.89
4  56  2  52.51
5  56  2  27.17
6  56  2  18.37
7  56  2  33.82
8  56  2  17.24
9  56  2  30.98
10  56  2  12.14
11  56  2  36.72
12  56  2  51.64
13  56  2  6.87
14  56  2  62.03
15  56  2  37.12
16  56  2  14.07
17  56  2  42.94
18  56  2  38.85
19  56  2  23.50
20  56  2  9.29
1  57  2  51.14
2  57  2  51.85
3  57  2  31.90
4  57  2  47.10
5  57  2  12.06
6  57  2  25.10
7  57  2  59.57
8  57  2  14.40
9  57  2  38.77
10  57  2  40.90
11  57  2  15.74
12  57  2  20.40
13  57  2  36.38
14  57  2  14.73
15  57  2  29.32
16  57  2  51.46
17  57  2  16.67
18  57  2  68.44
19  57  2  25.15
20  57  2  57.11
1  58  2  14.75
2  58  2  24.32
3  58  2  14.64
4  58  2  4.14
5  58  2  9.65
6  58  2  18.38
7  58  2  5.45
8  58  2  42.78
9  58  2  24.77
10  58  2  33.40
11  58  2  35.39
12  58  2  8.66
13  58  2  15.33
14  58  2  40.82
15  58  2  29.40
16  58  2  40.26
17  58  2  2.98
18  58  2  9.65
19  58  2  11.66
20  58  2  25.21
1  59  2  44.49
2  59  2  19.11
3  59  2  39.73
4  59  2  30.48
5  59  2  24.64
6  59  2  20.21
7  59  2  31.08
8  59  2  9.89
9  59  2  46.53
10  59  2  27.18
11  59  2  8.57
12  59  2  10.58
13  59  2  28.00
14  59  2  22.01
15  59  2  28.06
16  59  2  21.88
17  59  2  25.21
18  59  2  26.51
19  59  2  20.92
20  59  2  25.33
1  60  2  18.54
2  60  2  52.76
3  60  2  9.49
4  60  2  27.06
5  60  2  36.79
6  60  2  8.61
7  60  2  59.54
8  60  2  19.67
9  60  2  48.51
10  60  2  35.03
11  60  2  35.28
12  60  2  9.30
13  60  2  22.19
14  60  2  21.23
15  60  2  31.19
16  60  2  9.76
17  60  2  13.10
18  60  2  26.05
19  60  2  31.69
20  60  2  47.10
1  61  2  22.34
2  61  2  26.57
3  61  2  50.48
4  61  2  46.43
5  61  2  34.75
6  61  2  23.08
7  61  2  23.77
8  61  2  35.83
9  61  2  35.49
10  61  2  9.39
11  61  2  7.68
12  61  2  37.82
13  61  2  42.68
14  61  2  6.24
15  61  2  11.74
16  61  2  15.38
17  61  2  19.02
18  61  2  9.23
19  61  2  27.20
20  61  2  21.28
1  62  2  18.43
2  62  2  12.17
3  62  2  29.30
4  62  2  20.12
5  62  2  12.58
6  62  2  42.97
7  62  2  40.51
8  62  2  30.04
9  62  2  14.79
10  62  2  51.53
11  62  2  23.90
12  62  2  39.42
13  62  2  21.45
14  62  2  46.80
15  62  2  22.48
16  62  2  16.61
17  62  2  11.57
18  62  2  22.15
19  62  2  5.63
20  62  2  4.79
1  63  2  26.96
2  63  2  32.24
3  63  2  7.85
4  63  2  7.76
5  63  2  17.27
6  63  2  40.12
7  63  2  15.61
8  63  2  22.17
9  63  2  19.58
10  63  2  44.94
11  63  2  28.64
12  63  2  16.60
13  63  2  20.94
14  63  2  29.48
15  63  2  51.76
16  63  2  18.76
17  63  2  11.52
18  63  2  62.62
19  63  2  42.12
20  63  2  24.96
1  64  2  32.82
2  64  2  3.40
3  64  2  17.39
4  64  2  18.35
5  64  2  41.97
6  64  2  12.23
7  64  2  50.59
8  64  2  36.03
9  64  2  16.97
10  64  2  34.55
11  64  2  12.28
12  64  2  17.04
13  64  2  10.24
14  64  2  14.20
15  64  2  7.17
16  64  2  24.18
17  64  2  23.98
18  64  2  9.48
19  64  2  18.32
20  64  2  28.10
1  65  2  30.28
2  65  2  10.89
3  65  2  27.16
4  65  2  31.77
5  65  2  5.74
6  65  2  20.11
7  65  2  26.46
8  65  2  31.93
9  65  2  4.72
10  65  2  67.46
11  65  2  19.03
12  65  2  65.18
13  65  2  18.53
14  65  2  49.87
15  65  2  13.02
16  65  2  38.46
17  65  2  14.45
18  65  2  30.53
19  65  2  27.24
20  65  2  14.78
1  66  2  46.54
2  66  2  44.69
3  66  2  36.99
4  66  2  28.68
5  66  2  5.50
6  66  2  27.53
7  66  2  7.51
8  66  2  22.59
9  66  2  18.25
10  66  2  39.18
11  66  2  62.46
12  66  2  23.74
13  66  2  6.12
14  66  2  8.52
15  66  2  27.55
16  66  2  24.43
17  66  2  12.97
18  66  2  39.42
19  66  2  3.76
20  66  2  13.96
1  67  2  13.78
2  67  2  17.13
3  67  2  58.53
4  67  2  27.13
5  67  2  7.44
6  67  2  13.56
7  67  2  15.99
8  67  2  47.71
9  67  2  57.39
10  67  2  20.42
11  67  2  55.02
12  67  2  30.32
13  67  2  47.47
14  67  2  9.50
15  67  2  34.48
16  67  2  18.92
17  67  2  38.72
18  67  2  29.99
19  67  2  19.44
20  67  2  11.54
1  68  2  4.28
2  68  2  25.47
3  68  2  9.98
4  68  2  8.17
5  68  2  32.88
6  68  2  55.13
7  68  2  6.23
8  68  2  6.48
9  68  2  3.14
10  68  2  19.52
11  68  2  6.06
12  68  2  35.80
13  68  2  20.65
14  68  2  43.58
15  68  2  58.17
16  68  2  13.76
17  68  2  33.21
18  68  2  32.30
19  68  2  22.92
20  68  2  24.05
1  69  2  6.39
2  69  2  32.61
3  69  2  27.66
4  69  2  43.84
5  69  2  7.46
6  69  2  5.08
7  69  2  30.12
8  69  2  11.57
9  69  2  28.30
10  69  2  19.99
11  69  2  25.27
12  69  2  25.18
13  69  2  5.68
14  69  2  26.59
15  69  2  23.30
16  69  2  41.99
17  69  2  37.54
18  69  2  13.08
19  69  2  13.86
20  69  2  22.52
1  70  2  39.53
2  70  2  23.30
3  70  2  13.76
4  70  2  13.12
5  70  2  38.16
6  70  2  5.68
7  70  2  48.00
8  70  2  10.37
9  70  2  8.53
10  70  2  13.62
11  70  2  5.86
12  70  2  23.94
13  70  2  46.57
14  70  2  13.39
15  70  2  28.45
16  70  2  6.83
17  70  2  15.58
18  70  2  38.84
19  70  2  21.12
20  70  2  47.40
1  71  2  16.23
2  71  2  4.23
3  71  2  24.14
4  71  2  11.48
5  71  2  22.86
6  71  2  7.19
7  71  2  21.43
8  71  2  55.19
9  71  2  18.77
10  71  2  25.74
11  71  2  40.24
12  71  2  42.08
13  71  2  41.63
14  71  2  36.33
15  71  2  18.58
16  71  2  16.29
17  71  2  16.80
18  71  2  59.63
19  71  2  19.66
20  71  2  16.83
1  72  2  17.52
2  72  2  29.93
3  72  2  26.88
4  72  2  13.91
5  72  2  21.08
6  72  2  19.47
7  72  2  6.92
8  72  2  5.92
9  72  2  27.99
10  72  2  39.40
11  72  2  57.51
12  72  2  48.21
13  72  2  35.31
14  72  2  47.33
15  72  2  9.83
16  72  2  5.43
17  72  2  13.68
18  72  2  35.71
19  72  2  12.52
20  72  2  11.61
1  73  2  28.89
2  73  2  7.70
3  73  2  36.37
4  73  2  30.94
5  73  2  7.55
6  73  2  25.95
7  73  2  65.28
8  73  2  35.69
9  73  2  51.83
10  73  2  4.09
11  73  2  7.29
12  73  2  12.22
13  73  2  34.03
14  73  2  12.58
15  73  2  25.87
16  73  2  30.44
17  73  2  12.50
18  73  2  16.96
19  73  2  31.53
20  73  2  4.32
1  74  2  33.68
2  74  2  26.07
3  74  2  18.24
4  74  2  23.83
5  74  2  4.12
6  74  2  14.59
7  74  2  53.90
8  74  2  7.19
9  74  2  7.04
10  74  2  4.33
11  74  2  34.59
12  74  2  19.86
13  74  2  8.18
14  74  2  51.46
15  74  2  60.73
16  74  2  46.70
17  74  2  19.98
18  74  2  22.86
19  74  2  17.20
20  74  2  25.18
1  75  2  42.69
2  75  2  21.34
3  75  2  17.66
4  75  2  14.54
5  75  2  12.22
6  75  2  22.64
7  75  2  27.49
8  75  2  22.40
9  75  2  11.91
10  75  2  22.69
11  75  2  20.13
12  75  2  20.60
13  75  2  68.31
14  75  2  48.79
15  75  2  27.17
16  75  2  29.86
17  75  2  3.09
18  75  2  53.32
19  75  2  24.91
20  75  2  15.44
1  76  2  32.39
2  76  2  21.47
3  76  2  13.55
4  76  2  18.74
5  76  2  53.82
6  76  2  46.05
7  76  2  23.93
8  76  2  3.70
9  76  2  33.66
10  76  2  32.84
11  76  2  9.29
12  76  2  2.73
13  76  2  13.98
14  76  2  36.60
15  76  2  29.49
16  76  2  20.49
17  76  2  20.76
18  76  2  4.26
19  76  2  32.60
20  76  2  35.79
1  77  2  31.11
2  77  2  14.46
3  77  2  11.41
4  77  2  28.77
5  77  2  43.74
6  77  2  23.86
7  77  2  25.07
8  77  2  18.51
9  77  2  28.89
10  77  2  59.85
11  77  2  38.84
12  77  2  13.97
13  77  2  11.63
14  77  2  27.06
15  77  2  26.83
16  77  2  64.32
17  77  2  17.98
18  77  2  8.26
19  77  2  16.32
20  77  2  19.32
1  78  2  3.57
2  78  2  50.00
3  78  2  41.99
4  78  2  13.91
5  78  2  49.52
6  78  2  7.17
7  78  2  29.46
8  78  2  35.24
9  78  2  9.27
10  78  2  50.21
11  78  2  21.52
12  78  2  19.83
13  78  2  15.78
14  78  2  60.33
15  78  2  4.11
16  78  2  11.39
17  78  2  39.47
18  78  2  5.07
19  78  2  6.15
20  78  2  42.36
1  79  2  9.97
2  79  2  6.16
3  79  2  7.11
4  79  2  17.95
5  79  2  69.49
6  79  2  6.41
7  79  2  37.95
8  79  2  36.31
9  79  2  16.21
10  79  2  22.69
11  79  2  20.93
12  79  2  25.96
13  79  2  12.26
14  79  2  54.95
15  79  2  28.48
16  79  2  18.64
17  79  2  5.59
18  79  2  23.89
19  79  2  54.31
20  79  2  19.41
1  80  2  6.04
2  80  2  30.59
3  80  2  17.08
4  80  2  38.68
5  80  2  28.31
6  80  2  41.06
7  80  2  55.89
8  80  2  8.00
9  80  2  15.04
10  80  2  3.71
11  80  2  12.94
12  80  2  19.68
13  80  2  10.23
14  80  2  32.43
15  80  2  24.39
16  80  2  29.49
17  80  2  15.95
18  80  2  19.95
19  80  2  29.19
20  80  2  38.08
1  81  2  25.31
2  81  2  19.49
3  81  2  29.29
4  81  2  61.01
5  81  2  18.53
6  81  2  25.59
7  81  2  21.09
8  81  2  18.66
9  81  2  37.68
10  81  2  37.51
11  81  2  25.69
12  81  2  17.20
13  81  2  48.88
14  81  2  41.16
15  81  2  35.08
16  81  2  36.16
17  81  2  4.87
18  81  2  53.43
19  81  2  11.76
20  81  2  30.21
1  82  2  17.96
2  82  2  13.04
3  82  2  13.77
4  82  2  33.74
5  82  2  11.87
6  82  2  22.29
7  82  2  7.52
8  82  2  50.54
9  82  2  29.45
10  82  2  36.95
11  82  2  44.83
12  82  2  52.01
13  82  2  24.31
14  82  2  32.24
15  82  2  12.59
16  82  2  28.65
17  82  2  18.30
18  82  2  24.53
19  82  2  5.31
20  82  2  14.06
1  83  2  7.88
2  83  2  7.85
3  83  2  7.79
4  83  2  59.65
5  83  2  24.11
6  83  2  19.08
7  83  2  21.29
8  83  2  41.08
9  83  2  47.36
10  83  2  27.74
11  83  2  37.86
12  83  2  21.86
13  83  2  6.49
14  83  2  36.51
15  83  2  49.32
16  83  2  11.92
17  83  2  24.30
18  83  2  15.56
19  83  2  8.75
20  83  2  20.44
1  84  2  14.92
2  84  2  15.51
3  84  2  57.32
4  84  2  2.72
5  84  2  25.59
6  84  2  63.56
7  84  2  53.16
8  84  2  20.43
9  84  2  39.38
10  84  2  21.08
11  84  2  13.65
12  84  2  20.83
13  84  2  10.70
14  84  2  3.55
15  84  2  49.85
16  84  2  31.75
17  84  2  11.58
18  84  2  14.84
19  84  2  5.91
20  84  2  49.41
1  85  2  11.10
2  85  2  27.33
3  85  2  11.50
4  85  2  9.52
5  85  2  6.39
6  85  2  54.51
7  85  2  46.03
8  85  2  22.14
9  85  2  26.16
10  85  2  28.24
11  85  2  41.78
12  85  2  27.09
13  85  2  6.71
14  85  2  22.20
15  85  2  8.45
16  85  2  19.65
17  85  2  13.37
18  85  2  9.39
19  85  2  44.70
20  85  2  25.42
1  86  2  30.04
2  86  2  22.99
3  86  2  4.74
4  86  2  16.44
5  86  2  38.38
6  86  2  8.56
7  86  2  37.59
8  86  2  13.84
9  86  2  12.34
10  86  2  19.28
11  86  2  34.75
12  86  2  6.88
13  86  2  10.75
14  86  2  4.37
15  86  2  20.93
16  86  2  20.27
17  86  2  20.34
18  86  2  37.34
19  86  2  66.92
20  86  2  22.59
1  87  2  13.20
2  87  2  5.11
3  87  2  14.93
4  87  2  37.14
5  87  2  20.24
6  87  2  51.88
7  87  2  9.64
8  87  2  19.27
9  87  2  57.62
10  87  2  23.24
11  87  2  9.38
12  87  2  24.49
13  87  2  53.61
14  87  2  11.32
15  87  2  19.57
16  87  2  7.87
17  87  2  24.65
18  87  2  42.53
19  87  2  34.39
20  87  2  26.60
1  88  2  18.67
2  88  2  10.22
3  88  2  15.46
4  88  2  10.15
5  88  2  29.28
6  88  2  21.87
7  88  2  29.05
8  88  2  37.52
9  88  2  26.11
10  88  2  65.28
11  88  2  6.20
12  88  2  17.46
13  88  2  15.73
14  88  2  58.83
15  88  2  17.34
16  88  2  30.84
17  88  2  21.41
18  88  2  28.70
19  88  2  12.83
20  88  2  22.58
1  89  2  10.07
2  89  2  41.83
3  89  2  23.72
4  89  2  9.54
5  89  2  24.85
6  89  2  16.42
7  89  2  23.08
8  89  2  16.62
9  89  2  35.89
10  89  2  26.40
11  89  2  24.81
12  89  2  19.75
13  89  2  38.84
14  89  2  28.56
15  89  2  13.22
16  89  2  55.08
17  89  2  16.37
18  89  2  46.04
19  89  2  25.46
20  89  2  56.83
1  90  2  12.44
2  90  2  31.47
3  90  2  45.66
4  90  2  44.65
5  90  2  19.93
6  90  2  24.57
7  90  2  21.51
8  90  2  11.46
9  90  2  16.61
10  90  2  20.06
11  90  2  12.27
12  90  2  26.86
13  90  2  26.05
14  90  2  10.76
15  90  2  19.16
16  90  2  38.04
17  90  2  26.71
18  90  2  41.62
19  90  2  31.51
20  90  2  61.63
1  91  2  8.72
2  91  2  10.41
3  91  2  22.66
4  91  2  11.57
5  91  2  51.42
6  91  2  6.78
7  91  2  31.89
8  91  2  29.99
9  91  2  43.80
10  91  2  13.98
11  91  2  14.25
12  91  2  21.44
13  91  2  42.88
14  91  2  22.86
15  91  2  7.85
16  91  2  66.68
17  91  2  10.77
18  91  2  18.09
19  91  2  33.24
20  91  2  15.58
1  92  2  16.09
2  92  2  13.78
3  92  2  17.74
4  92  2  30.91
5  92  2  31.21
6  92  2  37.01
7  92  2  44.07
8  92  2  19.55
9  92  2  25.30
10  92  2  41.25
11  92  2  9.69
12  92  2  58.28
13  92  2  29.41
14  92  2  4.37
15  92  2  10.87
16  92  2  10.16
17  92  2  18.95
18  92  2  47.87
19  92  2  15.96
20  92  2  46.84
1  93  2  40.09
2  93  2  50.52
3  93  2  8.14
4  93  2  28.97
5  93  2  25.22
6  93  2  36.50
7  93  2  50.34
8  93  2  4.32
9  93  2  23.48
10  93  2  23.47
11  93  2  18.32
12  93  2  40.98
13  93  2  14.17
14  93  2  42.60
15  93  2  63.87
16  93  2  43.70
17  93  2  48.39
18  93  2  65.60
19  93  2  39.11
20  93  2  11.76
1  94  2  54.03
2  94  2  54.30
3  94  2  8.79
4  94  2  6.22
5  94  2  7.12
6  94  2  21.77
7  94  2  37.11
8  94  2  10.74
9  94  2  10.23
10  94  2  5.59
11  94  2  6.10
12  94  2  36.57
13  94  2  6.38
14  94  2  42.76
15  94  2  41.76
16  94  2  33.50
17  94  2  43.20
18  94  2  34.36
19  94  2  26.89
20  94  2  23.41
1  95  2  11.71
2  95  2  34.71
3  95  2  15.55
4  95  2  11.49
5  95  2  26.15
6  95  2  5.89
7  95  2  26.67
8  95  2  13.65
9  95  2  32.37
10  95  2  14.26
11  95  2  40.43
12  95  2  24.21
13  95  2  45.54
14  95  2  29.13
15  95  2  35.65
16  95  2  9.35
17  95  2  13.99
18  95  2  16.62
19  95  2  9.70
20  95  2  20.05
1  96  2  23.35
2  96  2  32.49
3  96  2  36.28
4  96  2  7.18
5  96  2  15.09
6  96  2  42.39
7  96  2  18.96
8  96  2  18.14
9  96  2  19.42
10  96  2  37.17
11  96  2  25.86
12  96  2  51.07
13  96  2  46.95
14  96  2  13.73
15  96  2  47.61
16  96  2  13.63
17  96  2  9.19
18  96  2  9.06
19  96  2  61.50
20  96  2  4.82
1  97  2  8.54
2  97  2  23.60
3  97  2  29.29
4  97  2  15.69
5  97  2  9.56
6  97  2  33.33
7  97  2  8.86
8  97  2  8.09
9  97  2  59.36
10  97  2  6.78
11  97  2  3.39
12  97  2  15.17
13  97  2  8.65
14  97  2  60.33
15  97  2  9.48
16  97  2  15.70
17  97  2  25.79
18  97  2  14.53
19  97  2  30.16
20  97  2  18.11
1  98  2  51.04
2  98  2  17.20
3  98  2  26.17
4  98  2  16.05
5  98  2  47.02
6  98  2  45.01
7  98  2  14.18
8  98  2  32.99
9  98  2  22.68
10  98  2  19.00
11  98  2  9.95
12  98  2  67.75
13  98  2  42.85
14  98  2  36.37
15  98  2  22.51
16  98  2  44.55
17  98  2  10.58
18  98  2  36.33
19  98  2  33.34
20  98  2  44.91
1  99  2  8.86
2  99  2  24.94
3  99  2  22.30
4  99  2  16.69
5  99  2  19.95
6  99  2  9.44
7  99  2  55.18
8  99  2  4.29
9  99  2  14.13
10  99  2  23.39
11  99  2  23.79
12  99  2  22.30
13  99  2  39.14
14  99  2  10.85
15  99  2  26.53
16  99  2  10.95
17  99  2  48.72
18  99  2  15.67
19  99  2  12.00
20  99  2  9.51
1  100  2  2.81
2  100  2  46.65
3  100  2  29.82
4  100  2  33.06
5  100  2  34.07
6  100  2  14.32
7  100  2  28.37
8  100  2  49.28
9  100  2  24.98
10  100  2  48.86
11  100  2  31.45
12  100  2  19.83
13  100  2  50.53
14  100  2  10.37
15  100  2  16.38
16  100  2  32.73
17  100  2  10.49
18  100  2  16.60
19  100  2  20.50
20  100  2  35.28
;

